1.700544961359612728e+01
2.269094170886178219e+01
2.269850840937083092e+01
2.270374176611056782e+01
2.278077544398022170e+01
2.281234225183074571e+01
2.284877574811439871e+01
2.288184256267376071e+01
2.289470928688738738e+01
2.293224278809085703e+01
2.302124318614882981e+01
2.308324346344763711e+01
2.311847695436421901e+01
2.331924451897213757e+01
2.456988344583989203e+01
2.476595098942677353e+01
2.616615725190730402e+01
2.980807354052881664e+01
3.382869152290934522e+01
3.602996803487643263e+01
6.120421396106782197e+01
6.302585544176816512e+01
6.306818896443993339e+01
6.317705611801945054e+01
6.327428988623484685e+01
6.339039040549923243e+01
6.352709101689838178e+01
6.553456666208305137e+01
1.226094552652206886e+02
1.344879750590593801e+02
1.487330054372146719e+02
1.743282199128720436e+02
1.914259963833857796e+02
2.118767878503980455e+02
2.220831668321843040e+02
2.231283381734231170e+02
2.311370739928259184e+02
2.326847142480444290e+02
2.344333220687653352e+02
2.813756320201918015e+02
2.991620115705113676e+02
3.003594835929212081e+02
3.080981848712500550e+02
3.081081515824932922e+02
3.081196516339277309e+02
3.081254516598685314e+02
3.081534517851002875e+02
3.081613518204335378e+02
3.081767518893109923e+02
3.081825185817694432e+02
3.081877186050267596e+02
3.081945853024050166e+02
3.081982186519886113e+02
3.082022186698789028e+02
3.082086520319857073e+02
3.082150187271276423e+02
3.082195187472541420e+02
3.082260521098082222e+02
3.082300187942161074e+02
3.082422188487813060e+02
3.083148858404541102e+02
3.083256858887577891e+02
3.083352859316943864e+02
3.083390859486901263e+02
3.083449859750782025e+02
3.083517193385267774e+02
3.083590193711764869e+02
3.083674194087460023e+02
3.102745612718503594e+02
3.176752277049709505e+02
3.177330279634850285e+02
3.227942506000130152e+02
3.623864610111479578e+02
3.676556845779687137e+02
3.712091338042509392e+02
3.786795338825915564e+02
3.845560268321164017e+02
3.935639004535378263e+02
3.936083339856019734e+02
4.063003240843869435e+02
4.072469616515959956e+02
4.110513453335263421e+02
4.161334347300484069e+02
4.162664353248991347e+02
4.163658691029541501e+02
4.207915888971692766e+02
4.342061488943447216e+02
4.348406517321849947e+02
4.351408864083304024e+02
4.546784404575171266e+02
4.547360073816542467e+02
4.615595712336596534e+02
4.626285093478629733e+02
4.714507821391769653e+02
4.739628267077337114e+02
4.791752166870305700e+02
4.792514836948045627e+02
4.799120199824137671e+02
4.886163255794479028e+02
4.936808482307353643e+02
4.937534485554432990e+02
4.939826829140367863e+02
4.986331703802013635e+02
5.028651226411165567e+02
5.041505950571118433e+02
5.460994826752499876e+02
5.662528061451577059e+02
5.785780279368894981e+02
6.286668519612305772e+02
6.497296794989327964e+02
6.530375276267538993e+02
6.531625281858241578e+02
6.574091138455211194e+02
6.797581471358319050e+02
6.934629084309447080e+02
6.998152701754792133e+02
7.006253071317363492e+02
7.017094786474050352e+02
7.026295494291264276e+02
7.026473828422205088e+02
7.026539828717394585e+02
7.026820163304535072e+02
7.027015164176684721e+02
7.027080164467400891e+02
7.027132831369622181e+02
7.109867534737345522e+02
7.160707428787544586e+02
7.435262656747178198e+02
7.435843992680560177e+02
7.449364053149590745e+02
7.471271484464818968e+02
7.518285361402998888e+02
7.629674526262321024e+02
7.695092485513521297e+02
7.708348211466970952e+02
7.838524793687129204e+02
7.838626127473683027e+02
7.838947128909375124e+02
7.839218130121438435e+02
8.089033580764726139e+02
8.120035719423076443e+02
8.121025723850912073e+02
8.121343391938362402e+02
8.183882338313057971e+02
8.195254389175026972e+02
8.336331686815752846e+02
8.483633012293702222e+02
8.487207361613460534e+02
8.492118716913034859e+02
8.493466722942047227e+02
8.495391064882079490e+02
8.495997400927275294e+02
8.496713070794805844e+02
8.497020405502705671e+02
8.497361407027849509e+02
8.497837409156788908e+02
8.498383744933631760e+02
8.499138081640767268e+02
8.499768751128129907e+02
8.499793084570295605e+02
8.499950085272486149e+02
8.500014418893555330e+02
8.500072419152963903e+02
8.500172419600219200e+02
8.500231086529275899e+02
8.500281753422552811e+02
8.500355753753522094e+02
8.500407420651272332e+02
8.500502087741340347e+02
8.500659088443533165e+02
8.500708421997512687e+02
8.500792089038383210e+02
8.500845089275429700e+02
8.500927756311828034e+02
8.501059423567381828e+02
8.501627426107796737e+02
8.501795093524362983e+02
8.502063761392656716e+02
8.502775764577121436e+02
8.503124766138046198e+02
8.503567768119390848e+02
8.503719102129571183e+02
8.503817435902706166e+02
8.503887436215785556e+02
8.504228104406105331e+02
8.504404771862923553e+02
8.504449105394540993e+02
8.504500772292290094e+02
8.504568439261599906e+02
8.504872440621259102e+02
8.505438443152728496e+02
8.505994112304648525e+02
8.506924116464130066e+02
8.507403785276135295e+02
8.509054125990686543e+02
8.509166459826437858e+02
8.509777795893996881e+02
8.510505799150021176e+02
8.523988192783918976e+02
8.524051526400514831e+02
8.525208864910092643e+02
8.525685200373856105e+02
8.525957201590392742e+02
8.526261869619698928e+02
8.526821205454685924e+02
8.527632875751580741e+02
8.528024877504825554e+02
8.528702213867574073e+02
8.529175882652743894e+02
8.529360216810518978e+02
8.529565551062217992e+02
8.529909885935603597e+02
8.530113220178357096e+02
8.530153887026908706e+02
8.530314554412167354e+02
8.530357887939311468e+02
8.530435888288170645e+02
8.530736556299588074e+02
8.531005890837531069e+02
8.531842894581064911e+02
8.531930228305002402e+02
8.532461897349579658e+02
8.533075900095733459e+02
8.533704236239325382e+02
8.533973237442445452e+02
8.534120238099911830e+02
8.535085575750757698e+02
8.535335910203722278e+02
8.535465577450330557e+02
8.536094913598395806e+02
8.536677582871075174e+02
8.538189256298765031e+02
8.550194643326688038e+02
8.550636978638384562e+02
8.623138302903562362e+02
8.623221636609608822e+02
8.820259851204521055e+02
8.820575185948201806e+02
8.916888950048836477e+02
9.129038898898273828e+02
9.134173921864876320e+02
9.134651590667937171e+02
9.134995925541322777e+02
9.143398296454607816e+02
9.284198926191257897e+02
9.449571999162512839e+02
9.579079578390527558e+02
9.580324583958866924e+02
9.581729256907991612e+02
9.687584730350984046e+02
9.688789069070770665e+02
9.689897074026368955e+02
9.754228695085544132e+02
9.764979409835227671e+02
9.765281411185941352e+02
9.765373744932240925e+02
9.765589079228666378e+02
9.766555083549160372e+02
9.766957085347129350e+02
9.998584121308646218e+02
1.020173869659256980e+03
1.028202238899804343e+03
1.028444873318330337e+03
1.038058716316641267e+03
1.038064549676064644e+03
1.038155750083962403e+03
1.038195250260628427e+03
1.038204016966504696e+03
1.038211150331742147e+03
1.038215917019728067e+03
1.043015471819269123e+03
1.043028071875623482e+03
1.043157639121784769e+03
1.052401847133555066e+03
1.053541852232275005e+03
1.067995650210818667e+03
1.068044683763456533e+03
1.072617904217374644e+03
1.074032610544707268e+03
1.080178238031280898e+03
1.086192098261853289e+03
1.086207598331177905e+03
1.087165602615891885e+03
1.087868372425725511e+03
1.087951472797395581e+03
1.087996672999555358e+03
1.088068739988544394e+03
1.088175307131837144e+03
1.088183707169406716e+03
1.088188973859628732e+03
1.088233907393929258e+03
1.088237574076995315e+03
1.088243640770795537e+03
1.088250574135138550e+03
1.088260374178969641e+03
1.088265840870086549e+03
1.088375508027243768e+03
1.088381674721491436e+03
1.088393574774714807e+03
1.088398241462253509e+03
1.088537875420105365e+03
1.089290078784366187e+03
1.089330712299434708e+03
1.089354479072399272e+03
1.090930452787673403e+03
1.092712427424295583e+03
1.098204285320191048e+03
1.098377486094838559e+03
1.098814254714971185e+03
1.098967522067132450e+03
1.099009355587567825e+03
1.099036755710115813e+03
1.099160122928547480e+03
1.099464090954723815e+03
1.099956926492284538e+03
1.100608062737851697e+03
1.100866397226596973e+03
1.100867397231069390e+03
1.100925397490477962e+03
1.101039364666867414e+03
1.112467715780641356e+03
1.112708683525046354e+03
1.112823917373767699e+03
1.113954922432234753e+03
1.114229290326023374e+03
1.117935906904019475e+03
1.118055474105455460e+03
1.119943715884028279e+03
1.120053683042527609e+03
1.123024029660859469e+03
1.123376131235648245e+03
1.131407600490060759e+03
1.131449400677013728e+03
1.131455867372603052e+03
1.131461600731578983e+03
1.131474767457134249e+03
1.131480300815215969e+03
1.131485000836236850e+03
1.131491534198790987e+03
1.131496667555083604e+03
1.131497967560897678e+03
1.131502100912717651e+03
1.131509600946261799e+03
1.131514134299870875e+03
1.131519000988304015e+03
1.131524401012455883e+03
1.131530501039738283e+03
1.131536734400950763e+03
1.131541867757243381e+03
1.131549501124716926e+03
1.131557301159603185e+03
1.131563701188227469e+03
1.131570934553912366e+03
1.131576667912888297e+03
1.131583301275889653e+03
1.131591701313459225e+03
1.131596334667515293e+03
1.131602601362210180e+03
1.131611434735051034e+03
1.131618234765464649e+03
1.131630201485652606e+03
1.131637868186609239e+03
1.131642901542454183e+03
1.131650801577787433e+03
1.131658734946603090e+03
1.131665968312288214e+03
1.131672735009219195e+03
1.131685035064231442e+03
1.131698001788892498e+03
1.131705268488059801e+03
1.131711668516684085e+03
1.131720068554253658e+03
1.131725568578852744e+03
1.131734801953482702e+03
1.131751968696928316e+03
1.131758435392517640e+03
1.131766368761333069e+03
1.131773702127465413e+03
1.131784835510593211e+03
1.131792302210654952e+03
1.131801035583048588e+03
1.131853269149998823e+03
1.131874669245711630e+03
1.131898102683851903e+03
1.131928402819370604e+03
1.131955036271823019e+03
1.131965436318337879e+03
1.131990169762292453e+03
1.132027269928224541e+03
1.132072903465655827e+03
1.132109303628456928e+03
1.132164737209719306e+03
1.132201404040379884e+03
1.132265004324834763e+03
1.132304771169360492e+03
1.132337204647753651e+03
1.132467271896151487e+03
1.132514238772879708e+03
1.132623639262177676e+03
1.132709472979405973e+03
1.132872973710669612e+03
1.132913707226185352e+03
1.132955040744384632e+03
1.132964474119909028e+03
1.132978707516901977e+03
1.132987707557154863e+03
1.132999607610378462e+03
1.133011307662707395e+03
1.133022274378423162e+03
1.133032641091455389e+03
1.133057841204163879e+03
1.133076341286906199e+03
1.133134308212832593e+03
1.133166308355954470e+03
1.133237175339576652e+03
1.133274175505061294e+03
1.133303142301283287e+03
1.133319942376422205e+03
1.133333575770731613e+03
1.133335375778782236e+03
1.133373509282669147e+03
1.133407209433394428e+03
1.133426209518373071e+03
1.133573343509769302e+03
1.133627543752182191e+03
1.133722777511452477e+03
1.133735344234324430e+03
1.133785277790987493e+03
1.133866578154606714e+03
1.133885178237796481e+03
1.133918745054591909e+03
1.133923211741236173e+03
1.133959011901353733e+03
1.134059679018258294e+03
1.134089512485023079e+03
1.134196879631893808e+03
1.135054383467115258e+03
1.135505185483345940e+03
1.135510452173568183e+03
1.135518818877655121e+03
1.135779020041415833e+03
1.135798020126394476e+03
1.135804153487159510e+03
1.135813653529648718e+03
1.136065221321462786e+03
1.136308289075260063e+03
1.136314389102542691e+03
1.137193293033476948e+03
1.137844529279491326e+03
1.138080363667603933e+03
1.138441965284881917e+03
1.138568632518072945e+03
1.140916076350446247e+03
1.141838380475489885e+03
1.143534621395330760e+03
1.146547501537228754e+03
1.146581301688401481e+03
1.146592835073318156e+03
1.146598801766671158e+03
1.146636068600015278e+03
1.146645535309022307e+03
1.146706235580506700e+03
1.146733369035195437e+03
1.146742535742860582e+03
1.146757535809949104e+03
1.146765435845282354e+03
1.146773102546238533e+03
1.146780335911923430e+03
1.146819236085906141e+03
1.146885569715919246e+03
1.146929336578335096e+03
1.146979736803752303e+03
1.147057203816893207e+03
1.147154870920380290e+03
1.147182804378647006e+03
1.147210871170843575e+03
1.147347505115277954e+03
1.147415905421201160e+03
1.147441572202663565e+03
1.147460372286747770e+03
1.147471572336840381e+03
1.147511472515295509e+03
1.147643473105673593e+03
1.147679406599721005e+03
1.147771807012985619e+03
1.148017708112788569e+03
1.148038941541089343e+03
1.148048308249648926e+03
1.148066074995778308e+03
1.148155342061695592e+03
1.148160908753259491e+03
1.148163875433194562e+03
1.148169742126100346e+03
1.148176108821242224e+03
1.148204008946026761e+03
1.148214675660400871e+03
1.148241675781159756e+03
1.148363109657611403e+03
1.148676811060653790e+03
1.148898212050879010e+03
1.148932378870358207e+03
1.149027512629181047e+03
1.149164313241027457e+03
1.149300480516707921e+03
1.149328013973185762e+03
1.149427581085170686e+03
1.149484714674036240e+03
1.149497181396460746e+03
1.149509514784955627e+03
1.149728615764893902e+03
1.149732149114030335e+03
1.149755582552170836e+03
1.149779649326477056e+03
1.149785782687242090e+03
1.149791982714971937e+03
1.149875349754501258e+03
1.149939016705920949e+03
1.149944116728730933e+03
1.149953983439526837e+03
1.149967450166423987e+03
1.149974483531214219e+03
1.149981683563416709e+03
1.149990683603669822e+03
1.149996283628716128e+03
1.150024650422254354e+03
1.150051117207294965e+03
1.150070817295404368e+03
1.150082517347733528e+03
1.150115150827021353e+03
1.150143317619665140e+03
1.150197484528595623e+03
1.150224851317661205e+03
1.150242351395931337e+03
1.150269951519373762e+03
1.150281318236878633e+03
1.150285118253874543e+03
1.150302918333485877e+03
1.150309085027733545e+03
1.150345885192323522e+03
1.150371918642092623e+03
1.150374751988098296e+03
1.150452185667757021e+03
1.150483652475160170e+03
1.150499219211449827e+03
1.150534919371120168e+03
1.150570619530790736e+03
1.150609019702536898e+03
1.150641586514860137e+03
1.150653153233259445e+03
1.150734686931255737e+03
1.150759620376104976e+03
1.150809587266250446e+03
1.150892154302201561e+03
1.151192422311829205e+03
1.151264289299924030e+03
1.151310789507898335e+03
1.151370656442322115e+03
1.151415589976622641e+03
1.151427790031187897e+03
1.151448523457252350e+03
1.151561557296134197e+03
1.151991192551029144e+03
1.152030226058941253e+03
1.152052892826986181e+03
1.152068626230687869e+03
1.152072959583402280e+03
1.152259760418876567e+03
1.152263427101942852e+03
1.152341160782943234e+03
1.152397661035642841e+03
1.152430227847966080e+03
1.152470061359456167e+03
1.152481328076513819e+03
1.152539195001992766e+03
1.152873629831099606e+03
1.152874763169501875e+03
1.152881329865538419e+03
1.153003063743331722e+03
1.153171664497405573e+03
1.153309331779794547e+03
1.153855200887883711e+03
1.154036401698311693e+03
1.154053368440862869e+03
1.154106568678803114e+03
1.154449136877620276e+03
1.154507837140159609e+03
1.156133777745579664e+03
1.156141011111264561e+03
1.156148677812220740e+03
1.156158211188192581e+03
1.156164444549404834e+03
1.156172811253492000e+03
1.156188877992017751e+03
1.156192811342943060e+03
1.156200244709522622e+03
1.156251611605929838e+03
1.156257544965800207e+03
1.156275678380236286e+03
1.156284178418252850e+03
1.156286411761574982e+03
1.156295478468792680e+03
1.156303678505467815e+03
1.156311445206871440e+03
1.156323911929295946e+03
1.156336345318238045e+03
1.156345645359832815e+03
1.156349378709863913e+03
1.156693113580565750e+03
1.156796814044370194e+03
1.157030781757467139e+03
1.157047715166535909e+03
1.157054315196054858e+03
1.157212282569237232e+03
1.157236782678814961e+03
1.157243582709228349e+03
1.157250216072229705e+03
1.157296516279309344e+03
1.157616251042669546e+03
1.158239853831758865e+03
1.158293620738900245e+03
1.158343987630835045e+03
1.158879756693751006e+03
1.158893790089849290e+03
1.158902690129655184e+03
1.158923256888307378e+03
1.158935623610284665e+03
1.159060657502837330e+03
1.159088957629410743e+03
1.159135957839621142e+03
1.159769094004682302e+03
1.159927528046618363e+03
1.159933528073453772e+03
1.160327029833406868e+03
1.160333763196855216e+03
1.160339929891102884e+03
1.160947532608631263e+03
1.161084099886100603e+03
1.161402834644988161e+03
1.161406467994572040e+03
1.162178338113459631e+03
1.162212871601245524e+03
1.162234571698300215e+03
1.162261905153883390e+03
1.162268538516884746e+03
1.162275838549534456e+03
1.162285105257646819e+03
1.162338138828175033e+03
1.162356372243058104e+03
1.162425605886041694e+03
1.162506239580012561e+03
1.162578506569896490e+03
1.162597673322287164e+03
1.162603606682157761e+03
1.162606606695575465e+03
1.162623206769819944e+03
1.162631906808731173e+03
1.162681573697534986e+03
1.162701807121363117e+03
1.162796740879291747e+03
1.162864707849943443e+03
1.162907674708781315e+03
1.163060808727012727e+03
1.163198476009402157e+03
1.163236542846324255e+03
1.163312509852756421e+03
1.163634177958097098e+03
1.163728311712447521e+03
1.163861545641675320e+03
1.163918045894374927e+03
1.164101646715537299e+03
1.164444248247836640e+03
1.164462148327895648e+03
1.164477981732044555e+03
1.164501881838938743e+03
1.164529715296758241e+03
1.164639649121775165e+03
1.164831783314436734e+03
1.165099051176469857e+03
1.165294918719162297e+03
1.165335852235572474e+03
1.165336818906562712e+03
1.165348785626750896e+03
1.165787120920557072e+03
1.165969788404211386e+03
1.166130322455540181e+03
1.166136322482375590e+03
1.166142389176175584e+03
1.166636158051244138e+03
1.167651429258753296e+03
1.167811529974810355e+03
1.167825730038320899e+03
1.167836130084835304e+03
1.167840730105409193e+03
1.168442666130926227e+03
1.168501366393465787e+03
1.168931201649255172e+03
1.168934334996602502e+03
1.169125735852650678e+03
1.169566737825050268e+03
1.169575671198338569e+03
1.169582737896611206e+03
1.169588504589069771e+03
1.169588937924341053e+03
1.169595371286447971e+03
1.169604804661972366e+03
1.169611738026315379e+03
1.169617104716984841e+03
1.169880205893716038e+03
1.169903605998373678e+03
1.170012539818918185e+03
1.170059106693857075e+03
1.170109940254545563e+03
1.170129140340418871e+03
1.170179040563599756e+03
1.170211507375475321e+03
1.170265574283958586e+03
1.170318607854486800e+03
1.170338474610008234e+03
1.170414641617335064e+03
1.170603009126483357e+03
1.171977181939194679e+03
1.171987615319191718e+03
1.171998982036696589e+03
1.172006582070688182e+03
1.172088015768237028e+03
1.172796652270976438e+03
1.172957919658918172e+03
1.173970290853457072e+03
1.174749327671064748e+03
1.175424330690043689e+03
1.176175467382867055e+03
1.176501968843158238e+03
1.177159905119139012e+03
1.177165305143290880e+03
1.177190071920727860e+03
1.177258972228887387e+03
1.177341472597873690e+03
1.177345639283175842e+03
1.177351972644835541e+03
1.177353472651544280e+03
1.177372272735628485e+03
1.177379006099077287e+03
1.177436073020978029e+03
1.177670374068899037e+03
1.178077975891915230e+03
1.178525744561245801e+03
1.178788512403152481e+03
1.179881150623355552e+03
1.180451819842363875e+03
1.180550086948534272e+03
1.181370723952200706e+03
1.181385090683123053e+03
1.181453357655116633e+03
1.181492891165265291e+03
1.181609758354625228e+03
1.182659163048131177e+03
1.182671996438862379e+03
1.182679729806783598e+03
1.184076602721022255e+03
1.184263003554707666e+03
1.184580771642605214e+03
1.184761772452138985e+03
1.184776772519227279e+03
1.184811039339153922e+03
1.186091211731444673e+03
1.186588980624403121e+03
1.186636314169437810e+03
1.186770514769655620e+03
1.186778548138918495e+03
1.187146483117856178e+03
1.187153083147375128e+03
1.187160716514848900e+03
1.187173049903343781e+03
1.187179216597591449e+03
1.187191116650814820e+03
1.187207983392918550e+03
1.187222316790358718e+03
1.187233550173933736e+03
1.187260283626833598e+03
1.187265116981784558e+03
1.187271350342996811e+03
1.187278383707787043e+03
1.187327717261766793e+03
1.187335917298441700e+03
1.187342250660101172e+03
1.187347717351218080e+03
1.187378117487183772e+03
1.187826352825268259e+03
1.188133487532274330e+03
1.188415555460501537e+03
1.188763757017847411e+03
1.188788623795731837e+03
1.188791290474325251e+03
1.188892424259983500e+03
1.189225392415864235e+03
1.189322092848360853e+03
1.189819161738188768e+03
1.190239430284523905e+03
1.190252930344903461e+03
1.190268830416017181e+03
1.190275430445536131e+03
1.190280530468346115e+03
1.190385764272341930e+03
1.190387864281734437e+03
1.190496064765665551e+03
1.191275134916755860e+03
1.192966709149058261e+03
1.193052809534145808e+03
1.193070509613310378e+03
1.193115876482881959e+03
1.193155609993925054e+03
1.193161210018971587e+03
1.193180143436985418e+03
1.193185843462478942e+03
1.193204976881387438e+03
1.193216343598892081e+03
1.193247477071471167e+03
1.193271743846672052e+03
1.193277810540472046e+03
1.193317144049726267e+03
1.193330610776623416e+03
1.193354144215210908e+03
1.193368544279615890e+03
1.193381444337311905e+03
1.193449677975823079e+03
1.193504711555296353e+03
1.193515178268775799e+03
1.193605012003894444e+03
1.193647312193083508e+03
1.193654178890461935e+03
1.193660045583367719e+03
1.193669912294163396e+03
1.193681512346045110e+03
1.193687479039398113e+03
1.193808346246648398e+03
1.193814279606518767e+03
1.193837813045106714e+03
1.194878617700148652e+03
1.195592420892662858e+03
1.196416257910641434e+03
1.197214828148946481e+03
1.197226994870029330e+03
1.197272728407907834e+03
1.197285728466051069e+03
1.197308728568920060e+03
1.197317728609172946e+03
1.197323428634666698e+03
1.197338428701754992e+03
1.197380728890944511e+03
1.197392828945062320e+03
1.197442962502620276e+03
1.197455995894245916e+03
1.197485862694493107e+03
1.197491462719539641e+03
1.197501796099089233e+03
1.197520062847454710e+03
1.197568296396514597e+03
1.197580429784114813e+03
1.197585096471653515e+03
1.197714630384332850e+03
1.197732430463944183e+03
1.197741730505539181e+03
1.197842997625127282e+03
1.197854364342631925e+03
1.198057865252798365e+03
1.198070665310046934e+03
1.198272866214398846e+03
1.198282666258230165e+03
1.198287999615416993e+03
1.198312533058477356e+03
1.198318833086654422e+03
1.199053903040951809e+03
1.199066269762929096e+03
1.199083969842093666e+03
1.199400871259448422e+03
1.199408071291650685e+03
1.199706705960640193e+03
1.200411409112454066e+03
1.200426975848743496e+03
1.200457909320428143e+03
1.200496476159586564e+03
1.200511876228463962e+03
1.200518176256641254e+03
1.200568376481163568e+03
1.200649676844783016e+03
1.201129978992954193e+03
1.201136012353272008e+03
1.201147845739530794e+03
1.201205379330185451e+03
1.202647485780066290e+03
1.203286421971068194e+03
1.203422655913713470e+03
1.203595556687019325e+03
1.203605790066121926e+03
1.204544927599786661e+03
1.204568961040610702e+03
1.204917829267604930e+03
1.204936862686065979e+03
1.205093830054775708e+03
1.208254144189411591e+03
1.208324311169903012e+03
1.208874980299460276e+03
1.209061547800557719e+03
1.211058456731815795e+03
1.211065256762228955e+03
1.211074123468552443e+03
1.211083356843182401e+03
1.211148823802652714e+03
1.211322324578642338e+03
1.212771297725901377e+03
1.213077832430223907e+03
1.214161603944103490e+03
1.214961940856976980e+03
1.215346542577123955e+03
1.215493876569414624e+03
1.215590410334499211e+03
1.215729377622702714e+03
1.215942045240534299e+03
1.215948445269158810e+03
1.215952845288838034e+03
1.216391380583538421e+03
1.216579748092686714e+03
1.216591514811980687e+03
1.216592314815558439e+03
1.216611648235361372e+03
1.217918354079657547e+03
1.218040254624862655e+03
1.218150321783809432e+03
1.218172355215688185e+03
1.218203322020855012e+03
1.218534790170026781e+03
1.219293560230323919e+03
1.220544632492463279e+03
1.220769566831824477e+03
1.221419503072024781e+03
1.222335840503715190e+03
1.222422640891933497e+03
1.222442440980490346e+03
1.222456641044000662e+03
1.222466141086489870e+03
1.222832776059613479e+03
1.222838609419036629e+03
1.223017076883906611e+03
1.223301644823315200e+03
1.223625146270188679e+03
1.223899047495223385e+03
1.224666484260949346e+03
1.224731151216841681e+03
1.224742117932557221e+03
1.224827951649785746e+03
1.224902085314684882e+03
1.224972885631342251e+03
1.225152819769438338e+03
1.225945389980908203e+03
1.226512592517745134e+03
1.226774660356521053e+03
1.226858827399628126e+03
1.227249195812233893e+03
1.227535263758351221e+03
1.227867398577171116e+03
1.228236166893169411e+03
1.228370534160799252e+03
1.228965470155008461e+03
1.230512977076297375e+03
1.230937745642758955e+03
1.232192984590200695e+03
1.232420452274225909e+03
1.233294589517174472e+03
1.234227027020873038e+03
1.234261227173834641e+03
1.234723962576771100e+03
1.234740795985392651e+03
1.234876196590977543e+03
1.235268265011186259e+03
1.236119302150818612e+03
1.236133002212092606e+03
1.236267602814099519e+03
1.236624837745180912e+03
1.237122373303762515e+03
1.237263307267428900e+03
1.237378241114808588e+03
1.237802943014305356e+03
1.238005143918657268e+03
1.238513179524201178e+03
1.238516912874231821e+03
1.238523079568479488e+03
1.238664380200452342e+03
1.238747447238639779e+03
1.239217682675120386e+03
1.239354683287861462e+03
1.239385783426958142e+03
1.239446317031030503e+03
1.241072624304757255e+03
1.241083091018236701e+03
1.241088357708458716e+03
1.241097291081747244e+03
1.241119524514520208e+03
1.241241458393207949e+03
1.241308292025457376e+03
1.241389225720770128e+03
1.241534259702774079e+03
1.241538393054593826e+03
1.241717727190006599e+03
1.241737393944633595e+03
1.241743460638434044e+03
1.241748193992937331e+03
1.242712698306722814e+03
1.242719465003653795e+03
1.242743965113231525e+03
1.242748065131569092e+03
1.242792198662291412e+03
1.242818698780814429e+03
1.242843132223427119e+03
1.242968799452145959e+03
1.243258600748294157e+03
1.243380201292157608e+03
1.243548335377477542e+03
1.243555368742268001e+03
1.243692669356350507e+03
1.243890103572716725e+03
1.243918737034114429e+03
1.244067171031324960e+03
1.244081771096624152e+03
1.244546406508058681e+03
1.245613111278940096e+03
1.245671978208891460e+03
1.245719745089197431e+03
1.246090413413693568e+03
1.246354447927932370e+03
1.247157284851986788e+03
1.249034559914844294e+03
1.249107493574376122e+03
1.249114793607025831e+03
1.249130927012516850e+03
1.249233827472743087e+03
1.249259527587688126e+03
1.249310127813999543e+03
1.250650033806784904e+03
1.251224603043236129e+03
1.251333136861991534e+03
1.251873339278069125e+03
1.252476408641988655e+03
1.252691809605378239e+03
1.252809076796527506e+03
1.252818143503745205e+03
1.252825843538184017e+03
1.252866877055041186e+03
1.252941077386905363e+03
1.253565380179125668e+03
1.253887514953220034e+03
1.253897148329638867e+03
1.253910548389571204e+03
1.253928948471866534e+03
1.253938781849180032e+03
1.254029848923147938e+03
1.254078082472207825e+03
1.254096749222362405e+03
1.254119849325678388e+03
1.254446250785522579e+03
1.254450550804754357e+03
1.254456784165966837e+03
1.254464317532993391e+03
1.254491550988129575e+03
1.254498784353814472e+03
1.254504617713237622e+03
1.254511617744545674e+03
1.254660885078816591e+03
1.256818094727026164e+03
1.257550564669694950e+03
1.258096967113502615e+03
1.258593135999305105e+03
1.258611236080258323e+03
1.259760707887985291e+03
1.259765474575971211e+03
1.260169176381544503e+03
1.260571244846478749e+03
1.261346548314055781e+03
1.262019017988370933e+03
1.262059351502097570e+03
1.262073684899537511e+03
1.262110651731539974e+03
1.262136185179072527e+03
1.262271152449386136e+03
1.262297852568803364e+03
1.262371986233702728e+03
1.264230661213370240e+03
1.264417595382774380e+03
1.264477062315409285e+03
1.267980311317169026e+03
1.268632280899796797e+03
1.268812281704857696e+03
1.271721794717775083e+03
1.271734594775024107e+03
1.271801061738967064e+03
1.271807161766249465e+03
1.274319573003112964e+03
1.274413273422192105e+03
1.274430873500909001e+03
1.274475540367350050e+03
1.277461887057242620e+03
1.277467720416665998e+03
1.277480420473467575e+03
1.277495620541450535e+03
1.277598654335606852e+03
1.277706421484266230e+03
1.277718921540173369e+03
1.277743188315374255e+03
1.279101194389112834e+03
1.279389795679893950e+03
1.281975207243254317e+03
1.282323442134082597e+03
1.282333742180150011e+03
1.282342442219061468e+03
1.282348242245002211e+03
1.282354508939696871e+03
1.282367175663015814e+03
1.282382009062692305e+03
1.282391009102945418e+03
1.282411275860255955e+03
1.282504876278887650e+03
1.285376555789259783e+03
1.285470189541374111e+03
1.285476189568209520e+03
1.285485522943286696e+03
1.285498456334465118e+03
1.285507956376954553e+03
1.285530189809727744e+03
1.285545456544675744e+03
1.285952658365902607e+03
1.286045525447921136e+03
1.286098859019791234e+03
1.286691295002818833e+03
1.286695361687673994e+03
1.288169101612370241e+03
1.288578236775577579e+03
1.288580703453276556e+03
1.290412444979149768e+03
1.292539521159252672e+03
1.292544921183404540e+03
1.292579821339496903e+03
1.292630588233220806e+03
1.292832589136678052e+03
1.294129561604107721e+03
1.294322329132935238e+03
1.294620397132723383e+03
1.296040203482866218e+03
1.296045636840500265e+03
1.298520281241783550e+03
1.299607219436492869e+03
1.300106755004019760e+03
1.300373422863369342e+03
1.300409489691346380e+03
1.300531590237446153e+03
1.300710157702763354e+03
1.300717791070237126e+03
1.300721357752855965e+03
1.300729824457390123e+03
1.300762557937125621e+03
1.300866458401824502e+03
1.300907125250375429e+03
1.300962292163778557e+03
1.301539228077481539e+03
1.301546094774859739e+03
1.301562328180797522e+03
1.302799367046838597e+03
1.305071243874568381e+03
1.305093843975648497e+03
1.305098177328362681e+03
1.305471845666276522e+03
1.305476545687297858e+03
1.309171462212965025e+03
1.309182228927786127e+03
1.309232795820615365e+03
1.310011565970363790e+03
1.310041799438917678e+03
1.310049032804602348e+03
1.310055899501980548e+03
1.310404701062010190e+03
1.310410834422775224e+03
1.310631168741562760e+03
1.310648302151525968e+03
1.310684368979503233e+03
1.311496739279529493e+03
1.312184842357099114e+03
1.312244675958040943e+03
1.312283142796751918e+03
1.312923278993120903e+03
1.312932612368198079e+03
1.313181613481865952e+03
1.313273580559859056e+03
1.313571548559199982e+03
1.314400352266058917e+03
1.314404985620115440e+03
1.314626986613023973e+03
1.314636619989443034e+03
1.314771353925379344e+03
1.314851687618008555e+03
1.314950154725073389e+03
1.314967421468966222e+03
1.315059421880441732e+03
1.315070288595710281e+03
1.315074788615836951e+03
1.315252556077575946e+03
1.315268222814312821e+03
1.315393856709548800e+03
1.315458990334195050e+03
1.315605757657284585e+03
1.316266293944893732e+03
1.317805567496025105e+03
1.318033868517110932e+03
1.318760505100356568e+03
1.319579208762042754e+03
1.320372112308336455e+03
1.321292949760153533e+03
1.322341021114362775e+03
1.322912523670431710e+03
1.322918890365573588e+03
1.323042824253206618e+03
1.323126824628901431e+03
1.323578359981745507e+03
1.323932994901198299e+03
1.323986728474857273e+03
1.323999095196834560e+03
1.324123662420633309e+03
1.324149762537367224e+03
1.326901808179338786e+03
1.326906674867771926e+03
1.327209809556887649e+03
1.329683687288074680e+03
1.331545628949019374e+03
1.331852296987271757e+03
1.331945597404561795e+03
1.332058397909066571e+03
1.332213498602760637e+03
1.332283365581910402e+03
1.332333432472503318e+03
1.332717367523001940e+03
1.333124602677711437e+03
1.333675305140751107e+03
1.333679238491676642e+03
1.333705071940551079e+03
1.333712105305341538e+03
1.333887172755004485e+03
1.333904572832827171e+03
1.333913606206562463e+03
1.334202840833509754e+03
1.334318374683572983e+03
1.334419608469678678e+03
1.334441508567627807e+03
1.334464675337908602e+03
1.335099144842266469e+03
1.337196887557841137e+03
1.337209887615984371e+03
1.337242754429649267e+03
1.337247821118976844e+03
1.337446588674639543e+03
1.337458055392591859e+03
1.338865728355134024e+03
1.338994328930305301e+03
1.339685132019950970e+03
1.340027466884391060e+03
1.340051100323425999e+03
1.340079000448210536e+03
1.346990098025047473e+03
1.347238965804785494e+03
1.347689401152709479e+03
1.351397217736072889e+03
1.351408051117859031e+03
1.351464884705382929e+03
1.351486451468507767e+03
1.352502789347454609e+03
1.352713056954551575e+03
1.352741790416396498e+03
1.352744890430261648e+03
1.353559294072715602e+03
1.354763399458126742e+03
1.355657270122667114e+03
1.355846470968875792e+03
1.358843451039659840e+03
1.358850917739721808e+03
1.358859717779080256e+03
1.358874717846168551e+03
1.359255519549320070e+03
1.359286219686627874e+03
1.359478687214113506e+03
1.359510120688034249e+03
1.359517520721131177e+03
1.360509691825324126e+03
1.360533458598288689e+03
1.361337895529499519e+03
1.361690763774384095e+03
1.361697963806586358e+03
1.361799030925280249e+03
1.363940140501481210e+03
1.365658348186236481e+03
1.365692815007057334e+03
1.365706248400472077e+03
1.365712581762131776e+03
1.365718381788072520e+03
1.365727081826983976e+03
1.365733715189985105e+03
1.365747881920013015e+03
1.365754548616497004e+03
1.365761548647804830e+03
1.365774548705948291e+03
1.365795515466389361e+03
1.365834448973854478e+03
1.365858415747713707e+03
1.365896149249811515e+03
1.365929849400536796e+03
1.365950416159189217e+03
1.365961049540080694e+03
1.366808686664506467e+03
1.367057954446033364e+03
1.367069587831397712e+03
1.367070221167563659e+03
1.368957262940769397e+03
1.368994363106701257e+03
1.369074430131471217e+03
1.369140763761484550e+03
1.369368364779439389e+03
1.369469831899921928e+03
1.370876771525850927e+03
1.370936738460722381e+03
1.370941071813436793e+03
1.370951371859504206e+03
1.370956271881419752e+03
1.370960905235476048e+03
1.370970238610552997e+03
1.370976671972660142e+03
1.371310906800872317e+03
1.374198219714499146e+03
1.374207919757882792e+03
1.374763422242390789e+03
1.374811089122249541e+03
1.374864156026260162e+03
1.374875156075458335e+03
1.374929122983494381e+03
1.374982889890635761e+03
1.374998356626477744e+03
1.375008523338615532e+03
1.375015990038677273e+03
1.375048323516623441e+03
1.375441558608717287e+03
1.375572125859351218e+03
1.375576659212960294e+03
1.376097761543612023e+03
1.376107928255749584e+03
1.378738440020822509e+03
1.378746973392321706e+03
1.381107283948908616e+03
1.381111550634658215e+03
1.381396818577197564e+03
1.381440018770412053e+03
1.381464085544718273e+03
1.381542519228849642e+03
1.381629252950103137e+03
1.381657986411948059e+03
1.382796424836994447e+03
1.384608832943064954e+03
1.386114939679189547e+03
1.386150273170553419e+03
1.386156939867037181e+03
1.386306373868720357e+03
1.388008681482361453e+03
1.388107881926039681e+03
1.388187882283844601e+03
1.389709989091530588e+03
1.391162528921408239e+03
1.392340634190532910e+03
1.394069908591450940e+03
1.394078541963397583e+03
1.394128742187919897e+03
1.394184809105348450e+03
1.394404943423241548e+03
1.395918850194252173e+03
1.396105417695349843e+03
1.396114284401673331e+03
1.396183518044656694e+03
1.396226318236082534e+03
1.399352232216862376e+03
1.400561504292048312e+03
1.400803605374855351e+03
1.400816938767823103e+03
1.400850772252478009e+03
1.400871839013366525e+03
1.400877105703588995e+03
1.401113740095279127e+03
1.401159140298333568e+03
1.401181173730212322e+03
1.401187773759731272e+03
1.402819347723680039e+03
1.402842881162267759e+03
1.402855247884245045e+03
1.402872047959383963e+03
1.402952481652460619e+03
1.403260616363939107e+03
1.404028753132795828e+03
1.407505702016927216e+03
1.407906070474258286e+03
1.409458444083980339e+03
1.409718245245951721e+03
1.410819983506855124e+03
1.412318423542023538e+03
1.414964035374632203e+03
1.414973802084980889e+03
1.415053269107067081e+03
1.415062235813837788e+03
1.415066569166552199e+03
1.415066969168341075e+03
1.415078602553705196e+03
1.415094302623924477e+03
1.415101269321750124e+03
1.415106336011077701e+03
1.415125536096951009e+03
1.415133036130495157e+03
1.415143236176115124e+03
1.415185236363962758e+03
1.415282903467449614e+03
1.415823405884869089e+03
1.415860739385178022e+03
1.415935639720172958e+03
1.417772681269750592e+03
1.421366730677618762e+03
1.421822599383177248e+03
1.422709770017751225e+03
1.423745641317395439e+03
1.423959742274970722e+03
1.424075009457174701e+03
1.424093209538575138e+03
1.424102276245793291e+03
1.424106009595823934e+03
1.424116109640996910e+03
1.424184243279060865e+03
1.424244410214826530e+03
1.424414810976951003e+03
1.425476715726363864e+03
1.425487215773325943e+03
1.425929951086811116e+03
1.426607987452690395e+03
1.426628654211790035e+03
1.426637187583289005e+03
1.426647087627567544e+03
1.426651287646352330e+03
1.426705021220011304e+03
1.426712887921862148e+03
1.426810155023559901e+03
1.431791510636212706e+03
1.431840310854473728e+03
1.431878111023536349e+03
1.431881577705707969e+03
1.431885077721361995e+03
1.431912777845251867e+03
1.432021878333208406e+03
1.432036478398507825e+03
1.432812015200461474e+03
1.433345117584784020e+03
1.433506151638348911e+03
1.433802819631875309e+03
1.434059554113464401e+03
1.436794799680296819e+03
1.437071134249547868e+03
1.437278668511086835e+03
1.440330415493484907e+03
1.440372915683568863e+03
1.440766117442180075e+03
1.441267486351239768e+03
1.441478887296739458e+03
1.441484253987408692e+03
1.441484453988303358e+03
1.441494654033923553e+03
1.441505220747850217e+03
1.441523487496215694e+03
1.441556054308538933e+03
1.441563654342530299e+03
1.441569287701059011e+03
1.441577987739970240e+03
1.441586221110127781e+03
1.441590721130254224e+03
1.441632521317207420e+03
1.441637821340912069e+03
1.441645421374903435e+03
1.441721455048300413e+03
1.441729355083633664e+03
1.444391266989144924e+03
1.444419800450095408e+03
1.444766935336003826e+03
1.445313804448565406e+03
1.445481338531201800e+03
1.445497105268385894e+03
1.445766539806776336e+03
1.447328580126399856e+03
1.447357246921279739e+03
1.447397413767594344e+03
1.447400480447976861e+03
1.447458514040867840e+03
1.447468714086488035e+03
1.447718115201944784e+03
1.447998949791322502e+03
1.448115750313717626e+03
1.448132217054032481e+03
1.449329555742512639e+03
1.450753762112334925e+03
1.450759495471310629e+03
1.451467098636095216e+03
1.451485998720626640e+03
1.451496998769824813e+03
1.451504798804710845e+03
1.451514732182471562e+03
1.451537598951410700e+03
1.451553199021182536e+03
1.451568265755236098e+03
1.451840066970878297e+03
1.452272602238743502e+03
1.453959343116095170e+03
1.454022543398761172e+03
1.454189310811301993e+03
1.454674412980941497e+03
1.454779246783148210e+03
1.454797913533303017e+03
1.456757755632111184e+03
1.457343158250348779e+03
1.457347791604404847e+03
1.457776993524028285e+03
1.457784560224537245e+03
1.457808326997501808e+03
1.457812193681462304e+03
1.457823727066379206e+03
1.457829693759732208e+03
1.457838427132125844e+03
1.457847693840238207e+03
1.457858993890778265e+03
1.457868127264961004e+03
1.457875927299847035e+03
1.458244762282809916e+03
1.459881236268674456e+03
1.459952036585331825e+03
1.462115212926894401e+03
1.462366747385226063e+03
1.462378780772379059e+03
1.462385814137169291e+03
1.462389080818446473e+03
1.464884625313206016e+03
1.464893225351669798e+03
1.464898492041892041e+03
1.464913658776392595e+03
1.465050026052967723e+03
1.465466961251060866e+03
1.465483761326200010e+03
1.465753295865037671e+03
1.465783996002345475e+03
1.465844729607312274e+03
1.465886629794712462e+03
1.466031763777163633e+03
1.466232831343113276e+03
1.466237298029757312e+03
1.466246298070010425e+03
1.466253198100871259e+03
1.466262031473712113e+03
1.466293764948974740e+03
1.466303264991463948e+03
1.466322831745643953e+03
1.466350931871322928e+03
1.466389865378787817e+03
1.466438032260882892e+03
1.466470999074995007e+03
1.466608799691313834e+03
1.466648933204146033e+03
1.466651033213538540e+03
1.466731966908851064e+03
1.466778200448965890e+03
1.466986934715871939e+03
1.467498170335727764e+03
1.467502870356748645e+03
1.467516437084093013e+03
1.467690171194459481e+03
1.467838005188986472e+03
1.470069081834235931e+03
1.471357587597131214e+03
1.471369987652591135e+03
1.471378421023643114e+03
1.471394887763957968e+03
1.471412387842227645e+03
1.471416887862354315e+03
1.471492021531725868e+03
1.471528455028009603e+03
1.471573788564099004e+03
1.472148157799656019e+03
1.472317425223377995e+03
1.473027761733721036e+03
1.473891165595330449e+03
1.474050699642186601e+03
1.474131066668297990e+03
1.474954703685382128e+03
1.475075937560938883e+03
1.475086337607453515e+03
1.476284476299511880e+03
1.477396347939070665e+03
1.478094517728330402e+03
1.478557953134397849e+03
1.478683087027397733e+03
1.478700187103878534e+03
1.478838521055916090e+03
1.479042855303142915e+03
1.479647224672876519e+03
1.480697329369513227e+03
1.481570566608436593e+03
1.481712467243092760e+03
1.482577637779270617e+03
1.482973172881651180e+03
1.484096244571302577e+03
1.484797981043181380e+03
1.484864814675430807e+03
1.486125453647024187e+03
1.486167220500494750e+03
1.487036524388492580e+03
1.487045691096157498e+03
1.487123191442781035e+03
1.487202558464420008e+03
1.487319392320297766e+03
1.487537426628798585e+03
1.487546860004322980e+03
1.487558426722722288e+03
1.488340230219370824e+03
1.488363463656616659e+03
1.488390430443893365e+03
1.488412230541395274e+03
1.488416563894109458e+03
1.488465864114607029e+03
1.488555497848830782e+03
1.488597564703643229e+03
1.488775665500206514e+03
1.488958799652614744e+03
1.489102300294427550e+03
1.491088742512205954e+03
1.491283343382566500e+03
1.491423110674347981e+03
1.491449477458941374e+03
1.491937412974586550e+03
1.492159413967495084e+03
1.492588715887565741e+03
1.492593882577340537e+03
1.492609349313182975e+03
1.492727516508357212e+03
1.492899817278979526e+03
1.492901250618723452e+03
1.493049084613250670e+03
1.493171685161586538e+03
1.493782721227804132e+03
1.493803854655657688e+03
1.493813021363322605e+03
1.494504057787345118e+03
1.494535791262607745e+03
1.495164860742813516e+03
1.495275927906232710e+03
1.495509662284952810e+03
1.495517028984567332e+03
1.495519262327889237e+03
1.496004231163599343e+03
1.496472833259441586e+03
1.496499400044929416e+03
1.496514433445500117e+03
1.496540833563575688e+03
1.498067307057458493e+03
1.498071540409725685e+03
1.500205883288995665e+03
1.500880952974939646e+03
1.500882252980753947e+03
1.500900719730014089e+03
1.501055520422366499e+03
1.501055887090673195e+03
1.501079687197119938e+03
1.501083087212326745e+03
1.501091220582036840e+03
1.501146920831158695e+03
1.501156687541507154e+03
1.501160787559844948e+03
1.501286854790352436e+03
1.501438422134910297e+03
1.501501955752400363e+03
1.501567389378388270e+03
1.501650823084882404e+03
1.501657223113506689e+03
1.501669423168071944e+03
1.501673189851585221e+03
1.501790590376663886e+03
1.501813357145156033e+03
1.501818157166624133e+03
1.501878324102390025e+03
1.501895490845835639e+03
1.501907357565576831e+03
1.502592327295798896e+03
1.503675398806547719e+03
1.503714832316249158e+03
1.503802999377246579e+03
1.503815299432259053e+03
1.503820166120692193e+03
1.504006600287860010e+03
1.504072567249566873e+03
1.504240768001851620e+03
1.504416268786786077e+03
1.504425035492662346e+03
1.505249005844570547e+03
1.505305872765576623e+03
1.505364006358915049e+03
1.505430306655445747e+03
1.505464673475819609e+03
1.505567740603458105e+03
1.505913108814798534e+03
1.506107709685158852e+03
1.506216243503914257e+03
1.506343244071929576e+03
1.506458877922440024e+03
1.506537178272641768e+03
1.506804046132885787e+03
1.506933046709846394e+03
1.506993780314813193e+03
1.507086147394595628e+03
1.507784383850820404e+03
1.507795383900018578e+03
1.507809850631388372e+03
1.507845350790164275e+03
1.507923451139471126e+03
1.508019851570626088e+03
1.509110756449743349e+03
1.509223756955142790e+03
1.509234523669964119e+03
1.509240057028045385e+03
1.509259523781778171e+03
1.509273490510911643e+03
1.509285790565923890e+03
1.509322824064891392e+03
1.509378024311776471e+03
1.509394591052538544e+03
1.509398891071770777e+03
1.509406424438797330e+03
1.509752792654610175e+03
1.509950593539282863e+03
1.511283166165935882e+03
1.511628634377723301e+03
1.511640034428710806e+03
1.511663767868192735e+03
1.511672501240586371e+03
1.512152603387863110e+03
1.512314837446795082e+03
1.512883006654622250e+03
1.512912573453527557e+03
1.512937373564446943e+03
1.512941173581442627e+03
1.513049240731444115e+03
1.513099807624273353e+03
1.513125407738770946e+03
1.513135874452250391e+03
1.513136374454486713e+03
1.513162807906044918e+03
1.513179074645465107e+03
1.514054711895122182e+03
1.514751615012050479e+03
1.514774581781437064e+03
1.514992849424314500e+03
1.515519751780907200e+03
1.518223030538100147e+03
1.518226997222508089e+03
1.518231430575669719e+03
1.518235463927042247e+03
1.518272064090738013e+03
1.518277630782301912e+03
1.518291230843128915e+03
1.518320930975963847e+03
1.518330331018005836e+03
1.518334564370273029e+03
1.518367697851797402e+03
1.518423498101366249e+03
1.518437898165771230e+03
1.519471069453339169e+03
1.520688574898682873e+03
1.522103781228251819e+03
1.522115014611826837e+03
1.522155148124659036e+03
1.522159248142996603e+03
1.522216681733203814e+03
1.522227815116331840e+03
1.522234715147192674e+03
1.522296482090114296e+03
1.522383782480568925e+03
1.522396082535581399e+03
1.522401015890979352e+03
1.522454316129367044e+03
1.522603750131049992e+03
1.525316062261978459e+03
1.525333495673283323e+03
1.525465229595802157e+03
1.525523129854763511e+03
1.525547263296034771e+03
1.525677030543090723e+03
1.525843297953395222e+03
1.526305566687577993e+03
1.528639010457335189e+03
1.533270297837626686e+03
1.536194110914501834e+03
1.536396811821090068e+03
1.539759293526595457e+03
1.539781426958921429e+03
1.539791093668822896e+03
1.539880894070458908e+03
1.540108495088413974e+03
1.542256204694134112e+03
1.542323204993795798e+03
1.542584872830782842e+03
1.542972907899618804e+03
1.543217808994949337e+03
1.544239646898494811e+03
1.544254946966924990e+03
1.544265313679957217e+03
1.544279913745256636e+03
1.544292447134645954e+03
1.544297547157456165e+03
1.544533781547357648e+03
1.544634781999086499e+03
1.544730349093180848e+03
1.544774649291315427e+03
1.544811749457247288e+03
1.544822516172068390e+03
1.544908949891980228e+03
1.544919749940283964e+03
1.544933983337276686e+03
1.545294851617941731e+03
1.545335218465150774e+03
1.545342351830388452e+03
1.545437652256623551e+03
1.545496885854881384e+03
1.545501352541525648e+03
1.545506019229064350e+03
1.545516019273789880e+03
1.547472328023461841e+03
1.547522394914054757e+03
1.547529461612327623e+03
1.547593628565983636e+03
1.547609861971921418e+03
1.547619628682270104e+03
1.547727495831377155e+03
1.548533899438050639e+03
1.548956334660743096e+03
1.550801942915302561e+03
1.551849647601205106e+03
1.551885247760428456e+03
1.553051086308022832e+03
1.553703455892439479e+03
1.553706822574163652e+03
1.553758656139324785e+03
1.553765389502773587e+03
1.554521926219748593e+03
1.554723827122758621e+03
1.554737893852339312e+03
1.554856394382338067e+03
1.554933294726278064e+03
1.555410296859689879e+03
1.555702698167466679e+03
1.555716764897047597e+03
1.557129604549364785e+03
1.557135671243164779e+03
1.557169371393890060e+03
1.557581073235243821e+03
1.557732073910600320e+03
1.557840841063732796e+03
1.558415176965807404e+03
1.558421876995773346e+03
1.559127113483306175e+03
1.559166480326042574e+03
1.560240318462161440e+03
1.561033088674525970e+03
1.561347723415075961e+03
1.561355756784339064e+03
1.561768725298024265e+03
1.561880359130644820e+03
1.563906901527772789e+03
1.566692913988329110e+03
1.567273049916344462e+03
1.570567431317268529e+03
1.570683131834743563e+03
1.570857632615205603e+03
1.570888699420819876e+03
1.570908999511612819e+03
1.570995199897147813e+03
1.571001633259254504e+03
1.571007399951713069e+03
1.571014099981679010e+03
1.571026733371516002e+03
1.571032900065763215e+03
1.571111133749000146e+03
1.571124300474555412e+03
1.571130900504074134e+03
1.571236867644683343e+03
1.571589102553401972e+03
1.571593502573081196e+03
1.571629969402847337e+03
1.571737969885883786e+03
1.571816970239216289e+03
1.571836670327325692e+03
1.571837703665280742e+03
1.572326205850127053e+03
1.572377639413499082e+03
1.572394006153366718e+03
1.572406406208826411e+03
1.572884441680193277e+03
1.572888875033354907e+03
1.572916208488938082e+03
1.572925841865357143e+03
1.572936708580625691e+03
1.572945341952572335e+03
1.573014708929485550e+03
1.573034109016253069e+03
1.573110676025369003e+03
1.573134309464403941e+03
1.573140576159098600e+03
1.573144876178330605e+03
1.573153642884206874e+03
1.573162176255706072e+03
1.573170442959345792e+03
1.573766012289720948e+03
1.573775779000069633e+03
1.573806712471754054e+03
1.573868146079852067e+03
1.573924579665586634e+03
1.573977913237456733e+03
1.574094413758510200e+03
1.575242185558633764e+03
1.575425319711041993e+03
1.575429319728932342e+03
1.576496391168120226e+03
1.576506224545433952e+03
1.577141594053817016e+03
1.577494728966560842e+03
1.577668063075138207e+03
1.578294532543715377e+03
1.578514666861608475e+03
1.578645600780549330e+03
1.578687234300090267e+03
1.581297479307852655e+03
1.581302979332451741e+03
1.581563580498001102e+03
1.581623480765907516e+03
1.581726547893546240e+03
1.582877353040569915e+03
1.582899986475132437e+03
1.582906786505545597e+03
1.583067487224286424e+03
1.583162154314355575e+03
1.584153692082382577e+03
1.584479326872131196e+03
1.584540860480675974e+03
1.584591194039128368e+03
1.584601560752160367e+03
1.585008529239010613e+03
1.586042300529262093e+03
1.586093634092186903e+03
1.586175001122770936e+03
1.586184467831777965e+03
1.586193334538101453e+03
1.586652936593690583e+03
1.588563745139861112e+03
1.588591045261961881e+03
1.588594911945922604e+03
1.588768779390218469e+03
1.588777112760823229e+03
1.589224781429706582e+03
1.589231981461909072e+03
1.589240248165548792e+03
1.589254248228164670e+03
1.589261881595638670e+03
1.589913251175582673e+03
1.590560987405943024e+03
1.590577887481529388e+03
1.590588020860184542e+03
1.590701988036574221e+03
1.590789888429712391e+03
1.591556325190965936e+03
1.592534862900849703e+03
1.592792830721288055e+03
1.592812030807161364e+03
1.592815397488885537e+03
1.592819164172399041e+03
1.592826697539425368e+03
1.592863864372322496e+03
1.592874497753213973e+03
1.592891597829694774e+03
1.592929764667064319e+03
1.592993464951966416e+03
1.593050031871630836e+03
1.593094198735835789e+03
1.593138432267005328e+03
1.593165132386422783e+03
1.593220699301614786e+03
1.593256566128697386e+03
1.593259666142562310e+03
1.593313433049703690e+03
1.593371299975182637e+03
1.594376037802247311e+03
1.595147307918451588e+03
1.595152607942156237e+03
1.595177408053075851e+03
1.595180674734352806e+03
1.595274441820396532e+03
1.595292575234832384e+03
1.595348308817436418e+03
1.595451742613381839e+03
1.595506909526784739e+03
1.595749577278792913e+03
1.596514880701644188e+03
1.597750586228388329e+03
1.597790553073808496e+03
1.597934253716515514e+03
1.597945387099643312e+03
1.597948587113955682e+03
1.597956187147947048e+03
1.597963520514079164e+03
1.597968453869477116e+03
1.597969753875291644e+03
1.597976753906599242e+03
1.598663123643083281e+03
1.598668757001611766e+03
1.598786990863751043e+03
1.598795090899978732e+03
1.598903858053111207e+03
1.598915758106334579e+03
1.598936658199811063e+03
1.598943324896294826e+03
1.598954291612010593e+03
1.598963558320123184e+03
1.599291026451404377e+03
1.599590427790489457e+03
1.599739161789041646e+03
1.599745028481947429e+03
1.599765428573187592e+03
1.599782861984492456e+03
1.599819128813364159e+03
1.599832195538472206e+03
1.599849295614953235e+03
1.599875962400888056e+03
1.599980296200858675e+03
1.600018529705192805e+03
1.600038229793302435e+03
1.600195663830766080e+03
1.600977700661791459e+03
1.601043567623050876e+03
1.602886342531604669e+03
1.603008476411186621e+03
1.603020676465752103e+03
1.604112881350683665e+03
1.604469549612563924e+03
1.604541883269412438e+03
1.604586516802371307e+03
1.605181419463098109e+03
1.605192619513190721e+03
1.606664826097695595e+03
1.606680126166125774e+03
1.606691959552384560e+03
1.606741793108600405e+03
1.609607772593479240e+03
1.609668306197551601e+03
1.609672239548476909e+03
1.609676972902980424e+03
1.609688272953520254e+03
1.609693006308023769e+03
1.609724773116768802e+03
1.609729173136448253e+03
1.612595185954809267e+03
1.612929354116056629e+03
1.612939487494712012e+03
1.612945987523783742e+03
1.613023454536924874e+03
1.613375356110819212e+03
1.613392956189536335e+03
1.613411056270489553e+03
1.613425656335788972e+03
1.613945025325354891e+03
1.613973992121576885e+03
1.614067692540655798e+03
1.614143259545299088e+03
1.614151226247597151e+03
1.614160759623568993e+03
1.614170559667400084e+03
1.614190026421132643e+03
1.614199593130586663e+03
1.614264493420856070e+03
1.614350127137189475e+03
1.614540627989212680e+03
1.614846729358263701e+03
1.614893229566237778e+03
1.615218231019820223e+03
1.615861167228712475e+03
1.616516936828335929e+03
1.616592470499496585e+03
1.616895338520752830e+03
1.616976272216065581e+03
1.617712275507871027e+03
1.619960418896118654e+03
1.619967885596180622e+03
1.620031452547153094e+03
1.620298053739537863e+03
1.620497121296542218e+03
1.620520721402094750e+03
1.620524621419537880e+03
1.621216157845796715e+03
1.622429763273697063e+03
1.622515163655653851e+03
1.622666464332352461e+03
1.622672497692670277e+03
1.622689097766914756e+03
1.622693664454006012e+03
1.622752164715650906e+03
1.622770264796604124e+03
1.622815731666623378e+03
1.622923432148318170e+03
1.624474172417401633e+03
1.624647806527320654e+03
1.624664039933258664e+03
1.624684906693252742e+03
1.624696140076827987e+03
1.626135946516421882e+03
1.626142413212010979e+03
1.626356814170928146e+03
1.626373280911243228e+03
1.626376214257696120e+03
1.626698549032684923e+03
1.627185784545199340e+03
1.627292385021974496e+03
1.627329451854423951e+03
1.629712329178608343e+03
1.629727162578284378e+03
1.630706300290851914e+03
1.631757004990172163e+03
1.632383674459643998e+03
1.632502174989642526e+03
1.632511941699991212e+03
1.632528308439858847e+03
1.632559075244131236e+03
1.632610442140538453e+03
1.632614975494147302e+03
1.632737376041588959e+03
1.632818476404313742e+03
1.635616922253812163e+03
1.638240000652305525e+03
1.638255600722077588e+03
1.639436906005514402e+03
1.639443606035480343e+03
1.639450406065893958e+03
1.639454439417266713e+03
1.639458806103463530e+03
1.639461806116881007e+03
1.639465339466017667e+03
1.639470672823204495e+03
1.639474406173235366e+03
1.639478006189336611e+03
1.639481339537578378e+03
1.639487106230036943e+03
1.639492039585434895e+03
1.639496572939043745e+03
1.639500372956039655e+03
1.639510573001659623e+03
1.639916641484484444e+03
1.640029475322471853e+03
1.640077508870637075e+03
1.640303943216707466e+03
1.640316743273956263e+03
1.640339043373694494e+03
1.641135213601265377e+03
1.645370465876940216e+03
1.645377799243072104e+03
1.645669633881647997e+03
1.646778405507341631e+03
1.646784405534177040e+03
1.646979906408562783e+03
1.647025339945099404e+03
1.647030839969698491e+03
1.647244707592897157e+03
1.647440075133353275e+03
1.647704876317687422e+03
1.649127949349107439e+03
1.649165516183793216e+03
1.651134558323749161e+03
1.651356959318446570e+03
1.651368026034609557e+03
1.651369392707388897e+03
1.651381426094542121e+03
1.651559726891999844e+03
1.651566026920176910e+03
1.651574526958193474e+03
1.651578360308671790e+03
1.652504897785982394e+03
1.652515531166873870e+03
1.652538964605014144e+03
1.652569964743663832e+03
1.652573531426282443e+03
1.652583798138867451e+03
1.652614364942245629e+03
1.652617964958346874e+03
1.652697865315704348e+03
1.652731732133841888e+03
1.652753765565720641e+03
1.652764332279647306e+03
1.653141033964461258e+03
1.653442001977219888e+03
1.653475535460532910e+03
1.655434577555763099e+03
1.657602587252276635e+03
1.658476524494330306e+03
1.659203761080259483e+03
1.662164940990925970e+03
1.663827648427453823e+03
1.663853115208021791e+03
1.663857181892876724e+03
1.663929748884102310e+03
1.667089029680783369e+03
1.667112829787230339e+03
1.667124263171700022e+03
1.667147229941086380e+03
1.667177063407851165e+03
1.668563402941645563e+03
1.668571569644838064e+03
1.668574402990843510e+03
1.668614269835816458e+03
1.668662670052288377e+03
1.669849175358982620e+03
1.669978142602460593e+03
1.670030276168963383e+03
1.671247581613412422e+03
1.671252548302292780e+03
1.671462315907153652e+03
1.671676316864282171e+03
1.671686216908560482e+03
1.671693516941210191e+03
1.671703350318523690e+03
1.671821617514145146e+03
1.671850250975542849e+03
1.671855184330940801e+03
1.671957051453212443e+03
1.672716954851911851e+03
1.673557191943240468e+03
1.674372628923649245e+03
1.677157474712320891e+03
1.678012978538597281e+03
1.678669881476622777e+03
1.679162683680701093e+03
1.679761053023599516e+03
1.679818786615148611e+03
1.680227388442637221e+03
1.680237421820845384e+03
1.680243388514198386e+03
1.680247555199500539e+03
1.680275755325626733e+03
1.680282555356040348e+03
1.680294422075781313e+03
1.682161763760877875e+03
1.682192097229878755e+03
1.682930333865006105e+03
1.684264039830061165e+03
1.684706475142204908e+03
1.684766208742699064e+03
1.684844475759418174e+03
1.684911576059527079e+03
1.685020376546141733e+03
1.685020776547930836e+03
1.685155943819138884e+03
1.685189143967627615e+03
1.685193543987307066e+03
1.685818013446939176e+03
1.688730593140239307e+03
1.688736426499662457e+03
1.688825393564238084e+03
1.689099461456684821e+03
1.689171795113533562e+03
1.689191561868607778e+03
1.689194695215955107e+03
1.689304262372665335e+03
1.689315529089722986e+03
1.689327529143393804e+03
1.689336562517129096e+03
1.689354295929775844e+03
1.689370029333477532e+03
1.689375162689770150e+03
1.689424629577679298e+03
1.689469996447251333e+03
1.689624463804779680e+03
1.689709297517535106e+03
1.689915565106742179e+03
1.690319266912315243e+03
1.690329633625347469e+03
1.690894769486274299e+03
1.691879807225229797e+03
1.692387176161125126e+03
1.692523576771182434e+03
1.692537610167280718e+03
1.692548010213795351e+03
1.692555876915646195e+03
1.692568410305035513e+03
1.692574743666695213e+03
1.692581477030143560e+03
1.692646543987824998e+03
1.692656977367822265e+03
1.692757577817761785e+03
1.695417623048257610e+03
1.695431223109084613e+03
1.695590123819774362e+03
1.695724691088298869e+03
1.696131659575149115e+03
1.696159859701275309e+03
1.696169059742422860e+03
1.696172926426383356e+03
1.696654395246439208e+03
1.696659861937555888e+03
1.696714295514345622e+03
1.696729562249293622e+03
1.696737628952038676e+03
1.696743895646733563e+03
1.696785229164932844e+03
1.696795062542246342e+03
1.696808062600389349e+03
1.696890929637682348e+03
1.696917996425406500e+03
1.696923863118312056e+03
1.696931896487574932e+03
1.696941563197476626e+03
1.696950596571211918e+03
1.696967329979386250e+03
1.697010463505635926e+03
1.697118597322602227e+03
1.697368831775119588e+03
1.697848400586677599e+03
1.697878434054337049e+03
1.701348216239748126e+03
1.701358582952780353e+03
1.701361749633610088e+03
1.701382449726192135e+03
1.701387283081142868e+03
1.701391216432068177e+03
1.701398983133472029e+03
1.701409483180433654e+03
1.701440516652565520e+03
1.701493683557023360e+03
1.701532483730558852e+03
1.701635550858197348e+03
1.701817551672203535e+03
1.702199720048134168e+03
1.702210520096437904e+03
1.703027457083555646e+03
1.703038757134095704e+03
1.703174524407987064e+03
1.703228191314681226e+03
1.703236058016531842e+03
1.703254458098827172e+03
1.703274524855243271e+03
1.703281358219139065e+03
1.703294624945141777e+03
1.703300924973318843e+03
1.703317525047563322e+03
1.703325458416378979e+03
1.703334891791903601e+03
1.703350125193368967e+03
1.703367658605121278e+03
1.703376258643585061e+03
1.703414792149261075e+03
1.703422992185936209e+03
1.703566459494266383e+03
1.703787093814395803e+03
1.703965594612747964e+03
1.705557935067889957e+03
1.705731402510397174e+03
1.705848236366274705e+03
1.705939436774172236e+03
1.705946703473339539e+03
1.705953470170270293e+03
1.706057803970241139e+03
1.706065604005127170e+03
1.706073970709214109e+03
1.706084704090553032e+03
1.706088404107101496e+03
1.706095470805374134e+03
1.706150871053154106e+03
1.706196937925856901e+03
1.706210771321060747e+03
1.706215038006810119e+03
1.706331638528310805e+03
1.706594939705936213e+03
1.708550248451135758e+03
1.708570381874516670e+03
1.708580315252277387e+03
1.710298389603102578e+03
1.710307022975049222e+03
1.710312322998753643e+03
1.710328989739963163e+03
1.710339056451653505e+03
1.710433190206003928e+03
1.711286394021993374e+03
1.711390527821069327e+03
1.712765867305665552e+03
1.713913972440613406e+03
1.715664113601525742e+03
1.715870947859933949e+03
1.715877047887216349e+03
1.716368350084585927e+03
1.717088986640996154e+03
1.717223987244791942e+03
1.718381825756605849e+03
1.718539993130682660e+03
1.720445234985289062e+03
1.720616069082685044e+03
1.720678169360431184e+03
1.720698502784706534e+03
1.721476439597394574e+03
1.722713311796023390e+03
1.722746178609688286e+03
1.722774812071085989e+03
1.722781045432298242e+03
1.722837479018033036e+03
1.722854245759689775e+03
1.722858912447228249e+03
1.722877079195146507e+03
1.722925446078136019e+03
1.722956879552056762e+03
1.722983979673263320e+03
1.723038913252289149e+03
1.723072080067295929e+03
1.723115613595334707e+03
1.723128946988302232e+03
1.723174747193145777e+03
1.723230314108337780e+03
1.723471348519707362e+03
1.723673749424953940e+03
1.723714516273951858e+03
1.724786254400678445e+03
1.724802187805274571e+03
1.724815287863865024e+03
1.724831354602391002e+03
1.724835954622964664e+03
1.724843654657403249e+03
1.724883288167999126e+03
1.724945355112262860e+03
1.724988055303241254e+03
1.725022688791474366e+03
1.725032955504059146e+03
1.725064288977532897e+03
1.725083222395546727e+03
1.725099922470238425e+03
1.725279589940475489e+03
1.725493224229296857e+03
1.725501090931147701e+03
1.725507357625842360e+03
1.725519824348266866e+03
1.725543624454714063e+03
1.725548991145383297e+03
1.725561791202632094e+03
1.725622258139739870e+03
1.725627391496032260e+03
1.725668925015125978e+03
1.726378328187960960e+03
1.726513528792651186e+03
1.727630767122879433e+03
1.727694700742158375e+03
1.727708567470844628e+03
1.728099635886580927e+03
1.728696905224559487e+03
1.728717938651965824e+03
1.728790672310603441e+03
1.729778476728599571e+03
1.730640480583947692e+03
1.730651213965286388e+03
1.731633451691718619e+03
1.732339754850688678e+03
1.732369588317453690e+03
1.733385859529435265e+03
1.734256630090659428e+03
1.735041733602067325e+03
1.735045533619063008e+03
1.735051966981169926e+03
1.735121667292907432e+03
1.737631878519931206e+03
1.737642478567340504e+03
1.737659411976409046e+03
1.737740679006545861e+03
1.737885679655067179e+03
1.737898679713210413e+03
1.737948113267637382e+03
1.738083047204468585e+03
1.738183647654408333e+03
1.738342215030273792e+03
1.738849383965274683e+03
1.738853250649235406e+03
1.738856083995240851e+03
1.739511020257803921e+03
1.739924555440690483e+03
1.739943588859151532e+03
1.739947155541770371e+03
1.740313157178727806e+03
1.740748592459563497e+03
1.740908759842585368e+03
1.741076960594870116e+03
1.741269261454943717e+03
1.742299099394270115e+03
1.742315966136373845e+03
1.742322132830621285e+03
1.742455666761190741e+03
1.742866301931106818e+03
1.745170812238124654e+03
1.745177978936844511e+03
1.745248579252607442e+03
1.745366779781264313e+03
1.749343764235158687e+03
1.753833150980793562e+03
1.757692968243986115e+03
1.763068892288029247e+03
1.764976300818992968e+03
1.765768337694744105e+03
1.765796837822211955e+03
1.765803637852625570e+03
1.765807671203998325e+03
1.765815504572366763e+03
1.765823137939840308e+03
1.765840071348909078e+03
1.765844771369930186e+03
1.765953005187343706e+03
1.773854473860323196e+03
1.774889478489424164e+03
1.776504252378234014e+03
1.778177026526452437e+03
1.778711195582212440e+03
1.780683304402550675e+03
1.781451941173643945e+03
1.784224520240785296e+03
1.786057228437648746e+03
1.786112562018463677e+03
1.796267940772149359e+03
1.807557124596825133e+03
1.807669225098199149e+03
1.807717158645917380e+03
1.807780325595100976e+03
1.808953530842309874e+03
1.809099098160032327e+03
1.821469620154371341e+03
1.821475120178970428e+03
1.821478453527212196e+03
1.821486320229063040e+03
1.821492720257687552e+03
1.821494520265738174e+03
1.821496786942542712e+03
1.821499986956854627e+03
1.821511620342218748e+03
1.821517220367265281e+03
1.821522587057934743e+03
1.821533053771413961e+03
1.821538587129495681e+03
1.821544987158119966e+03
1.821551620521121549e+03
1.821563720575239358e+03
1.821569920602969205e+03
1.821629687536945994e+03
1.821647354282627930e+03
1.821652087637131444e+03
1.821741488036978353e+03
1.821796954951723137e+03
1.823211561278608542e+03
1.823363228623613850e+03
1.823858330837978883e+03
1.825231136977911319e+03
1.825326070735839721e+03
1.825472304723210755e+03
1.826357842017146368e+03
1.826996678207700825e+03
1.827081811921798362e+03
1.827418813429051625e+03
1.827426913465279313e+03
1.827491280419829764e+03
1.827521813889725308e+03
1.827876648810072311e+03
1.828855419854333377e+03
1.829581189767035994e+03
1.829597889841727692e+03
1.834910780270516852e+03
1.835224115005252770e+03
1.835253481803263639e+03
1.835302215354559848e+03
1.835329048807906929e+03
1.835334448832058797e+03
1.835442682649472317e+03
1.835533649722993005e+03
1.835707383833359245e+03
1.835799350911352576e+03
1.835841417766165023e+03
1.836038785315566201e+03
1.836158819185755874e+03
1.839924702695492670e+03
1.839942436108139418e+03
1.839979636274518725e+03
1.839987169641545506e+03
1.840665472675283809e+03
1.840877306956054781e+03
1.840927040511823407e+03
1.840958673986639042e+03
1.840990007460112338e+03
1.841119308038414601e+03
1.841198375058711690e+03
1.841235041889372269e+03
1.841339909025061843e+03
1.841354609090808253e+03
1.841412576016734647e+03
1.841458642889437215e+03
1.841477442973521420e+03
1.841482342995436738e+03
1.841486143012432649e+03
1.841491309702207445e+03
1.841494743050896659e+03
1.841500409742907777e+03
1.841504976429999260e+03
1.841509609784055328e+03
1.841527476530631702e+03
1.841532676553889132e+03
1.841537109907050763e+03
1.841543076600403765e+03
1.841551043302701828e+03
1.841557776666150403e+03
1.841564876697905675e+03
1.841571476727424397e+03
1.841577976756496128e+03
1.841584676786462296e+03
1.841590343478473642e+03
1.841600976859365119e+03
1.841615210256357841e+03
1.841622710289901988e+03
1.841632610334180526e+03
1.841737310802457614e+03
1.841851877981530833e+03
1.841948078411791130e+03
1.842024545420459617e+03
1.842181112787380243e+03
1.842273013198408762e+03
1.842322746754177388e+03
1.842518047627668693e+03
1.842524380989328392e+03
1.842529681013032814e+03
1.842536247709069357e+03
1.842556447799415082e+03
1.842560747818647087e+03
1.842694915085382490e+03
1.842714481839562268e+03
1.842812082276084311e+03
1.844840958016981631e+03
1.844964125234518860e+03
1.845636894910175670e+03
1.848376607163652352e+03
1.848834975880392221e+03
1.850387049488772391e+03
1.852449525379947772e+03
1.852908227431511932e+03
1.852943360921981139e+03
1.855224804459165171e+03
1.855237571182931561e+03
1.855411471960710060e+03
1.856698411049931792e+03
1.856862045115125284e+03
1.857228213419494978e+03
1.857333113888666276e+03
1.860607328532727024e+03
1.861858134127006906e+03
1.863359607509075431e+03
1.863476108030128898e+03
1.863519908226027155e+03
1.863562008414322008e+03
1.863701842373068757e+03
1.863972910252097336e+03
1.864142311009749392e+03
1.864155844403611582e+03
1.864230078068957937e+03
1.864268011571950410e+03
1.864309845092386013e+03
1.864370312029493334e+03
1.864467179129402211e+03
1.864631713198621128e+03
1.864891414360145063e+03
1.866428487901436938e+03
1.866528721683069989e+03
1.866574121886124203e+03
1.866583655262096045e+03
1.866588988619283100e+03
1.866594588644329406e+03
1.866601288674295574e+03
1.866604622022537569e+03
1.866613922064132339e+03
1.866622688770008381e+03
1.866628122127642655e+03
1.866632055478567963e+03
1.866637822171026528e+03
1.866645588872430153e+03
1.866650955563099387e+03
1.866656288920286670e+03
1.866662755615875540e+03
1.866668288973957260e+03
1.866678189018235571e+03
1.866685189049543396e+03
1.866760089384538333e+03
1.867008523829005071e+03
1.867132124381813583e+03
1.867394092220142284e+03
1.867705193611556297e+03
1.867729027051485446e+03
1.868053928504620899e+03
1.868179762400751315e+03
1.868217829237673641e+03
1.868429863519339051e+03
1.868672164603040756e+03
1.869113133241957712e+03
1.872390547900330603e+03
1.872590615461807829e+03
1.874382590143155539e+03
1.874688291510417685e+03
1.877219402830917943e+03
1.884675769513160049e+03
1.889194589723770832e+03
1.895892719681434528e+03
1.896205654414381343e+03
1.896217254466263057e+03
1.896223687828369748e+03
1.896240421236544080e+03
1.896245221258012634e+03
1.896251321285295035e+03
1.896255954639351330e+03
1.896261954666186512e+03
1.896269854701519762e+03
1.896276354730591493e+03
1.896284021431547671e+03
1.896288421451227123e+03
1.896295021480746072e+03
1.896300688172757191e+03
1.896312221557674093e+03
1.896348255052168724e+03
1.896391521912348253e+03
1.896409588659819292e+03
1.896413888679051070e+03
1.896510055775829187e+03
1.896584422775105395e+03
1.897383593016093982e+03
1.897488826820090026e+03
1.897497526859001027e+03
1.897510193582320198e+03
1.897579360558339204e+03
1.898990933538324498e+03
1.899025300358697905e+03
1.899030567048920375e+03
1.902202981237674067e+03
1.902293114974134369e+03
1.903603320834084570e+03
1.908163707897271252e+03
1.908834944232736689e+03
1.908866144372280814e+03
1.914366435639228030e+03
1.915704641624409760e+03
1.915980476191424714e+03
1.918268719759021906e+03
1.921042198830188909e+03
1.932768151274996853e+03
1.932815451486549364e+03
1.937013136927537971e+03
1.937024470311560208e+03
1.938833811737248197e+03
1.938866678550912866e+03
1.940955454559717055e+03
1.944140102136518408e+03
1.944190802363277271e+03
1.946531779500061248e+03
1.947781151754597204e+03
1.950098095450557139e+03
1.950224562682853957e+03
1.950306596383086116e+03
1.954253447368874049e+03
1.955048484258042890e+03
1.956713391704410469e+03
1.958852901273455700e+03
1.967796374606843983e+03
1.976401413093235305e+03
1.997983876288363035e+03
2.000005318662681020e+03
2.000076552314609899e+03
2.011725771082890105e+03
2.011751271196940479e+03
2.011784338011499813e+03
2.011869905060868632e+03
2.011988905593103482e+03
2.012123139526803470e+03
2.022519219357034899e+03
2.029537650747259931e+03
2.033494201776431737e+03
2.036130880235752102e+03
2.036215680615025349e+03
2.045245487667878251e+03
2.047642965057361835e+03
2.051205347656932645e+03
2.051269147942281961e+03
2.051325114859263067e+03
2.052284485816755932e+03
2.052403353015060929e+03
2.062670532268778970e+03
2.071651705770782883e+03
2.074319751037059177e+03
2.075039120921137510e+03
2.075144221391203700e+03
2.075165788154328311e+03
2.075201554980963920e+03
2.075212255028819982e+03
2.075217921720831328e+03
2.075236055135267179e+03
2.075239421816991580e+03
2.075243021833092826e+03
2.075292122052695504e+03
2.075362155699257528e+03
2.075399955868319921e+03
2.075455956118783433e+03
2.075520823075570206e+03
2.075591490058297950e+03
2.075956158355958451e+03
2.076263259729482343e+03
2.076650294793846115e+03
2.076946696119513490e+03
2.077462098424671240e+03
2.077469765125627873e+03
2.077499431924980399e+03
2.082443287369912014e+03
2.082604188089547279e+03
2.096257949156559334e+03
2.096804751602155648e+03
2.096813384974102064e+03
2.106151726740223239e+03
2.128150191795935825e+03
2.128733394404333922e+03
2.136601629595341819e+03
2.140237412523198145e+03
2.140282012722674608e+03
2.140764014878448961e+03
2.140897782143395489e+03
2.142416655603286472e+03
2.144120296556224730e+03
2.144356030943889891e+03
2.149228819404304431e+03
2.149269086251066710e+03
2.149314586454568143e+03
2.149954322649147798e+03
2.150236423910857866e+03
2.150970293859787944e+03
2.150992627293008809e+03
2.151026727445522738e+03
2.151209494929624725e+03
2.151310228713493871e+03
2.153363137895215459e+03
2.153387571337828831e+03
2.153404904748686477e+03
2.153421371489001103e+03
2.153426871513600418e+03
2.153461505001833302e+03
2.153494905151217154e+03
2.153542505364110639e+03
2.153545472044045709e+03
2.153598405614126932e+03
2.153611672340129644e+03
2.153680205979982020e+03
2.153725472849107064e+03
2.153738106238943601e+03
2.153883440222289209e+03
2.154146674732949577e+03
2.154231475112223052e+03
2.154528743108432991e+03
2.155162879277966567e+03
2.164497887695845293e+03
2.164571488025026156e+03
2.164685388534450794e+03
2.165020656700618019e+03
2.165236557666244153e+03
2.168411338532249829e+03
2.175425703237619928e+03
2.175543703765382361e+03
2.175590870643004564e+03
2.175649337571167507e+03
2.175671537670458292e+03
2.175706871161821709e+03
2.175729037927630088e+03
2.175803904929142846e+03
2.175848571795584121e+03
2.175915772096140245e+03
2.175991739102572410e+03
2.191476975027598201e+03
2.201027517742796590e+03
2.210290625839097629e+03
2.221921677859459578e+03
2.255446861135564177e+03
2.255597928477885944e+03
2.256884700899695872e+03
2.258091939632454341e+03
2.258101439674943776e+03
2.258108073037944905e+03
2.258114806401393707e+03
2.258135673161387786e+03
2.258138306506498793e+03
2.258152873238315806e+03
2.258158739931221589e+03
2.258164706624574592e+03
2.258173773331792290e+03
2.258211506833890326e+03
2.258277507129079368e+03
2.258315340631624622e+03
2.258367507531610045e+03
2.258443441204559804e+03
2.258624342013646128e+03
2.258746075891439432e+03
2.259371445355096967e+03
2.259646113250227245e+03
2.259660313313737333e+03
2.259675813383061723e+03
2.259681680075967961e+03
2.259687113433602008e+03
2.263962632556038443e+03
2.264077933071725056e+03
2.264684169116474095e+03
2.265286538477262638e+03
2.265894007860861166e+03
2.274948915025975111e+03
2.296121243053423314e+03
2.296234410226234559e+03
2.296524078188453132e+03
2.301608667596156920e+03
2.301673901221250162e+03
2.304729114885819854e+03
2.304835015359464251e+03
2.306182621386687970e+03
2.306417455770327706e+03
2.309081667686125911e+03
2.312435082684413828e+03
2.312683117127091464e+03
2.313323319990424807e+03
2.315464762901450285e+03
2.315474362944387394e+03
2.315530129860473608e+03
2.315915198249374498e+03
2.316287266580132382e+03
2.318397642685543815e+03
2.319393380472355602e+03
2.319484180878464031e+03
2.319628114855548120e+03
2.319935249562553963e+03
2.320189417365996633e+03
2.320653286107335589e+03
2.327225748836280673e+03
2.328017919045961662e+03
2.328822489311101890e+03
2.329597959446090954e+03
2.329746560110713290e+03
2.329793060318687822e+03
2.329817593761747958e+03
2.329839893861486416e+03
2.330023961351402249e+03
2.330028061369739589e+03
2.330033161392550028e+03
2.330130828496036884e+03
2.331678468751254968e+03
2.331685868784351896e+03
2.332258804680164758e+03
2.332271038068212420e+03
2.341518479427777493e+03
2.347444239264317275e+03
2.347452705968851660e+03
2.347461639342139733e+03
2.347473906063669801e+03
2.347480772761047774e+03
2.347489439466476597e+03
2.347532806327103572e+03
2.347628240087268296e+03
2.347717040484431891e+03
2.347871907843749341e+03
2.350522486365238365e+03
2.351682658220821395e+03
2.382737197113533512e+03
2.382937431342422769e+03
2.387336017681949215e+03
2.394327582285344761e+03
2.401338913643814521e+03
2.414529639306548688e+03
2.419124659857968254e+03
2.419134526568764159e+03
2.419145626618410006e+03
2.419150293305948708e+03
2.419182260115587724e+03
2.419194060168364103e+03
2.419220626953851934e+03
2.419225060307013791e+03
2.419232327006180640e+03
2.419236860359789716e+03
2.419245327064324101e+03
2.419263227144383109e+03
2.419268193833263012e+03
2.419274760529299783e+03
2.419314227372483856e+03
2.419328427435993945e+03
2.419337127474905174e+03
2.419353460881290630e+03
2.419380627669461774e+03
2.419411994476417931e+03
2.419416961165297835e+03
2.419441761276217676e+03
2.419465428048734793e+03
2.419491028163232841e+03
2.419536261698875023e+03
2.419625028762555303e+03
2.419720162521378825e+03
2.419800162879183517e+03
2.420258098260651877e+03
2.420301531788243210e+03
2.420362865395894005e+03
2.420449432449735468e+03
2.420713366963526823e+03
2.420910867846857400e+03
2.421269569451165353e+03
2.421562270760284264e+03
2.421615404331259469e+03
2.421646737804733220e+03
2.421773105036582820e+03
2.421838305328193655e+03
2.421856205408252208e+03
2.421868538796747089e+03
2.421882872194187257e+03
2.421887305547349115e+03
2.421898305596547289e+03
2.421911405655137514e+03
2.421953372509502969e+03
2.422023539489994164e+03
2.422108306535785232e+03
2.422133273314116650e+03
2.423620979967946369e+03
2.423726480439801890e+03
2.423795047413136672e+03
2.423878914454902315e+03
2.423882781138862811e+03
2.424126948897579950e+03
2.424309383046857874e+03
2.424393016754246219e+03
2.424451483682408707e+03
2.424796418558477399e+03
2.445820845924433343e+03
2.445826079281173406e+03
2.460249277122856256e+03
2.467279408565410449e+03
2.469386184654720637e+03
2.477159886089589236e+03
2.479486429828486052e+03
2.481259304424407219e+03
2.487723233334597353e+03
2.490334745014691634e+03
2.490358811788998082e+03
2.491048281539347045e+03
2.491119781859134946e+03
2.491214048947414994e+03
2.491383149703725394e+03
2.493182757752546422e+03
2.498480948115589399e+03
2.498556548453714640e+03
2.499360385382241930e+03
2.500324223026379059e+03
2.502605899897940162e+03
2.517946435175786974e+03
2.534432408909987316e+03
2.534622943095492701e+03
2.534732743586580000e+03
2.535150312120839317e+03
2.535162978844158260e+03
2.535199279006512370e+03
2.535205479034242217e+03
2.535250445902025149e+03
2.535940348987644938e+03
2.536074249586521546e+03
2.536406217737929182e+03
2.536477384722893021e+03
2.536487251433689380e+03
2.536511551542372672e+03
2.536543118350222812e+03
2.536569118466509281e+03
2.536580251849637534e+03
2.536611618656593237e+03
2.536621818702213659e+03
2.536666118900348010e+03
2.536702652397078964e+03
2.536866486463166893e+03
2.536928120072158890e+03
2.536961353554130710e+03
2.537055853976787603e+03
2.537087387451155791e+03
2.537152021073565265e+03
2.537754523768283889e+03
2.538323326312276549e+03
2.538503993786986484e+03
2.538639527726500546e+03
2.538646461090843786e+03
2.538672361206683036e+03
2.538676894560291657e+03
2.538802795123387114e+03
2.539549798464391188e+03
2.539747932683887939e+03
2.540319068571649950e+03
2.542598978768643065e+03
2.542742012741701728e+03
2.542784179596961167e+03
2.542994447204058361e+03
2.547623267906651108e+03
2.547814168760462508e+03
2.549543576495310390e+03
2.558198015202646275e+03
2.558389149390834973e+03
2.558500616556043497e+03
2.558771951102931780e+03
2.560245391026286143e+03
2.560278091172539007e+03
2.560906960651850568e+03
2.563701573150870900e+03
2.566494185640945489e+03
2.571564808319515578e+03
2.571602875156438131e+03
2.572133944198332756e+03
2.574795189434195890e+03
2.574878456473277765e+03
2.578027903892645099e+03
2.579312142969790784e+03
2.579328009707422098e+03
2.579339543092339682e+03
2.579364376536741020e+03
2.579413376755896479e+03
2.579466643660801765e+03
2.579486577083288466e+03
2.579574110808119713e+03
2.582456857034655059e+03
2.582466023742320431e+03
2.583853396614069425e+03
2.583933963641075479e+03
2.585296203067081478e+03
2.585340203263873718e+03
2.585365203375687997e+03
2.585839872165330235e+03
2.585869805632542011e+03
2.586040406395561604e+03
2.586045673085783619e+03
2.586375974563070940e+03
2.586913010298318568e+03
2.587997448481846732e+03
2.588032515305351353e+03
2.589364187927978492e+03
2.590412125948258108e+03
2.591130529161346658e+03
2.591294329893951726e+03
2.591343363446589592e+03
2.591382363621019977e+03
2.591411063749382265e+03
2.591497464135811697e+03
2.591740165221302050e+03
2.592923070511895276e+03
2.594523677670676989e+03
2.596681553988535143e+03
2.596694154044889274e+03
2.600580471426605072e+03
2.615900006610527271e+03
2.630616439097048442e+03
2.634325989021497207e+03
2.634332789051910822e+03
2.634341589091269270e+03
2.634347655785069037e+03
2.634352089138230895e+03
2.634356889159699222e+03
2.634363822524042462e+03
2.634368322544169132e+03
2.634372855897777754e+03
2.634380322597839950e+03
2.634385755955473996e+03
2.634390255975600667e+03
2.634395989334576825e+03
2.634401056023904403e+03
2.634407489386010639e+03
2.634412522741855810e+03
2.634418022766455124e+03
2.634421789449968855e+03
2.634426789472331620e+03
2.634430922824150912e+03
2.634435622845172475e+03
2.634444922886767017e+03
2.634451689583698226e+03
2.634456789606508210e+03
2.634469389662862341e+03
2.634473656348612167e+03
2.634478589704010119e+03
2.634484489730398309e+03
2.634489656420173105e+03
2.634496156449245063e+03
2.634501756474291142e+03
2.634507289832372408e+03
2.634520989893646856e+03
2.634532156610257061e+03
2.634540723315238665e+03
2.634547290011275436e+03
2.634552723368909483e+03
2.634558490061367593e+03
2.634563823418554421e+03
2.634569556777530579e+03
2.634574523466411392e+03
2.634582056833437946e+03
2.634589023531263138e+03
2.634596256896948034e+03
2.634619090332404994e+03
2.634625390360582060e+03
2.634635190404413152e+03
2.634644723780384993e+03
2.634652423814823578e+03
2.634659423846131631e+03
2.634667823883701203e+03
2.634687023969574057e+03
2.634701057365672568e+03
2.634719457447967670e+03
2.634742624218248693e+03
2.634754290937095448e+03
2.634785524410121525e+03
2.634818457890751233e+03
2.634852624710230430e+03
2.634932991736342046e+03
2.634940191768544537e+03
2.634994058676133136e+03
2.635084059078663813e+03
2.635130325952261046e+03
2.635204859618948831e+03
2.635325393491375053e+03
2.635374727045354575e+03
2.635429293956074162e+03
2.635608861425863779e+03
2.635640794902021298e+03
2.635652894956138880e+03
2.635657594977159988e+03
2.635791428909071328e+03
2.635873362608856496e+03
2.635942096249603310e+03
2.636026963295842052e+03
2.636212930794255499e+03
2.636338264688150048e+03
2.636407664998545897e+03
2.636701032977312934e+03
2.636853133657589751e+03
2.637103268109659439e+03
2.637136734926008103e+03
2.637316969065446301e+03
2.637423202873914761e+03
2.637533436700273342e+03
2.637565703511254469e+03
2.637596370315079639e+03
2.637615903735777010e+03
2.637622237097436937e+03
2.637634570485931363e+03
2.637637603832831701e+03
2.637651437228035320e+03
2.637674770665728374e+03
2.637682570700614633e+03
2.637690370735500437e+03
2.637709404153961714e+03
2.637734570933187570e+03
2.637752671014141015e+03
2.637779904469276971e+03
2.637807237924860601e+03
2.637848471442612663e+03
2.637865138183821728e+03
2.637881171588865072e+03
2.637944138537154231e+03
2.638114772633655321e+03
2.638399973909230084e+03
2.638559407955639017e+03
2.638595708117992672e+03
2.638699041913490873e+03
2.638775875590466057e+03
2.638884609410115445e+03
2.638946843021791665e+03
2.639677912958198704e+03
2.640215148694341224e+03
2.640344149271301831e+03
2.640657284005143083e+03
2.640964652046526226e+03
2.641257720023951606e+03
2.641801855790954505e+03
2.641878956135788940e+03
2.641907389596292433e+03
2.641935589722418172e+03
2.641990156633137758e+03
2.643515963457371981e+03
2.643532130196344951e+03
2.643705730972781566e+03
2.644112032789983459e+03
2.644324600407367598e+03
2.648242584597380755e+03
2.651649399834503129e+03
2.657759427161853637e+03
2.679454490860591704e+03
2.679780258984269949e+03
2.679967559821980558e+03
2.684638347378938306e+03
2.684649647429478136e+03
2.684664380828706726e+03
2.684674814208703992e+03
2.684684214250746663e+03
2.684688914271767317e+03
2.684695347633874007e+03
2.684708647693359126e+03
2.684712614377766840e+03
2.684720514413100318e+03
2.684729881121659673e+03
2.684764514609892558e+03
2.684776414663116157e+03
2.684783514694871428e+03
2.684788181382410130e+03
2.684795181413718183e+03
2.684802748114227143e+03
2.684820081525084788e+03
2.684826814888533590e+03
2.684840281615430740e+03
2.684850681661945600e+03
2.684868148406732871e+03
2.684899215212346917e+03
2.684914081945505586e+03
2.684921581979049733e+03
2.684971248867853774e+03
2.685002682341774744e+03
2.685073049323160376e+03
2.685164883067223855e+03
2.685215449960053320e+03
2.685270250205149750e+03
2.685413650846514884e+03
2.685474417784964317e+03
2.685556951487433253e+03
2.685616818421856806e+03
2.685679085367014977e+03
2.685737418961247840e+03
2.685759152391784937e+03
2.685769285770440092e+03
2.685862519520765090e+03
2.685933686505729383e+03
2.685983786729804706e+03
2.686179720939462186e+03
2.686233587847050785e+03
2.687419659818473519e+03
2.687458926660762700e+03
2.687679194312585423e+03
2.687724694516086856e+03
2.687817894932929903e+03
2.687835295010751906e+03
2.687857628443972771e+03
2.687875195189207261e+03
2.688838032828871746e+03
2.688848332874939388e+03
2.692321781743416523e+03
2.692469549070978701e+03
2.692524415983039944e+03
2.692536482703675574e+03
2.692557149462775214e+03
2.692573482869160671e+03
2.692580482900468269e+03
2.692741683621445191e+03
2.692846317422757238e+03
2.693174052221898364e+03
2.693986322521477632e+03
2.694035789409386780e+03
2.695171927824146223e+03
2.695220461374547995e+03
2.695300361731905468e+03
2.695411462228807522e+03
2.695807897335213056e+03
2.695934697902333937e+03
2.696072398518205318e+03
2.697655438931752542e+03
2.697889806646639045e+03
2.697940640207327306e+03
2.697950373584193585e+03
2.697958906955692783e+03
2.697968006996393342e+03
2.697984040401436687e+03
2.697989573759517953e+03
2.698004073824370153e+03
2.698008740511908854e+03
2.698016773881171957e+03
2.698023273910243461e+03
2.698054507383269538e+03
2.698117607665487867e+03
2.698130541056666516e+03
2.698167174553845143e+03
2.698179374608409944e+03
2.698184741299079633e+03
2.698195441346936150e+03
2.698202174710384497e+03
2.698213508094407189e+03
2.698219408120795379e+03
2.698227708157917277e+03
2.698241608220086164e+03
2.698267308335030975e+03
2.698275541705188061e+03
2.698329375279294254e+03
2.698370408796151878e+03
2.698393275565091244e+03
2.698452409162901859e+03
2.698473075922001499e+03
2.698724377045955862e+03
2.698928744626665321e+03
2.699180245751514576e+03
2.699344946488145524e+03
2.701054820802296035e+03
2.701064687513091485e+03
2.701170687987183101e+03
2.701312255287015432e+03
2.701519022878458600e+03
2.702176259151308386e+03
2.702191125884467056e+03
2.702232426069184385e+03
