5.106853529549166382e+01
5.107286864820609651e+01
5.107740200181504520e+01
5.107990201299644895e+01
5.108276869248445706e+01
5.108830205056596441e+01
5.109110206308913860e+01
5.109540208232114367e+01
5.109840209573882674e+01
6.299265529327912816e+01
6.311525584161515923e+01
6.316495606390146378e+01
6.645890412955399995e+01
6.890328172880076352e+01
7.684781726106514554e+01
7.685188394592022121e+01
7.685461729147856147e+01
8.776273274514360878e+01
8.800546716411668058e+01
1.229011232363844499e+02
1.306605246072952866e+02
1.314035279304084440e+02
1.314913283230993386e+02
1.314945283374115377e+02
1.316238955826785570e+02
1.316269622630611025e+02
1.316373956430581416e+02
1.316467956851002441e+02
1.316490956953871319e+02
1.316518290409454721e+02
1.316557957253532720e+02
1.378269899929420319e+02
1.378295233376058491e+02
1.378331566871895006e+02
1.471701651140132299e+02
1.471764651421903807e+02
1.471806651609751384e+02
1.471846318453829667e+02
1.471873985244237133e+02
1.637039390620023482e+02
2.083778388678703948e+02
2.432869950005177486e+02
2.722127243720410092e+02
2.722152910501872611e+02
2.722179577287807319e+02
2.722239577556160839e+02
2.722270577694810072e+02
2.722296577811097222e+02
2.722321244588086415e+02
2.722407244972726517e+02
2.722435578432782677e+02
2.722465911901783784e+02
2.722497245375257648e+02
2.722528245513906882e+02
2.722572245710699690e+02
2.745445014676773212e+02
2.745472681467180678e+02
2.745570681905492165e+02
2.745598682030723694e+02
2.745628348830076106e+02
2.745657015624956330e+02
2.745695682464561855e+02
2.745752682719498239e+02
2.951023267467360824e+02
3.471880930358174737e+02
3.481444639798928051e+02
3.649067056163797815e+02
3.652629072095061247e+02
3.653644076634711269e+02
3.654823748577509832e+02
3.656363755465254144e+02
3.656390755586013483e+02
3.656415755697827308e+02
3.656442422483762016e+02
3.656473755957236449e+02
3.656499422738698968e+02
3.656528422868402686e+02
3.656582756444745428e+02
3.656617423266461060e+02
3.656646090061340715e+02
3.656685090235770303e+02
3.656721423731607388e+02
3.729628416477819997e+02
3.729669083326370469e+02
3.800678734253310154e+02
3.937705013775690190e+02
3.937732680566097656e+02
4.312120021695661194e+02
4.440489595833901149e+02
4.440926264453585759e+02
4.440961931279774149e+02
4.749155309687429849e+02
4.749187976500199966e+02
4.749223976661212419e+02
4.749248643438202180e+02
4.749272976880367878e+02
4.749309310376203825e+02
4.749338643840732743e+02
4.996233748089317146e+02
5.887033732229159568e+02
6.162747298702843182e+02
6.165899312800356711e+02
6.165927646260413439e+02
6.165954313046347579e+02
6.165979646492985466e+02
6.166005979944096680e+02
6.239693309513731947e+02
6.260668403325707914e+02
6.260701403473301525e+02
6.260732736946775958e+02
6.260756403719292393e+02
6.260807070612569305e+02
6.324129687158929300e+02
6.324230687610657924e+02
6.324254354383175496e+02
6.324277021151219742e+02
6.324301687928209503e+02
6.324333354736506863e+02
6.384770958379527883e+02
6.611230304561670437e+02
6.611274638093287876e+02
6.612226642351166674e+02
6.614015650352578177e+02
6.614189317795980969e+02
6.614218651260508750e+02
6.614249984733982046e+02
6.614281651542280542e+02
6.614309318332686871e+02
6.845149684109121608e+02
6.854906061078255561e+02
6.854933061199014901e+02
6.854974728052037563e+02
6.855004061516567617e+02
6.951602826891880795e+02
6.951629493677816072e+02
6.998465036485055180e+02
7.286682992218471782e+02
7.579107300098306723e+02
7.579145966937912817e+02
7.579172633723846957e+02
7.916595476194825096e+02
8.019431936135152910e+02
8.019464269613099532e+02
8.019493603077627313e+02
8.019519936528739663e+02
8.019547269984323066e+02
8.019587603498048338e+02
8.019613936949160689e+02
8.019661603829018759e+02
8.019693603972141318e+02
8.048490732768492535e+02
8.060455786282690269e+02
8.060481453064152220e+02
8.060534453301198710e+02
8.060557453404067019e+02
8.060588786877540315e+02
8.060639120435993163e+02
8.060669120570170207e+02
8.060714787441083899e+02
8.060745120910083870e+02
8.060772454365667272e+02
8.060816787897284712e+02
8.060844121352868115e+02
8.060877788170110989e+02
8.060907454969463970e+02
8.096674948274393273e+02
8.096708615091636148e+02
8.137370130285280538e+02
8.168309601996683114e+02
8.168342602144277862e+02
8.168371935608806780e+02
8.168397602390268730e+02
8.168427269189621711e+02
8.168453935975555851e+02
8.168480936096315190e+02
8.168506936212602341e+02
8.168544603047735109e+02
8.222299510135451328e+02
8.222824512483546187e+02
8.229457875484870328e+02
8.254876989172909134e+02
8.334948680630201352e+02
8.336411687173558676e+02
8.464574927055626858e+02
8.464605260524626829e+02
8.487326362145695384e+02
8.487355362275400239e+02
8.487380362387214063e+02
8.487423029244708914e+02
8.487451696039589706e+02
8.490134708039471434e+02
8.490170041530835761e+02
8.511593137346519597e+02
8.511616470784213107e+02
8.511665804338193766e+02
8.511690471115182390e+02
8.511715804561821415e+02
8.511742804682580754e+02
8.511780471517712385e+02
8.511808471642943914e+02
8.516433825663365269e+02
8.522347518779268967e+02
8.522517186204780728e+02
8.522556519714036085e+02
8.522591186535751149e+02
8.522617519986861225e+02
8.522643520103148376e+02
8.522669853554258452e+02
8.522713853751051829e+02
8.522749187242415019e+02
8.522784520733779345e+02
8.786812701610758722e+02
8.786839368396693999e+02
8.787074036112920794e+02
8.937326374789398642e+02
8.937359708271817453e+02
8.992075952992489647e+02
8.992105619791842628e+02
8.992228620341967371e+02
8.992262953828858372e+02
9.133893920612559896e+02
9.133926254090505381e+02
9.135319593655608514e+02
9.135385260615973948e+02
9.280677910443370138e+02
9.280736244037602773e+02
9.280761244149416598e+02
9.280789910944297390e+02
9.280813244381990899e+02
9.280893578074618517e+02
9.420427868814182375e+02
9.420455202269765778e+02
9.452798013590996788e+02
9.452827347055525706e+02
9.452888680663176046e+02
9.452926680833132878e+02
9.452954014288716280e+02
9.452982014413947809e+02
9.453010347874003401e+02
9.453049681383258758e+02
9.453078348178138413e+02
9.453103681624776300e+02
9.453135348433074796e+02
9.453177015286097458e+02
9.453209682098868143e+02
9.453253682295661520e+02
9.453284349099486690e+02
9.453322682604267584e+02
9.453352016068795365e+02
9.453386682890511565e+02
9.453420349707754440e+02
9.453449016502634095e+02
9.472238433872415726e+02
9.472279434055790261e+02
9.472320434239165934e+02
9.472355434395705061e+02
9.472378434498574507e+02
9.472404101280036457e+02
9.472427768052554029e+02
9.472490101664676558e+02
9.472515435111315583e+02
9.472544768575843364e+02
9.539390067544212570e+02
9.566959857517907722e+02
9.566990857656556955e+02
9.567022857799679514e+02
9.567047857911493338e+02
9.567072858023307163e+02
9.567106524840550037e+02
9.567133191626485313e+02
9.667110638779760166e+02
9.667139972244287947e+02
9.669100647680156726e+02
9.669139314519762820e+02
9.670220652689426970e+02
9.735703278896519350e+02
9.736010613604419177e+02
9.736040280403772158e+02
9.736070947207597328e+02
9.736107614038257907e+02
9.737947955602595584e+02
9.738079622858148241e+02
9.738283290435726940e+02
9.745169987903433366e+02
9.748693670329915903e+02
9.748722003789972632e+02
1.004223264986183153e+03
1.004226798335319586e+03
1.004229631681325259e+03
1.004232698361707776e+03
1.004237431716211177e+03
1.004239931727392559e+03
1.004243098408222409e+03
1.004245831753780635e+03
1.010012557545700702e+03
1.010018857573877881e+03
1.010021557585953815e+03
1.012719269651582863e+03
1.022880081762902705e+03
1.022883348444179660e+03
1.030700650074051964e+03
1.039724890435340740e+03
1.041806633079354469e+03
1.045517283008723325e+03
1.045520116354728771e+03
1.045522583032427974e+03
1.045525949714152148e+03
1.045528216390956459e+03
1.045530849736067694e+03
1.045533849749485398e+03
1.045536683095490844e+03
1.045539649775426142e+03
1.045542816456255878e+03
1.045545716469226591e+03
1.045550649824624315e+03
1.045554449841620226e+03
1.064019865762291374e+03
1.064022899109191485e+03
1.075875352119778654e+03
1.075877852130960036e+03
1.075881518814026094e+03
1.075884252159584548e+03
1.075886652170318712e+03
1.075889118848017461e+03
1.075892385529294643e+03
1.075895118874853097e+03
1.075897952220858542e+03
1.075900785566864215e+03
1.075903585579387254e+03
1.089596913490030602e+03
1.089599713502553641e+03
1.089603280185172480e+03
1.097641782804375225e+03
1.097648916169612903e+03
1.097653182855362274e+03
1.097656282869227425e+03
1.097658816213891214e+03
1.108823899483521927e+03
1.109118634135068305e+03
1.109121734148933228e+03
1.109124967496727777e+03
1.109127900843180669e+03
1.109130834189633788e+03
1.109133367534297577e+03
1.109135900878961365e+03
1.109138900892378842e+03
1.109142467574997681e+03
1.109145367587968167e+03
1.109149067604516631e+03
1.109151934284004710e+03
1.109910771011266661e+03
1.109914537694779938e+03
1.109917771042574714e+03
1.109920704389027378e+03
1.109925671077907737e+03
1.109928137755606940e+03
1.110650107651313647e+03
1.110652907663837141e+03
1.110655707676360180e+03
1.110657907686199678e+03
1.110660474364346101e+03
1.110663107709457108e+03
1.110666307723769251e+03
1.110669307737186955e+03
1.110671974415780369e+03
1.110674574427408970e+03
1.110677907775650965e+03
1.110680807788621223e+03
1.110683841135521561e+03
1.110686941149386257e+03
1.110689841162356970e+03
1.121029054071581868e+03
1.122823195429286670e+03
1.129078690073912412e+03
1.129177423848836497e+03
1.131703201812149700e+03
1.131706201825567405e+03
1.131847469124058080e+03
1.131908602730813982e+03
1.146617701851202582e+03
1.146760835824708465e+03
1.146763469169819473e+03
1.146765802513588824e+03
1.146768569192629684e+03
1.146772069208283710e+03
1.146774669219912312e+03
1.146777702566812195e+03
1.146783035923999478e+03
1.146786335938758839e+03
1.146789069284317293e+03
1.146791635962463261e+03
1.146795002644187889e+03
1.146798235991982210e+03
1.146801136004952923e+03
1.146805102689360638e+03
1.146808269370190374e+03
1.146880803027933325e+03
1.147031003699712073e+03
1.147038670400668479e+03
1.147042703752041234e+03
1.147045037095810585e+03
1.147048203776640321e+03
1.147051203790057798e+03
1.147056670481174478e+03
1.147059637161109777e+03
1.147063837179894790e+03
1.147066503858487977e+03
1.147072837220147676e+03
1.147076870571520203e+03
1.147079737251008282e+03
1.147082603930496361e+03
1.147088903958673427e+03
1.147099537339565131e+03
1.147105104031129031e+03
1.147381105265556016e+03
1.147387171959356237e+03
1.149281647099141310e+03
1.150089450712076541e+03
1.150175951098952964e+03
1.150179317780677366e+03
1.156298478482210612e+03
1.158674989111252671e+03
1.158678155792082634e+03
1.158684122485435637e+03
1.158686455829204988e+03
1.158696855875719393e+03
1.158699522554313035e+03
1.158701689230670127e+03
1.159046557439774233e+03
1.159049790787568782e+03
1.159052857467951299e+03
1.159055624146992159e+03
1.159058890828269114e+03
1.159061790841239372e+03
1.161436968130984951e+03
1.161526035196007797e+03
1.161531501887124477e+03
1.161535701905909491e+03
1.161538235250573280e+03
1.161899570199992013e+03
1.161903003548680999e+03
1.168443999470223162e+03
1.168684833880698307e+03
1.168688800565106021e+03
1.168693100584338254e+03
1.168695667262484221e+03
1.168698133940183425e+03
1.168700667284847214e+03
1.168705900641586823e+03
1.168709400657240849e+03
1.168713267341201572e+03
1.168716067353724611e+03
1.169346270172332879e+03
1.170041839949964015e+03
1.170228840786333194e+03
1.170231374130996983e+03
1.170234474144861906e+03
1.170239207499365421e+03
1.170243007516361104e+03
1.170247607536934765e+03
1.193189776813404251e+03
1.193195843507204472e+03
1.193200310193848736e+03
1.193203043539406963e+03
1.193205643551035564e+03
1.193210743573845775e+03
1.193217176935952466e+03
1.193223143629305468e+03
1.193288277253951719e+03
1.193611712033860385e+03
1.193763879381102015e+03
1.193767446063720627e+03
1.193937146822714340e+03
1.200204074851809537e+03
1.200207341533086719e+03
1.200210108212127352e+03
1.200214274897429959e+03
1.200216674908163895e+03
1.200220308257747547e+03
1.200223441605094877e+03
1.200226274951100550e+03
1.200229274964518254e+03
1.201412046921181627e+03
1.203384222408484675e+03
1.203629990174357772e+03
1.203694257128461231e+03
1.207107705728584733e+03
1.207112605750500279e+03
1.207115805764812649e+03
1.207118439109923656e+03
1.207121405789858954e+03
1.207124239135864400e+03
1.207127005814905260e+03
1.207130172495734996e+03
1.207133072508705482e+03
1.209182148339948526e+03
1.211565725667263678e+03
1.214055103467775552e+03
1.214057936813781453e+03
1.214060836826751711e+03
1.214063536838827758e+03
1.214065936849561922e+03
1.214068336860295858e+03
1.214070670204065209e+03
1.214073136881764412e+03
1.214076570230453399e+03
1.214080436914414122e+03
1.214083270260419567e+03
1.214086070272942607e+03
1.214089603622079039e+03
1.214093870307828638e+03
1.215587410321081506e+03
1.219087159307187221e+03
1.219478527724265405e+03
1.219928263069058858e+03
1.220208997657989130e+03
1.220211931004442022e+03
1.220214697683482655e+03
1.226199991119622382e+03
1.228109099658189280e+03
1.228158299878239404e+03
1.228161533226034180e+03
1.228377334191212867e+03
1.228381300875620582e+03
1.234179326807531879e+03
1.234310660728261610e+03
1.234314160743915636e+03
1.234513861637085938e+03
1.234605828715079497e+03
1.236680837995644197e+03
1.238825747588841296e+03
1.238829547605837206e+03
1.238833247622385670e+03
1.238835647633119606e+03
1.238838280978230841e+03
1.238840880989859215e+03
1.238843214333628566e+03
1.238845914345704614e+03
1.238848681024745474e+03
1.238851981039504835e+03
1.241539126391207219e+03
1.241548626433696427e+03
1.243730936194167271e+03
1.243733569539278506e+03
1.243737569557168626e+03
1.243743636250968621e+03
1.243746802931798584e+03
1.243749369609944779e+03
1.243751769620678942e+03
1.243754769634096647e+03
1.243942103805289889e+03
1.243944770483883303e+03
1.244125904627346699e+03
1.244131571319357818e+03
1.244134571332775522e+03
1.244137304678333976e+03
1.244141538030601168e+03
1.244144271376159395e+03
1.244148304727532150e+03
1.244151704742738730e+03
1.244154604755709215e+03
1.244158004770916023e+03
1.244161038117815906e+03
1.245073975534299734e+03
1.245078775555768061e+03
1.245081208899984631e+03
1.245083842245095639e+03
1.245086542257171686e+03
1.245088975601388256e+03
1.245120042407002302e+03
1.245122742419078349e+03
1.245125642432048608e+03
1.245130542453964381e+03
1.245137009149553478e+03
1.245140142496900808e+03
1.245143042509871293e+03
1.245146275857665842e+03
1.245149409205013171e+03
1.245152242551018844e+03
1.245155009230059477e+03
1.245161075923859926e+03
1.245163909269865371e+03
1.245170509299384321e+03
1.245174109315485566e+03
1.245178309334270352e+03
1.245181509348582495e+03
1.245480410685431025e+03
1.245483277364919104e+03
1.245486177377889362e+03
1.245489110724342481e+03
1.245491744069453489e+03
1.245494344081082090e+03
1.245499244102997864e+03
1.245502010782038269e+03
1.245507577473602396e+03
1.245510410819608069e+03
1.245521477535770828e+03
1.245524310881776501e+03
1.245527477562606236e+03
1.245530210908164463e+03
1.245533744257301123e+03
1.245537344273402368e+03
1.245540744288608948e+03
1.245544810973464109e+03
1.251286003317851282e+03
1.251306303408644453e+03
1.251307603414458754e+03
1.251313770108706194e+03
1.251653304960623245e+03
1.257479131016871634e+03
1.258053500252428421e+03
1.258056833600670416e+03
1.261802817021403143e+03
1.261846783884713432e+03
1.261906017482971492e+03
1.261911750841947423e+03
1.264510295797380650e+03
1.264513029142939331e+03
1.264588862815441871e+03
1.264602196208409168e+03
1.264680329891198653e+03
1.264683129903721692e+03
1.277858222163201162e+03
1.282085774404437188e+03
1.282088674417407674e+03
1.282091107761624244e+03
1.282094041108076908e+03
1.282096641119705509e+03
1.282099241131334338e+03
1.282102507812611293e+03
1.282105907827818100e+03
1.282108607839893921e+03
1.282111607853311625e+03
1.282115141202448058e+03
1.282117907881488691e+03
1.292118319275409704e+03
1.292121685957134105e+03
1.292126019309848516e+03
1.292128785988889376e+03
1.292131552667930009e+03
1.292134052679111392e+03
1.292136886025117064e+03
1.292140652708630341e+03
1.292143752722495265e+03
1.292544821182957321e+03
1.292547321194138704e+03
1.292550254540591595e+03
1.292554654560270819e+03
1.292566754614388856e+03
1.292569854628253779e+03
1.292574021313556159e+03
1.292579121336366143e+03
1.292697521865917452e+03
1.292707988579396897e+03
1.292710755258437757e+03
1.292713688604890422e+03
1.292716755285272939e+03
1.292720088633514706e+03
1.303893771941609884e+03
1.318667338016996155e+03
1.322012019642890209e+03
1.328801550009345874e+03
1.328804050020527484e+03
1.328807183367874813e+03
1.328809750046021009e+03
1.328812116723272766e+03
1.328816216741610333e+03
1.328818583418861863e+03
1.328821116763525879e+03
1.328823650108189668e+03
1.328827216790808279e+03
1.328830283471190796e+03
1.328833183484161509e+03
1.331561729021027759e+03
1.331574095743005046e+03
1.331579095765367811e+03
1.331581729110478818e+03
1.331585129125685626e+03
1.331588362473480174e+03
1.331591195819485847e+03
1.331596162508366206e+03
1.331599129188301504e+03
1.331602329202613646e+03
1.331606162553091963e+03
1.331609029232579815e+03
1.331613162584399788e+03
1.333782372286279951e+03
1.334250474379886100e+03
1.334259874421928089e+03
1.334264041107230469e+03
1.334266774452788923e+03
1.334269241130487671e+03
1.334272541145247260e+03
1.334275574492147371e+03
1.334278274504223418e+03
1.334932410763208054e+03
1.334935410776625758e+03
1.334939410794516107e+03
1.334941777471767864e+03
1.334944310816431653e+03
1.334947110828954692e+03
1.334949644173618481e+03
1.334952810854448444e+03
1.334955510866524492e+03
1.334958277545564897e+03
1.334961410892912454e+03
1.334964077571506095e+03
1.334966777583581916e+03
1.338803228075598781e+03
1.338806328089463932e+03
1.338808628099750649e+03
1.338811928114510238e+03
1.338816161466777430e+03
1.340511302381698897e+03
1.340514835730835102e+03
1.340529169128275043e+03
1.340900670789831565e+03
1.362717001697609021e+03
1.364808911053760312e+03
1.364812877738168027e+03
1.364816511087751906e+03
1.364819277766792538e+03
1.364822411114139868e+03
1.364825944463276301e+03
1.364863677965374336e+03
1.365894215907831267e+03
1.365897815923932512e+03
1.365959816201231433e+03
1.365963816219121554e+03
1.366049849937244289e+03
1.366052516615837703e+03
1.366055483295773001e+03
1.366058283308296268e+03
1.366061349988678558e+03
1.366064783337367771e+03
1.366067683350338484e+03
1.366070550029826109e+03
1.367017654265789133e+03
1.367069754498809516e+03
1.367076987864494640e+03
1.367510623137279708e+03
1.374576888074775525e+03
1.374621321606839956e+03
1.380941749875217056e+03
1.380944683221669948e+03
1.380947849902499684e+03
1.380950316580198887e+03
1.380953783262370280e+03
1.380956249940069256e+03
1.380958983285627710e+03
1.385002501370429854e+03
1.403506050794987914e+03
1.407658569367299378e+03
1.407661602714199489e+03
1.409725745279495868e+03
1.409730045298727873e+03
1.409732711977321514e+03
1.409738445336297673e+03
1.409740845347031609e+03
1.409745112032781435e+03
1.409750312056038638e+03
1.409760712102553271e+03
1.410831683559184057e+03
1.410834783573048981e+03
1.410840183597200848e+03
1.410849516972278252e+03
1.410900450533413732e+03
1.410936517361390997e+03
1.410947917412378047e+03
1.410986650918948726e+03
1.427836859615538515e+03
1.429961135783118380e+03
1.429966635807717466e+03
1.429969302486311108e+03
1.429971769164010084e+03
1.429974269175191466e+03
1.429977069187714733e+03
1.429979935867202585e+03
1.429982902547137883e+03
1.429985369224836859e+03
1.429988669239596447e+03
1.429991635919531745e+03
1.432527947263289207e+03
1.432530613941882848e+03
1.432533347287441075e+03
1.432536913970059913e+03
1.432539147313381818e+03
1.432541547324115982e+03
1.432544147335744810e+03
1.432938115764451595e+03
1.449458622986437831e+03
1.449461556332890723e+03
1.452698437476642539e+03
1.452702004159261378e+03
1.452704837505266823e+03
1.459484534494409445e+03
1.459487367840414890e+03
1.459490167852937930e+03
1.459493201199838268e+03
1.459495667877537016e+03
1.459498401223095698e+03
1.459501267902583322e+03
1.459504134582071401e+03
1.459507234595936552e+03
1.459510367943283654e+03
1.459625168456733718e+03
1.459678335361191785e+03
1.459681602042468739e+03
1.461910712012255544e+03
1.461915045364969956e+03
1.461919512051613992e+03
1.461922245397172446e+03
1.461925645412379026e+03
1.462510448027932853e+03
1.462513148040008900e+03
1.464949325602580529e+03
1.465024592605882162e+03
1.465061092769130482e+03
1.465616428586226448e+03
1.465619195265267308e+03
1.465621861943860495e+03
1.465624561955936542e+03
1.465627128634082965e+03
1.465629695312228932e+03
1.465633828664048906e+03
1.465636328675230288e+03
1.465639528689542431e+03
1.465642595369924948e+03
1.467280069360262132e+03
1.471870789892449920e+03
1.478937621499147099e+03
1.478939954842916450e+03
1.478942388187133020e+03
1.478944921531796808e+03
1.478947321542530744e+03
1.478950288222466042e+03
1.478953188235436755e+03
1.478955988247959795e+03
1.478958854927447874e+03
1.478962021608277610e+03
1.478965154955624712e+03
1.478968554970831519e+03
1.478971821652108474e+03
1.479785758625808739e+03
1.479802292033088406e+03
1.479804958711682048e+03
1.479807625390275462e+03
1.479810092067974665e+03
1.479812658746120633e+03
1.479815025423372390e+03
1.479817858769378063e+03
1.479821058783690205e+03
1.487034424379100074e+03
1.488018295446170896e+03
1.489082666873282960e+03
1.489087166893409403e+03
1.489089633571108379e+03
1.489161667226615236e+03
1.489997737632641474e+03
1.490001204314812867e+03
1.490003937660371321e+03
1.490006237670658038e+03
1.490008637681392429e+03
1.490011137692573811e+03
1.490013604370272787e+03
1.490016871051549742e+03
1.490019904398449853e+03
1.490022771077937932e+03
1.490025937758767668e+03
1.490028704437808528e+03
1.490031337782919536e+03
1.490034404463302053e+03
1.490037771145026227e+03
1.490041071159785815e+03
1.490044937843746311e+03
1.491148642780112368e+03
1.491153942803817017e+03
1.491156409481515993e+03
1.491159076160109407e+03
1.491161309503431539e+03
1.491164742852120526e+03
1.491167642865091011e+03
1.497582971557914561e+03
1.503839999542731448e+03
1.503846799573144835e+03
1.505483740227763064e+03
1.505486740241180769e+03
1.505489240252362151e+03
1.505493106936322874e+03
1.505495740281433882e+03
1.505543973830493542e+03
1.505546973843911474e+03
1.505550007190811357e+03
1.505554707211832692e+03
1.505557240556496481e+03
1.505559907235089668e+03
1.505562507246718496e+03
1.505566640598538470e+03
1.505569540611508728e+03
1.505572573958408839e+03
1.506455111238926975e+03
1.506459377924676346e+03
1.506684212263590553e+03
1.512381771079491955e+03
1.522737250728137042e+03
1.522740284075037152e+03
1.522743450755866888e+03
1.522745950767048271e+03
1.522748284110817622e+03
1.522753650801487083e+03
1.522758150821613526e+03
1.522760950834136793e+03
1.522763817513624872e+03
1.522766550859183099e+03
1.522859051272894931e+03
1.523168519323670353e+03
1.525510563131891558e+03
1.533424598527742774e+03
1.533806233567954678e+03
1.534503770021048695e+03
1.534506736700983993e+03
1.534509170045200563e+03
1.534511970057723829e+03
1.534514503402387618e+03
1.534516970080086594e+03
1.534519470091267976e+03
1.534522503438168314e+03
1.534525370117656166e+03
1.534528436798038683e+03
1.534531770146280451e+03
1.534535303495417111e+03
1.534538170174904735e+03
1.534541370189217105e+03
1.534544003534328112e+03
1.548466832471424368e+03
1.553398887863579603e+03
1.553406554564536009e+03
1.553408821241340320e+03
1.553923590210332577e+03
1.557779740790459300e+03
1.557783607474419796e+03
1.557786474153907648e+03
1.558607344491950926e+03
1.558609911170097348e+03
1.558613711187093031e+03
1.562184327156820927e+03
1.562335961168343829e+03
1.562338561179972430e+03
1.562341027857671406e+03
1.562344161205018736e+03
1.562346694549682525e+03
1.562351161236326789e+03
1.562353761247955163e+03
1.562356427926548804e+03
1.562359194605589664e+03
1.562363061289550160e+03
1.566746647561988084e+03
1.566749880909782632e+03
1.566752214253551983e+03
1.566754514263838701e+03
1.566757980946010548e+03
1.566760580957639149e+03
1.566763647638021666e+03
1.568877957094358180e+03
1.568890623817677124e+03
1.568893023828411515e+03
1.568895623840040116e+03
1.568898023850774280e+03
1.568900490528473256e+03
1.568903323874478701e+03
1.568906123887002195e+03
1.569293058950918521e+03
1.569297125635773455e+03
1.569300458984015449e+03
1.569302925661714426e+03
1.569305225672001370e+03
1.569307559015770494e+03
1.569311659034108288e+03
1.569314092378324858e+03
1.569316659056470826e+03
1.569319992404712821e+03
1.569322692416788641e+03
1.569325525762794314e+03
1.569328825777553675e+03
1.569332792461961617e+03
1.569336425811545269e+03
1.569339925827199067e+03
1.569343825844642197e+03
1.569346725857612682e+03
1.569349925871924597e+03
1.569354192557674423e+03
1.569357659239845816e+03
1.569575860215758894e+03
1.570957799729873841e+03
1.570960799743291773e+03
1.570964799761181894e+03
1.570966999771021392e+03
1.570969699783097212e+03
1.570971999793384384e+03
1.570974733138942611e+03
1.570977233150123993e+03
1.570980533164883582e+03
1.570983299843924215e+03
1.573732278805513261e+03
1.573743812190430162e+03
1.573778645679557712e+03
1.573996646654575898e+03
1.574819183666740173e+03
1.574821817011851408e+03
1.574827150369038236e+03
1.574830350383350606e+03
1.584663327695082444e+03
1.584665761039299014e+03
1.588021309380461389e+03
1.590675787919393315e+03
1.590788588423898091e+03
1.593353966564324764e+03
1.593491500512784341e+03
1.593497433872654938e+03
1.593499833883389101e+03
1.593502833896806806e+03
1.593505467241917813e+03
1.593507933919616789e+03
1.593510567264727797e+03
1.593513200609839032e+03
1.593515700621020414e+03
1.593518667300955713e+03
1.593521500646961158e+03
1.593525633998781132e+03
1.593528534011751617e+03
1.593608001033837809e+03
1.596495680615771107e+03
1.596503680651551576e+03
1.596506113995767919e+03
1.596508547339984489e+03
1.596510880683753840e+03
1.597881386813399331e+03
1.601076234435821107e+03
1.608911702813611328e+03
1.612838853711289858e+03
1.612930020785705210e+03
1.613933725274815060e+03
1.613964325411675645e+03
1.614058292498613810e+03
1.616058268110254403e+03
1.620109319562083101e+03
1.620115186254988657e+03
1.620118452936265840e+03
1.621144457525113694e+03
1.624589806267912081e+03
1.624635039803554491e+03
1.624637473147771061e+03
1.624640239826811694e+03
1.624774707094888754e+03
1.624829207338643528e+03
1.624836040702539322e+03
1.624839240716851464e+03
1.624842040729374503e+03
1.625159508815930394e+03
1.625162642163277724e+03
1.625167875520017560e+03
1.625946645669765985e+03
1.625949612349701283e+03
1.625953279032767341e+03
1.625956212379220233e+03
1.625958912391296053e+03
1.625961412402477663e+03
1.625963845746694233e+03
1.625966779093146897e+03
1.625970112441388665e+03
1.625972945787394337e+03
1.625975879133847229e+03
1.625978779146817487e+03
1.625982479163366179e+03
1.626546048350619230e+03
1.626548448361353394e+03
1.626555381725696634e+03
1.626557781736430798e+03
1.626560115080200148e+03
1.626563415094959510e+03
1.626565881772658486e+03
1.626570081791443044e+03
1.626574448477640090e+03
1.626577615158469825e+03
1.626581081840641218e+03
1.626583948520129297e+03
1.627643419925325816e+03
1.627652686633438179e+03
1.627655719980338290e+03
1.627658219991519672e+03
1.627660686669218649e+03
1.627663153346917852e+03
1.627665786692028860e+03
1.627668253369727609e+03
1.627671286716627947e+03
1.627673920061738954e+03
1.627676653407297408e+03
1.627679253418925782e+03
1.627681953431001830e+03
1.627684920110937128e+03
1.627687853457390020e+03
1.627691453473491265e+03
1.627694820155215439e+03
1.627698020169527808e+03
1.627700886849015660e+03
1.627704020196362990e+03
1.627707253544157538e+03
1.627710853560258784e+03
1.627713853573676715e+03
1.627716886920576599e+03
1.627721320273738456e+03
1.627725053623769327e+03
1.627731786987217902e+03
1.627734953668047638e+03
1.627738253682807226e+03
1.627741553697566360e+03
1.627744987046255574e+03
1.627748087060120724e+03
1.627751487075327304e+03
1.627754787090086666e+03
1.627757753770021964e+03
1.627761487120053062e+03
1.627765220470083705e+03
1.627768520484843293e+03
1.627772320501838976e+03
1.627777887193402876e+03
1.627782420547011952e+03
1.629158326700809084e+03
1.629171293425470139e+03
1.629177393452752767e+03
1.629184926819779093e+03
1.629187860166232213e+03
1.629190460177860814e+03
1.629192926855559790e+03
1.629304160686391015e+03
1.629461361389477815e+03
1.630435332412270100e+03
1.630447365799423096e+03
1.630450232478911175e+03
1.630453632494117983e+03
1.630456299172711624e+03
1.630458965851304811e+03
1.630461432529004014e+03
1.630464032540632616e+03
1.630467532556286415e+03
1.630471632574624209e+03
1.630474165919287998e+03
1.630785367311149230e+03
1.630998834932558566e+03
1.631002901617413499e+03
1.637684664835209787e+03
1.637687231513356210e+03
1.637690698195527602e+03
1.637693364874121016e+03
1.637698031561659491e+03
1.637700564906323507e+03
1.637702998250540077e+03
1.637706498266193876e+03
1.637709864947918277e+03
1.637712664960441543e+03
1.642295985459532403e+03
1.642298918805985068e+03
1.642304852165855664e+03
1.642311018860103104e+03
1.642313285536907642e+03
1.642320285568215695e+03
1.642322618911985046e+03
1.642325385591025452e+03
1.642328652272302861e+03
1.642331418951343267e+03
1.642394719234456488e+03
1.642398552584934805e+03
1.642633353635092135e+03
1.642727354055512933e+03
1.642729954067141762e+03
1.642774354265723332e+03
1.642779654289427981e+03
1.642783287639011633e+03
1.645809767841736402e+03
1.645819867886909151e+03
1.645915334980556281e+03
1.645919568332823474e+03
1.645925868361000767e+03
1.653336068170092858e+03
1.653341901529516235e+03
1.653345368211687855e+03
1.655257143428848394e+03
1.666180892285767868e+03
1.666183892299185572e+03
1.668608603143805340e+03
1.668654770016955354e+03
1.668657736696890424e+03
1.668660736710308129e+03
1.668664436726856593e+03
1.668668036742957838e+03
1.668670370086727189e+03
1.669017938307907116e+03
1.678221612805055884e+03
1.679285084228142750e+03
1.679288050908077821e+03
1.679291184255425378e+03
1.679293650933124127e+03
1.679297450950119810e+03
1.679299917627819013e+03
1.679302550972930021e+03
1.679305384318935467e+03
1.679308150997976327e+03
1.679311251011841478e+03
1.679314717694012870e+03
1.679317417706088690e+03
1.679320484386471207e+03
1.679323084398100036e+03
1.679325817743658263e+03
1.679328817757076195e+03
1.685829713499268109e+03
1.685832180176967313e+03
1.685834580187701249e+03
1.685837813535496025e+03
1.685840313546677407e+03
1.685843146892682853e+03
1.685845780237794088e+03
1.685848313582457877e+03
1.685851346929357987e+03
1.685962680760636658e+03
1.689503063261810667e+03
1.701568750559430327e+03
1.703504725884826939e+03
1.712185831378097646e+03
1.712188698057585498e+03
1.712329165352498194e+03
1.712332365366810109e+03
1.712335698715052104e+03
1.712338465394092964e+03
1.712340965405274346e+03
1.712344198753068895e+03
1.712346698764250505e+03
1.712350165446421897e+03
1.712353098792874789e+03
1.712356598808528588e+03
1.712359498821499074e+03
1.713962239323155700e+03
1.714110639986883825e+03
1.718319725478859937e+03
1.720862770186065973e+03
1.720895336998388984e+03
1.720898237011359470e+03
1.722966379594546197e+03
1.723210247351921453e+03
1.723309447795599453e+03
1.723312047807228282e+03
1.723314347817515227e+03
1.723324381195723163e+03
1.723326814539939733e+03
1.723329681219427812e+03
1.723332147897126561e+03
1.723335114577061859e+03
1.723783483249076198e+03
1.723786383262046456e+03
1.723790149945559961e+03
1.723792383288882093e+03
1.723794949967028060e+03
1.723800949993863469e+03
1.723804050007728392e+03
1.723822350089576503e+03
1.723825516770406239e+03
1.723832116799924961e+03
1.723836050150850497e+03
1.724337285725980564e+03
1.724339919071091799e+03
1.724342652416650026e+03
1.724425086118671516e+03
1.724429519471833373e+03
1.724608286938045012e+03
1.724619720322514468e+03
1.724623520339510151e+03
1.724626920354716958e+03
1.724750620907972689e+03
1.727882634916035158e+03
1.727887201603126641e+03
1.727905601685421743e+03
1.735612736155899938e+03
1.736289272515070252e+03
1.738276148068120165e+03
1.741717796794370088e+03
1.743053336100958404e+03
1.743056202780446029e+03
1.745127145376156022e+03
1.745319212901852779e+03
1.745817515130530182e+03
1.745821848483244594e+03
1.746250550400631482e+03
1.763061758922791796e+03
1.780374103019634731e+03
1.807713358628921696e+03
1.807718191983872430e+03
1.807721091996842688e+03
1.807830725820517728e+03
1.808988397664919830e+03
1.809028931179540905e+03
1.809033264532255316e+03
1.821511853676595820e+03
1.821514853690013524e+03
1.821517020366370616e+03
1.821520553715507276e+03
1.821523353728030315e+03
1.821527420412885476e+03
1.821535920450902040e+03
1.821540120469687054e+03
1.821564153910510868e+03
1.821567053923481353e+03
1.821570253937793268e+03
1.827559414057893719e+03
1.827562214070416758e+03
1.827565114083387243e+03
1.827567814095463063e+03
1.827572014114247850e+03
1.827574614125876678e+03
1.827577714139741374e+03
1.829653423423437289e+03
1.830430393565135091e+03
1.835259215162239798e+03
1.835381149040927312e+03
1.835453349363846428e+03
1.835484649503837545e+03
1.835487049514571709e+03
1.835489449525305872e+03
1.835504549592841386e+03
1.835523149676031153e+03
1.835691117093939056e+03
1.841518676491273254e+03
1.867702726933857093e+03
1.867705993615134048e+03
1.870735173829934865e+03
1.888884188335487579e+03
1.889537957926165745e+03
1.889549557978047687e+03
1.889552524657982758e+03
1.889555291337023618e+03
1.889558058016064479e+03
1.889561424697788652e+03
1.889564258043794325e+03
1.889566991389352779e+03
1.889569691401428599e+03
1.889572691414846304e+03
1.889575491427369343e+03
1.890603262690785641e+03
1.890606329371168158e+03
1.890609029383244206e+03
1.890611262726566110e+03
1.890613762737747493e+03
1.890616762751165197e+03
1.890620196099854411e+03
1.890622729444518200e+03
1.890627262798127049e+03
1.890630429478956785e+03
1.890635862836591286e+03
1.896250887950023753e+03
1.896254554633089583e+03
1.896257554646507515e+03
1.896262621335835092e+03
1.896327554959586678e+03
1.896353288408014123e+03
1.896359588436191189e+03
1.896402788629405677e+03
1.896419455370614969e+03
1.896431922093039702e+03
1.896434988773422219e+03
1.896642023032724865e+03
1.900970542392206880e+03
1.900973042403388490e+03
1.900981842442746938e+03
1.900986309129390975e+03
1.900992709158015487e+03
1.900995042501784610e+03
1.900997742513860658e+03
1.901000309192007080e+03
1.905862197603670893e+03
1.906046231760104774e+03
1.909589380940319415e+03
1.909614447719098507e+03
1.909617147731174327e+03
1.909673514649944536e+03
1.909686048039333855e+03
1.909689281387128631e+03
1.909782248469594151e+03
1.919012556419195789e+03
1.920450929519045758e+03
1.920453629531121805e+03
1.920456929545880939e+03
1.920461729567349494e+03
1.920465862919169240e+03
1.920468296263385810e+03
1.924796182286702106e+03
1.924799215633602216e+03
1.924801948979160443e+03
1.924804948992578147e+03
1.924807282336347498e+03
1.924809615680116849e+03
1.924812182358263044e+03
1.924814915703821271e+03
1.939867183025710801e+03
1.941413023272878718e+03
1.953159075807585168e+03
1.954718249447720609e+03
1.954723682805355111e+03
1.954727049487079285e+03
1.954729249496918783e+03
1.954734049518387337e+03
1.954737282866181886e+03
1.954740782881835685e+03
1.954744049563112867e+03
1.954748082914485394e+03
1.955603953409068254e+03
1.955607120089897990e+03
1.955610053436351109e+03
1.973830868263033608e+03
1.981436802280888742e+03
1.981439535626446968e+03
1.981442468972900087e+03
1.981445235651940493e+03
1.981447902330534134e+03
1.981451002344399058e+03
1.981454835694877147e+03
1.981457702374365226e+03
1.981460702387782931e+03
1.981463369066376572e+03
1.981466469080241268e+03
1.987024060603466296e+03
1.990605543288462741e+03
1.997973476241848175e+03
1.997976676256160545e+03
1.997979309601271552e+03
1.997981976279864966e+03
1.997984742958905827e+03
1.998100076808074618e+03
1.998102643486220586e+03
2.007720186501080434e+03
2.026607204307383654e+03
2.040720234095160777e+03
2.067152552314799323e+03
2.067157385669750056e+03
2.098520959277966085e+03
2.098575026186449122e+03
2.098598626292001427e+03
2.103472148089029815e+03
2.103475814772095873e+03
2.103478614784618912e+03
2.121969597486305247e+03
2.121973197502406492e+03
2.122910735028915042e+03
2.125539980121656299e+03
2.128087324848094340e+03
2.128090891530713179e+03
2.128096458222276851e+03
2.130875003982771887e+03
2.130877837328776877e+03
2.130880670674782777e+03
2.130883204019446566e+03
2.130885970698487199e+03
2.130890137383789806e+03
2.130893837400337816e+03
2.130896270744554840e+03
2.130899170757525098e+03
2.131525140223865947e+03
2.131528140237283878e+03
2.131531106917218949e+03
2.131533773595812363e+03
2.131536073606099762e+03
2.131538573617281145e+03
2.131541040294979666e+03
2.131545006979387381e+03
2.131547773658428468e+03
2.131550673671398727e+03
2.131553407016956953e+03
2.133157014189156598e+03
2.133162780881615163e+03
2.133165680894585421e+03
2.136505329164634077e+03
2.136709696745343535e+03
2.136712663425278606e+03
2.136715796772625708e+03
2.136718130116395059e+03
2.136720830128470880e+03
2.136723596807511967e+03
2.136726096818693350e+03
2.136732396846870415e+03
2.136735930196006848e+03
2.137071865031822654e+03
2.137089131775715487e+03
2.137113798552705248e+03
2.137670434375615514e+03
2.137675034396189403e+03
2.137679434415868855e+03
2.137681867760084970e+03
2.137685234441809371e+03
2.137687767786473160e+03
2.137690834466855904e+03
2.137693567812414130e+03
2.137696301157972357e+03
2.137698934503083819e+03
2.137701934516500842e+03
2.137705267864743291e+03
2.137708567879502425e+03
2.137711634559884715e+03
2.137716434581353496e+03
2.137755668090160270e+03
2.137998002507344154e+03
2.138303237205852383e+03
2.138306337219717079e+03
2.138309937235818325e+03
2.138312603914412193e+03
2.139097040756171737e+03
2.141486218108533194e+03
2.142949691320644433e+03
2.142955824681409467e+03
2.142958658027414913e+03
2.142962991380129552e+03
2.142965424724345667e+03
2.142968458071246005e+03
2.142971191416804231e+03
2.150970260526305992e+03
2.151040094171973124e+03
2.151183194811996600e+03
2.151259995155488923e+03
2.151265528513570644e+03
2.162281244448483449e+03
2.165654792870151596e+03
2.165657292881333433e+03
2.165665226250148862e+03
2.165667992929189495e+03
2.165670359606441252e+03
2.165673492953788809e+03
2.165675992964970192e+03
2.165678559643116387e+03
2.165681759657428756e+03
2.165684293002092545e+03
2.165687359682474835e+03
2.165690859698128861e+03
2.175210568942089594e+03
2.175289435961492018e+03
2.175295802656634351e+03
2.175298602669157390e+03
2.175303936026344672e+03
2.175306236036631617e+03
2.175310469388898582e+03
2.175313036067044777e+03
2.175315602745190972e+03
2.175318269423784386e+03
2.176423074365070079e+03
2.176425807710628305e+03
2.183665006754913065e+03
2.190119235621718872e+03
2.203054026806441925e+03
2.216699887838120958e+03
2.216702721184126403e+03
2.216705254528790192e+03
2.216707721206489623e+03
2.216710154550705738e+03
2.216713487898947733e+03
2.216716521245847616e+03
2.216719754593642392e+03
2.216722387938753400e+03
2.216725254618241706e+03
2.216728454632554076e+03
2.229718379397197168e+03
2.232270824146445648e+03
2.232274290828617268e+03
2.232277457509446776e+03
2.232279790853215673e+03
2.232282057530020666e+03
2.232284690875131673e+03
2.232287057552383430e+03
2.232290324233660613e+03
2.232293057579218839e+03
2.249701935441146361e+03
2.255829529513731359e+03
2.255860396318450967e+03
2.255863662999728149e+03
2.255866696346628032e+03
2.255869063023879789e+03
2.255871763035955610e+03
2.256401165403729919e+03
2.256842467377471621e+03
2.256846567395808961e+03
2.267208180405219082e+03
2.267230547171921899e+03
2.267287314092480756e+03
2.277270325408579538e+03
2.284810192464280590e+03
2.296093209594709151e+03
2.296097276279563630e+03
2.296100509627358406e+03
2.296104642979178607e+03
2.296107476325184052e+03
2.296110176337259873e+03
2.297417048848968534e+03
2.297420382197210074e+03
2.297423082209285894e+03
2.297425882221809388e+03
2.297428315566025503e+03
2.297430682243277715e+03
2.297433248921423910e+03
2.297435848933052512e+03
2.297438782279505176e+03
2.297441648958993028e+03
2.297444415638034116e+03
2.300626096534900171e+03
2.307355959967826493e+03
2.310793108673949973e+03
2.313048518761364903e+03
2.315734097439393736e+03
2.315801631074774377e+03
2.315805997760970968e+03
2.315808964440906038e+03
2.315811431118605014e+03
2.315813731128891959e+03
2.315816131139626123e+03
2.315818697817772318e+03
2.315822097832979125e+03
2.315824597844160508e+03
2.315827697858025203e+03
2.315830731204925542e+03
2.315833531217449035e+03
2.315836131229077182e+03
2.315839197909459926e+03
2.315842231256360265e+03
2.315845164602812929e+03
2.316467800720912237e+03
2.316471567404425514e+03
2.316474300749983740e+03
2.316476967428577154e+03
2.316605234668924368e+03
2.316610668026558415e+03
2.316613568039529127e+03
2.321504356580450349e+03
2.321506689924219700e+03
2.321509056601471002e+03
2.321511756613547277e+03
2.321514289958211066e+03
2.321516789969392448e+03
2.321520723320317757e+03
2.323229264295171561e+03
2.325992143318928811e+03
2.327349549389983622e+03
2.327353649408321417e+03
2.327357182757457849e+03
2.329355291694082553e+03
2.329860893955409665e+03
2.374348392927592613e+03
2.376094967405886109e+03
2.379167781149172697e+03
2.379928317884037824e+03
2.381805459612965478e+03
2.381812959646510080e+03
2.381815259656797025e+03
2.381818059669319609e+03
2.381821093016219947e+03
2.381823726361331410e+03
2.381826893042160918e+03
2.381829393053342301e+03
2.381831926398006090e+03
2.381834659743564316e+03
2.381837426422605404e+03
2.381842859780239451e+03
2.382337295324956358e+03
2.382339928670067366e+03
2.382342562015178373e+03
2.382345228693771787e+03
2.382347528704058732e+03
2.382349995381757708e+03
2.382352662060351122e+03
2.382355362072426942e+03
2.382849930951073475e+03
2.382852097627430794e+03
2.382854330970752471e+03
2.382856630981039416e+03
2.382858730990431923e+03
2.382860997667236916e+03
2.382863264344040999e+03
2.382865897689152462e+03
2.382868731035157452e+03
2.383275499521113488e+03
2.383278232866671715e+03
2.383281132879641973e+03
2.383283666224305762e+03
2.383286066235039925e+03
2.383288366245326870e+03
2.383292499597146616e+03
2.383295466277082141e+03
2.383298799625323682e+03
2.383301599637847175e+03
2.385627676707989849e+03
2.395818255619109550e+03
2.395821222299044621e+03
2.395825222316935196e+03
2.395830989009393761e+03
2.395833355686645518e+03
2.395835855697826901e+03
2.395838189041596252e+03
2.395842289059933591e+03
2.395844789071114974e+03
2.395847622417120419e+03
2.409061648184065234e+03
2.417627419828167149e+03
2.417633486521967370e+03
2.418293022805103647e+03
2.419405261112969129e+03
2.419909796702859239e+03
2.419917430070332557e+03
2.419919796747584314e+03
2.419922330092248103e+03
2.419925063437806330e+03
2.419928096784706668e+03
2.420290598406010304e+03
2.421025001690659337e+03
2.424951652586101773e+03
2.424954185930765561e+03
2.425197020350185539e+03
2.425208253733760557e+03
2.425210953745836377e+03
2.425217520441873148e+03
2.425219887119124905e+03
2.426173358050230036e+03
2.427565564276929763e+03
2.427568164288558819e+03
2.427570664299739747e+03
2.427573264311368803e+03
2.427576930994434406e+03
2.427579331005169024e+03
2.427581931016797625e+03
2.427584731029320665e+03
2.427587464374878891e+03
2.427589831052130648e+03
2.427592464397241656e+03
2.446496448946095825e+03
2.450454833316800887e+03
2.450764301367576081e+03
2.451495771305772450e+03
2.451499704656697759e+03
2.451504938013437368e+03
2.451507238023724767e+03
2.451510138036695025e+03
2.451512538047428734e+03
2.451515038058610571e+03
2.451518004738546097e+03
2.451520471416244618e+03
2.451523071427873674e+03
2.451526104774773103e+03
2.451529271455603066e+03
2.456388193187332035e+03
2.458887671033016886e+03
2.458891837718319493e+03
2.463721059317213076e+03
2.465334533200208625e+03
2.467642043520644165e+03
2.467656976920767647e+03
2.483201646444946164e+03
2.485971692167423953e+03
2.490795513742165440e+03
2.493676059958861060e+03
2.503969772664584525e+03
2.503974839353912557e+03
2.507219453865585365e+03
2.509399296948357005e+03
2.533121136378600113e+03
2.533124103058535638e+03
2.533126903071058223e+03
2.533129469749204418e+03
2.533240903580930535e+03
2.533244336929619749e+03
2.535177612242940540e+03
2.535243045868928220e+03
2.546855197804758973e+03
2.546858464486035700e+03
2.546862131169102213e+03
2.561112794905785904e+03
2.561376796086542527e+03
2.561816031384373673e+03
2.561819064731273556e+03
2.563699139806653875e+03
2.571137839743214499e+03
2.571159473173304377e+03
2.571162273185827416e+03
2.572147644259606750e+03
2.580023779485948126e+03
2.582527024015146253e+03
2.584212231552307003e+03
2.584318198692916212e+03
2.584571666493227895e+03
2.584574733173610184e+03
2.585054801987404517e+03
2.585057968668234480e+03
2.585061535350853319e+03
2.585064068695517108e+03
2.585066335372322101e+03
2.585069435386186797e+03
2.585071868730402912e+03
2.585074368741584749e+03
2.585076868752766131e+03
2.585079702098771577e+03
2.585082735445671915e+03
2.585085668792124579e+03
2.585418936949346971e+03
2.585421470294010760e+03
2.585792205285471937e+03
2.585794638629688052e+03
2.585799838652945709e+03
2.585802205330197012e+03
2.585805338677544569e+03
2.585813772048596547e+03
2.585816405393707555e+03
2.585965306059672002e+03
2.585993039517044508e+03
2.586013972944003399e+03
2.586017006290903737e+03
2.586019906303873995e+03
2.586022406315055377e+03
2.587068344326389706e+03
2.587071111005430339e+03
2.587071344339807183e+03
2.587073677683576534e+03
2.587076011027345885e+03
2.587078244370668017e+03
2.587080744381849399e+03
2.587083344393478001e+03
2.587085744404212164e+03
2.587088544416735658e+03
2.590287258723117702e+03
2.590290725405289322e+03
2.617612680937200821e+03
2.617615247615347016e+03
2.617618780964483449e+03
2.617621247642182880e+03
2.617623747653363807e+03
2.617626680999816926e+03
2.617629614346269591e+03
2.617632881027546318e+03
2.628036060889532564e+03
2.628877097984439843e+03
2.629127632438298861e+03
2.629137599149541984e+03
2.634542956658560342e+03
2.634627990372211116e+03
2.634631890389653563e+03
2.634638457085690334e+03
2.635089725770674704e+03
2.641946223103309876e+03
2.641948956448868103e+03
2.641952923133275817e+03
2.642263991191207424e+03
2.642266891204178137e+03
2.644407600778590222e+03
2.644420500836286010e+03
2.644423367515773862e+03
2.649703691132240692e+03
2.657813294069442236e+03
2.657818227424840188e+03
2.660748807198646318e+03
2.660752273880817938e+03
2.684634647362389387e+03
2.684852048334724259e+03
2.684927815340261986e+03
2.692603116335030791e+03
2.692605649679694579e+03
2.692693250071490638e+03
2.692705083457749424e+03
2.692788650498172956e+03
2.698458775858044191e+03
2.698458942525455768e+03
2.698467809231779484e+03
2.698469942574654397e+03
2.698981078194062320e+03
