8.545178441349403187e+00
1.823958846666662126e+01
1.902915866471871809e+01
1.903269201385510101e+01
1.903599202861455453e+01
2.059033231379921958e+01
3.108781259754811188e+01
3.716137309513244702e+01
5.392674807896677436e+01
5.393034809506799832e+01
5.606269096539317331e+01
5.606575764577569743e+01
5.621179163225208697e+01
5.621522498094121545e+01
5.632365879924929430e+01
7.100249111760174969e+01
7.867739211058113824e+01
7.869262551204649014e+01
7.870615890590849517e+01
8.352651379847883106e+01
8.371518130896875221e+01
8.412764982041791484e+01
8.663122768444033284e+01
8.967570796767121521e+01
8.991514237188485481e+01
9.514699910491421520e+01
9.540943361199674655e+01
1.023735980928443041e+02
1.023786314486895321e+02
1.094302296539213728e+02
1.192023066932741813e+02
1.213020827512762878e+02
1.260532706678277748e+02
1.274864104109380065e+02
1.278533120519208097e+02
1.284179812440938520e+02
1.314341614007512362e+02
1.361591158666392118e+02
1.361620825465744815e+02
1.361658825635701930e+02
1.363143832277455942e+02
1.403235678256564825e+02
1.403338012047590269e+02
1.403376345552372015e+02
1.445306866421697407e+02
1.485568713161142114e+02
1.488003390717004777e+02
1.593101860774267209e+02
1.605716250525981366e+02
1.635372383164263681e+02
1.643432752547932978e+02
1.651819456724481654e+02
1.651926123868221339e+02
1.795553099579155401e+02
1.812331841289439467e+02
1.812381508178243337e+02
1.851511683189572466e+02
1.913767628298533339e+02
1.940304413652072242e+02
1.964164853702212383e+02
2.018471763258782516e+02
2.050376905955855023e+02
2.146527335992637688e+02
2.207870277018149920e+02
2.259262506872027814e+02
2.310674070145708185e+02
2.311373073272028478e+02
2.324551465546267366e+02
2.343683884450136929e+02
2.402253146403587891e+02
2.435471961642782333e+02
2.437465637226245860e+02
2.500483585743298249e+02
2.555146163557276111e+02
2.570690899748419156e+02
2.574389582957600169e+02
2.576211257771782925e+02
2.577572597193762931e+02
2.577707264462734429e+02
2.577751264659527237e+02
2.598368690205151097e+02
2.635886524671886946e+02
2.686188749650672776e+02
2.686266083329883827e+02
2.689342430422307189e+02
2.698026135927206610e+02
2.698053802717614076e+02
2.759045075503609041e+02
2.794472900622691327e+02
2.859895526561430188e+02
2.860037527196533915e+02
2.880724286385588471e+02
2.913488099589766875e+02
2.913555433224252624e+02
3.016048558295668727e+02
3.080509513266627550e+02
3.098628594304968260e+02
3.175416604409192018e+02
3.175657605487079422e+02
3.219957470286726675e+02
3.238360219260450776e+02
3.272496371935808384e+02
3.281778746784947884e+02
3.331338635110268456e+02
3.331571636152375504e+02
3.331602969625848800e+02
3.331675636617521832e+02
3.331735636885875351e+02
3.376437503483492719e+02
3.378086844193571210e+02
3.378116177658099559e+02
3.378213844761586415e+02
3.422718043808460493e+02
3.446715484471341142e+02
3.480307301378801412e+02
3.495301035105563301e+02
3.534801211771739986e+02
3.587831782286497742e+02
3.656501756082467978e+02
3.712203338543436644e+02
3.763110566228122025e+02
3.763340233921987306e+02
3.763502234646541638e+02
3.763736569027945507e+02
3.764003570222119492e+02
3.764178237669993905e+02
3.764260904706392239e+02
3.764674573223207972e+02
3.769362927525400551e+02
3.820901491367096128e+02
3.820935491519163634e+02
3.823248168529373174e+02
3.823279168668022976e+02
3.823309502137024083e+02
3.823352168994520071e+02
3.824520174218471880e+02
3.840471578895123912e+02
3.845358934087355465e+02
3.899970178338408004e+02
3.900038511977366511e+02
3.927860636412971189e+02
3.930809649602554714e+02
3.953598418192933650e+02
3.959867779566245076e+02
3.961778788113309702e+02
3.961987455713251052e+02
4.027812083449959459e+02
4.027847750276147849e+02
4.039030800292802041e+02
4.079474314511428474e+02
4.079515314694804147e+02
4.081272655887918859e+02
4.083062330558979625e+02
4.083094330702101047e+02
4.083300331623448756e+02
4.131009878339706916e+02
4.157639997444018150e+02
4.172229062694216850e+02
4.172570397554184751e+02
4.224716630780373521e+02
4.224750297597616395e+02
4.227427309570663283e+02
4.295221946118318215e+02
4.295350946695278367e+02
4.325725749214507800e+02
4.391882378436106933e+02
4.391962045459087562e+02
4.405497772664855347e+02
4.405594773098694077e+02
4.425934864070593449e+02
4.448564631949834620e+02
4.466315044672624595e+02
4.466356044855999698e+02
4.467231048769490371e+02
4.632999456842231325e+02
4.646871852220427854e+02
4.812524593109175726e+02
4.824809981389417430e+02
4.829138334081487187e+02
4.829170000889785115e+02
4.864162157393654979e+02
4.868574843796244522e+02
4.868700844359786970e+02
4.879698893549017953e+02
4.879736893718975352e+02
4.882271238387269818e+02
4.932149128134865350e+02
4.944176515261186182e+02
4.965356276655213037e+02
4.965391276811753301e+02
4.966120613407074416e+02
4.966156280233262237e+02
4.998804759588272191e+02
5.047872645713093220e+02
5.049495986306884561e+02
5.087450822728130220e+02
5.087480156192658569e+02
5.252513894312889988e+02
5.252546894460485873e+02
5.319056525260898525e+02
5.319086525395074432e+02
5.346315647178449808e+02
5.346352314009111524e+02
5.406150914794164919e+02
5.406221915111716498e+02
5.423530325857634580e+02
5.423731993426267763e+02
5.423771326935520847e+02
5.541099851692209768e+02
5.543011193574099025e+02
5.543044193721693773e+02
5.543081860556826541e+02
5.543134527459048968e+02
5.607599815782722317e+02
5.650542674513103520e+02
5.687216505204997929e+02
5.687255505379426950e+02
5.784090938479914712e+02
5.784121605283739882e+02
5.784152272087565052e+02
5.784182938891390222e+02
5.826066126215680470e+02
5.872721334883035524e+02
5.882749046399056851e+02
5.996563888773988538e+02
5.996600555604650253e+02
5.996815889901074570e+02
5.996847890044197129e+02
6.069308214125998120e+02
6.115523420825425092e+02
6.125061130149892961e+02
6.125107130355630716e+02
6.131044823578876048e+02
6.131081823744360690e+02
6.131204157624837308e+02
6.145766556089101869e+02
6.191140092357455842e+02
6.191585427682570071e+02
6.191621427843582524e+02
6.191653761321528009e+02
6.211134848451497419e+02
6.254901044197622468e+02
6.254934711014865343e+02
6.254963377809743861e+02
6.286025183401624190e+02
6.374907914266653961e+02
6.399254356490458804e+02
6.406410388496108226e+02
6.407878061727005843e+02
6.407972395482249794e+02
6.462373305459240100e+02
6.572417130968143510e+02
6.660858859860774146e+02
6.660896193361082851e+02
6.660931526852446041e+02
6.665850882187800153e+02
6.665906549103440284e+02
6.666167216935955366e+02
6.710743082970028581e+02
6.790784774293143755e+02
6.864660104703619936e+02
6.893262565962646704e+02
6.970731579112684813e+02
6.990007665325778135e+02
7.014449774644125455e+02
7.014494441510566958e+02
7.014526774988512443e+02
7.014650775543110512e+02
7.014803442892588237e+02
7.048006924729869525e+02
7.079306064716570290e+02
7.187885550342820125e+02
7.187926883861017586e+02
7.258721867161181081e+02
7.258757200652545407e+02
7.353543957923578773e+02
7.353581958093535604e+02
7.353621958272437951e+02
7.355229298794669148e+02
7.355307965813177589e+02
7.356841306004438366e+02
7.356909639643396304e+02
7.356976973277882053e+02
7.358805981458197039e+02
7.451369728786726228e+02
7.451405395612913480e+02
7.503075960044986914e+02
7.514788679097275690e+02
7.514823345918990753e+02
7.533723430450402248e+02
7.533755097258699607e+02
7.533787430736646229e+02
7.568054917332733567e+02
7.568101250873295385e+02
7.568136917699482638e+02
7.568178917887330499e+02
7.586568666802911594e+02
7.644060257269766225e+02
7.649866616572280691e+02
7.700282842060938719e+02
7.738578346672503585e+02
7.739896352567340045e+02
7.740112353533412488e+02
7.747824054690981939e+02
7.747853054820686793e+02
7.754324417097456035e+02
7.807010986073652248e+02
7.830322090333531833e+02
7.830359090499016474e+02
7.897515057523529549e+02
7.897546724331826908e+02
7.897585057836607803e+02
7.903821752397150249e+02
7.903854085875095734e+02
7.928169527960251344e+02
7.928192528063120790e+02
7.938803908856294811e+02
7.938830908977053014e+02
7.938860242441581931e+02
7.959287333802593594e+02
7.987206792006860496e+02
8.030852987216277370e+02
8.075602187358930451e+02
8.077853864096313146e+02
8.077879864212600296e+02
8.137920132745189221e+02
8.141821816862300238e+02
8.141884150474422768e+02
8.142924821795535308e+02
8.144117160461652247e+02
8.144176160725534146e+02
8.144185494100611322e+02
8.144378494963815456e+02
8.144510495554194449e+02
8.199332407414133286e+02
8.202692755776763534e+02
8.272027732546987409e+02
8.272090066159109938e+02
8.299030853319562766e+02
8.331620332410691390e+02
8.331652332553813949e+02
8.525296531968854197e+02
8.584418796395631261e+02
8.769226622956293795e+02
9.019949077656194731e+02
9.045462525099478626e+02
9.062392267485118964e+02
9.188636832119166229e+02
9.188679832311487417e+02
9.207653250504220068e+02
9.220615975147209156e+02
9.288642612732497810e+02
9.288672279531850791e+02
9.288779946680062949e+02
9.301495336883505161e+02
9.301524003678385952e+02
9.349557551843753345e+02
9.363934282810945433e+02
9.649070558094751959e+02
9.828832695421693870e+02
9.828864028895166030e+02
9.828894029029344210e+02
9.828964029342422464e+02
9.863165182308497378e+02
9.887735958868979651e+02
9.970855997293463133e+02
9.970929997624432417e+02
9.971040664786062280e+02
9.971165332010308475e+02
9.971241999019871400e+02
9.971325999395565987e+02
1.008295383198900595e+03
1.012234034148013620e+03
1.012237200828843356e+03
1.012240967512356747e+03
1.012244367527563327e+03
1.012247934210182166e+03
1.012318034523708775e+03
1.026323763831579981e+03
1.027030633659751402e+03
1.032931993387160446e+03
1.042774437407899313e+03
1.043521207414525634e+03
1.043525640767687491e+03
1.046078552185689659e+03
1.051145874849500160e+03
1.051149841533907875e+03
1.051837377942276362e+03
1.052138379288517399e+03
1.053775586610995106e+03
1.053906920531724836e+03
1.053920887260858080e+03
1.053923887274275785e+03
1.053938287338680766e+03
1.053940687349414929e+03
1.053944187365068956e+03
1.053947654047240349e+03
1.053961120774137726e+03
1.053961687443338633e+03
1.053964920791133409e+03
1.053986887556047350e+03
1.053993987587802394e+03
1.054005320971824858e+03
1.054081387978704242e+03
1.054093221364963028e+03
1.054095754709626817e+03
1.054096354712310131e+03
1.054098954723938959e+03
1.054106121422659044e+03
1.054110454775373455e+03
1.054167188362450133e+03
1.054205721868126147e+03
1.054240855358595354e+03
1.054269955488746973e+03
1.054291755586248883e+03
1.054315189024389156e+03
1.054334789112051340e+03
1.054371155941370262e+03
1.054390289360278530e+03
1.054538890024901093e+03
1.054561990128217303e+03
1.054613723692931217e+03
1.054815124593705150e+03
1.054902658318536623e+03
1.055215059715764710e+03
1.055223826421640979e+03
1.062692859827202483e+03
1.062699226522344134e+03
1.062716526599719600e+03
1.062718659942594286e+03
1.067676682117554037e+03
1.068069083872587044e+03
1.069215655667343526e+03
1.072599737469456386e+03
1.072634704292513561e+03
1.072649871027014115e+03
1.072659204402091291e+03
1.072789771652725449e+03
1.072859871966252058e+03
1.072864471986825947e+03
1.072952705714788181e+03
1.073102506384778053e+03
1.073659908877783664e+03
1.076180086816050562e+03
1.078990532719219573e+03
1.080896841245263658e+03
1.083703787132778643e+03
1.085997797392834400e+03
1.085998864064271856e+03
1.117393771145961637e+03
1.127949685024390419e+03
1.135971020900147550e+03
1.136717757573291465e+03
1.136720924254121428e+03
1.136832458086294309e+03
1.145308595996172471e+03
1.145332462769584254e+03
1.169600437975775549e+03
1.169604237992771232e+03
1.170747976441522269e+03
1.176758536657335071e+03
1.176961404231335564e+03
1.178188243051756444e+03
1.189593627396143575e+03
1.205524998649861800e+03
1.205531298678039093e+03
1.205542765395990955e+03
1.209977985232695346e+03
1.210745155330562284e+03
1.212892598268422944e+03
1.214342338085777783e+03
1.214819706887496295e+03
1.216844415943091462e+03
1.216848282627051958e+03
1.217403085108428968e+03
1.221137868479069084e+03
1.221286835811998344e+03
1.224490750141637818e+03
1.224707217776465086e+03
1.226275624791230257e+03
1.226279991477427302e+03
1.227870031922282351e+03
1.232087284117450963e+03
1.236281902878057281e+03
1.236285369560228673e+03
1.236290336249109032e+03
1.248249489736918576e+03
1.255494688808038518e+03
1.255580422524819141e+03
1.255584089207885199e+03
1.255587555890056819e+03
1.257239029943009655e+03
1.258838970432143014e+03
1.258842637115209300e+03
1.258845770462556629e+03
1.258849737146964344e+03
1.267437175554638316e+03
1.267440775570739561e+03
1.268001311411092729e+03
1.268957715688650524e+03
1.269307517253152355e+03
1.270466922438640268e+03
1.272081696327450118e+03
1.272373697633438042e+03
1.272529231662403618e+03
1.272535331689686473e+03
1.272548131746935269e+03
1.273655136698060687e+03
1.287172263820638591e+03
1.287650165958075604e+03
1.287919933831290336e+03
1.287921733839340959e+03
1.287923367179979550e+03
1.287932000551925967e+03
1.287934033894353433e+03
1.291004747628247742e+03
1.296594772629866384e+03
1.296607172685325850e+03
1.297738077743345684e+03
1.298333313738896777e+03
1.298336147084902450e+03
1.298339013764390529e+03
1.298350080480553515e+03
1.300364222822221791e+03
1.300366856167333026e+03
1.300845158306559142e+03
1.303427036520783076e+03
1.303431103205638010e+03
1.303434703221739255e+03
1.303449169953109049e+03
1.303565270472373413e+03
1.303660004229407377e+03
1.307524654847550892e+03
1.310461901317840784e+03
1.312456376904882063e+03
1.314228418163743299e+03
1.315877025537208056e+03
1.315899158969534255e+03
1.315903325654836408e+03
1.316524195098367500e+03
1.316962230390831792e+03
1.316975197115492620e+03
1.317327698692070499e+03
1.317333898719800345e+03
1.317350865462351521e+03
1.317497266117134586e+03
1.317500366130999510e+03
1.317973634914380455e+03
1.318014601764273038e+03
1.321604484486838828e+03
1.321631884609387271e+03
1.321642984659032663e+03
1.321646418007721650e+03
1.323420725943387424e+03
1.323516759706235689e+03
1.323605393435987025e+03
1.323661093685108881e+03
1.323670460393668463e+03
1.326186204978773731e+03
1.326882508093018032e+03
1.326889608124773304e+03
1.326892708138638454e+03
1.326898708165473636e+03
1.326902308181574881e+03
1.327997846414748437e+03
1.328002746436663756e+03
1.329729387492471005e+03
1.330551257834986700e+03
1.335860781582051914e+03
1.335863648261539765e+03
1.337035253501592706e+03
1.338489360005144363e+03
1.338492593352938911e+03
1.339220463275034035e+03
1.339238096687233565e+03
1.345609058514957724e+03
1.346775963733989556e+03
1.346779597083573208e+03
1.351934386805250369e+03
1.352119154298297417e+03
1.352124020986730557e+03
1.353738928209470032e+03
1.353743761564420765e+03
1.355282268445456566e+03
1.355831437568304864e+03
1.356195405862834832e+03
1.359050385298515266e+03
1.359060552010653055e+03
1.359580987671656430e+03
1.359584287686415792e+03
1.359588287704306140e+03
1.359591454385135876e+03
1.359595054401237121e+03
1.363078903316228889e+03
1.363403038099268542e+03
1.363405738111344363e+03
1.363409138126551170e+03
1.363558672128681792e+03
1.371129005987313349e+03
1.371134639345842288e+03
1.371136506020857723e+03
1.376054594683879714e+03
1.376058628035252241e+03
1.377385567303376547e+03
1.377390567325739312e+03
1.377803369172012708e+03
1.378513905683250186e+03
1.379744944522455626e+03
1.381151750814454999e+03
1.381264884653784293e+03
1.381271151348478952e+03
1.381275518034675770e+03
1.381279818053907775e+03
1.381335884971336100e+03
1.381339018318683429e+03
1.381342385000407603e+03
1.381405418615661574e+03
1.381791020340281193e+03
1.384113897396111724e+03
1.386238673565927911e+03
1.386241873580240053e+03
1.386266907025536511e+03
1.386978943543482728e+03
1.388737418074999596e+03
1.389375687596352918e+03
1.389752889283403192e+03
1.389801456167287370e+03
1.389906856638695444e+03
1.389910156653454806e+03
1.389913956670450489e+03
1.389917656686998953e+03
1.389931723416579644e+03
1.391881532137179875e+03
1.391914132282985520e+03
1.394101675400196200e+03
1.394376109960949407e+03
1.394378909973472446e+03
1.394704478096256025e+03
1.394751944975220340e+03
1.395124746642591390e+03
1.395128146657797743e+03
1.395132146675688318e+03
1.395626315552545520e+03
1.395992417189950402e+03
1.395995650537744950e+03
1.398436828122679572e+03
1.398668362491559947e+03
1.401634009088870471e+03
1.401637575771489310e+03
1.401642575793852075e+03
1.401967777248329185e+03
1.402846014509615088e+03
1.404709456177268521e+03
1.404711956188449903e+03
1.405465992894243527e+03
1.406719998502835779e+03
1.406723198517147694e+03
1.406726731866284354e+03
1.407235134140134505e+03
1.407238934157130188e+03
1.407241167500452320e+03
1.418083349325893096e+03
1.418086249338863581e+03
1.419204754341423495e+03
1.419277354666131487e+03
1.419285121367534884e+03
1.419314621499475606e+03
1.421999133506066755e+03
1.422002366853861304e+03
1.422800870425201765e+03
1.422804137106478720e+03
1.425196881141458789e+03
1.425200181156218378e+03
1.426273185955276631e+03
1.427304457234346955e+03
1.427306357242844797e+03
1.427769125979263890e+03
1.440866017888989063e+03
1.446673510529907162e+03
1.446839044603598495e+03
1.447007478690260314e+03
1.447015045390769274e+03
1.448974054152517283e+03
1.449077587948909468e+03
1.453754108864843147e+03
1.453765442248865611e+03
1.457070790365505445e+03
1.462782949246706039e+03
1.463562719400927108e+03
1.470750618215769009e+03
1.473548064060794559e+03
1.478852687785944227e+03
1.480330127727188710e+03
1.486141087050278657e+03
1.498299874764293691e+03
1.501093920594112888e+03
1.501101520628104481e+03
1.501240887918096860e+03
1.501247021278861894e+03
1.501251054630234648e+03
1.501253987976687540e+03
1.501347055059600507e+03
1.501434322116572730e+03
1.517182392550470468e+03
1.517184892561651850e+03
1.517190725921075000e+03
1.517240492810326259e+03
1.523479920716426022e+03
1.527001769801375303e+03
1.527004636480863155e+03
1.527018903211338511e+03
1.527033536610120336e+03
1.527469105224885652e+03
1.527473138576258407e+03
1.530023449982631746e+03
1.531875524932780536e+03
1.531878891614504710e+03
1.531881891627922414e+03
1.546388756510476696e+03
1.547966330232907239e+03
1.547967730239168986e+03
1.548807300660849023e+03
1.549465270270311976e+03
1.559246280682953056e+03
1.559633915750000142e+03
1.560570253271141837e+03
1.567588484660472659e+03
1.572327705856836019e+03
1.572330905871147934e+03
1.572523573399528004e+03
1.572526106744192020e+03
1.572529906761187704e+03
1.572535573453199049e+03
1.576399924070000452e+03
1.576405757429423829e+03
1.586363401965401636e+03
1.586484302506134327e+03
1.588740079261855954e+03
1.588743679277957199e+03
1.588748679300319964e+03
1.588752612651245499e+03
1.588771379401847071e+03
1.589646916651057154e+03
1.590824721918840169e+03
1.590828655269765250e+03
1.590835288632766833e+03
1.592253328308341224e+03
1.592256161654346897e+03
1.592353195421667806e+03
1.592358062110100946e+03
1.596073278726561057e+03
1.604454182877168705e+03
1.606419358333164382e+03
1.606565925655359251e+03
1.606568525666987853e+03
1.606673592803571864e+03
1.608507134337495472e+03
1.608508767678134063e+03
1.609517038854335397e+03
1.609525572225834594e+03
1.611192113012840537e+03
1.611647881717951805e+03
1.611651015065299134e+03
1.614068059208962495e+03
1.614071392557204263e+03
1.614074992573305508e+03
1.616338869365254823e+03
1.617056272573870501e+03
1.617059072586393540e+03
1.617061172595786275e+03
1.617069839301215097e+03
1.617679675362065382e+03
1.621722860112043463e+03
1.622369263003107108e+03
1.622372696351796321e+03
1.623921236611040058e+03
1.625877445360264574e+03
1.632346874295053567e+03
1.632375307755556832e+03
1.632485541581915413e+03
1.636239691705840869e+03
1.639344905594038664e+03
1.639347738940044337e+03
1.640002175200371084e+03
1.640005275214235780e+03
1.641649049232749803e+03
1.652129096105193867e+03
1.652134429462380695e+03
1.652253596662027803e+03
1.652293030171729242e+03
1.652296330186488376e+03
1.652315730273256349e+03
1.671379715537720131e+03
1.677222541670002329e+03
1.677226441687445231e+03
1.682921767160024501e+03
1.682972934055537280e+03
1.682976067402884610e+03
1.683109067997735110e+03
1.683114468021886978e+03
1.683569703391279290e+03
1.696771162435352153e+03
1.699358607341139759e+03
1.699970743412277216e+03
1.703066057256196700e+03
1.719415897048199440e+03
1.736901575253619740e+03
1.740973593465889735e+03
1.742805368325245354e+03
1.742859601901140650e+03
1.742866301931106818e+03
1.742869601945866179e+03
1.753389948998554473e+03
1.753392715677595106e+03
1.753406982408070462e+03
1.755425758103794806e+03
1.757417433678313273e+03
1.757423867040419964e+03
1.757656734748597046e+03
1.757681201524692597e+03
1.757682601530954116e+03
1.761757419755747378e+03
1.761760719770506739e+03
1.761763819784371890e+03
1.761767853135744645e+03
1.761771286484433631e+03
1.763910962720890893e+03
1.768008447713729083e+03
1.768225948686511174e+03
1.773732473314670642e+03
1.782093877378063553e+03
1.784977256940764846e+03
1.785476859175256322e+03
1.815818161544655368e+03
1.834264510713382833e+03
1.834268277396896337e+03
1.842780315467339278e+03
1.842823482327071360e+03
1.842838115725853186e+03
1.842841382407130368e+03
1.854703802128960660e+03
1.856620977370273067e+03
1.856944412150181734e+03
1.856951478848454599e+03
1.856954345527942678e+03
1.856958678880657089e+03
1.859534957069834718e+03
1.859538023750217235e+03
1.859541723766765699e+03
1.861648833190899950e+03
1.861652466540483374e+03
1.866233587029734736e+03
1.877487904031800554e+03
1.879653313716685034e+03
1.879656347063585372e+03
1.879660180414063234e+03
1.882380059245500888e+03
1.882450459560369154e+03
1.882824527900072098e+03
1.883026428803082126e+03
1.885865074832377559e+03
1.887628416052327339e+03
1.887633616075584769e+03
1.888409186211021051e+03
1.888425986286159969e+03
1.888426686289290728e+03
1.893229374436179342e+03
1.893597309415117024e+03
1.895436684308464237e+03
1.899263768091921520e+03
1.899264168093710623e+03
1.899267834776776681e+03
1.899268234778565784e+03
1.899271834794667029e+03
1.902720983554460872e+03
1.905358628684771475e+03
1.911079820939707588e+03
1.914538769743332750e+03
1.914542269758986777e+03
1.918581821159380979e+03
1.931795580258466089e+03
1.931799113607602521e+03
1.931802446955844289e+03
1.931807080309900812e+03
1.934852493930639412e+03
1.936019999152354785e+03
1.937863207396180087e+03
1.941609990820490793e+03
1.949997661668029650e+03
1.951716836023774931e+03
1.952650306865428547e+03
1.969099413768074101e+03
1.972334961572528982e+03
1.972338094919876312e+03
1.972342028270801848e+03
1.972363761701338717e+03
1.972366228379037693e+03
1.978131520831213720e+03
1.978140354204054802e+03
1.980752399219867584e+03
1.980962500159552746e+03
1.980976766890027875e+03
1.980984333590537062e+03
1.987483195990301965e+03
1.987486996007297648e+03
1.988661401259873628e+03
1.988664934609010061e+03
1.988667934622427765e+03
1.988671001302810282e+03
1.991451680406179321e+03
1.993148354661291933e+03
1.993217854972135001e+03
1.994116792326002951e+03
1.994128192376990000e+03
2.000520920968733662e+03
2.000525554322789731e+03
2.001857126944970332e+03
2.005495076549183977e+03
2.009952363151249529e+03
2.009957496507542146e+03
2.016800427112832949e+03
2.016803960461969154e+03
2.016806993808869493e+03
2.018215233440612792e+03
2.018218266787512903e+03
2.018522268147171644e+03
2.018525268160589121e+03
2.018528468174901491e+03
2.022805520637529071e+03
2.030030286283925989e+03
2.030323487595281222e+03
2.030323820930105512e+03
2.031578526541828296e+03
2.032167162507860212e+03
2.032479697239018151e+03
2.033143333540492222e+03
2.033147000223558280e+03
2.033225733909031305e+03
2.033230600597464445e+03
2.033397234676075868e+03
2.033543001994692759e+03
2.033570435450723380e+03
2.036090980057296974e+03
2.038131455850076009e+03
2.043727914213801341e+03
2.053223456683008408e+03
2.065011109403773844e+03
2.068201257005174284e+03
2.068432824707537293e+03
2.068438658066960215e+03
2.079730575237194444e+03
2.079733308582753125e+03
2.079889775949226532e+03
2.079953942902882318e+03
2.083347124745695510e+03
2.083352524769847605e+03
2.086321004713163802e+03
2.089023850135085013e+03
2.089368551676777315e+03
2.090979258880731322e+03
2.094371340718625106e+03
2.096328216137498202e+03
2.096338482850082983e+03
2.100165466633093274e+03
2.103986317055338077e+03
2.103991817079937391e+03
2.103994983760766900e+03
2.105928825743289053e+03
2.105973059274458592e+03
2.107383265581664546e+03
2.107385332257574646e+03
2.107744400530189068e+03
2.109836476553752163e+03
2.112740822876894981e+03
2.121419328358537314e+03
2.121924197283251033e+03
2.122064164575926952e+03
2.122078831308191184e+03
2.122088598018540324e+03
2.122253165421241192e+03
2.125378979401573815e+03
2.127019020070056740e+03
2.134385819685040133e+03
2.134444286613202621e+03
2.140724114699994061e+03
2.140753148163180867e+03
2.140770481574038513e+03
2.140771081576721826e+03
2.140772781584325458e+03
2.142699156866785415e+03
2.142707723571766564e+03
2.142710756918666902e+03
2.143179159013614935e+03
2.143369426531260615e+03
2.143407293367288275e+03
2.167938736418517237e+03
2.168283437960209085e+03
2.168285971304872874e+03
2.168289137985702837e+03
2.168845373806823773e+03
2.170891249623754902e+03
2.178382683129501856e+03
2.180120390901472092e+03
2.180123624249266413e+03
2.186308785245988929e+03
2.187500890577729024e+03
2.187629091151111425e+03
2.187882725618835593e+03
2.187886458968866464e+03
2.195258858608895935e+03
2.195268291984420102e+03
2.195275992018859142e+03
2.195279025365759026e+03
2.199046108880862903e+03
2.199061208948398871e+03
2.199073409002963672e+03
2.203465961982172757e+03
2.204958468657470348e+03
2.204970768712482823e+03
2.205031435650485037e+03
2.205110769338641603e+03
2.205113769352059080e+03
2.205128569418252937e+03
2.215820417237985566e+03
2.215824317255428468e+03
2.215879050833560086e+03
2.216926522185085560e+03
2.221875710987204457e+03
2.221880411008225110e+03
2.221883877690397185e+03
2.221887777707840087e+03
2.228328639848196417e+03
2.228331873195990738e+03
2.229014442915478867e+03
2.229018809601675457e+03
2.229022476284741970e+03
2.229294810836102442e+03
2.229298377518721736e+03
2.235712072870906013e+03
2.235925507158833170e+03
2.238769486545315431e+03
2.238772853227039832e+03
2.238788086628504971e+03
2.238792719982561266e+03
2.238827953473478374e+03
2.238830953486895396e+03
2.240024158823556263e+03
2.240112325884553229e+03
2.240116425902891024e+03
2.243222506461631838e+03
2.244342678138312749e+03
2.244346511488790838e+03
2.244727113191047920e+03
2.246077052562040535e+03
2.248456529871018120e+03
2.248979498876685739e+03
2.249321133737994842e+03
2.250429672029311860e+03
2.252227513403565354e+03
2.254401423126466398e+03
2.254419356540007811e+03
2.254422956556109057e+03
2.254437223286583958e+03
2.254732591274296283e+03
2.255614628552577869e+03
2.255816929457377228e+03
2.256210664551706941e+03
2.257969039082776362e+03
2.260145582150789323e+03
2.261739455946122234e+03
2.261742989295258667e+03
2.261746755978771944e+03
2.263262629425245450e+03
2.270566895427210966e+03
2.274391312532075517e+03
2.274393879210221257e+03
2.275267416450486508e+03
2.275270549797833610e+03
2.275273416477321462e+03
2.276772656516068309e+03
2.278843599111777621e+03
2.278846865793055258e+03
2.281096542521494030e+03
2.282513615526078411e+03
2.288544642500096415e+03
2.288717843274744155e+03
2.288782176895811972e+03
2.288792810276703676e+03
2.292795828180367153e+03
2.292815228267135353e+03
2.292952662215147484e+03
2.293376297443207022e+03
2.293438964390154069e+03
2.293488197943686373e+03
2.293581498360976639e+03
2.293624465219813828e+03
2.293627531900197027e+03
2.293632598589524605e+03
2.297577516233332062e+03
2.299061022868376767e+03
2.299377290949565577e+03
2.301809035158975803e+03
2.302290970647785798e+03
2.302291470650021438e+03
2.302296237338007813e+03
2.302678872382691679e+03
2.303521009482518366e+03
2.308599832197763135e+03
2.310426640368238623e+03
2.315595830154320993e+03
2.315599196836045394e+03
2.316280499883201173e+03
2.316285599906011612e+03
2.320276584422521410e+03
2.322298793466935422e+03
2.324669004067800415e+03
2.324673637421856711e+03
2.325204939798129089e+03
2.325353473795786158e+03
2.326557112512443837e+03
2.326579179277804997e+03
2.327341549354203380e+03
2.327531250202648152e+03
2.327629917310607652e+03
2.328451120983474993e+03
2.350338018873533201e+03
2.350340618885161348e+03
2.350351852268736820e+03
2.360455297456814151e+03
2.362359272639088431e+03
2.363639411697896776e+03
2.363642111709973051e+03
2.364554582457702963e+03
2.364557682471567659e+03
2.364587749272709516e+03
2.364593449298203268e+03
2.364596915980374433e+03
2.365108984937290643e+03
2.365452919808886691e+03
2.368437199822869843e+03
2.368569133746282660e+03
2.372351650663746568e+03
2.372354450676269607e+03
2.372358517361124996e+03
2.378089276325515129e+03
2.378228310280683672e+03
2.379466482485126562e+03
2.387572652073639347e+03
2.387848919975925583e+03
2.388357322249776189e+03
2.388364288947601835e+03
2.388589989957058606e+03
2.391206601659962871e+03
2.393158310389061171e+03
2.393217743988213897e+03
2.393461511745141706e+03
2.401689248544035308e+03
2.408216611071268289e+03
2.408222911099445355e+03
2.411227091202431893e+03
2.411272258071109263e+03
2.411422358742440792e+03
2.411426792095602650e+03
2.411439592152851219e+03
2.411447458854702290e+03
2.428212800505054020e+03
2.428215400516682621e+03
2.428218833865371835e+03
2.430399110283415212e+03
2.430403576970059476e+03
2.433912592664277327e+03
2.449873497383418453e+03
2.449876064061564193e+03
2.449906697531907412e+03
2.449943697697392054e+03
2.449960697773425636e+03
2.449964531123904180e+03
2.449979864525816538e+03
2.450022431382865307e+03
2.450330232759519731e+03
2.450395833052919443e+03
2.455040453826178691e+03
2.464860931082003390e+03
2.464886631196948201e+03
2.465336299874776614e+03
2.468259846283792285e+03
2.468273313010689890e+03
2.475433178366817629e+03
2.480960369754076510e+03
2.481302337950210131e+03
2.483063312492908153e+03
2.483066712508114961e+03
2.488893805236695698e+03
2.488897671920655739e+03
2.488901038602380140e+03
2.491950085572702392e+03
2.491953652255321231e+03
2.492830289509451177e+03
2.494316329489160125e+03
2.494319596170436853e+03
2.494323729522257054e+03
2.504703809280927089e+03
2.504713542657793369e+03
2.504847243255774629e+03
2.516795196693491562e+03
2.516797496703778506e+03
2.516800563384161251e+03
2.522238187704161192e+03
2.522240587714895355e+03
2.522243754395724864e+03
2.522729123233224072e+03
2.524193296448465844e+03
2.530449824431046636e+03
2.530454591119032102e+03
2.530463824493662742e+03
2.551174483789611259e+03
2.551346484558891916e+03
2.551348717902213593e+03
2.551355517932627208e+03
2.557744513174339772e+03
2.557840013601469309e+03
2.559020218879986260e+03
2.563448405351900419e+03
2.563949174258277253e+03
2.566435052043134874e+03
2.572679179970255518e+03
2.572700880067310663e+03
2.572722346829988055e+03
2.572785747113548496e+03
2.572788413792141910e+03
2.573629317553118653e+03
2.573669617733362884e+03
2.573670751071765608e+03
2.573672751080710441e+03
2.576933165663049749e+03
2.577950603546916227e+03
2.577953936895158222e+03
2.578846674221295871e+03
2.578850040903020727e+03
2.578853540918674298e+03
2.578856840933433887e+03
2.579416476769761630e+03
2.580509414991306585e+03
2.581921387973080982e+03
2.582824925347522367e+03
2.583209060398915881e+03
2.585033068556867875e+03
2.585361503359139078e+03
2.585365670044441686e+03
2.586568942092792440e+03
2.586572542108893686e+03
2.586575575455794024e+03
2.586626842351753567e+03
2.586630009032583530e+03
2.586656675818518579e+03
2.595749316485730560e+03
2.596137718222873900e+03
2.597729692009708742e+03
2.600376070512413207e+03
2.600385403887490611e+03
2.600596438164683150e+03
2.600603371529026390e+03
2.603382650626133909e+03
2.603393617341849676e+03
2.604842357154732326e+03
2.604845490502079429e+03
2.606940866540402112e+03
2.606944499889985764e+03
2.608501740188140502e+03
2.608512240235103036e+03
2.616473675842953071e+03
2.618391684421326318e+03
2.620947262517921899e+03
2.620949795862585688e+03
2.620952595875108727e+03
2.623381673405925085e+03
2.623614374446690363e+03
2.630626505808738330e+03
2.640039814576818571e+03
2.648465218926455691e+03
2.651548066047950215e+03
2.681511033391896490e+03
2.691338544012511647e+03
2.691341744026824017e+03
2.691736345791696749e+03
