1.139449118501871716e+01
1.321893267824222917e+01
1.467433918760815104e+01
1.494580706842616458e+01
1.941332704959440392e+01
1.941796040365060705e+01
2.000319635447597832e+01
2.017956380995339671e+01
2.018246382292382535e+01
2.018899718547789490e+01
2.503338551887212304e+01
3.278842020358609943e+01
3.353065685660362050e+01
3.472062884546931372e+01
3.724687347753645383e+01
4.108199063025683273e+01
4.108709065306689467e+01
4.184132735975514805e+01
4.184499404282120594e+01
4.216332879991993821e+01
4.228789602371867318e+01
4.260216409596231557e+01
5.077000062694965266e+01
6.491353055113997073e+01
6.552626662496079746e+01
7.192389523861986333e+01
7.390883744968948577e+01
1.018524957621925324e+02
1.116170727680011510e+02
1.157909914360253509e+02
1.163458605843672728e+02
1.227391225118294926e+02
1.305946576460358983e+02
1.404756685059330721e+02
1.437833499663421435e+02
1.487496721784240208e+02
1.497754100994127100e+02
1.532757257547195309e+02
1.576391119368117302e+02
1.581679809688670559e+02
1.581702809791539153e+02
1.630328693939488005e+02
1.630352027377180946e+02
1.632213702370266333e+02
1.677811906310122652e+02
1.692516305409490371e+02
1.708570043877167564e+02
1.713296731684141321e+02
1.747287217041328802e+02
1.756547591792071898e+02
1.775121674865428076e+02
1.837308953000606664e+02
1.884924165961619451e+02
1.935110057086763788e+02
1.945394436417409736e+02
1.945417103185454835e+02
1.996779999574803526e+02
2.061205287719574812e+02
2.065783641529785086e+02
2.067348315194519444e+02
2.173480456541586250e+02
2.180633821868642315e+02
2.231059047397553172e+02
2.241594761185636173e+02
2.267182542294714267e+02
2.297587011613296397e+02
2.317265766294008813e+02
2.317362433393023196e+02
2.428452930249873418e+02
2.450137693902544243e+02
2.471897124555832761e+02
2.472371126675827213e+02
2.472398126796585984e+02
2.473451798175841532e+02
2.477999151847402572e+02
2.527747707683213605e+02
2.595917012573254397e+02
2.609211072031486083e+02
2.629896831216067881e+02
2.734539965903491066e+02
2.734997967951923670e+02
2.735310636017011348e+02
2.737727313492368353e+02
2.823429696799829003e+02
2.882073292419073596e+02
2.918780789928210879e+02
3.002065162421017703e+02
3.057863411981001036e+02
3.155752183125919714e+02
3.155793849978942944e+02
3.321733592151315975e+02
3.321776592343636025e+02
3.340031007320596927e+02
3.372919821083846159e+02
3.460052544121893447e+02
3.481493973352907574e+02
3.564688678778008466e+02
3.564717345572888121e+02
3.605007525772388703e+02
3.657600094328164460e+02
3.657639761172242174e+02
3.661160443585307576e+02
3.661253444001255843e+02
3.680401196307037708e+02
3.684467881162121330e+02
3.693140919952646755e+02
3.693171586756471925e+02
3.777301963033065704e+02
3.777591630995283936e+02
3.788483013040774949e+02
3.895316490857931626e+02
3.895415491300714734e+02
3.998086617168246448e+02
4.072334282577339764e+02
4.079068312695569034e+02
4.086694680138146509e+02
4.086722013593730480e+02
4.170064053011121246e+02
4.245049055051317168e+02
4.266234149802530737e+02
4.307470667567898772e+02
4.307501667706548005e+02
4.307977336500663341e+02
4.308626672738179764e+02
4.328792762931853986e+02
4.329001430531794767e+02
4.333652784668502136e+02
4.397574070559102211e+02
4.397605404032576075e+02
4.408232118227662681e+02
4.408842454290748947e+02
4.423624187069328286e+02
4.424726525332915230e+02
4.445699285801121619e+02
4.504672549561487358e+02
4.504785216732062736e+02
4.533827013289367756e+02
4.539623039212334561e+02
4.590225598867712620e+02
4.612552365391767353e+02
4.662013919943953510e+02
4.714306820492784595e+02
4.733671240434288165e+02
4.738580595724916975e+02
4.797924861144603028e+02
4.798296862808395531e+02
4.808986243950429298e+02
4.809276578582296224e+02
4.847357748901908394e+02
4.865366496113443304e+02
4.879210891366408305e+02
4.879265891612399173e+02
4.879293558402806639e+02
4.879359225363170935e+02
4.885909587993272680e+02
4.933967469600806339e+02
4.934208804013517806e+02
4.992043729349284718e+02
4.992102062943517353e+02
5.028243557921184674e+02
5.043248291697145191e+02
5.043286958536750717e+02
5.046946974906325636e+02
5.071360750764616796e+02
5.170141525899059616e+02
5.184197588765382534e+02
5.193968965801605009e+02
5.238027829523365426e+02
5.238067829702268909e+02
5.297487428792220499e+02
5.361327047650895565e+02
5.437399721222412836e+02
5.454570798020764641e+02
5.477162899064874182e+02
5.477342899869934172e+02
5.493463638637273334e+02
5.515566070824650069e+02
5.515613404369685213e+02
5.515645071177982572e+02
5.516853076580837296e+02
5.516969077099654442e+02
5.517133077833153720e+02
5.564852624594137751e+02
5.598610775578866878e+02
5.626729234673173323e+02
5.710969944776574039e+02
5.764680184997848755e+02
5.793537980732202186e+02
5.810163388423360402e+02
5.871151327861113032e+02
5.928832919177754093e+02
5.972485447748830438e+02
6.035154728039783549e+02
6.096078000521644071e+02
6.105503042675535426e+02
6.106351046468267896e+02
6.145602555355601453e+02
6.180075042868563742e+02
6.211991518949658939e+02
6.212028852449967644e+02
6.212820522657411857e+02
6.326598364866858901e+02
6.408688065349779208e+02
6.443282553408395188e+02
6.509870851227315143e+02
6.509900518026668124e+02
6.510005851831111841e+02
6.530026274706615368e+02
6.641807441319182317e+02
6.653603494077516416e+02
6.666477551657272898e+02
6.666635552363937904e+02
6.666674219203543998e+02
6.678864607058891352e+02
6.704291720782711081e+02
6.743384895628555569e+02
6.743483229401690551e+02
6.743513896205515721e+02
6.744329899855126769e+02
6.747000578466513616e+02
6.800843819282639515e+02
6.806803512604280968e+02
6.834259968737751478e+02
6.842803673616492688e+02
6.842869340576858121e+02
6.849004701350845608e+02
6.920328687016994991e+02
6.920372353878963168e+02
6.920540021295529414e+02
6.920940356419378077e+02
6.921306358056335739e+02
6.921966694343050222e+02
6.921992027789688109e+02
6.922307695868194060e+02
6.922339029341666219e+02
6.926228713405107555e+02
6.929199393358262569e+02
6.951352159104092152e+02
6.956893850556202779e+02
6.990623001411228188e+02
7.013663771128692588e+02
7.026907830363296625e+02
7.125912606499593949e+02
7.160024092397960658e+02
7.238077774829623650e+02
7.239416780818382904e+02
7.239456114327637124e+02
7.250770164930197552e+02
7.250796498381308766e+02
7.250841498582573195e+02
7.286580658427446906e+02
7.289004002599286878e+02
7.299911051381515108e+02
7.304261070837156922e+02
7.320051474793725674e+02
7.352507619955181326e+02
7.356441304215412629e+02
7.356488637760447773e+02
7.356874972821681240e+02
7.360608322852576748e+02
7.360636656312632340e+02
7.415328900925961761e+02
7.417505243993081194e+02
7.417607577784106070e+02
7.421414594811146799e+02
7.435217989880737832e+02
7.435753992278030182e+02
7.441662352036747734e+02
7.459986433991962258e+02
7.460087101108867955e+02
7.460126767952946238e+02
7.570915263459082780e+02
7.594552702511841744e+02
7.604061411706604758e+02
7.609643103337617731e+02
7.619657481460671988e+02
7.746259381026247866e+02
7.757448097734912835e+02
7.833511771266179267e+02
7.844527487201090707e+02
7.887870014385673585e+02
7.981426432820632044e+02
8.013284241972670543e+02
8.022886618253029383e+02
8.077457862325179576e+02
8.120427054506671993e+02
8.179863987007481683e+02
8.183480336515088993e+02
8.196178726642498304e+02
8.278430761184796438e+02
8.312213578946516463e+02
8.352831093943368614e+02
8.367776494120623738e+02
8.367883827934011833e+02
8.407354671135659601e+02
8.407470004984829757e+02
8.424577414831762781e+02
8.457398561625700495e+02
8.478796990664394571e+02
8.501846093752463958e+02
8.533953570687817773e+02
8.598090524209667365e+02
8.665491492329956600e+02
8.665520825794484381e+02
8.706238341238592966e+02
8.706320341605343174e+02
8.713699374608374910e+02
8.744641846333194053e+02
8.744792180338902199e+02
8.756009563842449097e+02
8.776400321707624244e+02
8.794946404655748893e+02
8.795662074523279443e+02
8.828560221661606420e+02
8.829165224367504834e+02
8.829186557796252828e+02
8.829225557970682985e+02
8.829268224828178973e+02
8.829290224926576229e+02
8.829344558502917835e+02
8.829367558605786144e+02
8.829395225396194746e+02
8.829419892173184508e+02
8.829446892293943847e+02
8.829472559075405798e+02
8.829498892526515874e+02
8.844332292202844883e+02
8.844589293352292998e+02
8.854718005320042948e+02
8.880202119298799062e+02
8.880232786102624232e+02
8.880287786348616237e+02
8.886028145355942343e+02
8.886053145467756167e+02
8.886080478923339570e+02
8.934908030639921890e+02
8.934984030979835552e+02
8.942624398485029360e+02
9.028284114934994022e+02
9.029617787566567131e+02
9.048475871910130763e+02
9.071592975302332889e+02
9.129902569427742947e+02
9.130076570205968665e+02
9.130223904198259106e+02
9.130331571346471264e+02
9.130373238199495063e+02
9.133883920567833457e+02
9.134727591007851970e+02
9.149103655305394796e+02
9.174233434366040001e+02
9.291420291822449826e+02
9.331601138199616798e+02
9.334454484294657277e+02
9.368191968520287674e+02
9.381443027786199309e+02
9.381476361268618120e+02
9.402245787494071010e+02
9.402370121383493142e+02
9.402465121808386357e+02
9.402566122260114980e+02
9.465387403230896552e+02
9.481941810604503189e+02
9.550155782360985768e+02
9.555907141417509365e+02
9.694631761869123920e+02
9.694675428731092097e+02
9.695241764597385554e+02
9.697397440905405119e+02
9.697429774383350605e+02
9.700717122419483758e+02
9.702811131785027783e+02
9.733461268869036758e+02
9.749206339289515881e+02
9.910279393028756658e+02
9.918349762457150973e+02
9.943821209712588143e+02
9.998436787316355776e+02
1.003566162047263106e+03
1.003996697306183250e+03
1.004547999771906348e+03
1.004567399858674094e+03
1.004577599904294175e+03
1.004717833864829686e+03
1.004795300877970817e+03
1.005312936526451040e+03
1.005982006185559385e+03
1.005985306200318860e+03
1.005994272907089567e+03
1.005997572921849041e+03
1.006256340745865486e+03
1.006467008354751783e+03
1.006851043405697851e+03
1.007861614592185902e+03
1.009189320530405780e+03
1.009654589278006256e+03
1.010017857569405351e+03
1.010036624320007149e+03
1.010125091382346341e+03
1.010434959434910752e+03
1.010665927134589992e+03
1.010674027170817681e+03
1.012459601823540993e+03
1.012839003520430879e+03
1.013587073532871614e+03
1.013591073550761962e+03
1.015911950597647206e+03
1.017936692986724893e+03
1.018549329060098444e+03
1.018556862427124997e+03
1.021365508322243500e+03
1.021376308370547122e+03
1.023664851939486425e+03
1.024665356414284133e+03
1.024674923123738381e+03
1.025602527272486441e+03
1.027333268346630803e+03
1.027602336216714775e+03
1.028441739970982781e+03
1.028722174558571396e+03
1.029478077939380682e+03
1.029482444625577500e+03
1.038387517787219394e+03
1.038690919144194595e+03
1.041091663214955361e+03
1.042575403184377137e+03
1.046217586140857975e+03
1.054235788669267777e+03
1.062317791483026895e+03
1.062320691495997380e+03
1.073697209044610190e+03
1.073899143281102852e+03
1.073904309970877648e+03
1.076308520723809806e+03
1.079255467237483572e+03
1.081203009281279265e+03
1.081252609503118492e+03
1.085551528730212794e+03
1.085557495423565797e+03
1.086432699337951590e+03
1.086437166024595626e+03
1.088127140249742297e+03
1.088248174124404613e+03
1.088297374344454511e+03
1.088299341019917165e+03
1.088321141117419074e+03
1.088362374635171136e+03
1.089298278821041322e+03
1.090116649147902990e+03
1.090135515898952008e+03
1.093036628874300050e+03
1.098037051238896311e+03
1.098244785501329716e+03
1.102607605014220781e+03
1.107018758076618951e+03
1.119540014078455442e+03
1.119623647785843787e+03
1.119691248088189013e+03
1.119761248401268176e+03
1.121550423070092847e+03
1.126237210698611307e+03
1.129235590775657329e+03
1.129260457553541528e+03
1.129263190899099754e+03
1.129273757613026646e+03
1.129370558045970483e+03
1.129398224836378176e+03
1.129401358183725279e+03
1.129423458282569072e+03
1.129436758342054191e+03
1.129440925027356570e+03
1.129443358371573140e+03
1.129725859635071629e+03
1.131582067937040165e+03
1.131585601286176598e+03
1.131600001350581351e+03
1.131632301495045340e+03
1.131667101650690256e+03
1.131677568364169701e+03
1.131695035108957200e+03
1.131715301866267737e+03
1.131734735286517889e+03
1.131737635299488147e+03
1.131752035363893128e+03
1.131763635415774843e+03
1.131800168912505796e+03
1.131835969072623584e+03
1.131892769326665075e+03
1.131896569343660758e+03
1.131902002701294805e+03
1.131962402971437768e+03
1.132061703415563215e+03
1.132065236764699421e+03
1.132083070177793388e+03
1.138334564804528782e+03
1.139346835998620463e+03
1.141339511577611120e+03
1.146571768312429640e+03
1.146594335080026895e+03
1.146734435706632894e+03
1.146750435778194060e+03
1.146754435796084181e+03
1.146815602736322489e+03
1.146817969413574247e+03
1.147160704279803440e+03
1.147164370962869498e+03
1.147173271002675392e+03
1.148713844559620838e+03
1.149714949037102315e+03
1.150138984266950729e+03
1.150190917832559080e+03
1.151043721646759423e+03
1.156150744488130613e+03
1.156174677928507435e+03
1.156243911571491026e+03
1.156326078605653265e+03
1.156352012054974921e+03
1.156376112162763775e+03
1.156530812854668966e+03
1.156656780084729235e+03
1.156688846894815924e+03
1.159947361468657618e+03
1.159959361522328209e+03
1.160000695040527489e+03
1.160022528471511578e+03
1.160025895153236206e+03
1.160028861833171277e+03
1.160316763120821861e+03
1.160322463146315386e+03
1.160617097797414317e+03
1.160619864476455177e+03
1.160626131171149837e+03
1.160638331225715092e+03
1.160640531235554818e+03
1.160680031412220842e+03
1.160715798238855996e+03
1.160737598336357905e+03
1.161130333426215202e+03
1.161179566979747733e+03
1.161415234700448082e+03
1.161858103347863334e+03
1.161861670030481946e+03
1.169090269027357181e+03
1.169094802380966030e+03
1.169109902448501771e+03
1.169112335792718341e+03
1.169127402526771448e+03
1.169585471242169660e+03
1.170098040201321965e+03
1.170110173588922635e+03
1.174777527797190942e+03
1.174999628790546694e+03
1.177351072640810344e+03
1.177532306784720731e+03
1.177546740182608119e+03
1.177552040206312540e+03
1.177722274301024981e+03
1.177725674316231789e+03
1.179067980319751086e+03
1.179479282159315517e+03
1.182769096873148101e+03
1.182774530230782375e+03
1.183961502206230534e+03
1.184726305626845487e+03
1.186332846145497797e+03
1.186789648188563888e+03
1.187365350763417609e+03
1.187377950819771740e+03
1.187381217501048695e+03
1.187389684205583080e+03
1.187391817548457993e+03
1.187497384687278100e+03
1.187676685489208239e+03
1.190350797449284755e+03
1.192274206051809415e+03
1.192276506062096360e+03
1.193426644539471681e+03
1.193452277987451680e+03
1.193455211333904572e+03
1.193510411580789878e+03
1.193539345043529238e+03
1.193830413012009558e+03
1.193840913058971410e+03
1.194127247672948215e+03
1.194133381033713476e+03
1.196771659500189799e+03
1.196819926382732092e+03
1.197056160772633575e+03
1.197428829106074772e+03
1.197436095805242076e+03
1.197813030824432644e+03
1.197822264199062829e+03
1.197836497596055551e+03
1.197838697605895049e+03
1.197843497627363604e+03
1.197845664303720923e+03
1.197848564316691181e+03
1.197850897660460532e+03
1.197853031003335218e+03
1.197855331013622163e+03
1.197857964358733170e+03
1.197860397702949740e+03
1.198034631815552530e+03
1.198309299710682581e+03
1.198419566870523795e+03
1.198493267200151649e+03
1.198578100912907303e+03
1.198584300940636922e+03
1.198626934464650503e+03
1.198649601232695204e+03
1.198657901269817557e+03
1.198661434618953990e+03
1.200631943432136268e+03
1.200635043446001191e+03
1.200754610647436948e+03
1.200800877521034181e+03
1.200816777592148128e+03
1.200832144327542892e+03
1.200892411263756230e+03
1.203364055651621356e+03
1.203595756687913763e+03
1.204912495910417874e+03
1.204917229264921389e+03
1.205129296880069205e+03
1.205142330271694846e+03
1.205149263636037858e+03
1.205152330316420375e+03
1.205170697065233298e+03
1.205307264342702865e+03
1.205924767104509556e+03
1.209387515925130401e+03
1.209467282948558250e+03
1.209474916316032250e+03
1.211107923619724943e+03
1.213707501913113447e+03
1.213723301983779720e+03
1.214295237875120165e+03
1.214807840167755103e+03
1.214908973953413579e+03
1.214911507298077368e+03
1.214926207363824005e+03
1.215756644411321304e+03
1.218516956756932814e+03
1.218528656809261975e+03
1.218595857109817871e+03
1.218613657189429432e+03
1.218618657211792424e+03
1.218647290673189900e+03
1.218650057352230760e+03
1.218666157424238918e+03
1.218672857454205086e+03
1.218696124224933328e+03
1.218708524280393249e+03
1.218716624316620937e+03
1.221392336283853638e+03
1.221436403147611145e+03
1.221502736777624477e+03
1.221523436870206297e+03
1.221680837574187535e+03
1.222685475400805217e+03
1.222692042096841760e+03
1.223623112927761213e+03
1.223626579609932833e+03
1.223630079625586632e+03
1.223659713091456979e+03
1.223662146435673549e+03
1.224619617384668572e+03
1.225090686158210019e+03
1.226145990878103930e+03
1.226151990904939566e+03
1.226154457582638315e+03
1.226448225563194455e+03
1.226569126103927147e+03
1.228204566751836410e+03
1.228220833491256826e+03
1.229516205951530765e+03
1.229521772643094664e+03
1.229525739327502379e+03
1.230677377811586439e+03
1.232905087775111724e+03
1.232912921143480162e+03
1.234608028724918995e+03
1.234621628785745770e+03
1.234624362131303997e+03
1.235675133497589286e+03
1.235684466872666462e+03
1.235743767137889336e+03
1.236321403054723305e+03
1.236324136400281759e+03
1.236588570916309209e+03
1.238712680416477042e+03
1.238741980547523099e+03
1.238834047625963649e+03
1.238943981450980345e+03
1.240620622283159491e+03
1.241081991013317065e+03
1.241085557695935677e+03
1.241165724721152628e+03
1.241264925164830856e+03
1.241268291846555030e+03
1.241581226579501845e+03
1.242545064223639201e+03
1.242573697685036677e+03
1.242939865989406371e+03
1.243037399758963375e+03
1.243364001219702004e+03
1.243895636930798219e+03
1.246549848801870667e+03
1.246553282150559880e+03
1.246568082216753737e+03
1.248375623634391104e+03
1.249249527542962596e+03
1.251407903863056617e+03
1.251531604416312575e+03
1.253186145149647928e+03
1.253593146969980353e+03
1.253891581638075195e+03
1.254649618361759167e+03
1.254652718375623863e+03
1.254681585171398638e+03
1.254685851857148236e+03
1.255006053289262354e+03
1.256099124844736934e+03
1.256105224872019562e+03
1.257897432887744117e+03
1.257899566230618802e+03
1.258556669169539191e+03
1.258843870454058788e+03
1.258846570466134608e+03
1.258919870793973359e+03
1.258993004454400079e+03
1.259033604635985967e+03
1.259059038083071528e+03
1.259059071416553934e+03
1.259814508128609305e+03
1.259818841481323716e+03
1.259913908573181743e+03
1.259944542043524507e+03
1.259953708751189652e+03
1.259973442172781688e+03
1.260769812401247236e+03
1.260791912500090802e+03
1.260800912540343916e+03
1.260881546234314783e+03
1.261222447759010947e+03
1.261225414438946018e+03
1.261709449937148293e+03
1.261830283810916171e+03
1.261972384446467231e+03
1.262161851960534932e+03
1.262283119169574320e+03
1.263459157762789118e+03
1.264196194392549387e+03
1.264208527781044268e+03
1.264211294460084900e+03
1.267235141317698663e+03
1.267240308007473459e+03
1.267245208029389232e+03
1.267263208109895231e+03
1.267286541547588286e+03
1.267289174892699521e+03
1.268310879462315370e+03
1.268337312913873347e+03
1.268398346520182031e+03
1.268407379893917550e+03
1.268837181816224529e+03
1.268914448828471222e+03
1.268916648838310721e+03
1.268923582202653733e+03
1.268942848955491854e+03
1.269323350657301489e+03
1.269465584626782174e+03
1.269504484800764885e+03
1.271035624982185936e+03
1.271107258635903918e+03
1.271250392609409801e+03
1.271298959493293751e+03
1.271730761424545790e+03
1.271733561437069056e+03
1.271951729079499501e+03
1.271954695759434799e+03
1.271969762493488133e+03
1.271977295860514687e+03
1.272258430451234062e+03
1.274425973478993683e+03
1.274437540197392764e+03
1.274463040311443137e+03
1.274476173703515997e+03
1.274660607861738754e+03
1.276097580955327203e+03
1.276103514315197799e+03
1.276666416832802497e+03
1.276956851465116642e+03
1.277711554840558847e+03
1.277816455309730600e+03
1.277840455417072235e+03
1.277865088860579363e+03
1.277871688890098540e+03
1.278116623318911024e+03
1.278210823740226260e+03
1.278249390579384908e+03
1.279265261789577607e+03
1.280423766971040095e+03
1.280427800322412850e+03
1.281109003369121638e+03
1.281141536847962243e+03
1.281148203544446005e+03
1.282538043093894430e+03
1.284981387355185916e+03
1.284984120700744597e+03
1.285008320808980216e+03
1.286052825480570846e+03
1.286833995641053434e+03
1.286836862320541286e+03
1.288522636526902943e+03
1.289148305991902362e+03
1.289176606118475775e+03
1.290312177864034084e+03
1.290321677906523519e+03
1.290325811258343492e+03
1.290367211443507358e+03
1.290391311551296212e+03
1.290465011880924067e+03
1.290468478563095687e+03
1.290471745244372642e+03
1.290634312638128677e+03
1.290751113160523801e+03
1.290839346888486261e+03
1.290844746912638129e+03
1.290848580263115991e+03
1.292681388460426888e+03
1.293457658598993703e+03
1.293505058810993205e+03
1.293507892156998651e+03
1.293518125536101479e+03
1.293530192256736882e+03
1.296492838840629929e+03
1.296630906124808234e+03
1.296655406234385964e+03
1.296679373008244966e+03
1.296795040192238048e+03
1.296812306936130653e+03
1.296815406949995804e+03
1.297663744077552110e+03
1.298920483031702361e+03
1.300071021510866785e+03
1.300743257850804866e+03
1.300745957862880914e+03
1.300767991294759668e+03
1.302839700560565234e+03
1.303905605327868443e+03
1.303909238677452095e+03
1.304383007463069362e+03
1.304388640821598074e+03
1.305135044159917925e+03
1.305263078065888067e+03
1.306828085065446885e+03
1.306853351845120415e+03
1.306953652293718051e+03
1.307024685944752491e+03
1.307029085964431715e+03
1.307281887095095271e+03
1.307304853864481856e+03
1.310014032648062766e+03
1.310025366032085003e+03
1.310032366063393056e+03
1.310624268710702381e+03
1.312789611728621821e+03
1.313261013836987331e+03
1.313264180517817067e+03
1.313272080553150317e+03
1.313431981268312938e+03
1.313604715374206762e+03
1.314604986514627399e+03
1.314622286592002638e+03
1.314951354730440244e+03
1.315750158303122362e+03
1.315773791742157300e+03
1.315834425346676881e+03
1.315838058696260532e+03
1.316244493847391823e+03
1.317413532409298796e+03
1.317910334631267233e+03
1.318322003139138360e+03
1.318468270459991800e+03
1.318473537150214042e+03
1.318702604841395214e+03
1.320377512332488322e+03
1.321323316562637046e+03
1.321347216669531235e+03
1.323140358022763621e+03
1.323154691420203790e+03
1.323266425253271336e+03
1.323560226567309883e+03
1.324434930479459354e+03
1.324437230489746071e+03
1.325106733484125925e+03
1.326101204598606046e+03
1.329505953159818318e+03
1.330182522852471038e+03
1.330348223593574176e+03
1.331176127296407913e+03
1.331178327306247638e+03
1.331201960745282349e+03
1.331831096892453388e+03
1.332087931374489472e+03
1.332106431457231793e+03
1.332177398441301420e+03
1.332179865119000397e+03
1.332324299098320807e+03
1.332493066519806689e+03
1.332511099933795094e+03
1.333720972011664799e+03
1.333725172030449585e+03
1.333894639455066454e+03
1.340051566992179914e+03
1.340357035025064988e+03
1.344375819665912331e+03
1.346109327419097781e+03
1.346815230576278736e+03
1.348159569922225728e+03
1.348165369948166472e+03
1.348525838227042414e+03
1.350736648114981108e+03
1.351435184572547769e+03
1.351566785161136750e+03
1.351666385606604081e+03
1.355629636665742055e+03
1.355632670012642166e+03
1.355712837037859117e+03
1.355720670406227555e+03
1.355725670428590092e+03
1.355733937132230039e+03
1.355828670889264004e+03
1.355867637730211527e+03
1.355910371254672327e+03
1.355913271267642585e+03
1.358784484109261257e+03
1.358826684298003329e+03
1.358848317728092979e+03
1.358923851399253863e+03
1.358928918088581440e+03
1.359513120701451953e+03
1.359697188191368014e+03
1.359728654998771162e+03
1.360066689843979475e+03
1.360682759266042240e+03
1.361774897484008989e+03
1.362371833487163258e+03
1.362647668054178212e+03
1.362656568093984106e+03
1.363791506503376240e+03
1.364085174483485162e+03
1.365926882720601498e+03
1.365946282807369471e+03
1.365950016157400114e+03
1.365975716272344926e+03
1.365980849628637543e+03
1.366117316905659891e+03
1.366121383590514824e+03
1.374266786687834383e+03
1.374269420032945391e+03
1.374289086787572614e+03
1.374998856628714293e+03
1.375001456640342894e+03
1.375023756740080898e+03
1.375029623432986455e+03
1.375091190375014094e+03
1.375093557052265623e+03
1.375122157180180920e+03
1.375177757428855330e+03
1.375197190849105482e+03
1.375202524206292537e+03
1.375925227438612637e+03
1.375928060784618310e+03
1.375931394132860305e+03
1.376082594809111470e+03
1.376085394821634736e+03
1.377612334984271229e+03
1.378770273496532354e+03
1.380506581262240843e+03
1.381189717650930106e+03
1.381267584665859886e+03
1.381274418029755907e+03
1.381841653900075244e+03
1.382099288385689533e+03
1.382914858700028162e+03
1.384982634614908193e+03
1.385293702672839572e+03
1.388004248129199823e+03
1.388008014812713327e+03
1.388103915241631967e+03
1.388224382447092921e+03
1.388226982458721750e+03
1.391581064126657793e+03
1.392997237127216749e+03
1.393002937152710274e+03
1.393027570596217856e+03
1.394078908631704053e+03
1.394844778723756463e+03
1.396392585646387033e+03
1.396395452325875112e+03
1.396398919008046505e+03
1.398816796488770478e+03
1.399448132645780788e+03
1.401778876403462391e+03
1.401903410293778734e+03
1.402225478400908287e+03
1.402256578540004966e+03
1.403043248725086414e+03
1.403045982070644868e+03
1.405283225410141767e+03
1.405978928521702755e+03
1.405991695245469145e+03
1.406009595325528153e+03
1.406165229354940948e+03
1.407021366517383285e+03
1.407237734151763107e+03
1.407241167500452320e+03
1.407244534182176494e+03
1.407523435429573965e+03
1.407530235459987352e+03
1.407541068841773495e+03
1.407631402579128235e+03
1.407646569313628561e+03
1.407660302708385188e+03
1.407676536114322971e+03
1.408907974955317741e+03
1.408910574966946342e+03
1.409685111764427575e+03
1.409697078484615758e+03
1.409700278498928128e+03
1.410131080425707523e+03
1.410801216756253325e+03
1.410822083516247403e+03
1.412322190225536815e+03
1.413262427764121639e+03
1.413274594485204489e+03
1.413990397686663982e+03
1.414003964414008351e+03
1.414006697759566805e+03
1.414010997778798810e+03
1.414959102019234024e+03
1.415270270077613077e+03
1.415273170090583335e+03
1.415418770741788421e+03
1.415423737430668780e+03
1.415428570785619286e+03
1.415528937901182189e+03
1.415533637922203070e+03
1.415549637993764236e+03
1.417523813490012571e+03
1.417538380221829584e+03
1.417556513636265208e+03
1.417595547144177544e+03
1.417604613851395470e+03
1.417667580799684401e+03
1.418173916397624907e+03
1.419150087430256917e+03
1.421565264898904843e+03
1.421584631652189955e+03
1.421587031662924346e+03
1.422212101125239769e+03
1.422221601167729204e+03
1.422538435918119148e+03
1.422541402598054447e+03
1.423284872589921406e+03
1.423311206041032165e+03
1.423370872974561735e+03
1.423415639841450002e+03
1.423428873233970080e+03
1.423825975010024422e+03
1.424516444764845801e+03
1.424543078217298216e+03
1.424563811643362669e+03
1.425738416896833314e+03
1.426051818298534045e+03
1.426103318528870886e+03
1.426122685282156226e+03
1.426126618633081762e+03
1.426157918773072879e+03
1.426197052281432434e+03
1.426199418958683964e+03
1.426235885788450105e+03
1.430001602630774869e+03
1.430749239307944208e+03
1.431317408515771149e+03
1.432053311807129148e+03
1.432057678493325966e+03
1.434302855201638749e+03
1.435305293018416705e+03
1.436668732449789104e+03
1.436716132661788606e+03
1.438892142394082384e+03
1.440534949741606169e+03
1.441293619801456316e+03
1.441319353249883306e+03
1.441478553961915168e+03
1.441492454024083827e+03
1.441583954433323015e+03
1.441778721971095820e+03
1.441897289168059160e+03
1.447554781138092949e+03
1.447954982928012214e+03
1.448152750479202496e+03
1.450956696353299776e+03
1.452025767801432949e+03
1.454179344100058870e+03
1.454190044147915160e+03
1.457293391361097520e+03
1.457469758816574995e+03
1.459098699435412527e+03
1.462076746088182972e+03
1.462183479898887981e+03
1.462358347347656263e+03
1.462361014026249904e+03
1.462409214241827385e+03
1.462414780933391285e+03
1.464566590557448990e+03
1.464571757247223786e+03
1.464673224367706553e+03
1.465167093243222098e+03
1.465220326814644977e+03
1.465226393508444971e+03
1.465294193811684636e+03
1.465303927188550915e+03
1.465318860588674625e+03
1.466444165621647926e+03
1.466459532357042917e+03
1.466467699060235418e+03
1.466933767811414100e+03
1.466937867829751440e+03
1.471062419610313555e+03
1.471242787083681378e+03
1.471271487212043667e+03
1.473883532227856676e+03
1.473900865638714322e+03
1.473974632635306989e+03
1.474103866546644440e+03
1.474929470239191005e+03
1.474931703582513137e+03
1.474940403621424366e+03
1.475070670870716640e+03
1.475115571071534760e+03
1.478673620318390704e+03
1.478685387037684677e+03
1.478713753831222903e+03
1.479423790340224059e+03
1.480920297033412226e+03
1.480930797080374077e+03
1.480939797120627190e+03
1.484841247903360681e+03
1.484893114802004220e+03
1.484896281482833956e+03
1.484944815033235727e+03
1.484947781713170798e+03
1.485019282032959154e+03
1.486481988574974821e+03
1.487516126533532997e+03
1.487520759887589065e+03
1.487529893261771804e+03
1.487534059947074184e+03
1.487678160591570304e+03
1.487740427536728475e+03
1.487744027552829721e+03
1.487758360950269889e+03
1.487773227683428559e+03
1.488627598171302679e+03
1.488644564913853628e+03
1.488653464953659523e+03
1.488656064965288124e+03
1.488726198612297139e+03
1.488728665289996115e+03
1.491219476430252143e+03
1.492086246973585958e+03
1.492116680443034284e+03
1.492126213819005898e+03
1.492215114216616712e+03
1.492915417348751362e+03
1.493799087967671767e+03
1.493820821398208636e+03
1.495628662817187660e+03
1.496499600045823854e+03
1.496708434313177122e+03
1.496715501011449760e+03
1.498082040456687309e+03
1.499297045890849631e+03
1.499379646260283153e+03
1.499382179604946941e+03
1.499491913429069427e+03
1.500863352896222523e+03
1.500889153011614553e+03
1.500924819837802488e+03
1.500995520154012866e+03
1.501152454189239961e+03
1.501277654749204657e+03
1.501881057447948479e+03
1.501891857496251987e+03
1.503798732691496980e+03
1.503803466046000494e+03
1.503806799394242489e+03
1.504009233632971245e+03
1.504012333646836169e+03
1.504026100375074975e+03
1.504028700386703804e+03
1.504043467119415254e+03
1.504066433888801839e+03
1.504068767232571190e+03
1.504070967242410688e+03
1.504089067323363906e+03
1.504133100853639235e+03
1.504169167681616273e+03
1.504185834422825565e+03
1.504637169774774975e+03
1.504647336486912536e+03
1.504704770077120202e+03
1.504712303444146755e+03
1.504714736788363325e+03
1.504717870135710655e+03
1.505234105777929472e+03
1.505237105791346949e+03
1.505243572486936273e+03
1.505322506173303736e+03
1.505424239961645753e+03
1.505426739972827136e+03
1.505445106721639831e+03
1.505798208300901024e+03
1.505826241759615414e+03
1.505941475608336759e+03
1.505943708951658891e+03
1.506095009628357502e+03
1.507795083898676921e+03
1.509034656109381558e+03
1.509061022893974496e+03
1.509112023122075243e+03
1.509120523160092034e+03
1.509256590435325279e+03
1.509459758010667429e+03
1.511619767671400041e+03
1.511644667782766874e+03
1.513109341000245195e+03
1.513163907910964554e+03
1.513167574594030611e+03
1.513176407966871693e+03
1.513188641354919127e+03
1.513278908425309282e+03
1.514344713192165045e+03
1.515173783566883458e+03
1.515179583592824429e+03
1.518453631569472918e+03
1.518460298265956681e+03
1.518471531649531698e+03
1.518525131889260820e+03
1.518580598804005604e+03
1.519511136299206555e+03
1.519513969645212001e+03
1.519526136366295077e+03
1.519563836534910479e+03
1.519566469880021486e+03
1.519605836722758340e+03
1.521533512011032371e+03
1.522597483436355333e+03
1.522600250115395966e+03
1.522748150776887996e+03
1.522750450787174714e+03
1.523895689242634717e+03
1.525224528519256637e+03
1.525227861867498405e+03
1.527614672542608105e+03
1.527677072821695901e+03
1.527688939541437094e+03
1.528433076202952634e+03
1.532825029179477497e+03
1.532938463020148220e+03
1.536624846174316417e+03
1.536636346225751140e+03
1.536706513206242334e+03
1.536709079884388530e+03
1.536730379979654117e+03
1.536744213374857736e+03
1.536758380104885873e+03
1.537684017578171279e+03
1.537710384362764444e+03
1.539032556942902602e+03
1.539036156959003847e+03
1.539808827081469872e+03
1.539953027726412984e+03
1.539958227749670414e+03
1.541497167965977724e+03
1.541569468289343831e+03
1.541574468311706596e+03
1.541985170148587713e+03
1.541989236833442646e+03
1.544780082648949474e+03
1.544806449433542639e+03
1.544809216112583499e+03
1.544816216143891324e+03
1.545878087559822006e+03
1.545890620949211552e+03
1.547705195731638923e+03
1.548389298791318424e+03
1.548776867191400697e+03
1.548966134704574188e+03
1.549011034905392080e+03
1.549014401587116481e+03
1.549030334991712607e+03
1.549059701789723476e+03
1.549098935298530250e+03
1.549148402186439625e+03
1.550813976302455558e+03
1.552033915092015604e+03
1.553166253489779592e+03
1.553863856609838422e+03
1.554616093307581423e+03
1.554717893762888252e+03
1.554720960443270769e+03
1.554723793789276442e+03
1.554735493841605376e+03
1.554840760979083598e+03
1.554851927695693803e+03
1.554856927718056568e+03
1.555699931488426046e+03
1.556893570160357740e+03
1.556938270360281194e+03
1.556957603780084128e+03
1.559164313649685482e+03
1.560228751743762132e+03
1.560256285200239972e+03
1.560309185436838561e+03
1.560353785636314797e+03
1.560429319307475453e+03
1.561796458755396770e+03
1.561807925473348632e+03
1.561867292405536546e+03
1.561893859191024376e+03
1.561896292535240946e+03
1.561900725888402576e+03
1.561902692563865230e+03
1.561904759239775331e+03
1.562111926833007374e+03
1.562116360186169004e+03
1.564748538625362926e+03
1.564956406221726184e+03
1.565081673448655692e+03
1.565317941172039582e+03
1.566017544301043472e+03
1.566837914636850428e+03
1.566862614747322596e+03
1.567036948860372604e+03
1.567045215564012324e+03
1.567658718307928893e+03
1.567680985074184719e+03
1.567747818706434145e+03
1.568496288720664097e+03
1.569616127062520491e+03
1.570080762473955247e+03
1.570086962501684866e+03
1.570180062918080466e+03
1.570210663054940824e+03
1.570354297030683028e+03
1.573095775958727700e+03
1.576609491673966886e+03
1.578042231415288143e+03
1.578353666141526446e+03
1.582873786357951303e+03
1.583087553980702296e+03
1.583102754048685256e+03
1.583186587756968493e+03
1.584153458748005733e+03
1.584393426487938086e+03
1.584395859832154656e+03
1.584410059895664745e+03
1.584469426827852658e+03
1.584472693509129613e+03
1.584516027036273954e+03
1.584650594304798233e+03
1.584674694412587087e+03
1.585645098752760759e+03
1.585660898823427260e+03
1.585667965521699898e+03
1.585670965535117602e+03
1.586208634606531632e+03
1.587963809123288911e+03
1.587967475806354969e+03
1.589256981573722896e+03
1.590587220856606564e+03
1.593011631699884674e+03
1.593032465126396346e+03
1.593141965616141761e+03
1.593210299255100153e+03
1.593790068514809036e+03
1.595354375511236867e+03
1.595385608984262944e+03
1.595388008994997108e+03
1.595460442652293068e+03
1.595569976475521116e+03
1.595621610039787583e+03
1.595626310060808464e+03
1.595637743445278147e+03
1.595696643708711917e+03
1.596171645833178900e+03
1.596201245965566613e+03
1.597978420580720467e+03
1.598912891426846500e+03
1.598923758142115048e+03
1.598926391487226056e+03
1.598930558172528436e+03
1.598934258189076900e+03
1.598936591532846251e+03
1.599084458860855648e+03
1.599087092205966655e+03
1.599090525554656097e+03
1.599095858911842924e+03
1.599128659058543008e+03
1.599144192461350258e+03
1.599158159190483502e+03
1.599160659201664885e+03
1.599163759215529808e+03
1.599168159235209259e+03
1.600032796435668160e+03
1.600054196531380967e+03
1.600068996597575051e+03
1.600079263310159831e+03
1.601589570065069438e+03
1.602716641772610956e+03
1.603028143165813844e+03
1.603234510755468136e+03
1.603355677964060305e+03
1.603359944649809677e+03
1.604829484555721137e+03
1.606701826263180465e+03
1.607409162760105346e+03
1.608374267076574597e+03
1.608559134570068863e+03
1.608615468155356439e+03
1.608677268431760695e+03
1.609979407588965387e+03
1.610028607809015512e+03
1.610054807926196418e+03
1.612785120137631111e+03
1.612943720846979204e+03
1.612950254209533114e+03
1.613154321788900688e+03
1.613164021832284561e+03
1.613168888520717701e+03
1.613192555293235046e+03
1.613284955706499659e+03
1.613287855719469917e+03
1.613833624827111635e+03
1.613837124842765661e+03
1.613845324879440568e+03
1.613848058224999022e+03
1.613851458240205602e+03
1.613854924922377222e+03
1.614203159813205730e+03
1.614206326494035466e+03
1.614530694611451736e+03
1.614535427965955250e+03
1.620520554734682946e+03
1.620623088526602714e+03
1.621037290379137630e+03
1.621046623754214806e+03
1.621190424397369270e+03
1.621734126829100887e+03
1.622536163749577554e+03
1.622566997220814983e+03
1.622622664136454205e+03
1.622634430855747951e+03
1.622636730866034895e+03
1.622690064437904766e+03
1.622694331123654365e+03
1.622878098612228769e+03
1.622924165484931336e+03
1.622926398828253468e+03
1.622943232236875019e+03
1.622970999027729704e+03
1.623073866154473762e+03
1.623100399606479186e+03
1.623132633083978135e+03
1.623136733102315702e+03
1.623225600166443883e+03
1.624481005781297426e+03
1.624497705855989352e+03
1.624601572987206055e+03
1.626356614170033708e+03
1.626366147546005550e+03
1.626382180951048895e+03
1.626421547793785521e+03
1.626521481574076915e+03
1.626574381810675277e+03
1.626581581842877767e+03
1.626596481909518843e+03
1.626605848618078426e+03
1.627176384503157351e+03
1.627225784724101686e+03
1.627231884751384314e+03
1.627317218466376289e+03
1.629096726425299266e+03
1.629509928273361766e+03
1.630529399499655710e+03
1.632720442632520417e+03
1.632820276412364365e+03
1.632826009771340296e+03
1.633284678489421822e+03
1.636037890803277833e+03
1.636139691258584890e+03
1.636142657938520188e+03
1.636174424747264993e+03
1.636721660528133043e+03
1.636757327354321205e+03
1.638013432972305509e+03
1.638495301794150464e+03
1.638498435141497794e+03
1.638786569763525222e+03
1.638803503172593992e+03
1.638832803303640048e+03
1.638886670211228648e+03
1.640308009901562627e+03
1.640492110724961321e+03
1.640499010755821701e+03
1.640523610865846877e+03
1.642278252046885655e+03
1.642714087329510221e+03
1.642909588203895964e+03
1.642914121557505041e+03
1.643949526188395112e+03
1.644355961339526630e+03
1.644361994699844217e+03
1.645388999293164943e+03
1.645891334873214873e+03
1.647228840855265844e+03
1.648849214769122000e+03
1.649347816999141060e+03
1.649403183913438625e+03
1.649406483928198213e+03
1.649496650998140694e+03
1.649571051330899309e+03
1.651165391794986363e+03
1.651578226974741938e+03
1.652179962999364761e+03
1.652726398776654833e+03
1.652882232806962293e+03
1.652886566159676704e+03
1.652970699869301370e+03
1.653025266780020957e+03
1.653083400373359154e+03
1.658453224390119658e+03
1.661349070675245457e+03
1.663689514476310706e+03
1.663840115149878557e+03
1.663845415173582978e+03
1.663906082111584965e+03
1.663909682127686210e+03
1.663950415643201950e+03
1.664013415924973287e+03
1.664021315960306538e+03
1.664027349320624353e+03
1.664031216004585076e+03
1.664033482681389387e+03
1.664037749367138986e+03
1.664077149543358018e+03
1.664211116809198529e+03
1.664213883488239389e+03
1.666086925198829476e+03
1.666532827193144840e+03
1.667922200073839122e+03
1.675196299274215789e+03
1.675200332625588544e+03
1.675245332826853883e+03
1.678163779213059570e+03
1.678970482821074938e+03
1.680345722305223717e+03
1.680421589311208891e+03
1.680453689454777987e+03
1.680457389471326451e+03
1.683495403058968122e+03
1.684690708405020814e+03
1.685108310272762537e+03
1.685181743934530914e+03
1.685210077394586733e+03
1.685230810820651186e+03
1.685234344169787619e+03
1.689338029190355428e+03
1.689411129517299742e+03
1.689538030084867842e+03
1.690313966888610594e+03
1.691402505090476097e+03
1.691406971777120361e+03
1.692554643576796707e+03
1.692557243588425308e+03
1.692744944427925248e+03
1.694201217607833996e+03
1.694705886531653277e+03
1.695235688901216463e+03
1.695550356975249088e+03
1.695553490322596417e+03
1.695772524635569880e+03
1.696888296292571340e+03
1.696896462995764068e+03
1.696999530123402565e+03
1.697005130148449098e+03
1.697068297097632467e+03
1.697087897185294651e+03
1.697097897230020408e+03
1.697100530575131415e+03
1.697104263925162059e+03
1.697106797269825847e+03
1.697109097280113019e+03
1.697275498024347144e+03
1.697282798056996853e+03
1.697384198510514580e+03
1.697393898553898453e+03
1.697398098572683239e+03
1.697883234075805149e+03
1.699787075924150031e+03
1.700425512112915612e+03
1.701533850403337965e+03
1.701563650536620344e+03
1.701655184279341938e+03
1.703020923721001736e+03
1.703251458085409467e+03
1.703271658175755192e+03
1.703335058459315633e+03
1.703337858471838899e+03
1.703356358554581220e+03
1.703358691898350571e+03
1.703371291954704702e+03
1.703376191976620248e+03
1.703406425445174136e+03
1.703408725455461081e+03
1.703466759048351832e+03
1.703469292393015621e+03
1.703472892409116866e+03
1.703484859129305278e+03
1.703487259140039441e+03
1.703508925903611498e+03
1.703511625915687546e+03
1.703523759303287989e+03
1.703526192647504558e+03
1.703576392872027100e+03
1.703678926663947095e+03
1.703682593347013153e+03
1.703705360115505300e+03
1.703707726792756830e+03
1.703710060136526181e+03
1.703736060252812649e+03
1.703740893607763383e+03
1.703743226951532733e+03
1.703750093648910934e+03
1.703755227005203551e+03
1.703757360348078237e+03
1.703768860399512960e+03
1.703843360732718565e+03
1.706216004677800356e+03
1.706582906318783216e+03
1.706587339671944846e+03
1.706592339694307384e+03
1.708563515177138243e+03
1.708577015237517799e+03
1.708579215247357524e+03
1.708599715339044906e+03
1.708790849527234059e+03
1.708938650188278643e+03
1.709793687345800890e+03
1.709798387366821999e+03
1.710994392716005677e+03
1.711044926275352282e+03
1.711304494102946819e+03
1.711514061706913253e+03
1.711857029907519291e+03
1.720449435004073848e+03
1.720453568355893822e+03
1.720794936549343902e+03
1.721136471410206013e+03
1.721147271458509749e+03
1.721156238165280229e+03
1.721159171511733120e+03
1.721163538197929938e+03
1.721168138218503827e+03
1.722935846124650652e+03
1.723086113463394213e+03
1.723623649200878390e+03
1.723631015900492912e+03
1.724177285010370952e+03
1.724493986426831043e+03
1.724513919849317517e+03
1.724596153550444569e+03
1.724626987021681771e+03
1.725060955629290902e+03
1.725078222373183962e+03
1.725160556074758006e+03
1.725186556191044701e+03
1.725268689891724534e+03
1.725272956577473906e+03
1.725275323254725663e+03
1.725283723292295235e+03
1.725286056636064586e+03
1.725532491071586037e+03
1.725538057763150164e+03
1.727688234046569278e+03
1.728375903788867390e+03
1.731105715998065534e+03
1.731264516708308292e+03
1.731273550082043585e+03
1.731919619638283166e+03
1.731936853048693820e+03
1.731941453069267709e+03
1.731944553083132405e+03
1.731952119783641592e+03
1.733006491166027899e+03
1.733526093489970663e+03
1.733982162196423815e+03
1.735031266888587879e+03
1.735034600236829874e+03
1.737277043599583976e+03
1.737374444035211354e+03
1.738018380248576250e+03
1.738100647283185481e+03
1.738191581023223762e+03
1.738581249432698769e+03
1.738593449487263797e+03
1.738863384027890561e+03
1.739069451616203196e+03
1.739072718297480151e+03
1.739096651737856746e+03
1.739101418425842667e+03
1.739138551925257161e+03
1.739171985408122964e+03
1.740466224529994406e+03
1.740483724608264311e+03
1.740761092515470636e+03
1.740871093007452146e+03
1.742564633915217428e+03
1.744043007193969970e+03
1.744992911442455807e+03
1.745517113786972686e+03
1.746743152603815361e+03
1.752650545691542447e+03
1.753701183723897884e+03
1.756418429210224303e+03
1.757223099475811978e+03
1.761190350552840300e+03
1.761194583905107493e+03
1.781004339171725405e+03
1.789328576402221188e+03
1.789921279053108492e+03
1.790005046094426689e+03
1.792418356888059179e+03
1.793753862861165089e+03
1.793760662891578477e+03
1.793825629848812696e+03
1.795575071006593816e+03
1.795603871135403779e+03
1.795728371692237488e+03
1.798225349526741184e+03
1.798236749577728233e+03
1.798589417821718143e+03
1.799007653025625814e+03
1.801094562359414340e+03
1.801257463087994665e+03
1.803694773988968564e+03
1.803717107422189201e+03
1.804219976337957860e+03
1.804286809970207514e+03
1.805940617366929700e+03
1.806068217937628560e+03
1.807734692057669690e+03
1.808963397553106006e+03
1.809096831483228016e+03
1.810600604875583485e+03
1.810605171562674968e+03
1.810890572839143942e+03
1.811941344205429004e+03
1.817345735043457807e+03
1.817351035067162002e+03
1.817979637878614312e+03
1.819763345856322303e+03
1.821467986813732750e+03
1.821488186904078475e+03
1.826715610283946262e+03
1.833215672689078019e+03
1.834850213332962085e+03
1.836299886483352111e+03
1.836327719941171836e+03
1.837824826637043316e+03
1.840365137998691125e+03
1.844201088488472124e+03
1.844205655175563379e+03
1.846016263273583263e+03
1.847390602753706617e+03
1.848073572474983848e+03
1.848246639915701962e+03
1.848974243169937608e+03
1.848985843221819323e+03
1.850153581777911540e+03
1.850350049323287521e+03
1.850370349414080465e+03
1.850952218683181627e+03
1.850957252039026798e+03
1.852384825090573258e+03
1.855028370247271823e+03
1.857020412490096533e+03
1.874552290902149025e+03
1.878134240255899385e+03
1.878579908915837677e+03
1.879766080887707631e+03
1.879769380902467219e+03
1.880260549765906944e+03
1.883361496968354913e+03
1.883508164290997456e+03
1.883520964348246252e+03
1.887671216243752951e+03
1.887677682939342276e+03
1.888510519997573965e+03
1.888822988061766864e+03
1.888991422148428683e+03
1.896105120631406635e+03
1.896252687958074375e+03
1.897516160275673201e+03
1.899766537007242960e+03
1.902891484317032564e+03
1.902898951017094532e+03
1.904114656454387386e+03
1.904913193359210027e+03
1.906133632151006623e+03
1.906666801202293755e+03
1.911281655175752803e+03
1.911423289142549947e+03
1.911449489259731081e+03
1.919052956599887239e+03
1.920508063107911312e+03
1.920712597356032575e+03
1.927459794199816770e+03
1.928698833074802906e+03
1.928701699754290757e+03
1.929857804925019082e+03
1.929872771658624970e+03
1.929981638812204665e+03
1.932347182725531184e+03
1.934025623565760498e+03
1.938200908906563882e+03
1.938534510398610564e+03
1.938640644206631578e+03
1.940809320572793240e+03
1.941874958672237199e+03
1.941878725355750476e+03
1.941886525390636280e+03
1.941926892237845550e+03
1.941929792250816035e+03
1.941932125594585386e+03
1.944131168763230335e+03
1.944133702107894123e+03
1.945309607367179069e+03
1.945323940764619010e+03
1.953022308529221391e+03
1.954733349515256350e+03
1.956698458304286760e+03
1.957020093076145031e+03
1.962088815746217279e+03
1.963314021225999340e+03
1.963450421836056876e+03
1.963453021847685704e+03
1.964584060239634937e+03
1.969171747424922614e+03
1.972554262553361696e+03
1.972556895898472931e+03
1.978777290386111645e+03
1.978789323773264641e+03
1.979624194173924025e+03
1.981925537800111897e+03
1.985381019921565439e+03
1.993535123057796454e+03
1.994636061315121879e+03
1.995972667293147197e+03
1.997915709316816674e+03
2.000311120030390157e+03
2.004491038725249837e+03
2.008766824515545750e+03
2.009073992556034227e+03
2.009352860469949064e+03
2.010198564252394362e+03
2.010218431007915797e+03
2.011910271908077902e+03
2.023178322304899893e+03
2.023408256666624311e+03
2.023418890047516015e+03
2.023433490112815207e+03
2.024402294445832695e+03
2.024421827866530066e+03
2.024424761212982958e+03
2.030781822978538457e+03
2.030785256327227444e+03
2.032376430110484989e+03
2.034970841714098469e+03
2.038098055700692385e+03
2.040050431099439265e+03
2.041156169378232789e+03
2.042129273730482282e+03
2.042394141581781241e+03
2.045044320101481162e+03
2.049463606533589427e+03
2.049480906610964666e+03
2.052918855320666353e+03
2.055093831715004853e+03
2.059905919903935683e+03
2.061060025065718492e+03
2.061262559304894694e+03
2.061300826142711230e+03
2.061545593904112138e+03
2.062882933218750622e+03
2.062930900099951486e+03
2.064886342179080657e+03
2.069545096348884726e+03
2.071601238878401091e+03
2.071614405603956129e+03
2.075586090034146309e+03
2.075601823437847543e+03
2.075609356804874551e+03
2.085962969778503975e+03
2.091290026937321272e+03
2.095314811605004252e+03
2.095327178326981539e+03
2.095329278336374045e+03
2.095628713008941304e+03
2.095631079686193061e+03
2.095709613370771422e+03
2.101936674554894125e+03
2.101939041232145883e+03
2.104001917125110594e+03
2.104005917143000715e+03
2.104778387264571847e+03
2.105096355353363833e+03
2.107822034210742459e+03
2.107870634428109042e+03
2.107876734455391670e+03
2.107885534494750118e+03
2.107948168108214759e+03
2.110452312641438311e+03
2.110485879458234194e+03
2.111681351471698690e+03
2.115208200579010736e+03
2.115879470247959034e+03
2.115883603599778780e+03
2.119710920717613135e+03
2.126298416847128919e+03
2.128669694119431824e+03
2.128676194148503328e+03
2.131940208746944336e+03
2.131953742140806298e+03
2.132153876369247882e+03
2.132156076379087608e+03
2.132734112297710453e+03
2.136604996277066221e+03
2.136608562959685059e+03
2.137060764982177261e+03
2.137740468022177083e+03
2.137745834712846772e+03
2.137781001536798158e+03
2.137792568255197693e+03
2.139165941064331491e+03
2.139553076129142028e+03
2.139555376139428972e+03
2.139583109596801478e+03
2.139586476278525424e+03
2.139613109730978067e+03
2.139619576426567164e+03
2.139626209789568748e+03
2.139662276617545558e+03
2.141512118224372443e+03
2.143469726979858478e+03
2.143476327009377655e+03
2.144321430789139413e+03
2.144340630875012266e+03
2.144345997565681955e+03
2.144417597885917530e+03
2.144421431236395620e+03
2.149250986170113720e+03
2.154302808764598922e+03
2.157479622973032292e+03
2.165449125283628291e+03
2.165463025345796723e+03
2.165465525356978105e+03
2.166415996274665304e+03
2.170724515544696715e+03
2.170758115694975004e+03
2.180971061372797521e+03
2.185330580870929225e+03
2.185332614213356464e+03
2.185798682964534692e+03
2.186631453355801568e+03
2.186762920610461151e+03
2.186766487293079990e+03
2.190747238430487869e+03
2.190752071785438602e+03
2.192636313546121073e+03
2.193542850933980390e+03
2.193552417643434637e+03
2.202712958614333729e+03
2.209491122263284524e+03
2.216470653479527300e+03
2.216517587022773114e+03
2.216723487943673263e+03
2.222109578699854410e+03
2.222150512216264360e+03
2.233050794301560927e+03
2.233056094325265349e+03
2.234375133558056405e+03
2.234481434033489677e+03
2.234674168228834787e+03
2.234762601957691459e+03
2.234766701976029253e+03
2.234792902093210159e+03
2.234848369007954716e+03
2.234851502355302273e+03
2.234928536033171895e+03
2.235715606220042901e+03
2.236916811592483555e+03
2.236921578280469021e+03
2.238643719316150055e+03
2.242174501774387409e+03
2.242179601797197392e+03
2.247386391751448173e+03
2.247393958451957133e+03
2.248414696350582744e+03
2.249367733946416138e+03
2.253230417889097225e+03
2.254076855008155235e+03
2.255434461080104938e+03
2.255727162389223849e+03
2.255955496743791628e+03
2.257434303357815679e+03
2.258111939721905856e+03
2.272945339398233955e+03
2.272967972832796022e+03
2.275060382191183635e+03
2.275063315537636299e+03
2.275071115572522558e+03
2.284900559535118191e+03
2.285471095420196434e+03
2.285476962113102218e+03
2.293050762653905622e+03
2.293055996010645231e+03
2.295314539445407718e+03
2.295766041464768932e+03
2.297655583249156280e+03
2.297741483633349617e+03
2.299118356458136986e+03
2.299139389885543096e+03
2.299558025091239870e+03
2.300201661303262881e+03
2.300204794650609983e+03
2.300206994660450164e+03
2.303950378069554063e+03
2.304628881104186803e+03
2.304636747806037420e+03
2.306874424480805828e+03
2.306880457841123643e+03
2.306923891368715431e+03
2.307897829058025309e+03
2.313278619790501580e+03
2.313281786471331088e+03
2.314219123996945655e+03
2.315759664220408922e+03
2.316412700474473695e+03
2.317814440077145719e+03
2.317818073426729370e+03
2.319321846819084840e+03
2.319324846832502317e+03
2.323025430050181058e+03
2.323206830861503477e+03
2.323608599325096748e+03
2.323627832744452007e+03
2.325517041194014837e+03
2.325519707872608706e+03
2.327857118326773616e+03
2.328954123233173505e+03
2.328959523257325600e+03
2.329009590147918516e+03
2.329024956883313280e+03
2.330010227956645394e+03
2.335059650540397797e+03
2.335350085172711715e+03
2.336484656913797608e+03
2.336699624541915910e+03
2.336707224575907276e+03
2.336741891397622567e+03
2.338640033220473924e+03
2.338715266890293151e+03
2.338822967371987943e+03
2.339587170789919128e+03
2.341157911148453877e+03
2.341160611160530152e+03
2.346190033654830586e+03
2.346192833667353625e+03
2.351952592761448159e+03
2.354545437691387633e+03
2.354552704390555391e+03
2.355262707566073459e+03
2.357802552258967808e+03
2.357951286257519769e+03
2.360772898877299667e+03
2.362849008162784230e+03
2.362859974878499997e+03
2.365655587381992518e+03
2.365988088869119565e+03
2.366303790281107013e+03
2.366309523640083171e+03
2.366857692758459052e+03
2.369000802343605301e+03
2.374405326515563502e+03
2.375425997747224756e+03
2.375506731441642842e+03
2.375596531843278626e+03
2.377013904849205119e+03
2.378436877880177690e+03
2.379788750593150780e+03
2.379926351208574943e+03
2.379928784552791967e+03
2.380018751621839783e+03
2.382955398089446589e+03
2.383185232450723561e+03
2.383192499149890864e+03
2.383280966212229941e+03
2.383504233877470597e+03
2.383610867687727932e+03
2.385024940678894836e+03
2.385033140715569516e+03
2.393123243565556550e+03
2.395375653639554002e+03
2.395381186997635268e+03
2.395861089144018024e+03
2.399950040765356334e+03
2.400513309951268184e+03
2.401677381824294571e+03
2.402663786236028955e+03
2.405579265942299571e+03
2.405688433097220695e+03
2.405699033144629993e+03
2.408525712453736560e+03
2.419116826489600044e+03
2.420339998626954639e+03
2.421604704283403407e+03
2.421607037627172758e+03
2.426284325213202010e+03
2.426360392220081394e+03
2.426371125601420317e+03
2.429358605629714930e+03
2.429833674421146497e+03
2.430098075603691996e+03
2.433209689520513621e+03
2.438091011352427813e+03
2.439702551893442887e+03
2.442783799007781909e+03
2.445046042459092860e+03
2.447816188182017868e+03
2.452155440922838807e+03
2.452160474278683978e+03
2.452162574288076485e+03
2.452186541061935259e+03
2.452948844471368830e+03
2.454179949977539763e+03
2.454190083356194918e+03
2.454925419978351329e+03
2.454935720024418970e+03
2.457631332080655739e+03
2.457809399543736163e+03
2.457914933349074090e+03
2.460206343597501473e+03
2.462271319499858237e+03
2.462635854463589567e+03
2.462641021153363909e+03
2.466450704858998961e+03
2.469402451394141281e+03
2.469808286542589030e+03
2.471347960095509279e+03
2.471405127017857467e+03
2.476448249573432349e+03
2.477125585936180414e+03
2.479415862846205528e+03
2.482615443823130590e+03
2.482836644812461145e+03
2.483824782565281566e+03
2.485824824843886745e+03
2.493458792320456268e+03
2.495278067123904748e+03
2.497997845954894728e+03
2.512566944449125003e+03
2.515166689409925311e+03
2.517425499512547049e+03
2.530363657378994503e+03
2.532626800834330879e+03
2.534078173992324082e+03
2.534084740688360398e+03
2.534224074644870598e+03
2.534256974792017445e+03
2.534259641470611314e+03
2.534673509988322166e+03
2.534677810007553944e+03
2.542300844101890107e+03
2.542468378184526500e+03
2.545860493355902236e+03
2.546037994149781753e+03
2.546692997079309407e+03
2.548580105519480185e+03
2.549059207662284280e+03
2.549174508177970438e+03
2.550386746933091672e+03
2.552314222220471947e+03
2.552317355567819050e+03
2.552695523925859561e+03
2.552786390998932802e+03
2.553281259878921446e+03
2.555655770499018217e+03
2.558182415132874667e+03
2.558187848490508713e+03
2.558196715196831974e+03
2.558201715219194739e+03
2.559311553516326057e+03
2.559325620245906975e+03
2.560249424377659125e+03
2.561368029380666030e+03
2.562218799852439133e+03
2.564250475605859265e+03
2.564387176217258457e+03
2.568186393209413836e+03
2.568727828964341825e+03
2.568731028978653285e+03
2.568755495754749063e+03
2.569982701243476640e+03
2.570096435085488793e+03
2.570433869928013337e+03
2.573381216443476205e+03
2.574653488800433934e+03
2.574656122145544941e+03
2.574687588952948317e+03
2.574714455739777804e+03
2.578007870469711634e+03
2.580075379716732641e+03
2.580586515336141019e+03
2.580593382033519447e+03
2.580623182166801598e+03
2.581215651483311831e+03
2.582565524187340088e+03
2.583121126672295304e+03
2.583842063230046733e+03
2.584066430900207251e+03
2.584070430918097827e+03
2.584816600922040834e+03
2.587007110719186585e+03
2.587992015124212230e+03
2.588003748510023797e+03
2.595872717037644634e+03
2.596561386784415390e+03
2.602639580636056053e+03
2.602649680681228801e+03
2.604199987615040754e+03
2.604275154617894714e+03
2.604278154631312646e+03
2.604965957707540838e+03
2.607162367531074324e+03
2.607571602694728881e+03
2.610787950413310682e+03
2.610821750564483409e+03
2.611665521004948459e+03
2.614284732719480871e+03
2.614388999852486904e+03
2.617904115573987838e+03
2.617907748923571035e+03
2.618772186123136180e+03
2.620028225074155216e+03
2.620034625102779955e+03
2.622361435509536022e+03
2.624444211491504575e+03
2.624522678509118123e+03
2.624525245187263863e+03
2.625333915470742340e+03
2.625625083439670107e+03
2.628624196853329067e+03
2.629979769582850622e+03
2.631024007586581320e+03
2.631160074861814792e+03
2.631660677100779139e+03
2.631860744662256366e+03
2.633854886914473354e+03
2.634468022990083227e+03
2.634482289720558583e+03
2.634512556522594878e+03
2.634519223219078413e+03
2.634526223250386465e+03
2.634529423264698380e+03
2.634558423394402780e+03
2.634560823405136944e+03
2.634580423492799582e+03
2.634583190171840215e+03
2.634597090234008647e+03
2.634612023634132129e+03
2.634616123652469923e+03
2.634619190332852213e+03
2.634621223675279907e+03
2.634626657032913954e+03
2.634647590459872845e+03
2.634650357138913932e+03
2.634659690513990881e+03
2.634663323863574533e+03
2.634689590647720706e+03
2.634692257326313666e+03
2.634704924049633064e+03
2.634742057549047786e+03
2.634786024412357619e+03
2.634788524423539457e+03
2.634809891185770084e+03
2.634850558034320329e+03
2.658549597362589338e+03
2.660233138225628863e+03
2.660236004905117170e+03
2.672713860712843598e+03
2.692923651101968971e+03
2.694010622630160469e+03
2.694098656357228720e+03
2.694277657157816975e+03
2.694393724343598933e+03
2.694401791046344442e+03
2.694467291339297390e+03
2.694482124738973198e+03
2.694578658504058239e+03
2.694653892173877011e+03
2.694897859931699713e+03
2.696525867213029869e+03
2.696616600952173485e+03
2.696624334320094931e+03
2.697408604494441988e+03
2.697504338255948824e+03
2.697507271602401488e+03
2.697540338416960822e+03
2.697550371795168758e+03
2.697687639075769312e+03
2.697692039095448763e+03
2.697768339436704991e+03
2.697821406340715384e+03
2.697863773196869715e+03
