8.755812716753261782e+00
1.700794962477753103e+01
2.360701247269290093e+01
2.994597415729503709e+01
5.050559944440441029e+01
6.302648877793412652e+01
9.867691489260883486e+01
1.027102662652733187e+02
1.189204387659415403e+02
1.350346441707262954e+02
1.366638847909058256e+02
1.439853175363171545e+02
1.528584572218020696e+02
1.626910678652272679e+02
1.712405394364264737e+02
1.720671764669282027e+02
1.883151824701416501e+02
1.884787165348878659e+02
1.933508049921720442e+02
1.934710388632563536e+02
1.936954732003815423e+02
2.110217173593931648e+02
2.118424543635067607e+02
2.119899216897271685e+02
2.207978944170834836e+02
2.211482959842690263e+02
2.297271343534791015e+02
2.317373433442221256e+02
2.397290790875914013e+02
2.443545331084594920e+02
2.554543827529969917e+02
2.574781918045668476e+02
2.593548668647404725e+02
2.896876358626400929e+02
2.950794933112792364e+02
2.950843599997124329e+02
2.991193447130153800e+02
2.991506448530065541e+02
2.993713458401009007e+02
3.080702514129831684e+02
3.081155849490726268e+02
3.113160659300231146e+02
3.114350997957403138e+02
3.158854196999805026e+02
3.180017624987447107e+02
3.181297297377501536e+02
3.182353302100526662e+02
3.184653979057065953e+02
3.185177981400688623e+02
3.192620681355139141e+02
3.247686260971559022e+02
3.312022215383447588e+02
3.321849926004957183e+02
3.397763932200162458e+02
3.486740330150789191e+02
3.575974062585688671e+02
3.584779768636240078e+02
3.602332180473462699e+02
3.605685195469961286e+02
3.809615440889767797e+02
3.833124212700390672e+02
3.833305213509923988e+02
3.942610369048427970e+02
3.986469565210500150e+02
3.995285937975426123e+02
3.995729273291595405e+02
4.018763042977751070e+02
4.065630252593288105e+02
4.079350313956831542e+02
4.079402314189404706e+02
4.100869743536705414e+02
4.164346027437015323e+02
4.197304841513343376e+02
4.209026227271060634e+02
4.398755075841197026e+02
4.415735151785290782e+02
4.591695272107553478e+02
4.615132710265800142e+02
4.615285710950102498e+02
4.737154256012220230e+02
4.822848972618724588e+02
4.848380086807690077e+02
4.849585092197127096e+02
4.879336225260302058e+02
4.879889561068453077e+02
4.882899574530862878e+02
5.145625416249743012e+02
5.273750655961854363e+02
5.294175413979097584e+02
5.517043077430623725e+02
5.542181523196696844e+02
5.548237216947705974e+02
5.662494394634334185e+02
5.664235402421062417e+02
5.665548741628360858e+02
5.740834078345149010e+02
5.819571763836042919e+02
5.843225202960362594e+02
5.928368917102485511e+02
5.957673381501250560e+02
5.975128459569810957e+02
6.112926409210183465e+02
6.135615510688130598e+02
6.140229197989705199e+02
6.148866569954041097e+02
6.156413603708463143e+02
6.171143002919644687e+02
6.270307446436727332e+02
6.272939791543333286e+02
6.400444028477983238e+02
6.403878377171582770e+02
6.404884048336156184e+02
6.474274692022019053e+02
6.540139986607277933e+02
6.541055324034495015e+02
6.547663020254358344e+02
6.552746376323211734e+02
6.573711470090462399e+02
6.647513133504793359e+02
6.652915824335218531e+02
6.653674494395069132e+02
6.802902161821994014e+02
6.951417826064456449e+02
6.998259035563708039e+02
7.018604793227617620e+02
7.036795874587983235e+02
7.156541410154853793e+02
7.288894668776954404e+02
7.299907718033272204e+02
7.351967950874820872e+02
7.353007955526285286e+02
7.353802625747147204e+02
7.378850737775866264e+02
7.411988219317958055e+02
7.594327701505515051e+02
7.611409777905810188e+02
7.620232484032395632e+02
7.659096657854022396e+02
7.690669132396557188e+02
7.706755537677005350e+02
7.708262877751978976e+02
7.758834103933883171e+02
7.759727441262705270e+02
7.981916435012186639e+02
8.008189552519793324e+02
8.014188912685514197e+02
8.017531260967638218e+02
8.017942262805861446e+02
8.018745266397328351e+02
8.062806463462857209e+02
8.069066491461092028e+02
8.106294657965609076e+02
8.135542788779085868e+02
8.136891461477747498e+02
8.175060965525769916e+02
8.180417656150457333e+02
8.181375327100347477e+02
8.183907671759696996e+02
8.326138307892110788e+02
8.326601976632555306e+02
8.327013978475250724e+02
8.429668104266747832e+02
8.470969622322832038e+02
8.476162312214020176e+02
8.479274992802278348e+02
8.494941729539075368e+02
8.495242730885315723e+02
8.503882769528246399e+02
8.598147191129779685e+02
8.623657971894469938e+02
8.738776153431973626e+02
8.751376876455896081e+02
8.865991722408876967e+02
8.868141398690059987e+02
8.869343070731255239e+02
8.870748410350028053e+02
8.910299253909481649e+02
9.255053462503631181e+02
9.318605746743855889e+02
9.598512331970990772e+02
9.635967832825602954e+02
9.643164198344979923e+02
9.755144365847585277e+02
9.757639710341450154e+02
9.758594381277922594e+02
9.764955743062710098e+02
9.856134817531565204e+02
1.009732822961242960e+03
1.015913583938285910e+03
1.025780328067707615e+03
1.036186574610076605e+03
1.036194007976656167e+03
1.038365617689270493e+03
1.038422017941522881e+03
1.047509358585030668e+03
1.055649261657750912e+03
1.059430545236365106e+03
1.069029221500175709e+03
1.072543437217651217e+03
1.072608404174885209e+03
1.075554984020252505e+03
1.078160095671722274e+03
1.078184229112993307e+03
1.078435030234711803e+03
1.078819598621376372e+03
1.078943999177763089e+03
1.084344156663524473e+03
1.086434932681273494e+03
1.086587733364681071e+03
1.087979472922627110e+03
1.088802276602650636e+03
1.088952677275323822e+03
1.089025944269680394e+03
1.093905499427026143e+03
1.093944532934938707e+03
1.093996799835371121e+03
1.094053200087623509e+03
1.099017488957277919e+03
1.099031155685069507e+03
1.099057689137074931e+03
1.099117889406323002e+03
1.104819214905737681e+03
1.107414293178999515e+03
1.107588293957225005e+03
1.108440797770083691e+03
1.108604631836171848e+03
1.108652998719161360e+03
1.108674065480050103e+03
1.110417006608759721e+03
1.113149418829586693e+03
1.113371886491249143e+03
1.113505887090572287e+03
1.113912922244387346e+03
1.114236457024743231e+03
1.114717259175150730e+03
1.115012127160626733e+03
1.115762597183801745e+03
1.115814764083787168e+03
1.118732377132932243e+03
1.120108283286729602e+03
1.120368917785761596e+03
1.133096208042427861e+03
1.141741480042098601e+03
1.142734017814598246e+03
1.143213186624367154e+03
1.146522534758897109e+03
1.146546268198379266e+03
1.146738535724970461e+03
1.147140137521151019e+03
1.148350542934739451e+03
1.148579543958956037e+03
1.149265080358379237e+03
1.149277513747321336e+03
1.149944783398379514e+03
1.149973250192364958e+03
1.150040783827745372e+03
1.150106984123828852e+03
1.150627953120550728e+03
1.150875854229298739e+03
1.150889020954854232e+03
1.150917154414015613e+03
1.150930021138229449e+03
1.152205326842087061e+03
1.152336794096746189e+03
1.153143597705208776e+03
1.153379065425014687e+03
1.153994001508675183e+03
1.154100468651520487e+03
1.154165668943131550e+03
1.155892610000280229e+03
1.155911210083469996e+03
1.155976643709457903e+03
1.156040877330078729e+03
1.156120111017787849e+03
1.156139744438932667e+03
1.156160411198032307e+03
1.156191444670163946e+03
1.156272411698959104e+03
1.156290978448666237e+03
1.156354778734015781e+03
1.156764580566871246e+03
1.158681855808631099e+03
1.159875727814939637e+03
1.159885094523499220e+03
1.160908465767236294e+03
1.161015966248036648e+03
1.162999675120256825e+03
1.163705644944402820e+03
1.167812729980177437e+03
1.167956263955472423e+03
1.167963663988569351e+03
1.167980897398980005e+03
1.168045764355766778e+03
1.168066731116208075e+03
1.168110497978623926e+03
1.168138131435548985e+03
1.168444066137187974e+03
1.168972668501383851e+03
1.168988135237226288e+03
1.169812672258335624e+03
1.169877972550393906e+03
1.169965439608260567e+03
1.170390908177852907e+03
1.170403941569478775e+03
1.170547242210396689e+03
1.170561875609178514e+03
1.170641942633948247e+03
1.172392117128342989e+03
1.174812294619353679e+03
1.176113200437708883e+03
1.176133900530290930e+03
1.176140733894186724e+03
1.176459901988345791e+03
1.177190571922963954e+03
1.179853183831606202e+03
1.180616087243723314e+03
1.180739187794295731e+03
1.180746687827839878e+03
1.181394057389893760e+03
1.181413957478897828e+03
1.181465991044953398e+03
1.182433195370814701e+03
1.184574438280945742e+03
1.184718105590170353e+03
1.185455508888237318e+03
1.185800310430376385e+03
1.186247945765777331e+03
1.186549080445947993e+03
1.186583513933286440e+03
1.186598647334304587e+03
1.186798881563193845e+03
1.187143616438368326e+03
1.187184316620401432e+03
1.187212883414834323e+03
1.187217983437644307e+03
1.187271850345232906e+03
1.187284617068999296e+03
1.187319983893845574e+03
1.187498518025680141e+03
1.187565251657482349e+03
1.187613218538682986e+03
1.188551589402252375e+03
1.190051429443682309e+03
1.191213101305974533e+03
1.192028804954242787e+03
1.192212572442817191e+03
1.192317606245918569e+03
1.192348773051980061e+03
1.193110876460519194e+03
1.194443015751900703e+03
1.196414924571344727e+03
1.196877259972492084e+03
1.197060160790523696e+03
1.197224761526707198e+03
1.198256266140154366e+03
1.198857702163435306e+03
1.198967969323276520e+03
1.198997669456111453e+03
1.200400075728431830e+03
1.200451609292251078e+03
1.200560143111006255e+03
1.200627610079421856e+03
1.203370789015069931e+03
1.210351720237574000e+03
1.211223924138542088e+03
1.211283157736800376e+03
1.211538558879092534e+03
1.211579925730773994e+03
1.211627525943668161e+03
1.211672026142696950e+03
1.211690826226781155e+03
1.214012269942867761e+03
1.214189770736747505e+03
1.214465005301078691e+03
1.214678206254628776e+03
1.214837840301931919e+03
1.215381076064909848e+03
1.216152446181561118e+03
1.216389913910312089e+03
1.217935920824892264e+03
1.218256588925760070e+03
1.218422156332934037e+03
1.218897025123470939e+03
1.219079292605336605e+03
1.222027705792236702e+03
1.222222206662150029e+03
1.222279973587181530e+03
1.222491107864821515e+03
1.222720175556003142e+03
1.223292111447343359e+03
1.224670850947146164e+03
1.224683284336088263e+03
1.224806751554967377e+03
1.224820051614452495e+03
1.224845318394125570e+03
1.224890151927978877e+03
1.224895118616859236e+03
1.224941485490903688e+03
1.225047085963206200e+03
1.226043290418772131e+03
1.226054623802794140e+03
1.226524159236144214e+03
1.226542992653710826e+03
1.227046528239128065e+03
1.227265462551654309e+03
1.229140504271189229e+03
1.229621573089456206e+03
1.229645373195903176e+03
1.229751773671783440e+03
1.229764107060278548e+03
1.230286276062367733e+03
1.232130784312007336e+03
1.232185284555761882e+03
1.234523661680917030e+03
1.236102668743091499e+03
1.236287836237927650e+03
1.236337303125837025e+03
1.236416936815335248e+03
1.236561404128138065e+03
1.238509979509888808e+03
1.238654580156621250e+03
1.238659846846843266e+03
1.238795914122076510e+03
1.239984319437268596e+03
1.239991852804295377e+03
1.240113620015570859e+03
1.241183691468176448e+03
1.241673693659731498e+03
1.242700531585639965e+03
1.242747231794508480e+03
1.242769031892010389e+03
1.242796832016347707e+03
1.242934999300973232e+03
1.242954299387293759e+03
1.243021633021779280e+03
1.243062799872566529e+03
1.243114900105587139e+03
1.243275200822538636e+03
1.250973101918386874e+03
1.250986368644389586e+03
1.251202536277874970e+03
1.251878672635255953e+03
1.252819410176077099e+03
1.252839776933834855e+03
1.252846443630318845e+03
1.252940877386010925e+03
1.253094144738172190e+03
1.253161011703904023e+03
1.253229345342862416e+03
1.253363912611386695e+03
1.253393246075915158e+03
1.253408179476038868e+03
1.253933281824580945e+03
1.254053115693876180e+03
1.254097249224598499e+03
1.254612084860555569e+03
1.254690018542450389e+03
1.256975328763595144e+03
1.256986362146275724e+03
1.257200863105640337e+03
1.257210429815094358e+03
1.257299363546187578e+03
1.257460730934576532e+03
1.260470677730021634e+03
1.260553111432043124e+03
1.260572844853634933e+03
1.261037080263280359e+03
1.261490015622385954e+03
1.262515786876856964e+03
1.262574353805466671e+03
1.262676687596492229e+03
1.263248590154350040e+03
1.263349190604289788e+03
1.264351595087585338e+03
1.264369361833714493e+03
1.264471428956880573e+03
1.264923964314197065e+03
1.265353132900338096e+03
1.267955344538837380e+03
1.267972211280941110e+03
1.268099211848956656e+03
1.268195712280558837e+03
1.269851086350954574e+03
1.271732861433938069e+03
1.272009962673284917e+03
1.272518898282853797e+03
1.272535631691028129e+03
1.272558231792108018e+03
1.272641798832531776e+03
1.274069005215771540e+03
1.274072371897495714e+03
1.274093938660620779e+03
1.274221939233108515e+03
1.274393139998810966e+03
1.274404940051587346e+03
1.274452606931445871e+03
1.274539240652252147e+03
1.274573774140038040e+03
1.274658741186723319e+03
1.275189143558970045e+03
1.275303977405902515e+03
1.278153590150913487e+03
1.280755735122447959e+03
1.282344342227559309e+03
1.282437609311366714e+03
1.282488776206879493e+03
1.285480156252617462e+03
1.285497156328650817e+03
1.285524889786023095e+03
1.285615456857754907e+03
1.286663228210622265e+03
1.288346069070531257e+03
1.290379211497178403e+03
1.292285820024563691e+03
1.292291520050057443e+03
1.292401020539803085e+03
1.292534254469030657e+03
1.293888193857913848e+03
1.293897193898166961e+03
1.294126294922830766e+03
1.294903265064528568e+03
1.295552034632843970e+03
1.295562568013288228e+03
1.295583601440694565e+03
1.295722202060591599e+03
1.295722302061038818e+03
1.296276937875004023e+03
1.296689473053417714e+03
1.296811873600859371e+03
1.298200813146282371e+03
1.299141517353620884e+03
1.299157817426523707e+03
1.300806991469189597e+03
1.301304360360359169e+03
1.301309127048345090e+03
1.301823362681618619e+03
1.302584332751755483e+03
1.302591866118782036e+03
1.302729166732864769e+03
1.303331802761512563e+03
1.303338669458890990e+03
1.303349369506747507e+03
1.303575937186747296e+03
1.305030343691640837e+03
1.305060043824475770e+03
1.305085143936737040e+03
1.305173844333453189e+03
1.305192777751467247e+03
1.305269711428889650e+03
1.305482945715922142e+03
1.305505745817896468e+03
1.310172300022586796e+03
1.310614068665081959e+03
1.311726573640806691e+03
1.312916245628330671e+03
1.314304418503658098e+03
1.314385118864593778e+03
1.314392985566444395e+03
1.314547919592726657e+03
1.314557852970487374e+03
1.314660920098126098e+03
1.314952021400088825e+03
1.315045855153097591e+03
1.318248602810852390e+03
1.321032581928981017e+03
1.321195482657561342e+03
1.321739618424564469e+03
1.322915123682060539e+03
1.323008124098008466e+03
1.323065957690005234e+03
1.323563259914209993e+03
1.323921094847974700e+03
1.324518564186847698e+03
1.324573697766768191e+03
1.324900932563672768e+03
1.326097771249916832e+03
1.326971441824111480e+03
1.328417581625364846e+03
1.330844459146341933e+03
1.332271498862169210e+03
1.332285132256478619e+03
1.332332565801960300e+03
1.333708671956652324e+03
1.337176720800977819e+03
1.337215154306206387e+03
1.337445788671061564e+03
1.337580689274410133e+03
1.337979024389313736e+03
1.338225192156975936e+03
1.339444497610370263e+03
1.344327386115958006e+03
1.344333119474933937e+03
1.346888697571529747e+03
1.351382684337738283e+03
1.351472551406339107e+03
1.351507351561984251e+03
1.351637652144759159e+03
1.352488289282602409e+03
1.352700290230785413e+03
1.352849024229337601e+03
1.353331859722172794e+03
1.354365131010187952e+03
1.355395668952644883e+03
1.355506202780345347e+03
1.355541936273498322e+03
1.355550336311067667e+03
1.356878875586347931e+03
1.358759583997894424e+03
1.358819717600177682e+03
1.359547020853071672e+03
1.359548420859333419e+03
1.359592921058362208e+03
1.359609987801360830e+03
1.360273290768010611e+03
1.361405395831397527e+03
1.361589029986042306e+03
1.361610930083991207e+03
1.363564972156858857e+03
1.364816877756058602e+03
1.365150879249893933e+03
1.365718881790308842e+03
1.365833915638135977e+03
1.365843615681519850e+03
1.366307684423753244e+03
1.366566752249111232e+03
1.366571452270132113e+03
1.368344193532124336e+03
1.368615428078565628e+03
1.368976796361466768e+03
1.370479903084173884e+03
1.370712270790114871e+03
1.374751155520860721e+03
1.374916422926692803e+03
1.375322158074693334e+03
1.375333024789961655e+03
1.375403525105277367e+03
1.375485392138097723e+03
1.375496658855155147e+03
1.375574059201331465e+03
1.376006461135267045e+03
1.376095128198501016e+03
1.376860198286975219e+03
1.377317400331830413e+03
1.377327267042626090e+03
1.378565705914928685e+03
1.378653939642891146e+03
1.379000241191739178e+03
1.379017874603938708e+03
1.379510610141051984e+03
1.380476047792345298e+03
1.381468785565739609e+03
1.381491485667266716e+03
1.381514252435758408e+03
1.383963730057815383e+03
1.384799233794640486e+03
1.385297669357247514e+03
1.386200273394181522e+03
1.386327207295231801e+03
1.390719626940511034e+03
1.390726426970924194e+03
1.391145228844032999e+03
1.391180729002808903e+03
1.391286396142076228e+03
1.391490263720549137e+03
1.392656268935555772e+03
1.392667535652613196e+03
1.393950641391356839e+03
1.394115442128434779e+03
1.394207509206875557e+03
1.395609582144371416e+03
1.396237484952692967e+03
1.397579324287458121e+03
1.400545937555758883e+03
1.400788471973837432e+03
1.400836838856827171e+03
1.400894305780517016e+03
1.401116106772530884e+03
1.402229545085763220e+03
1.402495312941087832e+03
1.408214571854043697e+03
1.408391205977380423e+03
1.408424739460693445e+03
1.409571677923756852e+03
1.409720445255791446e+03
1.411850788117171533e+03
1.414770634509638967e+03
1.415105336006605057e+03
1.415173902979940522e+03
1.415218803180758414e+03
1.415842005968058629e+03
1.415938106397871707e+03
1.418966486609094545e+03
1.419176987550568811e+03
1.421584798319602214e+03
1.423970642323721677e+03
1.425719550145784297e+03
1.425748816943347947e+03
1.425830017306520176e+03
1.425945451156135960e+03
1.426629587549297639e+03
1.426644420948974130e+03
1.426670787733567067e+03
1.426776888208106129e+03
1.426818555061129246e+03
1.426884655356765734e+03
1.430444437944707488e+03
1.430475871418628458e+03
1.430485371461117666e+03
1.430710139133067059e+03
1.431275741662747805e+03
1.431707043591763522e+03
1.431819510761444462e+03
1.431861677616704128e+03
1.434411589021288364e+03
1.435696561435047443e+03
1.435800628567158810e+03
1.436505898388173819e+03
1.436914833550486719e+03
1.437246001698316604e+03
1.437287235216068439e+03
1.437318668689989408e+03
1.441586521111469438e+03
1.441677354851060500e+03
1.442030456430321919e+03
1.445539805459364288e+03
1.445631639203427767e+03
1.447326580117454569e+03
1.447472247435624467e+03
1.450054092316365768e+03
1.453799075732626079e+03
1.453901576191063668e+03
1.453939843028880432e+03
1.454005109987456080e+03
1.454167744048176928e+03
1.454237511026879474e+03
1.454341744826402646e+03
1.454445878625478827e+03
1.457120790589133549e+03
1.457743926709468951e+03
1.462337647255074216e+03
1.462517648060135343e+03
1.462762149153676773e+03
1.462770249189904462e+03
1.463020483642421823e+03
1.464017621435495130e+03
1.464121888568500935e+03
1.464586257312075986e+03
1.464663324323428242e+03
1.464695024465208462e+03
1.464760658092090580e+03
1.464768258126082173e+03
1.464822525035459876e+03
1.465344060701383114e+03
1.465604328532108411e+03
1.465888196468386241e+03
1.465930929992847041e+03
1.465985796904908057e+03
1.466248131411543454e+03
1.466290231599838307e+03
1.466345731848065498e+03
1.468895276584343264e+03
1.469456512427827192e+03
1.469463312458240580e+03
1.469620313160432715e+03
1.471365154297640174e+03
1.471375154342365931e+03
1.471442587977298899e+03
1.471480688147703631e+03
1.471549188454074056e+03
1.471573221894898097e+03
1.472094457559479451e+03
1.474112566585555669e+03
1.474161066802474807e+03
1.474198000300994863e+03
1.474368667730978586e+03
1.477316980917431465e+03
1.477478081637961168e+03
1.478670486971043374e+03
1.478822554317837557e+03
1.478903488013150309e+03
1.479054988690743357e+03
1.480746429589116133e+03
1.480804663182901550e+03
1.480850296720332835e+03
1.481759434119820980e+03
1.481765200812279318e+03
1.482003035209336986e+03
1.484092177886447416e+03
1.485806985555995880e+03
1.486160820471870466e+03
1.486215520716519450e+03
1.486227820771532151e+03
1.486240420827886282e+03
1.486680556129743081e+03
1.486832390142160193e+03
1.487681593940259290e+03
1.488084562409219188e+03
1.490505539903808085e+03
1.490512173266809441e+03
1.490677740673983180e+03
1.492561982434665879e+03
1.493131484981789754e+03
1.494325056986756408e+03
1.494757325586762363e+03
1.496128098384267332e+03
1.496509933425373674e+03
1.496630767299141553e+03
1.497322537059777005e+03
1.497331837101371775e+03
1.497435837566518330e+03
1.497657771892462051e+03
1.498057007011390851e+03
1.498104973892591488e+03
1.500795985928254368e+03
1.501057353763899528e+03
1.501084120550281568e+03
1.501285121449266626e+03
1.502132158571008631e+03
1.502364992945703307e+03
1.503791565992777123e+03
1.503867432998762069e+03
1.503913666538876669e+03
1.503951333374009891e+03
1.505127271966777244e+03
1.505723541300283159e+03
1.507786217192353206e+03
1.507941217885600281e+03
1.508068551788439891e+03
1.508569854030534998e+03
1.508940289020654063e+03
1.509248423732132551e+03
1.509322990732303197e+03
1.509397291064614592e+03
1.509452491311499898e+03
1.509482891447466045e+03
1.511001631573427403e+03
1.511274266126129987e+03
1.511891868888383897e+03
1.514241812731938580e+03
1.518215163836249531e+03
1.518268164073295111e+03
1.518332697695257821e+03
1.518354697793654168e+03
1.522222115090838315e+03
1.522382882476543728e+03
1.523974722929449399e+03
1.523980589622355183e+03
1.523994023015769926e+03
1.524153523729143444e+03
1.524265790897929492e+03
1.525089194580636786e+03
1.525205461767313182e+03
1.527743973120910368e+03
1.529197912957049994e+03
1.529891282724841631e+03
1.529947516309681987e+03
1.531191588540513294e+03
1.532569328035843682e+03
1.532628894968925806e+03
1.532664361794219303e+03
1.532780662314378105e+03
1.532814829133857529e+03
1.532881129430388228e+03
1.532951696412668525e+03
1.532967396482887807e+03
1.533103830426427749e+03
1.536384145097770897e+03
1.539794160349205413e+03
1.541506468007572266e+03
1.541514601377282361e+03
1.541801469326978122e+03
1.541842502843835291e+03
1.541965303393066051e+03
1.544531648204482963e+03
1.544676515519074655e+03
1.544687482234790423e+03
1.544745915829470505e+03
1.545022383732651178e+03
1.547584228523941420e+03
1.548232131421714257e+03
1.549851605331544761e+03
1.549859672034290270e+03
1.549917405625839592e+03
1.550007706029711699e+03
1.551417145666822307e+03
1.553038419584703661e+03
1.553060419683100008e+03
1.553145253395855661e+03
1.553292487387699111e+03
1.553616188835467256e+03
1.553646022302232041e+03
1.553766022838939534e+03
1.553866689955843867e+03
1.555451197042617650e+03
1.555645631245565937e+03
1.556074966499119000e+03
1.556206067085471886e+03
1.556231433865592180e+03
1.556333800990100144e+03
1.556342501029011601e+03
1.556814469806578018e+03
1.557325605425986623e+03
1.557390472382773396e+03
1.557561673148475847e+03
1.557579773229429293e+03
1.557735640593219387e+03
1.559114080091680307e+03
1.559401748044953820e+03
1.559479648393366233e+03
1.559744816246007304e+03
1.559844916693710729e+03
1.561103822324218299e+03
1.561111722359551550e+03
1.561799125433990412e+03
1.561853459010332699e+03
1.563283232071718658e+03
1.563548399924359728e+03
1.563905434854546456e+03
1.564089869012769213e+03
1.564542604370980143e+03
1.564547537726378096e+03
1.565063506700737435e+03
1.565932610587840600e+03
1.566688213967308002e+03
1.566945115116309125e+03
1.569046157846642927e+03
1.569713494164665917e+03
1.570205729699542871e+03
1.570985099851974837e+03
1.571088333647025593e+03
1.571104833720822853e+03
1.571215834217277006e+03
1.571223100916444537e+03
1.571267501115026107e+03
1.571505568846460847e+03
1.572146971715161726e+03
1.572399172843141514e+03
1.573553278004924550e+03
1.574047513548747020e+03
1.580343008372275108e+03
1.581664380948835515e+03
1.581821181650133212e+03
1.583169721014864535e+03
1.583902424291910393e+03
1.583944357812792987e+03
1.583983291320258104e+03
1.584021691492004493e+03
1.584085125109047112e+03
1.584714761258454473e+03
1.585319163961670483e+03
1.585950833453505084e+03
1.585980933588129119e+03
1.586129267584892432e+03
1.588158676661508707e+03
1.588580645215447248e+03
1.588989680378207140e+03
1.589012813815005757e+03
1.590510320512666567e+03
1.591154690061302745e+03
1.591170923467240755e+03
1.592291595146157988e+03
1.594872473355909506e+03
1.594980240504568883e+03
1.595124474482994856e+03
1.595494242803465795e+03
1.595698543717209986e+03
1.598118254539466989e+03
1.599172725922300287e+03
1.599728228406808512e+03
1.599755795196768759e+03
1.599984062884371951e+03
1.602988576322182780e+03
1.603057009961588392e+03
1.603865546911136789e+03
1.603872546942444842e+03
1.603885447000140630e+03
1.604575083417901624e+03
1.604694517285407755e+03
1.604744284174659015e+03
1.606462558526378871e+03
1.606479625269377266e+03
1.606725159700873519e+03
1.607149094930274714e+03
1.607292595572087293e+03
1.609644672758516435e+03
1.611781082313696970e+03
1.613427023008568085e+03
1.613443856417189636e+03
1.613451589785110627e+03
1.613454356464151488e+03
1.613483389927338067e+03
1.613494423310018874e+03
1.613518356750395469e+03
1.614055125817784074e+03
1.615668033031578261e+03
1.615847467167438253e+03
1.616046234723101179e+03
1.618199344352973185e+03
1.618831280512667036e+03
1.619352349509836586e+03
1.619497350158357904e+03
1.620970656747782868e+03
1.620993823518063664e+03
1.621015056946364439e+03
1.621105557351131210e+03
1.621138190830419262e+03
1.622166828764378351e+03
1.622352996263686691e+03
1.622485996858537419e+03
1.622622064133770664e+03
1.622656297620214673e+03
1.622696664467423716e+03
1.624252904761106038e+03
1.624388138699278898e+03
1.626344414115468453e+03
1.626348980802559936e+03
1.626400014364142862e+03
1.626485281412170025e+03
1.626508948184687142e+03
1.626603881942615772e+03
1.626604415278334272e+03
1.626988683663657412e+03
1.630578199717916732e+03
1.630606233176630667e+03
1.632493908286002579e+03
1.632919443522559959e+03
1.632934376922683441e+03
1.635316720911148877e+03
1.635320687595557047e+03
1.635438321455012556e+03
1.635795489719129137e+03
1.635803423087944793e+03
1.635826856526085066e+03
1.636861094485090462e+03
1.638297634243407401e+03
1.638587435539555827e+03
1.638599702261085895e+03
1.638657169184775739e+03
1.638736602873379525e+03
1.638846036696160127e+03
1.639252471847291645e+03
1.640275976424958344e+03
1.640300509868018253e+03
1.640423410417696232e+03
1.640465777273850335e+03
1.640870179082554159e+03
1.640874679102680830e+03
1.641575582237499248e+03
1.642643887015536393e+03
1.643390890356540012e+03
1.643949992857149027e+03
1.644012726471061114e+03
1.644406828233697524e+03
1.644411594921683445e+03
1.644932430584475696e+03
1.644938697279170356e+03
1.644956697359676582e+03
1.645128131459756105e+03
1.645295965543734383e+03
1.646243336447556430e+03
1.646262969868701020e+03
1.646359903635574710e+03
1.647256007643437215e+03
1.651366992696654734e+03
1.653372901668165696e+03
1.653498102228130620e+03
1.654546306916269259e+03
1.656179314219962180e+03
1.657015851294742333e+03
1.663186445559647609e+03
1.663783314895836838e+03
1.665260954837976215e+03
1.665312921737066972e+03
1.665327221801024734e+03
1.666277926053088777e+03
1.669311639621498216e+03
1.669836975304417365e+03
1.669886608859738772e+03
1.671451049190096228e+03
1.671457015883449458e+03
1.672188885823434475e+03
1.672193552510973177e+03
1.672335086477323102e+03
1.672464953724826501e+03
1.672692021407062612e+03
1.676923306998329508e+03
1.677101974464093701e+03
1.677294341991132114e+03
1.677977611713751003e+03
1.678039145322295781e+03
1.678742815136155059e+03
1.678748815162990240e+03
1.678756348530017021e+03
1.678800315393327310e+03
1.678825948841307309e+03
1.679896786964008470e+03
1.680150821433521514e+03
1.680207555020598193e+03
1.680332122244396942e+03
1.680708057259115321e+03
1.680739424066071251e+03
1.682152563719730097e+03
1.682185497200359805e+03
1.682278030947554271e+03
1.683011867563002170e+03
1.683286968793403958e+03
1.684183439469572704e+03
1.684206839574230798e+03
1.684248773095113620e+03
1.684271239862263656e+03
1.684299873323661359e+03
1.684825742342299009e+03
1.688112690376643513e+03
1.688222424200766000e+03
1.689115094859939290e+03
1.689940631885521043e+03
1.690379433848080907e+03
1.690406633969734685e+03
1.690452867509849511e+03
1.692383642811988693e+03
1.692467709854648547e+03
1.692510643380004012e+03
1.692617943859909701e+03
1.692789811295260733e+03
1.693398914019497852e+03
1.693558348065906785e+03
1.693569981451270678e+03
1.693661415193545281e+03
1.693696582017497121e+03
1.693705115388996091e+03
1.693740782215184254e+03
1.694175350825477153e+03
1.695223055511379471e+03
1.695299222518706301e+03
1.696792129195793223e+03
1.696922729779910014e+03
1.697841400555369546e+03
1.697969334460892696e+03
1.699815842719477587e+03
1.699839376158065079e+03
1.700727680131041552e+03
1.700844547320401261e+03
1.701360282960383756e+03
1.701490083540922114e+03
1.701524617028708008e+03
1.701563817204032375e+03
1.701585217299745182e+03
1.706212604662593549e+03
1.706475472504947675e+03
1.707567577389431790e+03
1.707582977458309188e+03
1.708656982261840312e+03
1.708799249564803404e+03
1.710316089682267148e+03
1.710338289781557933e+03
1.710412923448693391e+03
1.710801691854142973e+03
1.711929530231780063e+03
1.712177264673116042e+03
1.712270165088616977e+03
1.712347032099074340e+03
1.713990872784553403e+03
1.714269907365880499e+03
1.714303374182228708e+03
1.714881510101299000e+03
1.714993943937497306e+03
1.716204949353769280e+03
1.717341554437282639e+03
1.717440521546583795e+03
1.717451554929264375e+03
1.717598722254143013e+03
1.717711222757306132e+03
1.718274791944559411e+03
1.719638164708967224e+03
1.719651631435864374e+03
1.720478768468602539e+03
1.720533568713698742e+03
1.720555035476376361e+03
1.720609735721025572e+03
1.720673469339410076e+03
1.720682836047969886e+03
1.725018222104830329e+03
1.725146856013484012e+03
1.725504724280731352e+03
1.728478904249541301e+03
1.728620171548031522e+03
1.729633209412218775e+03
1.729725943160307679e+03
1.729774510044191629e+03
1.729886410544671435e+03
1.731473617643521038e+03
1.731480417673934198e+03
1.731580618122085070e+03
1.731697418644480194e+03
1.732328654801043285e+03
1.732398155111886354e+03
1.735042200270821240e+03
1.735051800313757894e+03
1.735079633771577392e+03
1.735087533806910869e+03
1.735154267438713077e+03
1.735175334199601593e+03
1.735190834268926437e+03
1.735274801311139072e+03
1.735286801364809662e+03
1.735543835847740411e+03
1.737580311622629324e+03
1.737597811700899456e+03
1.737658211971041965e+03
1.737944413251088918e+03
1.739704321122349938e+03
1.739714954503241415e+03
1.739813588277718509e+03
1.739821954981805447e+03
1.739882055250606527e+03
1.739958522259275014e+03
1.740367090753281445e+03
1.740473657896573968e+03
1.741300661595382280e+03
1.742290999358042200e+03
1.756032860819087091e+03
1.758082603319978716e+03
1.761972120716006430e+03
1.808994931027473967e+03
1.816397897470881617e+03
1.816411830866532682e+03
1.816420764239820755e+03
1.816442831005181915e+03
1.816457064402174638e+03
1.821821788396124930e+03
1.829814990812720907e+03
1.830411226812744189e+03
1.834298077530178716e+03
1.834307244237843634e+03
1.841502376418370659e+03
1.841667543823755295e+03
1.852387458435684266e+03
1.855295704776269758e+03
1.855513639084323358e+03
1.856080074951064717e+03
1.866578288571426583e+03
1.871321176450855774e+03
1.871906912403917431e+03
1.888711587563523608e+03
1.888859354891085786e+03
1.889217523159674784e+03
1.889359923796567728e+03
1.889596824856117337e+03
1.897592460616929657e+03
1.897867828515190695e+03
1.900984875789647049e+03
1.905582896354484774e+03
1.906020864979984026e+03
1.908967411491868688e+03
1.911953824848726299e+03
1.913908933593031179e+03
1.918964389537100715e+03
1.924127779297241887e+03
1.937735873493340478e+03
1.940170051046967274e+03
1.943580766301532321e+03
1.947877552185751938e+03
1.947883352211692909e+03
1.948446554730639491e+03
1.954466114986705634e+03
1.955901154738313608e+03
1.958660100411145777e+03
1.960761509809786276e+03
1.969203214232325990e+03
1.972306328111131279e+03
1.973137531828724377e+03
1.974305970387947582e+03
2.003709901898249655e+03
2.003988203142963357e+03
2.004234970913309098e+03
2.008771424536119412e+03
2.009566094756981556e+03
2.011689304253123964e+03
2.011883605122142626e+03
2.013247877890575865e+03
2.023430690100292168e+03
2.031844127729740421e+03
2.045236187626283481e+03
2.054027226944571339e+03
2.054947597727633820e+03
2.062671998942005303e+03
2.064532340595793812e+03
2.064556040701793336e+03
2.066685250224771607e+03
2.069155061271103477e+03
2.071649172426119094e+03
2.074204317187442939e+03
2.075173488188767351e+03
2.077602265718242506e+03
2.077625965824241575e+03
2.077987000772318879e+03
2.078100734614331486e+03
2.078572636724933091e+03
2.080548812230126714e+03
2.081083414621158227e+03
2.081848984711868525e+03
2.086146503932701762e+03
2.086933174117783437e+03
2.092499032344648185e+03
2.095689913282662019e+03
2.098091757358342420e+03
2.098104824083450694e+03
2.098113657456291548e+03
2.099105961894414577e+03
2.104811520746095994e+03
2.106010659442626547e+03
2.109784276320284789e+03
2.121049193369759905e+03
2.125916781806917697e+03
2.127515822292025405e+03
2.127546155761026512e+03
2.127602222678454837e+03
2.127612989393276166e+03
2.128080791485540431e+03
2.133586249442262215e+03
2.133746550159214166e+03
2.133830317200532136e+03
2.133998551286299517e+03
2.135691392190934039e+03
2.137881668653702945e+03
2.138314437255944995e+03
2.139977111358990442e+03
2.141458551318125501e+03
2.143113525386731908e+03
2.144361530968488751e+03
2.146142838935462350e+03
2.149285352990486899e+03
2.149530954088947965e+03
2.150926360329960062e+03
2.150981527243362962e+03
2.155564447740665400e+03
2.156335617856421777e+03
2.156366451327658979e+03
2.159870600333444145e+03
2.164415753995165687e+03
2.164473654254126814e+03
2.171064417064920235e+03
2.175063501617658403e+03
2.175134935270481947e+03
2.176301340487277230e+03
2.179007552590922842e+03
2.179094386312623556e+03
2.180623926486888649e+03
2.183194371316642901e+03
2.183596739782919485e+03
2.187556490826403660e+03
2.192582013303260737e+03
2.193315916585673676e+03
2.193336183342984441e+03
2.194244354071482576e+03
2.197032566541878168e+03
2.199007275373845005e+03
2.200239214217076096e+03
2.200313514549387037e+03
2.200323481260630615e+03
2.204978435413439456e+03
2.205484271009142958e+03
2.210415359730308865e+03
2.213457673337181859e+03
2.215311048293145177e+03
2.215382481945968266e+03
2.217403857653322120e+03
2.219218999104950399e+03
2.223813652988063950e+03
2.223925320154166457e+03
2.224445955816064270e+03
2.226451531452751169e+03
2.228496040596902731e+03
2.228538740787881125e+03
2.228757075097723828e+03
2.228776441851009167e+03
2.228916275809755462e+03
2.229044143048313799e+03
2.234348233437744511e+03
2.234379400243805776e+03
2.240594894709529399e+03
2.241864433720928446e+03
2.242655837260513636e+03
2.255774662601670116e+03
2.255824929493157470e+03
2.256404798753313571e+03
2.258221140210309386e+03
2.263604497620931397e+03
2.263656097851715913e+03
2.264120199927431713e+03
2.266228809358274702e+03
2.276115820245007399e+03
2.286004864474167334e+03
2.296763912594456087e+03
2.299142123231101323e+03
2.306867324449051011e+03
2.310297773125207641e+03
2.310837108870743123e+03
2.314741159665104988e+03
2.314949960598975849e+03
2.319371880376195350e+03
2.320497152075686245e+03
2.320506252116386804e+03
2.321045354527544532e+03
2.321334755821903400e+03
2.321352222566691125e+03
2.321664057294718532e+03
2.321673590670690373e+03
2.323595899268294943e+03
2.325515141185517223e+03
2.327106548303151612e+03
2.327138315111896645e+03
2.327540016908524649e+03
2.327671684164078670e+03
2.327677650857431217e+03
2.327792051369092405e+03
2.327890951811428749e+03
2.335028517067818484e+03
2.347627273416278513e+03
2.347669340271090277e+03
2.347832007665293986e+03
2.348190375934777421e+03
2.351925159305417310e+03
2.368111231698297161e+03
2.368122265080977286e+03
2.379241748146660029e+03
2.384167970179391887e+03
2.384911773506083136e+03
2.390093496681554825e+03
2.391486902913621634e+03
2.398233333087310257e+03
2.398610668108290156e+03
2.398623368165091961e+03
2.398637134893330767e+03
2.402750586624247262e+03
2.409054414818380337e+03
2.419433727906954573e+03
2.420337098613984381e+03
2.424691051420551958e+03
2.424862685521526146e+03
2.425038119639495562e+03
2.437857876976391708e+03
2.439887352719972569e+03
2.446150914067343820e+03
2.447034718020193395e+03
2.451385670813343495e+03
2.460216143641332110e+03
2.461039480657074819e+03
2.470391789152328329e+03
2.485060088090236604e+03
2.500848292036966541e+03
2.516599662485623412e+03
2.523328659248006716e+03
2.523346559328065723e+03
2.536724652495475311e+03
2.536861619774733754e+03
2.542649112326200338e+03
2.547549367576128589e+03
2.558108448135387334e+03
2.562240733283870213e+03
2.573105015208155237e+03
2.576456996866698773e+03
2.578039537278009448e+03
2.578045070636091168e+03
2.578050503993725215e+03
2.578066770733145404e+03
2.580598082054540100e+03
2.582349523221266736e+03
2.582483923822378983e+03
2.582622557775758651e+03
2.582909059057147260e+03
2.585438703704421187e+03
2.585833372136258731e+03
2.585859672253886856e+03
2.585942105955908573e+03
2.589989424057706401e+03
2.590002524116297081e+03
2.590303425462091127e+03
2.591220029561640786e+03
2.592560635557556452e+03
2.595431081729079324e+03
2.596298918943850822e+03
2.599042397880840326e+03
2.600312803562782847e+03
2.600347503717980089e+03
2.604030586857389153e+03
2.604496255606778504e+03
2.605491293390459305e+03
2.617054678441511442e+03
2.617078911883230376e+03
2.622675170246060588e+03
2.635727528623274338e+03
2.638937242978854556e+03
2.639012843316980252e+03
2.644375000632784577e+03
2.656632755456101222e+03
2.656747589303033692e+03
2.657816060748482869e+03
2.660435572464357847e+03
2.669053977677198873e+03
2.669058977699561638e+03
2.669579580027977045e+03
2.679419824038876413e+03
2.685593118315857282e+03
2.687409259771958659e+03
2.693027051564431986e+03
2.693212785728469044e+03
2.695863497583887693e+03
2.696145398844702868e+03
2.697060802938885445e+03
2.697236003722478017e+03
2.697307270707889074e+03
2.698603876507012501e+03
2.698956911419309108e+03
