3.915231533303743561e+01
4.844372355591239199e+01
5.288401008194453823e+01
6.358015792090897378e+01
9.286482223111690359e+01
1.224537545688428821e+02
1.422538097920770213e+02
1.837965622604255316e+02
1.882027819674257216e+02
2.729689277541919523e+02
2.789704879297518119e+02
2.843118451525267005e+02
2.870157572458855384e+02
2.990390110203862832e+02
3.125193713118563323e+02
3.163907886269306573e+02
3.685288884834093892e+02
3.692349583080026036e+02
3.730843755246806381e+02
3.877749745623269177e+02
3.933250660520076849e+02
3.978708863833775808e+02
4.091552701865850281e+02
4.149921629589964596e+02
4.158455334423979934e+02
4.187996799882741925e+02
4.233344336034809317e+02
4.341539819943594694e+02
4.488420476873419602e+02
4.527279317337859652e+02
4.607376675576613820e+02
5.434187040186897093e+02
5.781301592671117078e+02
5.877811357648373587e+02
6.997574032500003796e+02
7.448898051065377786e+02
7.480957861120873531e+02
7.757844766175695668e+02
8.220778836667509495e+02
8.383952233133953769e+02
8.493156388220728559e+02
9.137577937089475881e+02
9.326953117411151197e+02
9.401247449695630394e+02
9.559840492342917742e+02
9.753098690031548585e+02
9.972421004293021269e+02
1.054821257954470184e+03
1.063985465608435334e+03
1.073516974905172219e+03
1.075853952024065848e+03
1.075892718864118706e+03
1.075956585816433062e+03
1.086603066766593656e+03
1.087836705617427924e+03
1.132917807244522919e+03
1.133881078219458914e+03
1.150071983967289043e+03
1.151346456334086270e+03
1.152342927457511223e+03
1.152638162111293923e+03
1.153171731164370158e+03
1.153195397936887503e+03
1.153209831334774890e+03
1.153253664864155326e+03
1.153412932243152227e+03
1.153427298974074574e+03
1.154324202985514830e+03
1.154344703077202439e+03
1.154376336552017619e+03
1.154569637416563864e+03
1.154676537894680678e+03
1.155229273700147814e+03
1.155241607088642695e+03
1.155316040754883716e+03
1.155322607450920259e+03
1.155925943482699040e+03
1.156025777262542988e+03
1.156795780706415371e+03
1.156815647461936805e+03
1.157054081861678014e+03
1.157090282023584678e+03
1.157116282139871373e+03
1.157186182452503317e+03
1.157308082997708425e+03
1.157423583514289476e+03
1.157436650239397522e+03
1.157467917045906233e+03
1.157490417146538903e+03
1.157509417231517546e+03
1.158693755861854470e+03
1.158724656000056711e+03
1.158957890376540490e+03
1.159986061641745664e+03
1.162172104752247378e+03
1.165097051167524796e+03
1.165115151248478242e+03
1.165142751371920895e+03
1.165161251454663443e+03
1.165221518390876327e+03
1.165354718986621492e+03
1.165436852687301325e+03
1.165545953175257637e+03
1.165732854011179370e+03
1.165757620788616578e+03
1.165766987497176160e+03
1.165777354210208387e+03
1.165841354496452141e+03
1.165974455091750087e+03
1.167993664122746168e+03
1.169340470146391908e+03
1.169380603659224107e+03
1.169824138976287486e+03
1.169838472373727654e+03
1.169849972425162150e+03
1.170344474636843643e+03
1.171598913580707176e+03
1.171637013751111681e+03
1.171710980748598786e+03
1.171834647968372337e+03
1.171986615314719302e+03
1.172326783502802300e+03
1.172742585362493173e+03
1.173744656510964660e+03
1.176834470330285058e+03
1.176854903755007626e+03
1.176866070471617832e+03
1.176884937222667077e+03
1.176905903983108374e+03
1.177070138050985406e+03
1.180743154478703445e+03
1.180768987927578110e+03
1.180807221431912467e+03
1.180840221579506760e+03
1.180985688896781994e+03
1.181003922311665065e+03
1.181060122563023015e+03
1.181095456054386887e+03
1.182433728706533429e+03
1.182476495564476636e+03
1.182691396525630125e+03
1.182915130859624696e+03
1.183858868413863320e+03
1.184576871625162312e+03
1.184604871750393841e+03
1.184632271872942283e+03
1.184642471918562251e+03
1.184656971983414451e+03
1.184839506133139366e+03
1.185822443862702357e+03
1.185839677273113011e+03
1.187197950014710614e+03
1.187211183407230919e+03
1.187222983460007072e+03
1.187300683807525274e+03
1.187377717485394896e+03
1.187434851074260450e+03
1.187451884483776439e+03
1.187661018752471591e+03
1.187845752912036005e+03
1.188556056088896412e+03
1.188596622937000120e+03
1.188643089811491791e+03
1.190058662809367206e+03
1.190266397071800611e+03
1.190833599608637542e+03
1.191267468215799454e+03
1.192049338379412802e+03
1.192156705526283531e+03
1.192309706210585546e+03
1.192585040775363950e+03
1.193828413003064497e+03
1.193918513406042393e+03
1.193996013752665704e+03
1.194461149166336554e+03
1.194700616904032586e+03
1.194779650590847496e+03
1.194793517319533521e+03
1.196055422963458795e+03
1.196167456797868226e+03
1.196433324653639829e+03
1.196470224818677252e+03
1.196642958924571076e+03
1.196679792422643686e+03
1.196819859715767279e+03
1.197069560832565912e+03
1.197270228396726452e+03
1.197604296557526595e+03
1.197693030287725378e+03
1.197726630438003440e+03
1.197740697167584131e+03
1.197925731328490656e+03
1.198843902101713866e+03
1.198871935560428028e+03
1.198887168961893394e+03
1.198903935703550133e+03
1.198917469097412095e+03
1.199098769908287522e+03
1.199970040471748007e+03
1.200056040856388336e+03
1.201926115887042897e+03
1.202253384017429880e+03
1.202637119067034064e+03
1.203415822549817449e+03
1.203736323983273451e+03
1.204872962400269216e+03
1.206063534391818393e+03
1.206848571236261705e+03
1.206861704628334564e+03
1.208131776975452567e+03
1.208145443703244155e+03
1.208169943812822112e+03
1.208249977504109438e+03
1.208400544844194428e+03
1.209224681863515116e+03
1.209483416354049041e+03
1.210383653713731292e+03
1.211107723618830505e+03
1.211125523698442294e+03
1.211146123790576894e+03
1.211205024054010664e+03
1.211308257849061647e+03
1.211356824732945597e+03
1.211485391974634467e+03
1.212742397596644196e+03
1.213098799190665204e+03
1.214402238353684197e+03
1.214514772190329950e+03
1.214712706408932036e+03
1.214735973179660505e+03
1.214755006598121554e+03
1.214764873308917458e+03
1.214801040137341715e+03
1.214814740198615709e+03
1.214863907085183428e+03
1.215388609431936402e+03
1.215737710993307701e+03
1.215755411072472043e+03
1.215997212153937198e+03
1.216144312811851023e+03
1.216150779507440348e+03
1.216160946219578136e+03
1.216170446262067344e+03
1.216183146318868921e+03
1.216197146381484799e+03
1.217768386742255871e+03
1.218302855799357303e+03
1.218891725099766290e+03
1.218935658629594400e+03
1.219487894432825215e+03
1.221225935539619286e+03
1.222027205790000380e+03
1.222062772615741096e+03
1.222073605997527011e+03
1.222091772745445496e+03
1.222208306599981142e+03
1.222219406649626535e+03
1.222230240031412905e+03
1.222257906821820370e+03
1.222540041417012390e+03
1.222561741514066853e+03
1.222751875697783362e+03
1.223057877066387164e+03
1.223065577100825749e+03
1.223085910525101099e+03
1.223103777271677473e+03
1.223193011004112350e+03
1.223226044485189504e+03
1.223410711977789106e+03
1.224633950782108514e+03
1.224918018719281008e+03
1.225155819782856042e+03
1.225174419866045810e+03
1.226547092672048393e+03
1.226557326051150767e+03
1.226781227052557597e+03
1.227052328265068809e+03
1.227075361701420206e+03
1.227084628409532797e+03
1.227278762611139200e+03
1.227291229333563933e+03
1.227327396161987963e+03
1.227379963063762489e+03
1.227420096576594688e+03
1.227453663393390116e+03
1.227469830132363313e+03
1.227699697827122691e+03
1.228022432603900825e+03
1.228299033841011124e+03
1.228958170122358752e+03
1.229166904389264801e+03
1.229206304565483833e+03
1.229367405286013309e+03
1.229390838724153809e+03
1.229514439276962321e+03
1.229663939945610309e+03
1.229686340045795760e+03
1.231378480947299295e+03
1.234516294981302508e+03
1.234530761712672302e+03
1.234546661783786249e+03
1.234568861883076806e+03
1.234612995413799354e+03
1.234692562436332764e+03
1.234763962755673674e+03
1.234961996974723434e+03
1.236183402437509812e+03
1.236195602492075068e+03
1.236236869343309536e+03
1.237327340887155287e+03
1.237515375061479290e+03
1.237851609898636980e+03
1.238645880117709794e+03
1.239474517157156697e+03
1.239815085347028798e+03
1.239850385504910264e+03
1.239873652275638506e+03
1.239984019435926939e+03
1.240016052912531222e+03
1.240023986281346879e+03
1.240053286412392936e+03
1.240082319875579515e+03
1.240148886839969691e+03
1.240226753854899925e+03
1.240368154487319998e+03
1.240880123443789216e+03
1.240905356889980112e+03
1.240962190477504009e+03
1.243000832928750015e+03
1.243039433101391069e+03
1.243090133328149932e+03
1.243252500721011529e+03
1.243362134544686569e+03
1.243387801326148974e+03
1.243394634690044768e+03
1.244550839861220538e+03
1.245180676011521882e+03
1.245356076796009347e+03
1.245379310233255183e+03
1.245517744185740185e+03
1.245632244697848364e+03
1.245704445020767253e+03
1.245787078723683408e+03
1.245801045452816879e+03
1.245845412317916043e+03
1.245862112392607742e+03
1.245955912812133874e+03
1.246151447020002252e+03
1.246470981782468016e+03
1.248048955506687435e+03
1.248064355575564832e+03
1.248075222290833608e+03
1.248091422363288984e+03
1.248455790659608056e+03
1.248475490747717458e+03
1.248503490872949214e+03
1.248529457655753276e+03
1.250989035322983000e+03
1.251005902065086957e+03
1.251594404697189248e+03
1.251648971607908834e+03
1.251719371922777100e+03
1.251728638630889463e+03
1.252463841919116703e+03
1.252471675287485141e+03
1.252485008680452438e+03
1.252498175406007931e+03
1.252537208913920267e+03
1.252564309035126826e+03
1.252599809193902729e+03
1.252624109302586021e+03
1.252699109638028176e+03
1.252737676477186369e+03
1.252826076872560861e+03
1.254900886152231351e+03
1.256182091882476925e+03
1.256201325301832640e+03
1.256237425463292084e+03
1.256353525982556448e+03
1.256975295430112737e+03
1.256989195492281397e+03
1.257014628939366958e+03
1.257024795651504746e+03
1.257084829253340558e+03
1.257112562710713064e+03
1.257287130158139917e+03
1.257439764174135234e+03
1.257860132720917591e+03
1.257871399437975015e+03
1.257945366435462347e+03
1.258686236415700478e+03
1.258710769858760841e+03
1.259067738121982757e+03
1.259529906855718082e+03
1.259537340222297644e+03
1.259776341291239760e+03
1.260597811631966579e+03
1.260622711743333412e+03
1.260776179096389114e+03
1.260806445898425409e+03
1.261195214303874764e+03
1.261207814360229122e+03
1.261313148164672157e+03
1.261796416992778859e+03
1.261864983966114096e+03
1.262465319984475173e+03
1.262497520128491715e+03
1.262507553506699651e+03
1.262525220252381587e+03
1.262543286999852626e+03
1.262605420611080945e+03
1.262704487720829320e+03
1.262747687914044036e+03
1.263348223933299550e+03
1.263363023999493407e+03
1.263384290761276588e+03
1.263465191123106933e+03
1.263478557849556864e+03
1.263597825049650965e+03
1.264218261157910547e+03
1.264227961201294193e+03
1.264244594609021306e+03
1.264266328039558175e+03
1.264281761441918206e+03
1.264537062583763145e+03
1.264577329430524969e+03
1.264625062977348534e+03
1.264754263555203352e+03
1.264895297519316955e+03
1.264906464235927160e+03
1.264942697731316457e+03
1.264953831114444256e+03
1.266268503661038267e+03
1.267777777077992823e+03
1.267952877861138404e+03
1.267963677909442140e+03
1.267971977946564493e+03
1.267983111329692065e+03
1.268060478342385977e+03
1.268190078922029898e+03
1.268200112300238061e+03
1.268224712410263010e+03
1.268309312788641591e+03
1.268463246810451437e+03
1.268484580239199431e+03
1.268949215650633732e+03
1.269200883442895019e+03
1.270353088596180214e+03
1.270363721977072146e+03
1.270748623698560777e+03
1.270795857243148248e+03
1.270842090783262847e+03
1.270991658118875648e+03
1.272556365117092810e+03
1.272751099321382753e+03
1.272919166739737875e+03
1.272951533551166449e+03
1.273047267312672830e+03
1.273238934836580711e+03
1.274095805335635987e+03
1.274106438716527464e+03
1.274117038763936762e+03
1.274143205547635489e+03
1.274636374420020502e+03
1.274652041156757150e+03
1.275119109912408248e+03
1.275687079119340751e+03
1.276134681121259291e+03
1.276703183663910522e+03
1.277525520675180132e+03
1.278651359043872162e+03
1.278681625845908229e+03
1.278699892594273933e+03
1.278831359848933289e+03
1.279178594735288925e+03
1.279490162795456627e+03
1.280490233934983053e+03
1.280508067348077020e+03
1.280530600782192096e+03
1.280796668638858137e+03
1.280823202090863560e+03
1.280847502199546852e+03
1.281026436333170523e+03
1.281654739143280722e+03
1.282387809088633048e+03
1.283527714186905996e+03
1.285242721857348670e+03
1.285257255255683503e+03
1.285284555377784272e+03
1.285306888811004910e+03
1.285328122239305458e+03
1.285451256123360281e+03
1.285482689597281251e+03
1.285503223022451039e+03
1.285555889924672783e+03
1.285578123357445747e+03
1.285666957088091749e+03
1.285709323944245853e+03
1.285896891449816167e+03
1.286101025696148326e+03
1.287340397905958525e+03
1.288169868282465814e+03
1.288335369022674740e+03
1.288349902421009347e+03
1.288358569126438169e+03
1.288373502526561651e+03
1.288386469251222479e+03
1.288417669390766605e+03
1.288583303464905157e+03
1.288648070421244711e+03
1.289767542094794862e+03
1.289900942691434466e+03
1.289924309462609926e+03
1.289930409489892554e+03
1.289938642860049868e+03
1.290739113106853210e+03
1.290770279912914702e+03
1.292320920181550719e+03
1.292337686923207229e+03
1.292350353646526628e+03
1.292899822770716582e+03
1.293240290960141465e+03
1.293417091750890222e+03
1.293470425322760093e+03
1.293635992729934060e+03
1.293895160555739267e+03
1.293907793945576259e+03
1.293929260708253651e+03
1.293941427429336500e+03
1.293986860965873348e+03
1.294589230326661891e+03
1.295454867531593436e+03
1.295562568013288228e+03
1.295575201403125220e+03
1.295592168145676169e+03
1.295605834873467984e+03
1.295619968270013487e+03
1.295636468343810748e+03
1.295655868430578266e+03
1.295797469063893232e+03
1.295812202463122048e+03
1.295832069218643710e+03
1.295847902622792617e+03
1.295908402893382345e+03
1.296268037835198129e+03
1.296273371192384957e+03
1.296284304574618318e+03
1.296604172671908373e+03
1.297609077166385532e+03
1.297634177278646575e+03
1.297932345278881940e+03
1.299152850737643348e+03
1.299204784303251699e+03
1.299834353785694020e+03
1.299867453933735533e+03
1.300553857003701751e+03
1.301326093790896266e+03
1.301358693936701684e+03
1.301375960680594744e+03
1.301554294811534646e+03
1.302498465701044779e+03
1.302627532944969971e+03
1.302717200012676585e+03
1.302870000696083935e+03
1.302882700752885512e+03
1.303346502827259428e+03
1.303456569986205977e+03
1.303591837257861243e+03
1.305260411387294880e+03
1.308590926283160570e+03
1.309849031910090162e+03
1.310169666677475789e+03
1.310185933416895978e+03
1.310199866812547043e+03
1.310218000226982895e+03
1.310234766968639633e+03
1.310742769240700682e+03
1.311137437672538454e+03
1.311325405179897416e+03
1.311726573640806691e+03
1.311740140368151060e+03
1.311931741225093901e+03
1.312107075342616326e+03
1.312197575747383326e+03
1.312211842477858227e+03
1.312410176698249643e+03
1.312967812525632326e+03
1.312975345892659107e+03
1.313193113533300448e+03
1.313387081067495046e+03
1.314419252350590568e+03
1.314428852393527222e+03
1.314443085790519945e+03
1.314458419192432530e+03
1.314777220618285128e+03
1.315376656632620779e+03
1.316064126374024454e+03
1.316292627396004718e+03
1.316693162520747819e+03
1.316912363501133314e+03
1.317553233034115465e+03
1.317897234572676552e+03
1.318109902190508137e+03
1.319642875713462445e+03
1.320179111445132321e+03
1.320454179342051475e+03
1.321055548698367602e+03
1.321065448742645913e+03
1.321087015505770751e+03
1.321101148902316254e+03
1.321110448943911251e+03
1.321136182392338242e+03
1.321328949921165758e+03
1.321351316687868803e+03
1.322182620405909120e+03
1.322207687184687984e+03
1.322218020564237804e+03
1.322225020595545857e+03
1.322267854120453649e+03
1.322300554266706513e+03
1.322405188068018788e+03
1.322420921471720476e+03
1.322515588561789627e+03
1.322941190465311820e+03
1.323146858051835352e+03
1.323426725970222606e+03
1.323465459476793512e+03
1.323732560671414376e+03
1.323961761696525400e+03
1.324928366019703617e+03
1.324974466225888591e+03
1.326706240637988003e+03
1.326735940770823163e+03
1.326750140834333706e+03
1.326765240901869220e+03
1.327246943056301916e+03
1.327368843601507251e+03
1.327913046035475190e+03
1.328399914879683138e+03
1.328409114920830461e+03
1.328418848297696741e+03
1.328427215001783907e+03
1.328441281731364597e+03
1.328457715138196818e+03
1.328579582349919974e+03
1.329979021942304826e+03
1.330730458636469848e+03
1.330851692512026602e+03
1.332333865807774828e+03
1.334196140803543585e+03
1.334206040847821896e+03
1.334390208338185175e+03
1.334865610464441033e+03
1.335099778178432416e+03
1.335264312247651105e+03
1.335611280466147718e+03
1.337248487788625425e+03
1.337390521757211445e+03
1.337481022161978217e+03
1.337628889489987614e+03
1.337998857811352991e+03
1.338017357894095312e+03
1.338042824674663279e+03
1.338144458462557850e+03
1.338224992156081498e+03
1.338231292184258791e+03
1.338254925623293502e+03
1.338465726566109424e+03
1.338497693375749122e+03
1.338617727245938795e+03
1.339203963201236775e+03
1.339455164324744146e+03
1.339484297788378171e+03
1.339497497847416071e+03
1.339509931236358170e+03
1.339683932014583888e+03
1.340345934975419596e+03
1.340635369603261097e+03
1.340790970299191713e+03
1.340803103686792156e+03
1.341135071838200020e+03
1.342318877132818443e+03
1.343210781121895934e+03
1.343235747900227580e+03
1.343261048013383288e+03
1.343755516891582374e+03
1.344185485481301612e+03
1.344324786104329178e+03
1.344333186141898977e+03
1.344343552854931204e+03
1.344353419565726881e+03
1.344537320388230910e+03
1.344557520478576862e+03
1.344618154083096442e+03
1.344721387878147198e+03
1.344905755369405142e+03
1.345226990139474310e+03
1.345750925816131485e+03
1.345763925874274946e+03
1.345782325956570048e+03
1.345791225996375942e+03
1.345810426082249023e+03
1.346016260336184814e+03
1.346733163542563943e+03
1.346739563571188228e+03
1.346770230375013625e+03
1.346784497105488754e+03
1.346993498040254053e+03
1.347003264750602739e+03
1.347104265202331590e+03
1.347674434419103591e+03
1.347778534884697365e+03
1.348366537514563333e+03
1.348380837578521096e+03
1.348396670982670003e+03
1.348412704387713347e+03
1.348423771103876106e+03
1.348480438023988199e+03
1.348497871435293064e+03
1.348544404976749547e+03
1.348839772964461872e+03
1.349193841214713302e+03
1.349211307959500800e+03
1.349596643016261169e+03
1.350567614025635976e+03
1.350696581269113949e+03
1.350767081584429434e+03
1.351243583715604927e+03
1.351480284774260326e+03
1.352108554250888346e+03
1.352138154383276060e+03
1.352150721106147785e+03
1.352217954740186542e+03
1.352526889455243008e+03
1.352558922931847519e+03
1.352783923938173757e+03
1.353357693171047003e+03
1.353386226631997488e+03
1.354380464412100537e+03
1.354387631110820621e+03
1.354404097851135475e+03
1.354415031233368836e+03
1.354503298294813476e+03
1.354514898346695190e+03
1.354532365091482689e+03
1.354865399914328009e+03
1.355415869042990607e+03
1.355423235742605129e+03
1.355436035799853926e+03
1.355546269626212734e+03
1.355698336973006917e+03
1.356481873810741263e+03
1.356659607938997851e+03
1.356856375485715489e+03
1.356864808856767468e+03
1.356873908897467572e+03
1.356984142723826380e+03
1.357003042808357804e+03
1.357105909935101863e+03
1.357395544563838257e+03
1.358121381143505687e+03
1.358161081321066376e+03
1.358607283316723397e+03
1.358659983552427320e+03
1.358890551250317458e+03
1.359842688842125881e+03
1.359864822274451626e+03
1.359880589011635720e+03
1.359903789115399150e+03
1.360074456545383100e+03
1.362872002390856096e+03
1.363429338216896895e+03
1.365140445869896894e+03
1.366486218555587584e+03
1.366669119373619196e+03
1.366806153319842451e+03
1.367214421812506998e+03
1.367593056839300971e+03
1.367893324848928842e+03
1.368312393389896897e+03
1.368343826863817867e+03
1.368350960229055318e+03
1.368360626938956784e+03
1.368416660522902475e+03
1.368650128233763326e+03
1.368675861682190771e+03
1.368903696034522454e+03
1.369055063378185878e+03
1.369215064093795718e+03
1.369804000061169518e+03
1.370095601365368339e+03
1.370112001438718380e+03
1.370276802175796547e+03
1.370314502344412176e+03
1.370509736550938669e+03
1.370629003751032769e+03
1.370707037433375035e+03
1.370714404132989557e+03
1.370723604174137108e+03
1.370951805194775716e+03
1.371070772393528159e+03
1.372274111108843499e+03
1.372285111158041900e+03
1.372345544761667043e+03
1.373968518687151800e+03
1.373989218779733847e+03
1.374022418928222805e+03
1.374036952326557412e+03
1.375347958190085365e+03
1.375364291596470594e+03
1.375584092579539401e+03
1.375841893732565950e+03
1.375856993800101691e+03
1.375879327233322101e+03
1.375888427274022433e+03
1.375910960708137509e+03
1.375923727431903899e+03
1.376000961110667959e+03
1.376013561167022317e+03
1.376846998227937547e+03
1.377330533723903272e+03
1.377362533867025149e+03
1.377420400792504324e+03
1.378048936936991367e+03
1.378535572446822243e+03
1.378566839253331182e+03
1.378581272651218342e+03
1.378595306047316626e+03
1.378612272789867575e+03
1.378637072900787189e+03
1.378647739615161299e+03
1.382138688561908339e+03
1.383806096019457300e+03
1.383818762742776471e+03
1.383829796125457051e+03
1.383841696178680422e+03
1.383967696742223097e+03
1.384073530548902681e+03
1.385110168518642240e+03
1.385310136079672247e+03
1.385327302823117634e+03
1.385685204423847608e+03
1.386055239412177571e+03
1.386141539798159783e+03
1.387860280818633328e+03
1.388019414863700376e+03
1.388273482666696054e+03
1.388392083197141801e+03
1.388453350137827329e+03
1.388472550223700409e+03
1.388624584237012186e+03
1.389118986448246460e+03
1.390660026673946277e+03
1.390731693661146210e+03
1.390751193748361402e+03
1.390769893831998388e+03
1.390845527503606263e+03
1.390854960879130658e+03
1.390976994758265619e+03
1.390995294840113729e+03
1.391107062006663682e+03
1.391247929303365026e+03
1.391257262678442203e+03
1.391265696049494181e+03
1.391357629794005106e+03
1.391532197241431732e+03
1.392270667210935926e+03
1.392445267991845185e+03
1.392618102098186228e+03
1.393036603969953148e+03
1.393645473359813423e+03
1.393667406791245185e+03
1.393680873518142107e+03
1.393816007455867748e+03
1.393829340848835272e+03
1.395276613988490908e+03
1.396275718457027097e+03
1.396331285372219099e+03
1.397413256878048060e+03
1.397488390547420067e+03
1.398755029545848629e+03
1.399085897692336630e+03
1.399093364392398598e+03
1.399102131098274640e+03
1.399115064489453061e+03
1.399131264561908665e+03
1.399142531278966089e+03
1.400668204769270687e+03
1.401115973438601259e+03
1.402403379196576907e+03
1.402457479438542578e+03
1.402647913623600743e+03
1.402988581813919836e+03
1.403021115292760669e+03
1.403040448712563375e+03
1.403772251985583807e+03
1.405205591729588605e+03
1.405279025391356981e+03
1.405331425625719248e+03
1.406011895335814870e+03
1.406036962114593734e+03
1.406704498433510935e+03
1.407181300566028312e+03
1.407702569564092073e+03
1.407774303218257273e+03
1.408142604865501426e+03
1.408170171655461672e+03
1.408177338354181757e+03
1.411574286880508225e+03
1.411582186915841476e+03
1.411615953733531569e+03
1.411627553785413284e+03
1.411810554603892115e+03
1.412099089227708419e+03
1.412491124314434956e+03
1.413164560659740346e+03
1.413176694047340789e+03
1.413198660812254730e+03
1.413344994800072755e+03
1.414106998208164669e+03
1.414751634424660097e+03
1.414757734451942724e+03
1.414763667811813093e+03
1.414773634523056444e+03
1.414790867933466870e+03
1.415127369438483811e+03
1.415137536150621600e+03
1.415782339034529286e+03
1.415924439670080119e+03
1.415946906437230382e+03
1.415955439808729579e+03
1.415965206519078265e+03
1.415977939909362249e+03
1.416095173767028882e+03
1.416174440788220409e+03
1.416501308916818516e+03
1.416907444066608150e+03
1.417237078874246663e+03
1.417248312257821908e+03
1.417259212306572863e+03
1.417285112422412112e+03
1.417346512697027265e+03
1.417502180059922921e+03
1.417549013602721061e+03
1.417563080332301752e+03
1.417571980372107646e+03
1.418063315902959403e+03
1.418305516986213888e+03
1.418469984388467765e+03
1.418568718163391850e+03
1.418577918204539628e+03
1.418675485307579038e+03
1.418780752445057487e+03
1.419071853747019986e+03
1.419194487628838488e+03
1.419542022516536008e+03
1.420442826545419393e+03
1.420675060917430528e+03
1.421577731621329349e+03
1.421588298335256241e+03
1.421599198384006968e+03
1.421616231793522957e+03
1.421627565177545421e+03
1.421756932422812270e+03
1.421826366066690525e+03
1.421856666202209226e+03
1.421866266245145653e+03
1.421962433341923770e+03
1.422200134405051585e+03
1.422220901164598445e+03
1.423082305017262797e+03
1.423103505112081166e+03
1.423130971901594194e+03
1.423248172425778421e+03
1.423266405840661264e+03
1.423277105888517781e+03
1.423296672642697558e+03
1.423319639412084143e+03
1.423491506847435176e+03
1.423685141046805256e+03
1.423888641956971696e+03
1.423901708682079743e+03
1.423981042370236310e+03
1.424122643003551048e+03
1.424452611146013851e+03
1.425528449291077777e+03
1.425727650182012212e+03
1.425734316878495747e+03
1.425751416954976776e+03
1.425942884477989764e+03
1.425974417952357953e+03
1.426034318220264140e+03
1.426052984970418720e+03
1.426073085060317226e+03
1.426115918585225245e+03
1.426257652552469608e+03
1.426266519258792869e+03
1.426523753742618283e+03
1.426574553969824365e+03
1.426596254066879055e+03
1.427626358674064477e+03
1.428743530337327684e+03
1.428964231324422144e+03
1.429009198192204849e+03
1.429133998750380670e+03
1.430492638160284969e+03
1.430524204968135564e+03
1.430568338498857884e+03
1.430755972671392783e+03
1.431284108366834744e+03
1.431295008415585926e+03
1.431343841967329354e+03
1.431983511494944423e+03
1.432043311762403619e+03
1.432781081728777053e+03
1.432927882385348994e+03
1.433786886227279183e+03
1.433803219633664412e+03
1.434028853976156597e+03
1.434274521741582703e+03
1.434283688449247848e+03
1.434301055193588127e+03
1.434313188581188342e+03
1.434408422340458628e+03
1.434523856190074412e+03
1.434534289570071678e+03
1.435156359018969852e+03
1.435163692385101740e+03
1.435171092418198668e+03
1.435303293009471417e+03
1.435407293474617745e+03
1.435422393542153486e+03
1.435505660581235361e+03
1.435640761185478596e+03
1.435661394611095830e+03
1.435692928085463791e+03
1.435819395317760382e+03
1.435844162095197362e+03
1.435870328878896316e+03
1.436048529675906593e+03
1.436280630713988330e+03
1.436387197857280853e+03
1.437873937840120334e+03
1.439127810114782733e+03
1.439138176827814959e+03
1.439150376882379987e+03
1.439180043681732968e+03
1.439274710771801892e+03
1.439365444510945508e+03
1.439374344550751402e+03
1.439518445195247523e+03
1.439649245780258752e+03
1.440118581212714162e+03
1.440143081322291891e+03
1.440553249823454280e+03
1.441117452346873279e+03
1.441274119714241351e+03
1.441294986474235429e+03
1.441312686553399544e+03
1.441327619953523254e+03
1.441362086774344334e+03
1.441505120747402998e+03
1.441541720911098764e+03
1.441552387625472647e+03
1.442368724609907076e+03
1.442380624663130675e+03
1.442394724726193544e+03
1.442429058213084772e+03
1.442617959057951794e+03
1.442739326267438400e+03
1.443077027777822195e+03
1.443088527829256691e+03
1.443106394575833292e+03
1.443124361322856885e+03
1.443211928381170765e+03
1.443311428826190649e+03
1.443412262610507241e+03
1.443418962640473410e+03
1.443432729368712444e+03
1.443511196386325992e+03
1.444181232716424802e+03
1.444188232747732627e+03
1.444200032800508779e+03
1.444333400063665977e+03
1.444353300152670045e+03
1.444436600525234326e+03
1.444448900580247027e+03
1.445299304383713206e+03
1.445324137828114999e+03
1.445522372048059196e+03
1.445534005433423317e+03
1.445563472231881633e+03
1.445663739346996863e+03
1.445783539882809691e+03
1.446879711452149195e+03
1.447367880302171443e+03
1.447699548452237650e+03
1.447912849406234955e+03
1.448086050180882467e+03
1.448178450594147080e+03
1.448188750640214721e+03
1.449559956772990972e+03
1.449735824226231898e+03
1.449931425101064860e+03
1.449959825228085720e+03
1.450144659388097580e+03
1.450540027823065884e+03
1.450566394607659049e+03
1.450771562191946259e+03
1.450787662263954644e+03
1.451145830532543641e+03
1.451500565452443652e+03
1.451661866173867793e+03
1.452346535902748201e+03
1.452464969765781916e+03
1.453089839227203129e+03
1.453185972990498612e+03
1.453193773025384644e+03
1.453416374020976718e+03
1.453439507457775335e+03
1.453809542446105525e+03
1.453842975928971555e+03
1.454082210332290515e+03
1.454441945274553518e+03
1.454453145324646130e+03
1.454478112102977775e+03
1.454620779407729970e+03
1.454706046455756905e+03
1.454773646758101904e+03
1.454828413669715928e+03
1.454835747035848271e+03
1.454849113762297975e+03
1.454885980593853219e+03
1.454923480761574183e+03
1.455069581415015364e+03
1.455076881447665073e+03
1.456223819910728253e+03
1.456675155262677436e+03
1.456690755332449726e+03
1.456702522051743244e+03
1.456820822580847334e+03
1.456916889677178233e+03
1.457030256850884143e+03
1.457095923811249122e+03
1.457109023869839575e+03
1.457130323965105163e+03
1.457144124026826603e+03
1.457156557415768702e+03
1.457183424202598189e+03
1.457507925653944312e+03
1.457520092375027389e+03
1.457527559075088902e+03
1.457541459137257561e+03
1.457553392523963339e+03
1.457741826700076444e+03
1.457751060074706402e+03
1.458030861326129070e+03
1.458201028753876699e+03
1.458912698603516219e+03
1.458919931969201116e+03
1.458943932076542751e+03
1.458963498830722301e+03
1.458978632231740448e+03
1.458992865628733171e+03
1.459162899722551174e+03
1.460513772431051848e+03
1.460974574492008287e+03
1.462445014401945173e+03
1.462772649200638625e+03
1.462781482573479707e+03
1.462812182710787283e+03
1.462959450036113140e+03
1.463056250469056977e+03
1.463169984311069811e+03
1.464072488347556373e+03
1.464184555515447983e+03
1.464290089320785683e+03
1.464525090371837678e+03
1.464538723766146859e+03
1.464550223817581355e+03
1.464567190560132531e+03
1.464765091445252438e+03
1.464790858227162062e+03
1.464868391907268006e+03
1.464885591984196253e+03
1.465007592529848580e+03
1.465152693178817344e+03
1.465170859926735375e+03
1.465482727988244960e+03
1.466493365841697823e+03
1.467284736047800607e+03
1.467302469460447583e+03
1.467332569595071618e+03
1.467420636655621820e+03
1.467597004111099068e+03
1.467812038406182410e+03
1.467956305718090562e+03
1.468148739912093788e+03
1.468883376531119893e+03
1.469198411273458987e+03
1.469463079123863736e+03
1.469478179191399477e+03
1.469493545926794241e+03
1.469520212712729290e+03
1.469533779440073658e+03
1.469751280412855749e+03
1.469876914308091955e+03
1.470828185229357359e+03
1.470839385279449971e+03
1.470854418680020672e+03
1.470865152061359595e+03
1.470904985572850137e+03
1.470938352388751127e+03
1.470996619316018950e+03
1.471053919572296763e+03
1.471070019644304921e+03
1.471179420133603344e+03
1.471573388562310129e+03
1.471929423488024440e+03
1.471936990188533400e+03
1.471945690227444857e+03
1.471957556947185594e+03
1.472091624213473779e+03
1.472155791167130019e+03
1.472476625935409857e+03
1.472488025986397133e+03
1.472722827036554690e+03
1.472749560489454552e+03
1.472780493961138973e+03
1.472792794016151447e+03
1.472817660794035874e+03
1.472967928132779434e+03
1.474158033455574696e+03
1.474715502615545574e+03
1.474736869377775747e+03
1.474862069937740443e+03
1.474969937086847494e+03
1.477196780379829761e+03
1.477215880465255623e+03
1.478330652117784666e+03
1.478369652292214596e+03
1.478382452349463392e+03
1.478561219815674804e+03
1.478583586582377848e+03
1.478592253287806670e+03
1.478629986789904706e+03
1.478803287564999664e+03
1.478813287609725194e+03
1.478826154333938803e+03
1.478846954426968068e+03
1.478899054659988451e+03
1.479047788658540867e+03
1.479052855347868444e+03
1.479527790805370387e+03
1.479546190887665489e+03
1.479580024372320395e+03
1.479605791154230246e+03
1.479702158251902574e+03
1.479777258587791948e+03
1.480700362716413565e+03
1.480727329503690271e+03
1.480735662874294803e+03
1.480744929582407394e+03
1.480758629643681388e+03
1.480774696382207367e+03
1.480796729814085893e+03
1.480809896539641386e+03
1.480975697281191970e+03
1.481062697670304715e+03
1.481775334190934700e+03
1.481829001097628634e+03
1.482009401904478864e+03
1.483505241928018677e+03
1.483525975354083130e+03
1.483535542063537378e+03
1.483543975434589129e+03
1.483567175538352558e+03
1.483579942262118948e+03
1.483690509423302046e+03
1.483753609705520375e+03
1.484151411484705250e+03
1.484268612008889704e+03
1.484593413461577484e+03
1.484891781462707513e+03
1.485432250546644582e+03
1.485584317893438765e+03
1.485613618024484822e+03
1.486129953667150630e+03
1.486434221694668850e+03
1.486462721822136700e+03
1.486482155242386852e+03
1.486640755951735173e+03
1.486680289461883604e+03
1.486688156163734448e+03
1.486715289618423412e+03
1.486738489722186614e+03
1.486925390558108575e+03
1.487048357774751139e+03
1.487741960876919848e+03
1.488003395379529820e+03
1.488358096965947198e+03
1.488810898991122940e+03
1.489525135518908883e+03
1.489614802586615269e+03
1.490526606664696601e+03
1.490540973395619176e+03
1.490554473455998959e+03
1.490571906867303596e+03
1.490689207391935270e+03
1.490867174854568702e+03
1.492361848206224067e+03
1.492373681592482626e+03
1.492398181702060356e+03
1.492415748447294845e+03
1.492522148923175564e+03
1.492921517376033989e+03
1.493275452292356022e+03
1.493439719693715460e+03
1.493553086867421371e+03
1.493561753572850193e+03
1.493589520363705333e+03
1.493601253749516673e+03
1.493656653997296416e+03
1.493797154625691292e+03
1.493808721344090600e+03
1.493874288304008360e+03
1.493906988450260997e+03
1.494025622314189150e+03
1.494156322898752933e+03
1.494318723625096936e+03
1.494527524558967798e+03
1.494630058350887793e+03
1.495288727963481733e+03
1.496679500850437762e+03
1.496701967617587798e+03
1.496881835088719072e+03
1.497163503015157403e+03
1.497329203756260767e+03
1.497344937159962456e+03
1.497362670572609204e+03
1.497378603977205103e+03
1.497667505269328103e+03
1.497739838926177072e+03
1.497942473165800266e+03
1.498101540543902502e+03
1.498352208331691145e+03
1.499099345006624389e+03
1.500653918626185714e+03
1.500679285406306462e+03
1.500696452149752076e+03
1.500896819712570959e+03
1.501701623312088486e+03
1.502166525391382265e+03
1.502176792103967045e+03
1.502194992185367710e+03
1.502542360405653426e+03
1.503357330717308287e+03
1.503371030778582508e+03
1.503540898204988252e+03
1.504271601473088822e+03
1.504475402384596919e+03
1.504487435771750143e+03
1.504515069228675202e+03
1.504532869308286763e+03
1.504586202880156634e+03
1.504596436259259235e+03
1.504615869679509387e+03
1.504721903487083182e+03
1.504819937258876735e+03
1.505023971504761676e+03
1.505035504889678577e+03
1.505049471618811822e+03
1.505075505068580924e+03
1.505730974666862721e+03
1.505770008174774830e+03
1.506356010795695965e+03
1.506370744194925010e+03
1.506382877582525452e+03
1.506465444618476567e+03
1.506606145247766108e+03
1.506966313525300166e+03
1.507328215143920033e+03
1.508606387527265724e+03
1.508616820907262763e+03
1.508625487612691586e+03
1.508632654311411898e+03
1.508678621183667019e+03
1.508864622015563782e+03
1.508916822249031156e+03
1.508979989198214753e+03
1.508991655917061280e+03
1.509134623223155359e+03
1.509144089932162160e+03
1.509454424653480373e+03
1.510207928023555496e+03
1.510403062229634543e+03
1.511039965078208979e+03
1.511082465268292708e+03
1.511269166103320003e+03
1.511277666141336795e+03
1.511286666181589908e+03
1.511299032903567195e+03
1.511312966299218260e+03
1.511323766347521996e+03
1.511380433267633634e+03
1.511524100576858245e+03
1.511739601540695276e+03
1.512566838573880659e+03
1.512904373416852422e+03
1.513246108278608972e+03
1.514084245360545310e+03
1.514095845412427025e+03
1.514115945502325530e+03
1.514130378900212690e+03
1.514249346098965134e+03
1.514693381418264835e+03
1.514733214929755150e+03
1.514914449073665992e+03
1.515783252959427273e+03
1.515817186444529625e+03
1.516693090362046178e+03
1.516954024862419601e+03
1.517146025721151545e+03
1.517303893093886472e+03
1.518181330351594397e+03
1.518418764746862735e+03
1.519165234752147626e+03
1.519234935063885132e+03
1.519335768848201724e+03
1.519474969470782071e+03
1.519564969873312748e+03
1.519750237368596117e+03
1.520148639150464533e+03
1.520668974811020689e+03
1.520694441591588429e+03
1.520706274977847215e+03
1.521346977843417335e+03
1.521600012308457735e+03
1.522079381119121308e+03
1.522097447866592120e+03
1.522116981287289491e+03
1.522130981349905596e+03
1.522198914987074886e+03
1.522355482353995512e+03
1.522446149426174316e+03
1.523331886721004366e+03
1.523988222989828955e+03
1.523999556373851192e+03
1.524017489787392606e+03
1.524030189844193956e+03
1.524041289893839576e+03
1.524052356610002789e+03
1.524227257392253705e+03
1.524272557594860700e+03
1.524447258376216951e+03
1.524454358407972222e+03
1.524947727281251673e+03
1.524955127314348601e+03
1.525085227896228844e+03
1.525093861268175260e+03
1.525112661352259465e+03
1.525158661557997448e+03
1.525238295247495671e+03
1.525323895630346897e+03
1.525340395704144157e+03
1.525446296177788554e+03
1.526341966850379094e+03
1.527672372800675021e+03
1.528438276226209837e+03
1.528475543059553956e+03
1.529076079078809471e+03
1.529921916195184394e+03
1.530095383637691384e+03
1.530467451968449041e+03
1.531189388530673568e+03
1.531198021902620212e+03
1.531208121947792961e+03
1.531223822018012015e+03
1.531245555448549112e+03
1.531286888966748165e+03
1.531314189088849389e+03
1.531339655869417129e+03
1.531349522580213034e+03
1.531425289585750761e+03
1.531448856357820887e+03
1.531483456512571365e+03
1.532587461450279307e+03
1.532697428608778637e+03
1.532871262719592323e+03
1.532992296594254640e+03
1.533206830887101432e+03
1.534994638883146763e+03
1.535029605706203938e+03
1.536217977687913617e+03
1.536622012828310744e+03
1.536841913811826998e+03
1.536979681094663647e+03
1.539777460274513487e+03
1.540012361325118491e+03
1.540409996436891106e+03
1.541008165778895091e+03
1.541492734612815866e+03
1.541503334660224937e+03
1.541522434745650799e+03
1.541534601466733648e+03
1.541543268172162698e+03
1.541555868228517056e+03
1.541639235268046150e+03
1.541656468678456577e+03
1.541682635462155304e+03
1.541755035785968630e+03
1.541769002515102102e+03
1.541881503018265221e+03
1.542079337236420315e+03
1.542783140384209219e+03
1.543523410361764036e+03
1.543694011124782946e+03
1.543714011214234233e+03
1.543945012247395880e+03
1.544024245935105000e+03
1.544035112650373776e+03
1.544053612733115870e+03
1.544066279456435041e+03
1.544261546996443940e+03
1.544270980371968562e+03
1.544283113759569005e+03
1.544487948009031925e+03
1.544501181401552003e+03
1.544579715086130591e+03
1.544670848827063310e+03
1.544685282224950697e+03
1.544704948979577694e+03
1.544714682356443973e+03
1.544899283182078989e+03
1.545315951712312653e+03
1.547172226681246002e+03
1.547181126721051896e+03
1.547512161534952156e+03
1.548091364125459677e+03
1.548248964830335353e+03
1.548531432760351663e+03
1.548796800613887171e+03
1.549876772110771071e+03
1.549892772182332010e+03
1.549917538959768990e+03
1.550011006044471060e+03
1.550018439411050622e+03
1.550036639492451286e+03
1.550060772933722319e+03
1.550138539948205107e+03
1.550164640064939022e+03
1.550258207150088310e+03
1.551186744636343974e+03
1.551212978087007741e+03
1.551223111465662896e+03
1.551481812622714642e+03
1.551909981204382802e+03
1.551920781252686538e+03
1.551934914649232041e+03
1.551950414718556885e+03
1.551965648120022024e+03
1.552182982425392311e+03
1.552330516418577417e+03
1.553052652981696383e+03
1.553058119672813064e+03
1.553282320675561550e+03
1.553416354608367101e+03
1.553517788395367234e+03
1.553727022664509605e+03
1.554323758666769436e+03
1.554334492048108132e+03
1.554392925642788214e+03
1.554611693287902199e+03
1.555469763792324784e+03
1.555497830584521125e+03
1.555507130626116123e+03
1.555744531687902281e+03
1.555823832042576214e+03
1.555832265413628193e+03
1.555845232138289020e+03
1.555996666148917484e+03
1.556009366205719061e+03
1.556065299789217534e+03
1.556078766516114683e+03
1.556102533289079247e+03
1.556241100575493874e+03
1.556460768224633057e+03
1.556892836823744574e+03
1.556909670232365897e+03
1.556975037191388992e+03
1.557033004117315159e+03
1.557334938801064027e+03
1.557340405492180480e+03
1.557355272225339149e+03
1.557370138958498273e+03
1.557380472338047866e+03
1.557509206247148995e+03
1.557564773162340998e+03
1.557628606781172948e+03
1.558419443651556776e+03
1.558781911939378006e+03
1.559233513959186666e+03
1.560593420041423087e+03
1.561107655674696616e+03
1.561139989152642784e+03
1.561616824618642113e+03
1.563293465450821259e+03
1.563535599867110705e+03
1.563789767670553601e+03
1.564616138033195966e+03
1.564624138068976436e+03
1.565074306749040943e+03
1.565125773645895606e+03
1.566795614447661137e+03
1.566841214651610017e+03
1.566851548031159837e+03
1.569042357829647244e+03
1.569055491221720331e+03
1.569078257990212251e+03
1.569124258195950233e+03
1.569609827034343425e+03
1.570050395671471506e+03
1.570200863011109732e+03
1.570211263057624365e+03
1.570352563689597446e+03
1.570482397603618210e+03
1.570576598024933446e+03
1.570698731904515853e+03
1.570760098845648599e+03
1.571563302438009941e+03
1.571834036982214684e+03
1.572083404764189027e+03
1.572152005071006897e+03
1.572161738447873176e+03
1.572187505229782801e+03
1.572203271966966895e+03
1.572226738738589347e+03
1.572400539515920627e+03
1.572906841780378500e+03
1.573189943046560757e+03
1.573369077181078865e+03
1.573551911332145437e+03
1.573565478059490033e+03
1.573579244787729067e+03
1.573587378157439161e+03
1.573600878217818718e+03
1.573617944960816885e+03
1.573636645044453871e+03
1.573692078625716249e+03
1.573709312036126676e+03
1.573804179127090265e+03
1.573937346389353252e+03
1.574287581289126592e+03
1.574297681334299341e+03
1.574526982359857811e+03
1.575004717829882793e+03
1.575178818608555730e+03
1.575225885485730942e+03
1.575802254730233017e+03
1.576272223498854373e+03
1.576282756879298631e+03
1.576333657106951932e+03
1.576342023811039098e+03
1.576351223852186877e+03
1.576366190585792765e+03
1.576522957953607829e+03
1.576927259761864661e+03
1.577129560666663792e+03
1.578053831467169857e+03
1.578060331496241361e+03
1.578067298194067007e+03
1.578192898755820579e+03
1.578232998935170599e+03
1.578310065946522400e+03
1.578371732888997030e+03
1.578407599716079631e+03
1.578567200429900595e+03
1.578983968960581706e+03
1.579829639409544598e+03
1.579841106127496460e+03
1.579847439489155931e+03
1.579891573019878479e+03
1.580065373797209531e+03
1.581009011351000936e+03
1.581064844934052417e+03
1.581074011641717561e+03
1.581082611680181572e+03
1.581102111767396536e+03
1.581323746091998601e+03
1.581682414362823920e+03
1.581691647737453877e+03
1.581713881170227069e+03
1.581930982141220284e+03
1.582281950377607018e+03
1.582311017174276003e+03
1.582321583888202667e+03
1.582359417390747922e+03
1.582372784117198080e+03
1.582387017514190802e+03
1.583914657679958054e+03
1.583933724431901510e+03
1.583949557836050417e+03
1.583961024554002279e+03
1.584081491759463688e+03
1.584178392192854972e+03
1.584414026580072687e+03
1.584675961084918981e+03
1.585335697368950377e+03
1.585412331045030896e+03
1.585569731749011908e+03
1.585583665144662973e+03
1.585755732580908443e+03
1.586006667036556564e+03
1.586198034559122334e+03
1.586228034693299151e+03
1.587602174172528521e+03
1.588641845489167963e+03
1.588985847027729278e+03
1.588991680387152428e+03
1.589007980460055251e+03
1.589029113887908579e+03
1.589099380868847220e+03
1.589137747707111203e+03
1.589233481468617583e+03
1.589241814839222570e+03
1.589394115520393598e+03
1.589404448899943418e+03
1.589427749004154066e+03
1.589579383015676740e+03
1.590356153156480104e+03
1.590392586652763612e+03
1.590399220015765195e+03
1.590411686738189701e+03
1.590441753539331330e+03
1.590604854268806093e+03
1.591179556839187171e+03
1.591388091105198555e+03
1.591403657841488211e+03
1.591552858508794543e+03
1.592288261797916221e+03
1.592298028508264679e+03
1.592306895214588167e+03
1.592319828605766588e+03
1.592340028696112313e+03
1.592356295435532729e+03
1.592399062293475936e+03
1.592415729034685228e+03
1.592444695830907222e+03
1.592533329560658558e+03
1.592709930350512877e+03
1.592833697570733420e+03
1.593135265586175592e+03
1.594157203490168513e+03
1.594216203754049502e+03
1.594336237624239402e+03
1.594506638386363875e+03
1.594641938991501547e+03
1.594984907192107585e+03
1.594991107219837659e+03
1.594997507248461943e+03
1.595415675785404574e+03
1.595868677811474981e+03
1.596170212493434747e+03
1.596236446123000633e+03
1.596551780866681838e+03
1.596881349007355539e+03
1.597412151381391141e+03
1.597737686170692541e+03
1.597792219747929266e+03
1.597982187264233744e+03
1.598150888018754813e+03
1.598159088055429720e+03
1.598173188118493044e+03
1.598384422396580248e+03
1.598408355836956844e+03
1.598418622549541851e+03
1.598481056162112054e+03
1.598666090323018580e+03
1.598672823686466927e+03
1.598703090488503221e+03
1.598719623895782888e+03
1.598767524110018485e+03
1.599051925382015042e+03
1.599072792142009121e+03
1.599088625546158255e+03
1.599172792589265327e+03
1.600637499140226055e+03
1.600651199201500049e+03
1.600668765946734766e+03
1.600740699601794404e+03
1.600749732975529696e+03
1.600887933593637854e+03
1.600906133675038518e+03
1.601217601734759000e+03
1.601550103221885593e+03
1.601568303303286257e+03
1.601585303379319839e+03
1.601595736759316651e+03
1.601718837309889068e+03
1.601732170702856592e+03
1.602649941474291154e+03
1.602662308196268668e+03
1.602675974924060029e+03
1.602700541700602798e+03
1.602715208432867030e+03
1.602888775875821239e+03
1.602910375972428483e+03
1.603321177809756819e+03
1.603330011182597900e+03
1.603365578008338616e+03
1.603421111590047985e+03
1.603463545113166902e+03
1.603504478629577306e+03
1.603585712326231715e+03
1.603892213697071611e+03
1.603903313746717231e+03
1.603927447187988491e+03
1.603939713909518559e+03
1.604093047928644410e+03
1.604597283517192409e+03
1.604979351892675822e+03
1.604992585285195901e+03
1.606480758607779308e+03
1.606743426449238996e+03
1.607359862539608230e+03
1.607476396394144103e+03
1.607520063256112735e+03
1.607531263306205346e+03
1.607547496712143129e+03
1.607577096844531070e+03
1.607699264057595656e+03
1.608504767660243942e+03
1.609145370525366616e+03
1.610774077809827531e+03
1.610908311743527747e+03
1.611790049020467450e+03
1.611809849109024071e+03
1.611938983019914303e+03
1.614619095006826228e+03
1.615189030889221613e+03
1.615223497710042238e+03
1.615238031108377072e+03
1.615448632050298329e+03
1.615458265426717389e+03
1.615674399726720367e+03
1.615876067295353550e+03
1.616738204484631297e+03
1.616794304735541800e+03
1.616844871628371038e+03
1.616961538816836537e+03
1.617079872679423033e+03
1.617097239423763085e+03
1.617246340090622198e+03
1.617985810064598809e+03
1.619923152062774534e+03
1.620324053855824559e+03
1.620865122942445169e+03
1.620875156320653105e+03
1.620889489718093046e+03
1.620984023474232572e+03
1.621001390218572851e+03
1.621022056977672264e+03
1.621106557355603854e+03
1.621185057706699808e+03
1.621247957988023927e+03
1.622104695153149805e+03
1.622327896151425421e+03
1.622340996210016101e+03
1.622355062939596792e+03
1.622441296658613737e+03
1.622574597254806577e+03
1.622622797470383830e+03
1.622789698216854276e+03
1.623625068619749754e+03
1.624167671046561509e+03
1.624264504812987980e+03
1.624270771507682639e+03
1.624278204874261974e+03
1.624323738411246040e+03
1.624345738509642388e+03
1.624784207137378189e+03
1.626480948059455613e+03
1.626515481547241279e+03
1.626554581722118428e+03
1.626630915396857517e+03
1.626755982622892361e+03
1.626957716858490585e+03
1.627108784200812124e+03
1.627389152121435927e+03
1.627604253083483854e+03
1.627616719805908360e+03
1.627637219897595969e+03
1.628709758027900534e+03
1.628946525753520518e+03
1.628961292486232196e+03
1.628977059223416063e+03
1.628985025925714353e+03
1.629021426088515454e+03
1.629193393524313478e+03
1.629466261411393134e+03
1.629475661453435350e+03
1.629506328257260520e+03
1.629602828688862701e+03
1.629611762062151001e+03
1.629714295854070770e+03
1.630497532690463231e+03
1.630504766056148355e+03
1.630530532838057979e+03
1.630549499589553989e+03
1.630733433745540651e+03
1.630767267230195785e+03
1.632567541948665621e+03
1.632869876634203365e+03
1.632920410193550197e+03
1.633015377284961005e+03
1.633029677348918540e+03
1.633056044133511932e+03
1.633173811326897294e+03
1.633290678516257003e+03
1.635335954330504592e+03
1.635350754396698449e+03
1.635826889859567473e+03
1.637003461788500999e+03
1.637012495162236291e+03
1.639240671794515492e+03
1.639439872685449700e+03
1.640890512506829737e+03
1.642547519917864065e+03
1.643035955435745336e+03
1.643342356806138241e+03
1.643521057605384840e+03
1.643726291856636863e+03
1.645125498114645097e+03
1.645347699108448069e+03
1.646223236357658152e+03
1.646243303114074251e+03
1.646284369964414054e+03
1.646622571477034171e+03
1.646806005630784512e+03
1.647955377438064261e+03
1.648656480573777117e+03
1.648668647294859966e+03
1.649060015711937922e+03
1.651135958330010681e+03
1.651145325038570491e+03
1.651157491759653112e+03
1.651172525160224041e+03
1.651184358546482599e+03
1.651207558650246028e+03
1.651257492206909319e+03
1.651273658945882516e+03
1.651293825702745607e+03
1.651317225807403474e+03
1.651388792794156643e+03
1.651431026316381121e+03
1.651616960481312844e+03
1.651631960548401139e+03
1.651993028829960622e+03
1.652560264700279959e+03
1.653213367621309771e+03
1.653222400995045291e+03
1.653279301249534001e+03
1.653366834974365474e+03
1.653458935386288431e+03
1.653562269181786405e+03
1.655024809056390040e+03
1.655052509180279912e+03
1.655074709279570698e+03
1.655107942761542290e+03
1.655255943423481540e+03
1.655510677896125117e+03
1.655550178072791368e+03
1.655998746745700146e+03
1.656009780128380498e+03
1.656026480203072424e+03
1.657433886497755338e+03
1.657443386540244774e+03
1.657456119930528530e+03
1.657562953741680758e+03
1.657694520996787105e+03
1.658391024111926299e+03
1.658586958321583552e+03
1.658948793273238607e+03
1.658967393356428147e+03
1.658988326783387265e+03
1.659008893542039459e+03
1.659025426949319353e+03
1.659112060670125629e+03
1.659204827751696939e+03
1.659237194563125286e+03
1.659334694999200110e+03
1.660207765570710990e+03
1.660698067763608151e+03
1.661082202815001210e+03
1.661092969529822540e+03
1.661171903216190003e+03
1.661337470623363743e+03
1.662363875214000927e+03
1.662379208615913512e+03
1.662427508831937985e+03
1.662531309296190102e+03
1.662600642939620911e+03
1.663566180591361444e+03
1.663633447558882381e+03
1.663661481017596543e+03
1.663727114644478888e+03
1.663884182013635836e+03
1.664332284017790698e+03
1.664755952579332643e+03
1.664776919339773940e+03
1.665105020807221308e+03
1.665122920887280316e+03
1.665135720944529112e+03
1.665145487654877797e+03
1.665223621337667055e+03
1.665370355327274410e+03
1.666146092130122724e+03
1.666380593178938398e+03
1.666659894428124971e+03
1.666680494520259572e+03
1.666715361342869528e+03
1.666788861671602945e+03
1.666883195426847806e+03
1.667729365878046792e+03
1.668565336283625584e+03
1.668862270945011687e+03
1.668897337768516081e+03
1.668962971395398654e+03
1.668970204761083551e+03
1.669108305378744262e+03
1.669412606739744660e+03
1.669656274496225478e+03
1.669750508251023348e+03
1.671451282524473299e+03
1.671458182555333906e+03
1.671494982719924110e+03
1.671523716181769032e+03
1.671547482954733596e+03
1.671556049659715200e+03
1.671571149727250940e+03
1.671634983346082890e+03
1.671690450260827674e+03
1.671725550417814247e+03
1.671749950526944758e+03
1.671836017578550127e+03
1.671985484913715709e+03
1.672240219386359286e+03
1.672252852776196050e+03
1.672260719478046894e+03
1.672275986212994667e+03
1.672488320496001961e+03
1.672548420764802813e+03
1.672567920852017778e+03
1.672659721262598850e+03
1.673302857472385767e+03
1.674743063913768765e+03
1.675063032011505811e+03
1.675075265399553473e+03
1.675089065461274913e+03
1.675113765571747081e+03
1.675208965997534960e+03
1.675312633127857225e+03
1.675774001858014572e+03
1.676597638875098710e+03
1.676921540323761292e+03
1.676939573737749924e+03
1.676958873824070224e+03
1.676969840539785991e+03
1.677111041171311854e+03
1.678745881816537576e+03
1.678758681873786372e+03
1.678771415264070129e+03
1.678782281979338677e+03
1.678863749010370157e+03
1.678912649229078397e+03
1.678960482776349181e+03
1.678970316153662679e+03
1.679028483080483511e+03
1.679088450015354738e+03
1.679183750441589837e+03
1.679278750866483051e+03
1.679287484238876914e+03
1.679368484601154250e+03
1.679699786082913988e+03
1.680122854641772392e+03
1.680135188030267273e+03
1.680166254835881318e+03
1.680184621584694014e+03
1.680199654985264942e+03
1.680279322008245572e+03
1.681452227254113041e+03
1.682081963403967166e+03
1.682861933559082672e+03
1.683020567601913626e+03
1.683032534322101810e+03
1.683042401032897715e+03
1.683352769087698334e+03
1.683380869213377309e+03
1.683392035929987514e+03
1.683590536817791190e+03
1.684048038863988040e+03
1.684065005606538989e+03
1.684078805668260429e+03
1.684103572445697409e+03
1.684150639322872848e+03
1.684275306547118589e+03
1.684285806594080668e+03
1.684303606673692229e+03
1.684343006849911262e+03
1.684519840974142426e+03
1.684666974965538657e+03
1.684959742941622153e+03
1.687052218966974579e+03
1.687609021457296876e+03
1.688083323578632644e+03
1.688144290517976515e+03
1.688156590572988989e+03
1.689181928492188717e+03
1.689521930012859457e+03
1.689714830875616599e+03
1.689839298098968129e+03
1.689916165109425719e+03
1.690851569293059811e+03
1.690860869334654581e+03
1.690872336052606443e+03
1.690890402800077482e+03
1.691000936627777946e+03
1.691098037062063668e+03
1.691452938649375710e+03
1.691839473711503160e+03
1.692615710516587797e+03
1.693581381502257955e+03
1.693593548223340576e+03
1.693610381631962127e+03
1.693638181756299446e+03
1.693649448473356870e+03
1.693971383246556798e+03
1.694651886290134826e+03
1.695201388747807414e+03
1.695210388788060527e+03
1.695241022258403291e+03
1.695252222308495902e+03
1.695275555746188957e+03
1.695355522770511470e+03
1.695364589477729396e+03
1.695442323158730005e+03
1.695488623365809417e+03
1.696189793168487085e+03
1.696370527310161378e+03
1.696682162037293892e+03
1.696758429045067942e+03
1.696777629130941250e+03
1.696806595927163016e+03
1.696847562777055828e+03
1.696916363084767909e+03
1.696963696629802371e+03
1.697108697278323916e+03
1.697117830652506655e+03
1.697123164009693483e+03
1.697354465044197241e+03
1.697360765072374079e+03
1.697521565791562125e+03
1.697540432542610915e+03
1.697670199789667095e+03
1.697681099838418049e+03
1.697692133221098629e+03
1.697713133315022333e+03
1.698470236701198701e+03
1.698653204186195126e+03
1.699502307983847004e+03
1.700314244948601981e+03
1.700395811980080452e+03
1.700409812042696558e+03
1.700435878825947839e+03
1.700480279024529636e+03
1.700535379270967724e+03
1.700651879792021191e+03
1.700737413507907604e+03
1.700748146889246527e+03
1.700760980279977503e+03
1.700873547450105661e+03
1.700968647875446095e+03
1.701137315296484985e+03
1.701452150037929641e+03
1.701570617234445763e+03
1.701582317286774696e+03
1.701600284033798516e+03
1.701691884443485151e+03
1.701783251518794941e+03
1.701949352261687181e+03
1.703057123882908400e+03
1.703439892261522573e+03
1.703562726144235512e+03
1.703573292858162176e+03
1.703583626237711997e+03
1.703601626318218223e+03
1.703623826417509008e+03
1.703633826462234538e+03
1.703710293470903025e+03
1.703807727240013037e+03
1.704325896224211874e+03
1.704518863753934056e+03
1.705207166832398116e+03
1.705418201109590882e+03
1.705517601554163548e+03
1.705670602238465108e+03
1.705867669786524857e+03
1.706161071098774300e+03
1.706354871965556868e+03
1.706364405341528254e+03
1.706392305466312791e+03
1.706422605601831492e+03
1.706476872511209194e+03
1.706603273076540972e+03
1.707282009445550784e+03
1.707565944048793426e+03
1.707582644123485352e+03
1.707606710897791572e+03
1.707618010948331403e+03
1.707734011467148548e+03
1.707792645062723295e+03
1.707954512453348343e+03
1.708243780413778040e+03
1.708489248178309481e+03
1.708498481552939438e+03
1.708540048405515563e+03
1.708577815241096005e+03
1.708703615803744242e+03
1.708788816184806365e+03
1.710043321795634711e+03
1.710366389907236908e+03
1.710722991502152354e+03
1.710734324886174818e+03
1.710751891631409308e+03
1.710979792650706031e+03
1.711172993514805057e+03
1.711475061532483323e+03
1.711497061630879671e+03
1.711700362540151446e+03
1.712186198046404115e+03
1.712198931436688099e+03
1.712221864872592050e+03
1.712296331872315477e+03
1.712429799135920121e+03
1.712450199227160510e+03
1.712609366605709738e+03
1.712630866701869763e+03
1.712678600248693556e+03
1.712774167342787905e+03
1.712864267745765801e+03
1.713093868772665701e+03
1.713528470716441007e+03
1.713546870798736109e+03
1.713561804198859818e+03
1.713579104276235057e+03
1.713603704386260006e+03
1.713672204692630430e+03
1.713696771469173200e+03
1.713768738457715244e+03
1.713837405431497700e+03
1.714261840663135217e+03
1.714314174230532444e+03
1.714483508321219688e+03
1.714673509171006117e+03
1.714863310019898563e+03
1.714911243567616566e+03
1.715662513594369557e+03
1.715727347217673923e+03
1.715957981582529101e+03
1.716559417605809813e+03
1.716610384500428154e+03
1.716757618492271604e+03
1.716934619283915026e+03
1.717203553820069146e+03
1.717220987231374011e+03
1.717231220610476612e+03
1.717453321603832592e+03
1.717460488302552676e+03
1.717470255012901134e+03
1.717481521729958786e+03
1.717569055454790259e+03
1.717687989320060296e+03
1.717936557098456660e+03
1.717950323826695694e+03
1.717961157208481609e+03
1.717997090702529022e+03
1.718032157526033643e+03
1.718163024778009458e+03
1.718186758217491388e+03
1.718205324967198749e+03
1.718263091892230477e+03
1.718393359141522751e+03
1.718417425915829199e+03
1.719427097098291824e+03
1.719449163863653212e+03
1.719460497247675448e+03
1.719494164064918550e+03
1.719671631525315661e+03
1.720547502109349807e+03
1.720837636740322068e+03
1.721405405946360133e+03
1.722203642849841344e+03
1.722376410289217347e+03
1.722621644719371943e+03
1.724491353081720035e+03
1.725188556199989762e+03
1.725532124403279568e+03
1.725631258179992756e+03
1.725637624875134634e+03
1.725700225155117096e+03
1.725846125807663839e+03
1.726277961072398284e+03
1.726303527853413243e+03
1.726313194563314937e+03
1.726358428098957120e+03
1.726435228442449898e+03
1.726554128974237301e+03
1.726631962655684902e+03
1.726771196611747882e+03
1.726954630765497996e+03
1.727231632004397625e+03
1.727716034170906369e+03
1.728306736812848385e+03
1.728321070210288553e+03
1.728327636906325097e+03
1.728339370292136437e+03
1.728360403719542546e+03
1.728371903770977269e+03
1.728436337392492533e+03
1.728454970809164479e+03
1.728480904258486362e+03
1.728493404314393274e+03
1.728553171248370063e+03
1.728566637975267213e+03
1.728664905081437610e+03
1.728722272004680235e+03
1.728738272076241174e+03
1.728753138809400070e+03
1.728778172254696528e+03
1.728817605764397740e+03
1.728963873085251180e+03
1.729605675955740935e+03
1.729647076140905028e+03
1.730515180023535549e+03
1.730534446776373443e+03
1.730647513948737924e+03
1.730834948120378385e+03
1.730881214993975618e+03
1.731173849636129262e+03
1.731251516650165058e+03
1.731264016706071970e+03
1.731276983430732798e+03
1.731304483553728460e+03
1.731314750266313240e+03
1.731435284138739235e+03
1.731595918190515249e+03
1.731607751576773808e+03
1.731825752551792220e+03
1.731838219274216726e+03
1.731881519467878661e+03
1.731940486398277471e+03
1.732080720358812869e+03
1.732138087282055494e+03
1.732157054033551958e+03
1.732171420764474306e+03
1.732216520966186863e+03
1.732297354661052168e+03
1.732397921777509282e+03
1.732415488522743999e+03
1.732596922667549279e+03
1.733128225043821203e+03
1.733133791735384875e+03
1.733143091776979873e+03
1.733193458668914445e+03
1.733250392256885561e+03
1.733281559062947053e+03
1.733295692459492557e+03
1.733364092765415990e+03
1.733593527124903858e+03
1.733639793998501091e+03
1.733852394949367635e+03
1.733859528314605313e+03
1.733865728342335160e+03
1.733887961775108579e+03
1.734111662775620516e+03
1.734153996298292213e+03
1.734192663137897853e+03
1.734277730185030578e+03
1.734288663567263711e+03
1.734311430335755858e+03
1.735051633646345635e+03
1.735058367009794438e+03
1.735079733772024611e+03
1.735112333917830256e+03
1.735316401497197603e+03
1.735957637698486451e+03
1.736059371486828240e+03
1.736070438202991454e+03
1.736084738266948989e+03
1.736100738338509927e+03
1.736146605210318285e+03
1.736301405902670467e+03
1.736591007197924455e+03
1.736835441624500845e+03
1.737195743235964756e+03
1.737203776605227631e+03
1.737285043635364445e+03
1.737307677069926740e+03
1.737344310567104912e+03
1.737424877594110967e+03
1.737442911008099600e+03
1.737470277797165409e+03
1.737719112243421023e+03
1.737800345940075431e+03
1.737817812684862929e+03
1.737844212802938500e+03
1.738549849292260205e+03
1.739295852628791181e+03
1.739301619321249518e+03
1.739331119453190013e+03
1.739553620448334868e+03
1.739563253824753929e+03
1.739714821169311790e+03
1.739751087998183493e+03
1.739775421440349191e+03
1.739815421619251538e+03
1.739961288938315874e+03
1.739971722318312686e+03
1.740709158949862058e+03
1.740730025709856363e+03
1.740759925843585961e+03
1.740770392557065406e+03
1.740933026617786254e+03
1.740959926738097920e+03
1.741003960268373021e+03
1.741020560342617728e+03
1.741034293737374128e+03
1.741104094049559080e+03
1.741236361307796415e+03
1.741989798010906725e+03
1.742352499633104571e+03
1.742847535180505020e+03
1.743390837610447761e+03
1.743459137915923748e+03
1.743859206371913160e+03
1.743868039744754014e+03
1.743882073140852299e+03
1.743894539863276805e+03
1.744149407669850234e+03
1.744497275892372045e+03
1.744944044557230200e+03
1.744957377950197724e+03
1.744968444666360710e+03
1.744982644729870799e+03
1.745006578170247622e+03
1.745077111819045513e+03
1.745186745642720780e+03
1.745313146208052558e+03
1.745600614160431405e+03
1.746078382963938793e+03
1.746090649685469089e+03
1.746099216390450692e+03
1.746135683220216833e+03
1.746152916630627260e+03
1.746212250229332540e+03
1.746328450749044123e+03
1.746538585022211919e+03
1.746556518435753105e+03
1.746577285195299737e+03
1.746935820132195431e+03
1.747690490174155229e+03
1.747701723557730475e+03
1.747719656971271661e+03
1.747741057066984467e+03
1.747917491189426755e+03
1.753961718222482659e+03
1.754257019543230172e+03
1.755160456917224337e+03
1.761696286148991476e+03
1.761781653197465857e+03
1.761796319929730089e+03
1.761801219951645635e+03
1.762098521281337980e+03
1.764755566498416329e+03
1.765206068513305127e+03
1.765403636063600970e+03
1.765719904144789780e+03
1.769704388632228302e+03
1.802649702648177254e+03
1.804426577261989223e+03
1.804726345269380772e+03
1.840875473614521752e+03
1.841451676191611796e+03
1.842978883022107539e+03
1.843538052189681366e+03
1.844469056353636233e+03
1.845353693643546421e+03
1.845515827702030947e+03
1.846514165500471336e+03
1.847801604591929618e+03
1.848190272996931753e+03
1.849124377174751316e+03
1.849321278055398579e+03
1.850101781546232814e+03
1.850618583857652766e+03
1.851692888662525547e+03
1.852363958330578953e+03
1.852792360246624185e+03
1.852982627764270319e+03
1.853342796041804604e+03
1.854312200377505633e+03
1.856754877969148993e+03
1.860480194630782307e+03
1.861078497306715690e+03
1.861527332647483718e+03
1.861750133643970457e+03
1.862423303321416370e+03
1.863473074683228788e+03
1.863975776931585415e+03
1.864201911276314149e+03
1.864433645646088962e+03
1.865472583626115465e+03
1.866521354983455467e+03
1.870442139185991891e+03
1.872634048989399389e+03
1.873280385213498221e+03
1.874470123867987013e+03
1.875147560231182524e+03
1.878114340166895545e+03
1.891593533786480748e+03
1.895783785860890248e+03
1.897671260969367495e+03
1.909616814396350264e+03
1.914667270318056808e+03
1.915939742675908974e+03
1.929883138371657196e+03
1.937941774414240854e+03
1.944142102145463468e+03
1.944550570639022681e+03
1.944811138471089635e+03
1.946064910745304815e+03
1.946534946180890984e+03
1.953870078987576335e+03
1.956177855975871353e+03
1.956186622681747394e+03
1.957662562616283367e+03
1.960598409080311512e+03
1.962041582201629808e+03
1.962204549597174946e+03
1.963891090473632175e+03
1.964865894833485072e+03
1.965866665976142258e+03
1.966142167208332921e+03
1.967095671472920230e+03
1.967358005979555401e+03
1.967601140400317490e+03
1.967926341854794600e+03
1.970136085071296066e+03
1.970360219407079512e+03
1.976349412860662142e+03
1.978224021244925780e+03
1.978500489148106453e+03
1.979749894736124816e+03
1.982084438510801874e+03
1.982346906351366670e+03
1.982819141796792792e+03
1.983949446852129086e+03
1.985263486062557149e+03
1.985424286781745195e+03
1.985645187769733866e+03
1.986822593035727550e+03
1.987207694758111074e+03
1.987776930637375472e+03
1.990106574390136984e+03
1.990506709513091209e+03
1.992152850208856989e+03
1.992524985206579458e+03
1.995923833741403996e+03
1.996137168028883707e+03
1.996486802925973507e+03
1.996725137325267497e+03
1.997490374081153959e+03
1.997875242469160185e+03
1.997914709312344257e+03
1.998238010758323071e+03
1.998550045487244688e+03
1.999806817774877345e+03
1.999950085082313080e+03
2.002114394762277925e+03
2.004259071021097952e+03
2.004409271692876700e+03
2.004846973650516929e+03
2.007083116985093966e+03
2.007332651434480567e+03
2.007504485536348966e+03
2.007798120182975254e+03
2.008744724416701956e+03
2.009093592643696184e+03
2.010065563657543635e+03
2.010213764320377322e+03
2.010629866181410080e+03
2.011123468389066375e+03
2.011546736948819216e+03
2.011672537511467453e+03
2.013036843613383098e+03
2.013291978087815778e+03
2.015405320873162282e+03
2.015655288657820165e+03
2.016748126878917901e+03
2.017210695614442329e+03
2.020318642848198579e+03
2.020520577084691013e+03
2.023278422752603319e+03
2.023705424662387031e+03
2.023722624739315052e+03
2.024344094185529684e+03
2.024778362794480699e+03
2.025678600154162950e+03
2.026671271260592221e+03
2.026963739235334288e+03
2.027980143781245715e+03
2.033285867511314791e+03
2.035165442584458788e+03
2.040710600718741716e+03
2.040991368641154622e+03
2.046466259794498910e+03
2.046761427781316570e+03
2.050096009362037421e+03
2.050911446342446652e+03
2.051168447491894767e+03
2.054886730788737623e+03
2.058395479815096223e+03
2.061298459465459473e+03
2.068002389449064140e+03
2.070320866485215447e+03
2.071573105419239710e+03
2.072594676654925934e+03
2.074061949884032856e+03
2.074244517367239951e+03
2.074380384641578985e+03
2.075104354546230752e+03
2.075788257605015588e+03
2.078665503806952074e+03
2.078979038542582202e+03
2.079214639596317738e+03
2.081830784630467861e+03
2.082138986008911615e+03
2.083163857259357428e+03
2.083819793526392914e+03
2.084228595354776189e+03
2.087292675725669142e+03
2.087996412206493005e+03
2.088551881357518596e+03
2.089020050118089330e+03
2.089506218959166290e+03
2.092123630665648761e+03
2.095603279561855743e+03
2.097632955306331041e+03
2.098022957050630339e+03
2.098060023883080248e+03
2.101340105220046553e+03
2.114595064503400863e+03
2.114856599006458055e+03
2.117433443864836590e+03
2.117782212091383826e+03
2.119370185860329002e+03
2.119708587373843784e+03
2.140783914967453256e+03
2.143558427376574855e+03
2.143707194708609677e+03
2.149214486006864718e+03
2.153339071120909011e+03
2.164513054430346074e+03
2.164690688558155216e+03
2.166724697655345153e+03
2.168952040950563514e+03
2.169129141742654610e+03
2.169407542987815305e+03
2.169638244019635295e+03
2.172487323428927994e+03
2.172840391674706552e+03
2.174003263542366312e+03
2.174287031478196695e+03
2.174574399430128324e+03
2.174922467653544572e+03
2.175590437307733282e+03
2.175666104312823791e+03
2.175993039108386711e+03
2.176865009674977500e+03
2.178770718198337818e+03
2.178930752247430519e+03
2.179287520509757996e+03
2.179812489524369994e+03
2.180935227879197555e+03
2.181138028786233008e+03
2.181364896467574454e+03
2.181576164079144291e+03
2.185238880460794917e+03
2.185475214851143846e+03
2.188247693917837751e+03
2.188409561308463253e+03
2.188638895667503675e+03
2.195683627175357287e+03
2.200345714693403806e+03
2.200350448047906866e+03
2.200392981571473683e+03
2.204535300098164953e+03
2.204963702014209957e+03
2.207717747665126808e+03
2.207952482048319325e+03
2.209608122786574768e+03
2.210121191747963167e+03
2.210240792282881557e+03
2.214492544632353656e+03
2.216187952215134374e+03
2.217096922947209805e+03
2.217433757787051491e+03
2.225534827352754291e+03
2.227054400815775807e+03
2.234332500034042823e+03
2.234786002062349780e+03
2.238213550725536152e+03
2.238519518760657775e+03
2.249663835270741856e+03
2.258088672951177614e+03
2.263931665750871616e+03
2.264303634081181826e+03
2.264620268830677105e+03
2.267087113197074359e+03
2.268666353593625900e+03
2.268936888136935977e+03
2.269247322858701409e+03
2.271532299745021646e+03
2.272980006219949246e+03
2.276625589191636664e+03
2.276860223574381962e+03
2.278338630186617138e+03
2.284446857505916796e+03
2.304919649071325239e+03
2.306860557752119803e+03
2.308115163363395368e+03
2.311281877526655535e+03
2.323850300406114911e+03
2.323889633915368449e+03
2.325268440082136294e+03
2.326585012637228374e+03
2.326652446272161342e+03
2.326712579874444600e+03
2.328119186165549308e+03
2.331100232831737685e+03
2.331832502773512260e+03
2.331977503422033806e+03
2.332266204713261686e+03
2.333430576587630185e+03
2.333655844261815673e+03
2.334685115531940482e+03
2.334919183245485328e+03
2.335104717408627494e+03
2.335422852164831511e+03
2.336479156889198748e+03
2.338689900110172402e+03
2.338817734015247879e+03
2.339605070869978590e+03
2.341104810910961078e+03
2.341455145811181410e+03
2.341899814466647513e+03
2.343567088590266849e+03
2.344290491825717709e+03
2.344429292446509407e+03
2.344661593485484900e+03
2.346129200049416340e+03
2.346760502872944016e+03
2.347092571024799781e+03
2.347383805660691905e+03
2.348243642839682707e+03
2.351224822839800254e+03
2.351408723662304510e+03
2.352317894395274834e+03
2.352532695355981105e+03
2.353797101011087761e+03
2.354529970955545650e+03
2.354829472295077721e+03
2.354972906269925716e+03
2.355861543577726025e+03
2.356248111973335654e+03
2.358310054528792534e+03
2.358620155915733903e+03
2.358955524082348802e+03
2.359197325163813730e+03
2.359799594524155509e+03
2.360562931271543675e+03
2.361609335951632147e+03
2.361877770485550172e+03
2.362148838364579206e+03
2.362978575408945744e+03
2.363236209894560034e+03
2.366541024675480912e+03
2.368104598335295577e+03
2.369387237405285759e+03
2.369736972302822323e+03
2.370085307194098277e+03
2.370256441292835916e+03
2.370515875786501056e+03
2.374580027296920434e+03
2.375375464187877697e+03
2.375562598358176729e+03
2.375839332929216653e+03
2.376900904343805450e+03
2.377176272242066716e+03
2.377348206344382561e+03
2.377785408299786013e+03
2.378175976713286218e+03
2.378439911227077573e+03
2.379800017310208204e+03
2.380126585437464655e+03
2.380908888936349285e+03
2.384190603613953954e+03
2.386509547318859404e+03
2.386690814796252653e+03
2.386853615524385077e+03
2.389067658760118775e+03
2.389424060354139328e+03
2.390073296591208873e+03
2.394799084394157489e+03
2.394930618315781885e+03
2.399843206954204561e+03
2.404267860076982288e+03
2.404532894595693506e+03
2.404800329125138887e+03
2.405744900016437896e+03
2.406618937258939241e+03
2.407198173182929168e+03
2.407426874205804324e+03
2.408639979631468577e+03
2.408923447565957304e+03
2.409454283273475085e+03
2.411625159649476245e+03
2.412491496857538550e+03
2.412844531769835157e+03
2.413350534032951600e+03
2.413580635062087822e+03
2.414764540357153237e+03
2.417227618040036759e+03
2.418303122850276850e+03
2.418636957676700149e+03
2.418774058289888217e+03
2.419034659455438032e+03
2.419069826279389417e+03
2.420148964439212705e+03
2.423675880213490018e+03
2.424160682381787865e+03
2.428656102487740554e+03
2.433410890420393116e+03
2.433691891677182866e+03
2.436512704293384104e+03
2.440559122391156961e+03
2.440747989902541576e+03
2.441055924613125171e+03
2.443026033424518573e+03
2.443825737001226116e+03
2.444133205043056023e+03
2.444334139275076268e+03
2.448790925874905952e+03
2.450354866203027086e+03
2.450627700756624563e+03
2.450712167801073520e+03
2.451088936152852057e+03
2.453178112163444894e+03
2.453389746443321201e+03
2.453608714089330078e+03
2.455578356231968883e+03
2.455922257770083434e+03
2.458352801974126123e+03
2.458657770004775102e+03
2.460010376054361586e+03
2.460192376868367774e+03
2.462714421481650334e+03
2.470364355696297935e+03
2.471129025782983263e+03
2.475859413606505314e+03
2.476079747925293304e+03
2.477438287334750385e+03
2.477749355392681537e+03
2.479709364158902190e+03
2.479895431657763311e+03
2.483983816609901169e+03
2.485585557107085606e+03
2.486871496191834467e+03
2.493126090832435239e+03
2.493922094392593863e+03
2.495244766974968115e+03
2.495806836155512883e+03
2.496320838454409568e+03
2.496568839563604797e+03
2.498498681528235920e+03
2.498668515621159258e+03
2.501620262156301578e+03
2.501877263305749693e+03
2.502285631798861232e+03
2.503493137199479406e+03
2.503605104366924024e+03
2.504453008159208366e+03
2.506264416260806229e+03
2.506418050281274191e+03
2.506746851751852773e+03
2.506899485767847636e+03
2.511204538355707427e+03
2.516774663268321547e+03
2.520025277806829763e+03
2.520726380942543074e+03
2.520820314695998604e+03
2.523234625494103511e+03
2.526092338275342627e+03
2.526331739346073846e+03
2.527586944960032724e+03
2.528948484382907736e+03
2.530989160176581208e+03
2.531217727865526285e+03
2.531617229652314563e+03
2.532613267440468462e+03
2.532822235041751810e+03
2.534157074345208912e+03
2.534330641788163121e+03
2.534433475581424773e+03
2.534574976214292292e+03
2.535319646211526106e+03
2.535458046830528929e+03
2.535812881750876386e+03
2.536045016122439847e+03
2.536304017280833250e+03
2.536481584741678034e+03
2.536530684961280713e+03
2.537059387325924035e+03
2.538838928618329192e+03
2.540389835554824913e+03
2.542799712999768417e+03
2.543074547562310727e+03
2.545552691979247811e+03
2.547743501777735219e+03
2.548966140579371313e+03
2.553020058710687863e+03
2.557734979798368386e+03
2.558798684555831642e+03
2.560466058679897742e+03
2.560912360676002208e+03
2.561263862248107671e+03
2.562809469160898516e+03
2.569862200704532825e+03
2.571467841219159709e+03
2.571698175582673230e+03
2.574684822273907685e+03
2.579117275431571215e+03
2.579868478791359394e+03
2.582496223877391458e+03
2.582531557368755330e+03
2.582562124172133281e+03
2.582697391443788547e+03
2.589905890350765276e+03
2.596647520502985572e+03
2.601333808129267709e+03
2.604142654025280990e+03
2.605325959317662637e+03
2.609876746337912664e+03
2.613975031334328833e+03
2.616290275022685364e+03
2.616545276163188646e+03
2.616928711211451628e+03
2.618855419828735648e+03
2.619021687239040148e+03
2.624291477475062038e+03
2.625715583844436424e+03
2.626119118982597683e+03
2.627515558561564831e+03
2.627896626932575145e+03
2.628328462197309818e+03
2.628599296741961552e+03
2.628875431310318618e+03
2.632029112081953372e+03
2.632593647940196661e+03
2.637565336842948000e+03
2.647507614643530815e+03
2.649157555356292050e+03
2.649437889943433674e+03
2.649779891473049702e+03
2.651837567342756756e+03
2.653816709527885450e+03
2.655382249863162997e+03
2.672587826815818971e+03
2.672765560944075332e+03
2.673889665971681552e+03
2.674435668413700569e+03
2.675259705432573355e+03
2.675504239859597419e+03
2.676244343169739750e+03
2.684605580565720629e+03
2.688476997880794897e+03
2.692747516980868568e+03
2.692953717903110828e+03
2.693279952695542761e+03
2.695115360904481804e+03
2.697910206737878980e+03
