4.567027315570316048e+00
4.569693994163813500e+00
4.574627349561782630e+00
1.070025474668414667e+01
1.070348809447876270e+01
1.070732144495691429e+01
1.433713767946043305e+01
1.434420437773320067e+01
1.434890439875423951e+01
1.436603780871745784e+01
1.441823804218516614e+01
1.442117138863801351e+01
1.442477140473923569e+01
2.180857109575598685e+01
2.181140444176157800e+01
2.182190448872347233e+01
2.913840387873683824e+01
2.914223722921498805e+01
3.005787465777466494e+01
3.006024133502639373e+01
3.006437468684631398e+01
3.610353503057453395e+01
3.610663504443947858e+01
3.667720426300061121e+01
3.667967094069959444e+01
3.668430429475579757e+01
3.668747097558557613e+01
3.669373767028029931e+01
3.676347131550024727e+01
3.676607132712890547e+01
3.832037827883115000e+01
3.832724497620940696e+01
4.026045362256518700e+01
4.042522102616089086e+01
4.140402540390402919e+01
4.848825708842379356e+01
4.877135835460593682e+01
4.877449170195330197e+01
4.877745838188856453e+01
5.067563353822227867e+01
5.181097194940369377e+01
5.393094809775153209e+01
5.469508484871814602e+01
5.886063681265524394e+01
6.273095412280979133e+01
6.274895420331589690e+01
6.858211362569645075e+01
6.955641798331308223e+01
6.956415135123420157e+01
7.285729941330870929e+01
7.286349944103858434e+01
7.716898536416945831e+01
7.717175204321020487e+01
7.717478539011031557e+01
7.802815587351183524e+01
7.870395889606885476e+01
7.871025892424599135e+01
8.028996598955129116e+01
8.029256600117996356e+01
8.029576601549216264e+01
8.591729115799630279e+01
8.592125784240411690e+01
8.592929121166703510e+01
9.421696161194965669e+01
9.422119496421683493e+01
9.422442831201144031e+01
9.547500057191436440e+01
9.789651140222188985e+01
9.789944474867473900e+01
9.790261142950451756e+01
9.790671144784202795e+01
9.791327814387850026e+01
9.791614482336650838e+01
1.051579438792795429e+02
1.051612772275214098e+02
1.051646439092456973e+02
1.075734546827517022e+02
1.075768213644759896e+02
1.106917686295400500e+02
1.132829135518764190e+02
1.132863135670831269e+02
1.137475156298284702e+02
1.137508823115527576e+02
1.137538489914880131e+02
1.181570353515881351e+02
1.181647687195092828e+02
1.181672687306906795e+02
1.244947970308231930e+02
1.263751721075453105e+02
1.267716072139510857e+02
1.267751738965698962e+02
1.284408146795506411e+02
1.284437146925210698e+02
1.284489813827432272e+02
1.285385484500023381e+02
1.286024487357990154e+02
1.322959319217222571e+02
1.322987652677278732e+02
1.323020652824873196e+02
1.326935670334951283e+02
1.326974003839732745e+02
1.329563348754018364e+02
1.329591682214074524e+02
1.329621349013426936e+02
1.330107017852267575e+02
1.361779159507233601e+02
1.429014793554726452e+02
1.429083127193684675e+02
1.429203794400040408e+02
1.453639570356727688e+02
1.454944576193420573e+02
1.454970576309706871e+02
1.454999243104587094e+02
1.455040909957610324e+02
1.455094576864304656e+02
1.520034200642796236e+02
1.520058867419785997e+02
1.520087200879841873e+02
1.520139534447239384e+02
1.558494705992333422e+02
1.558636706627437150e+02
1.566574742130629829e+02
1.584977157769529867e+02
1.585168158623788770e+02
1.650858452426350027e+02
1.650896452596307142e+02
1.665863186202310260e+02
1.665892519666838609e+02
1.665934186519862124e+02
1.756208923610697923e+02
1.756267257204930559e+02
1.756296590669459192e+02
1.756894926678874924e+02
1.762578285431265783e+02
1.913321292968946636e+02
1.913400959991927550e+02
1.913499960434710943e+02
1.913742294851895167e+02
1.917502645003550299e+02
1.917534978481496353e+02
1.935022390028002803e+02
1.963051515389427379e+02
1.965552526575303602e+02
1.965598193446217010e+02
2.054648258392988964e+02
2.105981821317809874e+02
2.160381397955503928e+02
2.160415731442395213e+02
2.160535398644278473e+02
2.160573065479411241e+02
2.189165526693712422e+02
2.189202526859197349e+02
2.219826663826918889e+02
2.237445409294154786e+02
2.237474742758682851e+02
2.237512409593816187e+02
2.237548743089652703e+02
2.272490899369894635e+02
2.272527232865730866e+02
2.272573899741117032e+02
2.275656246860375802e+02
2.275688247003497509e+02
2.275716913798377732e+02
2.275771914044368600e+02
2.311160072319372887e+02
2.311631741095597761e+02
2.311657741211884343e+02
2.335625848410236927e+02
2.364463977389963816e+02
2.364536311046812500e+02
2.379455044438132347e+02
2.379655712002293058e+02
2.457448726601441251e+02
2.460323072790406798e+02
2.460347739567396559e+02
2.460392739768661841e+02
2.462410748794290782e+02
2.469423113490715878e+02
2.471237788273590752e+02
2.495880231821273867e+02
2.495906898607208859e+02
2.495992565657025182e+02
2.496023899130498478e+02
2.497013903558334391e+02
2.537939753267559695e+02
2.537990420160836038e+02
2.538019420290540609e+02
2.538060087139091365e+02
2.538200754434898272e+02
2.538230754569075032e+02
2.538273421426571019e+02
2.538315088279594249e+02
2.538353088449551933e+02
2.538393755298102690e+02
2.538459088923643492e+02
2.542337439603061000e+02
2.542442106737855454e+02
2.543387110964426086e+02
2.543416777763778782e+02
2.575986923435104927e+02
2.578358934044020430e+02
2.578499268005003273e+02
2.578527268130235370e+02
2.578561268282302308e+02
2.602915377207064012e+02
2.602951710702899959e+02
2.603051377815332330e+02
2.610528077921849786e+02
2.610563411413213544e+02
2.618941115549508822e+02
2.618970782348861803e+02
2.619003115826807857e+02
2.679615386917702153e+02
2.679642387038461493e+02
2.679683053887011965e+02
2.728700606453380715e+02
2.774313477125501208e+02
2.774356143982996628e+02
2.774603811757368135e+02
2.774637478574611009e+02
2.806049285731886584e+02
2.806079285866063628e+02
2.806145619496077188e+02
2.806190953032166249e+02
2.826193042492340055e+02
2.871593578881453936e+02
2.871623245680806349e+02
2.871656912498049792e+02
2.871736912855854484e+02
2.872173914810363726e+02
2.872205248283837022e+02
2.876582934529887439e+02
2.968307344771112639e+02
2.968418678602391196e+02
2.968452012084810008e+02
2.968828013766492973e+02
2.970723022241997455e+02
2.970901689707761193e+02
2.975284375976173692e+02
3.111932320473101186e+02
3.133184415523977009e+02
3.133217749006395820e+02
3.133290415998068852e+02
3.133395083132863874e+02
3.133422416588446708e+02
3.133458750084282656e+02
3.133511083651680451e+02
3.165112224989094898e+02
3.165174558601217996e+02
3.166244896721682949e+02
3.166281896887167022e+02
3.166315230369585834e+02
3.166367230602158997e+02
3.173821930610280901e+02
3.173852264079282008e+02
3.174252932537954734e+02
3.174327932873396776e+02
3.174355932998628873e+02
3.174392599829288883e+02
3.179154954462450746e+02
3.179185954601100548e+02
3.179216954739749212e+02
3.277883062694672844e+02
3.277927729561113779e+02
3.306291856420846784e+02
3.371081146193629365e+02
3.372555152786184749e+02
3.372589486273076318e+02
3.390873901384213696e+02
3.414135672090114326e+02
3.414278672729690811e+02
3.433191090649596617e+02
3.458319869705768497e+02
3.458387536675078877e+02
3.458419536818200868e+02
3.459956877027351538e+02
3.459982543808814057e+02
3.460013210612639227e+02
3.460120211091203828e+02
3.460160877939754300e+02
3.498130714428087913e+02
3.498157047879198558e+02
3.507026754215995084e+02
3.507063087711831031e+02
3.530235191350025161e+02
3.530419192172976182e+02
3.530455859003636760e+02
3.539393898979390656e+02
3.551074284553732241e+02
3.561883666232473615e+02
3.572328712948378211e+02
3.572408713306182904e+02
3.572829381854306803e+02
3.572925048948848143e+02
3.583827431043537786e+02
3.634060655713716415e+02
3.634090989182717522e+02
3.634137989392927466e+02
3.745175819347556967e+02
3.768262922605582617e+02
3.768302256114836837e+02
3.768354589682234064e+02
3.768402589896916766e+02
3.784862330180454251e+02
3.785664333767448966e+02
3.799486062252368583e+02
3.819629485677997991e+02
3.827087852369185725e+02
3.827116519164065380e+02
3.900066845437422671e+02
3.920899938614295479e+02
3.920950938842395885e+02
3.920984272324814128e+02
3.921020939155475276e+02
3.921094939486444559e+02
3.921549941521460028e+02
3.946798387779515451e+02
3.950084735811176415e+02
3.961749121313957858e+02
3.961812121595728513e+02
3.961867121841719950e+02
3.969364822042160768e+02
3.969403488881766862e+02
4.026242076428038104e+02
4.026277076584578367e+02
4.026307076718754843e+02
4.026436410630539058e+02
4.026467410769188859e+02
4.039975804519373241e+02
4.040031804769836299e+02
4.040116471815179580e+02
4.040304805990845693e+02
4.053925533576780822e+02
4.081194655539058544e+02
4.081229322360774177e+02
4.081458656719814826e+02
4.081563990524257974e+02
4.081940658875589634e+02
4.081964992317755332e+02
4.082077659488330141e+02
4.092723707103219795e+02
4.092760040599055742e+02
4.094476048273971855e+02
4.094547048591523435e+02
4.094601382167865609e+02
4.094662382440691886e+02
4.125694187898394603e+02
4.125788521653639691e+02
4.159847007314961047e+02
4.159875674109841270e+02
4.165872700931792565e+02
4.209754563861909560e+02
4.224920965027600346e+02
4.235949014351007804e+02
4.235978681150360217e+02
4.236011681297954965e+02
4.243685715620391647e+02
4.256397105805943966e+02
4.263740805317611375e+02
4.299747299691483136e+02
4.304309653430132130e+02
4.304397987158541810e+02
4.304437320667796030e+02
4.304475320837752861e+02
4.304507987650523546e+02
4.304554987860733490e+02
4.318468050087481060e+02
4.318508050266383975e+02
4.318547383775638195e+02
4.357268890292513106e+02
4.357296890417745203e+02
4.388800364651672794e+02
4.388835364808211921e+02
4.388910365143653962e+02
4.388994698854173748e+02
4.389036032372372915e+02
4.389130366127618004e+02
4.396892400843639734e+02
4.396926067660882609e+02
4.396957067799531842e+02
4.418307163288719153e+02
4.418342163445258279e+02
4.462454027404064050e+02
4.467176715193148198e+02
4.467239715474919421e+02
4.478494099143950393e+02
4.507579229228399527e+02
4.507672562979171857e+02
4.507746563310141710e+02
4.537152028160634814e+02
4.537189694995768150e+02
4.537230028509494559e+02
4.562851809770639306e+02
4.562878143221750520e+02
4.562914810052411099e+02
4.590132931786588415e+02
4.607794010776495952e+02
4.640344489693194987e+02
4.692761057461800078e+02
4.699132419291313454e+02
4.710193468762315092e+02
4.710226135575085209e+02
4.710259135722679957e+02
4.710712137748750479e+02
4.732833570021106198e+02
4.732864236824931368e+02
4.749647645222754022e+02
4.749677978691755129e+02
4.749712312178646130e+02
4.749841979425254976e+02
4.749880312930036439e+02
4.776615432503967327e+02
4.877180215617459567e+02
4.877220215796362481e+02
4.877251882604659841e+02
4.877289549439793177e+02
4.930785788703940398e+02
4.930846455641942043e+02
5.009659474803102626e+02
5.009697474973060025e+02
5.011646150355257987e+02
5.011722817364821481e+02
5.011751484159701135e+02
5.038085935274958729e+02
5.046352638914800082e+02
5.046385305727570199e+02
5.046503639590156922e+02
5.046535639733278913e+02
5.046616306760731732e+02
5.046643973551139197e+02
5.046694307109592046e+02
5.047096975577209719e+02
5.047152975827673345e+02
5.047187642649388977e+02
5.047233976189950226e+02
5.047302309828908733e+02
5.047357643409724233e+02
5.047538644219258117e+02
5.047660978099734166e+02
5.084498809525128422e+02
5.084558809793482510e+02
5.200261660612610513e+02
5.200290660742315367e+02
5.200464328185715885e+02
5.249459547318863315e+02
5.249613214672814365e+02
5.266893291958675718e+02
5.266925292101798277e+02
5.266956292240447510e+02
5.267007292468547348e+02
5.267177293228883173e+02
5.267214626729193014e+02
5.287974052909919465e+02
5.295490753195339266e+02
5.295524753347406204e+02
5.324842551139138322e+02
5.324904551416437926e+02
5.343165299755057731e+02
5.374073437992987010e+02
5.374111438162943841e+02
5.378004122239801745e+02
5.385872157429914751e+02
5.404422907065577419e+02
5.406624250244510677e+02
5.415858624878967476e+02
5.415899625062342011e+02
5.423883327436448099e+02
5.428364014143172653e+02
5.428397680960414391e+02
5.428442347826855894e+02
5.472768546077614928e+02
5.472809546260989464e+02
5.485374602458723530e+02
5.520277091894887462e+02
5.553887908887326148e+02
5.555649916767979448e+02
5.555743917188400474e+02
5.562536614235685875e+02
5.562571614392225001e+02
5.578627686203672056e+02
5.584603712931698283e+02
5.605720807378778545e+02
5.609554491191755687e+02
5.609590158017942940e+02
5.609652158295241406e+02
5.660137384092506636e+02
5.660166384222210354e+02
5.660210384419003731e+02
5.660272384696302197e+02
5.708949935741999298e+02
5.717891975735643655e+02
5.717920642530524447e+02
5.717948309320930775e+02
5.717991309513251963e+02
5.727489685328464475e+02
5.768612202583959743e+02
5.789131627691273252e+02
5.789358628706544323e+02
5.790329633049401536e+02
5.792861644373926993e+02
5.820037432585432953e+02
5.820069099393730312e+02
5.820098432858258093e+02
5.835313167573456212e+02
5.835353501087183759e+02
5.835382167882063413e+02
5.844752876459613162e+02
5.844780876584844691e+02
5.844845210205912736e+02
5.979557146043961211e+02
5.979590479526380022e+02
6.005721596398883548e+02
6.005764263256378399e+02
6.027633694401649791e+02
6.027699694696838151e+02
6.058759166944947765e+02
6.058810833842698003e+02
6.058891167535325621e+02
6.064464192460911818e+02
6.064498525947802818e+02
6.065499530424837076e+02
6.076301578737445652e+02
6.076329912197501244e+02
6.076385579113140238e+02
6.076466579475417120e+02
6.083071275681861607e+02
6.117303095451761692e+02
6.118045098770401182e+02
6.118072098891160522e+02
6.118102099025337566e+02
6.118152099248965214e+02
6.168054989108375139e+02
6.199115128026132879e+02
6.199171794946245200e+02
6.254086373887308810e+02
6.254135707441288332e+02
6.279898155998239417e+02
6.282739835374435415e+02
6.296154228704198204e+02
6.320348670248174585e+02
6.329053375846998506e+02
6.342418435622781772e+02
6.342451102435551320e+02
6.342497435976113138e+02
6.375490250204509266e+02
6.376914923243084559e+02
6.377074590623871018e+02
6.377153924312027584e+02
6.377277258196976391e+02
6.377356258550308894e+02
6.381417610048205233e+02
6.399345356897462125e+02
6.405639718382587944e+02
6.405665051829226968e+02
6.405690718610688918e+02
6.405748052200448228e+02
6.405873719429166613e+02
6.405897719536509385e+02
6.405934386367169964e+02
6.406071053645086977e+02
6.406363054951074218e+02
6.406489388849441866e+02
6.406519722318441836e+02
6.407354726053030163e+02
6.407393059557813331e+02
6.427748817266448214e+02
6.430193161532213253e+02
6.430225161675335812e+02
6.447013903430345181e+02
6.459934294550663481e+02
6.460005628203039123e+02
6.460039961689930124e+02
6.485029740124416548e+02
6.494776117048825199e+02
6.529685939851119656e+02
6.533806291612897894e+02
6.533832625064007971e+02
6.533866625216076045e+02
6.536277969334245199e+02
6.536316969508675356e+02
6.536349636321446042e+02
6.539698317965230672e+02
6.565718101006453935e+02
6.565744434457565148e+02
6.583047845181120010e+02
6.633397403704940416e+02
6.704400721270219492e+02
6.704522055146225057e+02
6.769148344189979980e+02
6.769182011007222854e+02
6.771888356444798092e+02
6.794123789227026009e+02
6.794156789374620757e+02
6.794211456285787563e+02
6.801426155220493683e+02
6.801494488859452758e+02
6.835675308401250732e+02
6.835701975187186008e+02
6.874214814104120705e+02
6.876753492125129696e+02
6.876783825594130803e+02
6.880548175763676682e+02
6.900773599556055160e+02
6.900803933025056267e+02
6.900831933150288933e+02
6.900946933664632752e+02
6.901045934107416997e+02
6.901078934255010608e+02
6.901114267746374935e+02
6.901149601237738125e+02
6.909110303508975903e+02
6.933726080270724879e+02
6.933760747092439942e+02
6.933793080570385428e+02
6.934221749154289682e+02
6.934272416047566594e+02
6.934306416199633532e+02
6.966562893801399241e+02
6.966597560623115442e+02
7.014984777036945616e+02
7.058776306229708553e+02
7.058825973118512138e+02
7.092429456744819163e+02
7.099717822675669368e+02
7.099752156162561505e+02
7.099783822970860001e+02
7.102054833128046312e+02
7.102086166601519608e+02
7.102149500218115463e+02
7.108632529213731459e+02
7.108675529406051510e+02
7.108702862861634912e+02
7.128569285048365600e+02
7.128608951892443883e+02
7.135259648304624989e+02
7.135291981782570474e+02
7.155897740609348148e+02
7.155931740761415085e+02
7.173339151950116275e+02
7.269950584048749533e+02
7.304227404019914047e+02
7.304265404189872015e+02
7.304297070998169374e+02
7.307236750812675155e+02
7.307272084304039481e+02
7.307302751107864651e+02
7.307344084626064387e+02
7.307382418130845281e+02
7.325343498462522120e+02
7.325374165266347291e+02
7.350384277125108383e+02
7.353699625286474202e+02
7.354909964033097367e+02
7.354939630832450348e+02
7.357130973966656029e+02
7.357536975782516038e+02
7.357570975934582975e+02
7.358099644965743664e+02
7.358126311751678941e+02
7.372155041162418456e+02
7.372185041296596637e+02
7.372222041462081279e+02
7.372260041632039247e+02
7.372299041806468267e+02
7.395602812700216191e+02
7.395686813075910777e+02
7.395716479875262621e+02
7.439691343221328452e+02
7.439730676730583809e+02
7.477590846061758612e+02
7.477621179530760855e+02
7.477684179812531511e+02
7.477739846728170505e+02
7.477964847734497198e+02
7.530677750161803488e+02
7.542917471571131500e+02
7.582006313064262031e+02
7.582033313185021370e+02
7.582070980020154138e+02
7.603108074109429708e+02
7.606541089463732987e+02
7.606570422928261905e+02
7.606596089709723856e+02
7.606630089861790793e+02
7.606678090076474064e+02
7.606708756880299234e+02
7.624147834877297782e+02
7.624180168355243268e+02
7.627941185176547378e+02
7.628784188946916629e+02
7.628807522384610138e+02
7.628834855840192404e+02
7.628935522957098101e+02
7.679949417785522883e+02
7.721437270008327687e+02
7.721478270191703359e+02
7.728078299710608690e+02
7.733381656763425553e+02
7.740195353904636022e+02
7.740233687409416916e+02
7.768071478581758811e+02
7.773166501369458956e+02
7.773204168204591724e+02
7.773235501678065020e+02
7.779173194901310353e+02
7.779255528602884624e+02
7.779283195393293227e+02
7.779334195621394201e+02
7.779372195791351032e+02
7.779405529273768707e+02
7.807434321300369220e+02
7.807462321425600749e+02
7.865383247146008898e+02
7.865475247557484408e+02
7.891927699200502957e+02
7.904402421660882965e+02
7.904512422152864701e+02
7.904565422389911191e+02
7.938651574841640013e+02
7.938691241685718296e+02
7.938722241824367529e+02
7.938751575288896447e+02
7.967394370061649624e+02
7.967443703615630284e+02
7.996798834907669971e+02
8.036605679612099493e+02
8.036697680023575003e+02
8.036726013483631732e+02
8.048201064806273735e+02
8.069057824755662978e+02
8.069097824934566461e+02
8.069163825229755957e+02
8.151700861046734872e+02
8.155897546483250835e+02
8.156023547046793283e+02
8.156067880578409586e+02
8.156095880703641114e+02
8.156148547605863541e+02
8.156273214830109737e+02
8.157186885583206504e+02
8.157215552378086159e+02
8.157364886379323252e+02
8.157394886513499159e+02
8.160192899027725844e+02
8.174191961639113515e+02
8.182116330414514778e+02
8.201870418765493014e+02
8.202028086137333958e+02
8.202066752976940052e+02
8.202743756004864508e+02
8.202787089532008622e+02
8.249259964050531835e+02
8.251806308772497687e+02
8.287988803933540112e+02
8.289611144522858694e+02
8.315725594654152246e+02
8.315756594792801479e+02
8.315789594940396228e+02
8.315824261762112428e+02
8.315891262061772977e+02
8.316129929795890803e+02
8.316274263774764677e+02
8.316325930672513778e+02
8.316369264199657891e+02
8.427649095236646417e+02
8.427827096032762029e+02
8.437121470935572916e+02
8.437149471060804444e+02
8.437187804565586475e+02
8.437224471396247054e+02
8.437254804865247024e+02
8.437332138544459212e+02
8.437363805352756572e+02
8.451822870021522931e+02
8.451858203512886121e+02
8.451886203638118786e+02
8.451934537187624983e+02
8.451989204098791788e+02
8.452136204756258167e+02
8.454073213419609374e+02
8.454148213755051984e+02
8.454263880939045066e+02
8.454730549692907289e+02
8.454810216715887918e+02
8.455374552573235860e+02
8.455807554509855208e+02
8.455838221313680378e+02
8.546378292924570133e+02
8.566604383386597874e+02
8.577721433108063138e+02
8.577901100578299065e+02
8.577932767386597561e+02
8.673498194806930996e+02
8.673528528275933240e+02
8.673557195070812895e+02
8.673593528566649411e+02
8.673622528696353129e+02
8.673658528857365582e+02
8.684064242064015389e+02
8.684090575515126602e+02
8.684117575635885942e+02
8.684148575774535175e+02
8.684197242658866571e+02
8.684261576279935753e+02
8.684291243079286460e+02
8.684347243329750654e+02
8.684380910146994665e+02
8.684426577017907221e+02
8.684504244031942335e+02
8.713944042369327008e+02
8.714063709571211120e+02
8.714099043062574310e+02
8.719638401170916495e+02
8.719670734648863117e+02
8.783733354504917088e+02
8.804353113394311094e+02
8.804385113537432517e+02
8.804454447180863781e+02
8.804627114619792110e+02
8.824176535388719458e+02
8.824217868906919193e+02
8.824308535979098451e+02
8.841587279925663552e+02
8.841843947740287604e+02
8.841956614910862982e+02
8.852754329870757601e+02
8.852783663335285382e+02
8.852833663558914168e+02
8.861714369944907048e+02
8.861750703440744701e+02
8.861797703650954645e+02
8.861842037182570948e+02
8.877577107558325906e+02
8.877645107862459781e+02
8.877694108081615241e+02
8.899079203727341110e+02
8.899136537317101556e+02
8.899184870866608890e+02
8.899792540251102082e+02
8.899821540380806937e+02
8.901052879221352896e+02
8.901081546016233688e+02
8.901113879494180310e+02
8.901148212981071310e+02
8.901182546467962311e+02
8.901214213276260807e+02
8.901320880420000776e+02
8.901373880657044992e+02
8.901410214152882645e+02
8.901474881108774753e+02
8.901615548404581659e+02
8.901661548610319414e+02
8.901794549205170597e+02
8.901974550010230587e+02
8.907999910292237473e+02
8.908029910426414517e+02
9.045467858456665908e+02
9.046272528722254265e+02
9.048065203406731598e+02
9.048098870223975609e+02
9.048547872232155669e+02
9.067553957237657869e+02
9.067598624104099372e+02
9.067650291001847336e+02
9.067679957801200317e+02
9.067712624613971002e+02
9.068443627883413001e+02
9.072166644534759143e+02
9.072194644659990672e+02
9.072231311490652388e+02
9.097745425603584408e+02
9.098925430881207603e+02
9.099425766452311564e+02
9.099461433278499953e+02
9.099499766783280847e+02
9.111329153024034895e+02
9.111407486707719272e+02
9.111443153533906525e+02
9.170446084093624677e+02
9.172265425564039560e+02
9.172293092354445889e+02
9.172317759131436787e+02
9.172357759310339134e+02
9.172417092909043959e+02
9.172478426516695436e+02
9.172533093427861104e+02
9.172572760271939387e+02
9.172690427464876848e+02
9.172746761050165105e+02
9.172842094809882383e+02
9.172896761721049188e+02
9.172951761967040056e+02
9.192174181273441036e+02
9.273746879444047408e+02
9.276429891443929137e+02
9.279437571562568792e+02
9.292674297431040031e+02
9.304193348950476548e+02
9.305549021680445776e+02
9.319010748555243708e+02
9.319044082037661383e+02
9.319080748868323099e+02
9.329148127228422709e+02
9.333466146540944237e+02
9.333800481369603403e+02
9.333832148177900763e+02
9.333950148705662286e+02
9.333978482165719015e+02
9.334013815657083342e+02
9.334045815800204764e+02
9.335801823654022655e+02
9.335829823779254184e+02
9.335864157266145185e+02
9.335945824298071329e+02
9.335972824418830669e+02
9.340795179320346051e+02
9.340821512771456128e+02
9.340854846253874939e+02
9.340948513339471901e+02
9.341185181064645349e+02
9.349694885791318484e+02
9.353825570932646087e+02
9.353855237731997931e+02
9.353962571545387163e+02
9.354001238384993258e+02
9.354126238944062379e+02
9.354156239078239423e+02
9.354195239252669580e+02
9.367134297123141096e+02
9.373100323806443157e+02
9.373164990762335265e+02
9.373196657570633761e+02
9.382632033104075617e+02
9.382690033363483053e+02
9.606603034823660892e+02
9.642720196359163083e+02
9.643918535052115431e+02
9.643951535199709042e+02
9.643978535320468382e+02
9.644009202124294688e+02
9.644058535678274211e+02
9.644091202491044896e+02
9.644128535991353601e+02
9.644163869482716791e+02
9.644210536358103809e+02
9.644291203385556628e+02
9.736512949184469790e+02
9.736637616408715985e+02
9.754211361674684895e+02
9.754237695125797245e+02
9.754273361951984498e+02
9.754313695465712044e+02
9.785685835778909905e+02
9.791635195721000855e+02
9.791661529172110932e+02
9.791691862641113175e+02
9.797943557268741870e+02
9.797975890746688492e+02
9.802121909289928681e+02
9.822845668644467878e+02
9.822988002614396237e+02
9.823022336101287237e+02
9.845513103358841818e+02
9.845546436841260629e+02
9.845578436984382051e+02
9.850029790226577688e+02
9.850059457025930669e+02
9.850086123811865946e+02
9.918733097504966736e+02
9.921933445151987598e+02
9.921974778670187334e+02
9.922005112139187304e+02
9.922045778987737776e+02
9.933908832045735835e+02
9.933944165537099025e+02
9.933972832331978680e+02
9.934010165832288521e+02
9.987455404868333062e+02
9.987481404984620212e+02
9.987508738440204752e+02
9.987541071918150237e+02
9.987593072150723401e+02
9.987627405637614402e+02
9.987665072472748307e+02
9.987755739544926428e+02
1.001962521541581168e+03
1.001965421554551540e+03
1.001968588235381389e+03
1.002010921758053200e+03
1.002014621774601665e+03
1.002017655121501662e+03
1.002021188470638094e+03
1.002036055203796877e+03
1.002039121884179394e+03
1.003501528424853177e+03
1.003593495502846395e+03
1.008366050181628339e+03
1.009400088139739296e+03
1.009412888196988092e+03
1.009415721542993651e+03
1.009461988416590771e+03
1.011382397005697726e+03
1.011389997039689320e+03
1.011393430388378533e+03
1.012582235705359381e+03
1.012585135718329866e+03
1.012588102398265164e+03
1.012591769081331222e+03
1.016360119268766880e+03
1.016363652617903313e+03
1.016367685969275954e+03
1.016371419319306824e+03
1.020251303338915591e+03
1.020258270036741123e+03
1.020261470051053266e+03
1.020266303406003999e+03
1.022388746232050721e+03
1.022391346243679436e+03
1.022394579591474098e+03
1.022406312977285552e+03
1.022411146332236171e+03
1.026312497114522557e+03
1.026844132825618544e+03
1.026955999992615716e+03
1.026960100010953511e+03
1.026962900023476550e+03
1.026967033375296523e+03
1.026970833392292207e+03
1.026977400088328750e+03
1.026983566782575963e+03
1.026987100131712623e+03
1.027064933813160224e+03
1.027344535063688454e+03
1.031032051556258921e+03
1.031038084916576508e+03
1.031041318264371057e+03
1.034864868698692135e+03
1.034867535377285776e+03
1.034872935401437644e+03
1.034875735413960683e+03
1.034879035428720044e+03
1.034882235443032414e+03
1.034912335577656449e+03
1.034915735592863257e+03
1.034919268941999462e+03
1.034930935660846217e+03
1.037721548141975973e+03
1.037723848152262917e+03
1.037727314834434310e+03
1.040222492660887383e+03
1.043122705632210227e+03
1.043125838979557329e+03
1.043131705672463113e+03
1.043134539018468786e+03
1.045077147706866754e+03
1.045882517975584960e+03
1.045887184663123662e+03
1.046163685899786969e+03
1.046181585979845750e+03
1.046184619326745860e+03
1.046187752674093417e+03
1.048796931010418120e+03
1.051151108206239996e+03
1.051614410278377591e+03
1.052948682912634013e+03
1.052951649592569311e+03
1.052954949607328672e+03
1.052957949620746376e+03
1.053595952474240448e+03
1.053599385822929662e+03
1.053602519170276992e+03
1.053607985861393900e+03
1.055183159573090052e+03
1.055186292920437381e+03
1.057082434734343678e+03
1.057086068083927330e+03
1.057090701437983398e+03
1.057093668117918696e+03
1.057646970592586968e+03
1.057790637901811806e+03
1.057793804582641542e+03
1.057953071961637988e+03
1.057956138642020505e+03
1.058499841073752350e+03
1.062217824369253321e+03
1.062724893303806539e+03
1.065864774013719853e+03
1.067590415065054458e+03
1.067592948409718247e+03
1.067595648421794067e+03
1.067599148437448093e+03
1.067605048463836056e+03
1.067608148477701207e+03
1.067612481830415618e+03
1.068835187299016525e+03
1.068838087311987010e+03
1.068841620661123216e+03
1.069653157624089317e+03
1.069655890969647771e+03
1.069659124317442320e+03
1.069672791045233907e+03
1.071256964797183400e+03
1.071259764809706439e+03
1.071263398159290091e+03
1.071778200461764754e+03
1.071796933878884147e+03
1.071800033892749070e+03
1.072074135118678214e+03
1.072083568494202609e+03
1.072352936365628238e+03
1.072355203042432777e+03
1.072359236393805531e+03
1.075975552567929299e+03
1.078045128490859952e+03
1.078047761835971187e+03
1.078051928521273567e+03
1.078056128540058353e+03
1.078463297027802810e+03
1.078465963706396224e+03
1.078469097053743781e+03
1.079224267097939673e+03
1.079228000447970544e+03
1.079327267558613357e+03
1.079332800916695078e+03
1.081053541946113910e+03
1.081056175291224918e+03
1.082156313544972363e+03
1.088377074700917774e+03
1.088380674717018792e+03
1.088384374733567256e+03
1.091596722434258936e+03
1.091600055782500704e+03
1.091602989128953595e+03
1.091606622478537247e+03
1.091614222512528613e+03
1.092319792334885733e+03
1.092674693922197548e+03
1.092677627268650440e+03
1.092680693949032957e+03
1.092684893967817970e+03
1.092698960697398434e+03
1.092701927377333732e+03
1.095224105324545917e+03
1.095227905341541600e+03
1.095230972021924117e+03
1.095234505371060322e+03
1.095237538717960433e+03
1.095241205401026718e+03
1.095244705416680745e+03
1.102988373383889893e+03
1.103006606798772737e+03
1.103010440149251053e+03
1.109711003451131319e+03
1.109713603462760148e+03
1.109855404096969096e+03
1.109858237442974769e+03
1.109861270789874879e+03
1.114503858220706206e+03
1.114506858234123911e+03
1.116764401664413754e+03
1.119399846784884630e+03
1.122930695910087024e+03
1.122934429260117895e+03
1.122945729310657725e+03
1.122948595990145805e+03
1.122951596003563509e+03
1.122963229388927630e+03
1.122989796174415460e+03
1.122992362852561428e+03
1.125537207567818314e+03
1.125540740916954746e+03
1.126974480662748419e+03
1.126977247341789280e+03
1.126994614086129332e+03
1.127648583677702163e+03
1.127651050355401139e+03
1.127653950368371625e+03
1.129118323584508289e+03
1.129121290264443587e+03
1.129125023614474230e+03
1.129128123628339154e+03
1.130919864975310020e+03
1.135306017925894139e+03
1.135312284620588798e+03
1.135509185501236061e+03
1.135514818859765001e+03
1.135517618872288040e+03
1.136265322216422419e+03
1.137284993443610801e+03
1.137288226791405577e+03
1.137297193498176057e+03
1.137305193533956526e+03
1.141959847685423483e+03
1.141963247700630063e+03
1.141967481052897256e+03
1.141970881068104063e+03
1.142001781206306305e+03
1.142004781219723782e+03
1.144816560462189727e+03
1.144819093806853516e+03
1.144821927152859189e+03
1.144861527329972432e+03
1.144864360675978105e+03
1.144893060804340848e+03
1.148923178829210656e+03
1.148926612177899642e+03
1.153375998744632170e+03
1.153434865674583534e+03
1.153744133724464291e+03
1.153747533739671098e+03
1.153750500419606396e+03
1.153754633771426370e+03
1.153761533802286976e+03
1.153765567153659504e+03
1.154912738951099755e+03
1.154915372296210762e+03
1.154919005645794414e+03
1.154922638995378065e+03
1.154926005677102467e+03
1.157175982406883122e+03
1.157179215754677671e+03
1.159660726853338929e+03
1.159668393554295335e+03
1.166243856296658350e+03
1.167719262895475595e+03
1.171058077828463638e+03
1.171061511177152624e+03
1.175821965801816759e+03
1.176385001653351082e+03
1.176583935876425812e+03
1.176586635888501860e+03
1.176589302567095274e+03
1.176592002579171321e+03
1.176595169260001057e+03
1.176605202638209221e+03
1.176610302661019205e+03
1.176615536017758814e+03
1.176624469391047342e+03
1.177740441048943239e+03
1.180267185683246680e+03
1.181835692698459297e+03
1.181840726054304696e+03
1.185413542033872091e+03
1.185416008711571067e+03
1.185419108725435990e+03
1.186128578565236012e+03
1.186132011913924998e+03
1.186136111932262565e+03
1.186139111945680270e+03
1.186143078630088212e+03
1.186146311977882760e+03
1.189319326169320220e+03
1.189337926252509760e+03
1.189340459597173549e+03
1.189496626962305072e+03
1.189511393695016750e+03
1.189514060373610164e+03
1.189517627056229003e+03
1.191768303789140646e+03
1.191779037170479569e+03
1.191781870516485242e+03
1.192449306834954996e+03
1.192452973518021054e+03
1.192456040198403571e+03
1.192489440347786967e+03
1.192492540361652118e+03
1.192524773839151067e+03
1.192527140516402596e+03
1.192538707234801905e+03
1.192558307322464088e+03
1.192630440978418392e+03
1.192751608187010106e+03
1.192766741588028253e+03
1.192768974931350385e+03
1.192776508298377166e+03
1.192783808331026876e+03
1.196436291333575127e+03
1.196441258022455486e+03
1.196443991368013712e+03
1.196455991421684530e+03
1.196465324796761706e+03
1.196468458144109036e+03
1.196477824852668618e+03
1.196502358295728982e+03
1.196505291642181646e+03
1.196530258420513292e+03
1.196533458434825661e+03
1.196538025121917144e+03
1.196599992065733431e+03
1.199865040002129035e+03
1.199897740148381672e+03
1.199939873670158931e+03
1.199944507024215000e+03
1.205959067257918150e+03
1.205961900603923823e+03
1.205964933950824161e+03
1.205974267325901110e+03
1.206061201048049270e+03
1.206064134394502162e+03
1.206067201074884679e+03
1.208718479599504462e+03
1.210007052029364559e+03
1.210009752041440606e+03
1.212422529499354141e+03
1.212425662846701698e+03
1.212428996194943466e+03
1.212448962950912346e+03
1.212451729629953206e+03
1.212455996315702805e+03
1.212459162996532541e+03
1.212470396380107559e+03
1.217763386719892878e+03
1.217766353399828176e+03
1.217769353413245881e+03
1.217822153649397251e+03
1.218849491577541812e+03
1.218864358310700709e+03
1.220250264509223598e+03
1.220253631190947999e+03
1.220257864543215192e+03
1.220997934519875344e+03
1.221002334539554568e+03
1.221005201219042647e+03
1.221009201236932768e+03
1.221012534585174535e+03
1.224512083570385812e+03
1.225713755611580609e+03
1.225716888958927939e+03
1.225727255671959938e+03
1.225730555686719526e+03
1.225733822367996481e+03
1.225743822412722238e+03
1.225750655776618032e+03
1.225754122458789652e+03
1.225763655834761494e+03
1.225767089183450480e+03
1.225782955921081793e+03
1.225787822609514933e+03
1.225795322643059080e+03
1.225799789329703344e+03
1.228866903047496407e+03
1.228869636393054634e+03
1.231124246476891813e+03
1.231970516928538018e+03
1.231973750276332794e+03
1.231976550288855833e+03
1.231980316972369110e+03
1.231985316994732102e+03
1.231988717009938682e+03
1.231993150363100540e+03
1.231996650378754339e+03
1.232002950406931404e+03
1.232008317097600866e+03
1.232013550454340702e+03
1.232041717246984490e+03
1.232044650593437154e+03
1.232413385575953271e+03
1.232415852253652019e+03
1.232418852267069951e+03
1.232423418954161207e+03
1.232427518972498774e+03
1.232439685693581623e+03
1.232446752391854261e+03
1.232450219074025881e+03
1.232469385826416783e+03
1.232472319172869447e+03
1.232476452524689421e+03
1.232483152554655589e+03
1.232515152697777467e+03
1.232518186044677805e+03
1.232524219404995620e+03
1.232536519460007867e+03
1.232748420407743652e+03
1.232751453754643762e+03
1.232755753773875995e+03
1.232759753791766116e+03
1.232764287145374965e+03
1.233411890041805691e+03
1.233414556720399332e+03
1.233424623432089902e+03
1.233427390111130308e+03
1.233437356822373658e+03
1.233497057089385635e+03
1.233500123769768152e+03
1.233503723785869397e+03
1.233511757155132273e+03
1.233529223899919543e+03
1.233695991312460592e+03
1.233741424848997212e+03
1.233744291528485064e+03
1.233747891544586309e+03
1.233752258230783355e+03
1.233756591583497766e+03
1.233761891607202415e+03
1.233772391654164039e+03
1.233783891705598762e+03
1.233788258391795353e+03
1.233795225089620999e+03
1.233801258449938814e+03
1.233807925146422576e+03
1.233824258552807578e+03
1.233835258602005752e+03
1.233839625288202797e+03
1.236134035550047656e+03
1.236137268897842432e+03
1.236140935580908263e+03
1.236148168946593387e+03
1.237879043354667374e+03
1.237882176702014704e+03
1.237885143381950002e+03
1.237889176733322756e+03
1.238011077278527864e+03
1.238945381457242092e+03
1.238948281470212578e+03
1.238951514818007126e+03
1.238990848327261347e+03
1.238993881674161230e+03
1.238996715020166903e+03
1.239000081701891077e+03
1.239003915052369393e+03
1.239016848443547815e+03
1.239027381823992073e+03
1.239033481851274701e+03
1.239038015204883550e+03
1.239044515233955508e+03
1.240890290155926778e+03
1.240894156839887501e+03
1.242972899470483299e+03
1.242975432815147087e+03
1.242978832830353895e+03
1.246351781249338728e+03
1.246356781271701720e+03
1.246360047952978675e+03
1.246364247971763461e+03
1.247352352391101249e+03
1.247364185777360035e+03
1.247367019123365480e+03
1.247370552472501686e+03
1.247376819167196572e+03
1.253944848542980253e+03
1.253947781889433145e+03
1.253951181904639725e+03
1.253963581960099418e+03
1.256620460509765508e+03
1.256623460523183212e+03
1.256629293882606589e+03
1.256996062189659824e+03
1.256999228870489560e+03
1.257017562285819622e+03
1.257021062301473648e+03
1.257037029039552408e+03
1.257042929065940370e+03
1.257052562442359431e+03
1.257055595789259542e+03
1.258707469844001253e+03
1.258709969855182635e+03
1.258713503204319068e+03
1.259189271998881395e+03
1.259192305345781506e+03
1.259195805361435532e+03
1.260500411196339201e+03
1.260503011207967802e+03
1.260506611224069047e+03
1.260510177906687659e+03
1.260866246165884604e+03
1.260869279512784715e+03
1.260875046205243052e+03
1.261803650358463528e+03
1.261806383704021982e+03
1.261808950382168177e+03
1.261812350397374985e+03
1.263629958526702467e+03
1.263632725205743327e+03
1.263635758552643438e+03
1.263639291901779870e+03
1.263644558592001886e+03
1.263647758606314255e+03
1.263760192442512334e+03
1.263762959121553195e+03
1.263770025819825833e+03
1.263774159171645806e+03
1.263780225865446255e+03
1.263783759214582460e+03
1.263790459244548629e+03
1.263799659285696180e+03
1.263803692637068934e+03
1.265055131567514763e+03
1.265058031580485022e+03
1.265061331595244610e+03
1.266177669921447432e+03
1.266180669934864909e+03
1.267999511403042106e+03
1.271014858222639305e+03
1.272362130915038733e+03
1.272370930954397181e+03
1.272379130991072316e+03
1.273930704597216163e+03
1.274410473409668612e+03
1.274695008015595022e+03
1.274697541360258811e+03
1.274700041371440193e+03
1.274703841388435876e+03
1.274710174750095348e+03
1.274713508098337343e+03
1.274745174906635157e+03
1.274749208258007911e+03
1.274752708273661710e+03
1.274756474957174987e+03
1.274760274974170898e+03
1.274771275023369071e+03
1.274778208387712084e+03
1.274783941746688015e+03
1.274796708470454405e+03
1.274806508514285497e+03
1.274812708542015343e+03
1.274818841902780377e+03
1.274824208593450066e+03
1.275943580266552772e+03
1.275946180278181373e+03
1.275949246958563890e+03
1.275953580311278301e+03
1.275966747036833567e+03
1.275976513747182480e+03
1.275979913762389060e+03
1.275986413791460791e+03
1.275989713806220152e+03
1.276009580561741814e+03
1.277542120749424612e+03
1.277544987428912691e+03
1.277548020775812802e+03
1.277551554124949234e+03
1.277557420817854791e+03
1.286790162111672771e+03
1.286795528802342005e+03
1.286801728830072079e+03
1.287160863769651314e+03
1.287172897156804538e+03
1.287704832869242182e+03
1.288463736263469173e+03
1.288920938308324367e+03
1.288923738320847406e+03
1.288927138336054213e+03
1.288932471693241268e+03
1.288955338462180407e+03
1.289024105436410082e+03
1.289027105449828014e+03
1.289033138810145829e+03
1.289037105494553543e+03
1.289040605510207570e+03
1.289053972236657273e+03
1.289057372251864081e+03
1.289068605635439326e+03
1.289075005664063610e+03
1.289082105695818882e+03
1.289087805721312407e+03
1.289228806351943376e+03
1.289239406399352674e+03
1.289243406417243023e+03
1.289910809402230370e+03
1.289922076119288022e+03
1.289924709464399029e+03
1.289928742815771784e+03
1.290268077666794170e+03
1.290270811012352624e+03
1.290290044431708111e+03
1.291005380964413689e+03
1.291008647645690871e+03
1.291015681010481103e+03
1.291098881382598393e+03
1.291101514727709400e+03
1.291105014743363427e+03
1.291116914796586798e+03
1.291121014814924138e+03
1.291125148166744111e+03
1.291129248185081678e+03
1.291134114873514818e+03
1.291187748446726573e+03
1.291215448570616445e+03
1.291218815252340619e+03
1.291792484484766874e+03
1.291795317830772547e+03
1.291803817868789110e+03
1.291813417911725992e+03
1.291832951332423363e+03
1.292037618914474024e+03
1.292040185592620446e+03
1.292043618941309433e+03
1.292047752293129406e+03
1.292051952311914192e+03
1.292058352340538704e+03
1.292066119041942102e+03
1.292078352429989764e+03
1.292166419490540193e+03
1.292379920445431935e+03
1.292653188334300694e+03
1.292655688345481849e+03
1.292658555024969928e+03
1.292662055040623954e+03
1.292667521731740635e+03
1.294988398778626106e+03
1.294991065457219520e+03
1.294994632139838359e+03
1.295068565803843057e+03
1.295071899152084825e+03
1.295075632502115695e+03
1.295322333605496851e+03
1.295325133618019890e+03
1.295328366965814666e+03
1.295332000315398091e+03
1.295340033684660966e+03
1.295373567167974443e+03
1.295376967183180795e+03
1.295380233864458205e+03
1.295391300580621191e+03
1.295394433927968294e+03
1.295401033957487471e+03
1.295405733978508351e+03
1.295428367413070646e+03
1.295434334106423421e+03
1.295439634130128070e+03
1.295445000820797532e+03
1.295453434191849510e+03
1.295458400880730096e+03
1.295485934337207709e+03
1.297589043743451612e+03
1.298520647910090020e+03
1.298523381255648246e+03
1.298561714760429822e+03
1.298565681444837765e+03
1.298568914792632313e+03
1.298573148144899505e+03
1.298579048171287468e+03
1.298584014860167827e+03
1.298588581547259309e+03
1.298593281568280190e+03
1.298603748281759636e+03
1.298612214986294020e+03
1.298618315013576876e+03
1.298622648366291060e+03
1.298628548392679477e+03
1.298636081759705803e+03
1.298642115120023618e+03
1.298650248489733940e+03
1.298656248516569121e+03
1.300069954839429329e+03
1.300073454855083355e+03
1.300087154916357349e+03
1.301200759897001717e+03
1.301395394100844896e+03
1.301398294113815155e+03
1.301401060792856015e+03
1.301404827476369064e+03
1.301733362279087942e+03
1.301736095624646396e+03
1.301739362305923351e+03
1.301743595658190543e+03
1.301746895672950131e+03
1.301751395693076802e+03
1.301757895722148305e+03
1.301763662414606642e+03
1.301771362449045455e+03
1.301775395800417982e+03
1.301793129213064731e+03
1.302312898204419980e+03
1.302316231552661748e+03
1.302319898235727806e+03
1.302327531603201578e+03
1.302347431692205646e+03
1.302350598373035382e+03
1.302370031793285534e+03
1.302773100262692651e+03
1.302775966942180503e+03
1.302780800297131236e+03
1.302784366979750303e+03
1.302972101152732193e+03
1.302992567910937623e+03
1.302995567924355100e+03
1.303005534635598451e+03
1.303008667982945553e+03
1.303029934744728962e+03
1.303036101438976402e+03
1.303047034821209536e+03
1.303062101555262871e+03
1.303074801612064448e+03
1.303096468375636505e+03
1.304209506687079738e+03
1.304212006698261348e+03
1.304215640047845000e+03
1.304947076652558735e+03
1.304950443334283136e+03
1.304953543348148060e+03
1.304957343365143743e+03
1.304964610064311046e+03
1.304967910079070634e+03
1.304978143458173008e+03
1.304990443513185483e+03
1.304996976875739620e+03
1.305010676937013841e+03
1.305015843626788637e+03
1.305029843689404288e+03
1.305054077131122767e+03
1.305057110478022878e+03
1.305081343919741357e+03
1.305085077269772455e+03
1.306874285272079305e+03
1.306877118618084751e+03
1.306881685305176234e+03
1.306886285325749895e+03
1.306902252063828655e+03
1.307144119812258623e+03
1.307146886491299483e+03
1.307150319839988470e+03
1.307154286524396412e+03
1.307157753206568032e+03
1.307170286595957350e+03
1.307183319987582991e+03
1.307193520033203185e+03
1.307203753412305787e+03
1.307207386761889438e+03
1.307213053453900784e+03
1.307227453518305538e+03
1.307231820204502355e+03
1.307259153660085758e+03
1.310310300639800289e+03
1.310313367320182806e+03
1.310316634001459988e+03
1.310320034016666568e+03
1.310329900727462473e+03
1.316979663802136884e+03
1.317354732146312017e+03
1.317357798826694534e+03
1.317366732199983062e+03
1.317549866352391291e+03
1.317554799707789243e+03
1.317560566400247808e+03
1.317566066424846895e+03
1.317570766445867775e+03
1.317579999820497960e+03
1.317583733170528603e+03
1.317588366524584899e+03
1.317596166559470930e+03
1.317602699922025067e+03
1.317629966710643657e+03
1.317634366730322654e+03
1.317639933421886553e+03
1.317658433504629102e+03
1.317683433616442926e+03
1.317697367012094219e+03
1.317700200358099664e+03
1.318622804484484959e+03
1.318626104499244320e+03
1.318628871178284953e+03
1.318633471198858842e+03
1.318640804564990958e+03
1.320103844441830688e+03
1.320106644454353955e+03
1.320116344497737828e+03
1.322151086931540931e+03
1.322153986944511416e+03
1.322157686961059881e+03
1.322162086980739105e+03
1.322166620334347954e+03
1.322169920349107542e+03
1.322180753730893684e+03
1.322184487080924555e+03
1.322210153862386960e+03
1.322215153884749725e+03
1.323478926203690435e+03
1.323481159547012567e+03
1.323484126226947865e+03
1.323493192934165791e+03
1.325165833748454361e+03
1.325168467093565596e+03
1.325175067123084318e+03
1.325181467151708830e+03
1.325921237127027325e+03
1.325923937139103145e+03
1.325927103819933109e+03
1.325933937183828675e+03
1.325938770538779636e+03
1.325978670717234763e+03
1.325982737402089697e+03
1.325987004087839523e+03
1.327275809852076691e+03
1.327279276534248083e+03
1.327282309881148421e+03
1.327289076578079403e+03
1.327294343268301418e+03
1.327297709950025819e+03
1.327302409971046700e+03
1.327359343559017816e+03
1.327560077790143396e+03
1.327586944576972883e+03
1.327633111450122897e+03
1.327637611470249340e+03
1.327641044818938553e+03
1.327646911511844110e+03
1.327667244936119687e+03
1.327671544955351692e+03
1.327728945212076496e+03
1.328004513111232200e+03
1.328034013243172694e+03
1.328233947470720295e+03
1.328236880817172960e+03
1.328240180831932548e+03
1.328421748310667226e+03
1.328424481656225453e+03
1.328427615003572782e+03
1.328435581705871073e+03
1.328438815053665394e+03
1.328458181806950961e+03
1.328464848503434723e+03
1.328469481857490791e+03
1.328497415315757735e+03
1.328510482040865782e+03
1.328517048736902325e+03
1.328533048808463263e+03
1.328568648967686386e+03
1.328573715657013963e+03
1.329268685431961785e+03
1.329271718778861896e+03
1.329278152140968814e+03
1.329736054188954768e+03
1.330103855833962825e+03
1.330106589179521052e+03
1.330109855860798234e+03
1.330114189213512645e+03
1.330126355934595495e+03
1.330135789310120117e+03
1.330139989328904676e+03
1.330144356015101494e+03
1.330150722710243372e+03
1.330155089396440417e+03
1.331020259932618274e+03
1.331024926620156748e+03
1.331031493316193064e+03
1.331486395350761541e+03
1.331489295363731799e+03
1.331493595382964031e+03
1.331531462218991464e+03
1.331537662246721311e+03
1.331540595593174203e+03
1.331553928986141727e+03
1.331748096521230764e+03
1.331759763240077291e+03
1.331763429923143349e+03
1.331767696608892948e+03
1.331775263309401907e+03
1.331779329994257068e+03
1.331791096713550814e+03
1.331796963406456598e+03
1.331809863464152613e+03
1.331825230199547605e+03
1.331843196946571425e+03
1.331847230297943952e+03
1.332521933315581236e+03
1.332525533331682482e+03
1.332528500011617552e+03
1.332532033360753985e+03
1.332538566723308122e+03
1.332543266744329230e+03
1.332547166761772132e+03
1.332553233455572354e+03
1.332563000165921039e+03
1.332581633582592985e+03
1.332584966930834980e+03
1.332596933651023392e+03
1.332612733721689665e+03
1.332617700410570251e+03
1.340041700281383783e+03
1.342825412731653159e+03
1.343240347920801241e+03
1.344595053979780459e+03
1.344599854001248559e+03
1.344606187362908031e+03
1.344610254047763192e+03
1.344616554075940257e+03
1.344619554089358189e+03
1.346681363310885217e+03
1.353241625985265273e+03
1.356065638615778653e+03
1.357782779629096240e+03
1.357786046310373422e+03
1.357788812989414055e+03
1.357797546361807917e+03
1.357801913048004735e+03
1.358868584485403517e+03
1.358871051163102493e+03
1.358873984509555385e+03
1.358877484525209411e+03
1.358880817873451406e+03
1.358887017901181252e+03
1.358891417920860476e+03
1.359379520103917685e+03
1.359383820123149690e+03
1.359386686802637769e+03
1.359427620319047946e+03
1.360367024520572159e+03
1.360834359944082507e+03
1.360837426624465024e+03
1.360840493304847541e+03
1.360844393322290443e+03
1.360849460011618248e+03
1.360853126694684079e+03
1.360858860053660237e+03
1.360867160090782363e+03
1.360874426789949894e+03
1.360893326874481318e+03
1.360898026895502198e+03
1.360902360248216610e+03
1.360915560307254509e+03
1.360927327026548255e+03
1.361769230791997870e+03
1.361772464139792419e+03
1.361777864163944287e+03
1.361790230885921574e+03
1.361795864244450286e+03
1.361804830951220993e+03
1.362685401556276247e+03
1.362688301569246505e+03
1.362693934927775445e+03
1.363005336320530887e+03
1.363009103004044164e+03
1.363068803271056140e+03
1.363178170426872157e+03
1.363566205495708118e+03
1.363630539116776390e+03
1.363633705797606126e+03
1.363636705811023830e+03
1.363654039221881703e+03
1.363657439237088283e+03
1.363661072586671935e+03
1.363670105960407454e+03
1.363678505997976799e+03
1.363689839381999263e+03
1.363693506065065321e+03
1.363701372766916165e+03
1.363705039449982223e+03
1.363716472834451906e+03
1.363730539564032597e+03
1.365061745517906274e+03
1.365360313519930742e+03
1.365363280199866040e+03
1.365366446880695776e+03
1.365371846904847644e+03
1.365378646935261031e+03
1.365382146950914830e+03
1.365392180329122993e+03
1.365395813678706645e+03
1.365406647060492560e+03
1.365415913768605151e+03
1.365419347117294137e+03
1.365423680470008776e+03
1.365438147201378342e+03
1.365442347220163128e+03
1.368747962004662213e+03
1.368751495353798646e+03
1.368759228721719637e+03
1.368763362073539611e+03
1.370457836318812724e+03
1.374383320542370257e+03
1.374514554462652541e+03
1.374517354475175807e+03
1.374520354488593512e+03
1.374527387853383971e+03
1.375275124531000529e+03
1.375280724556046835e+03
1.375284824574384174e+03
1.375288624591380085e+03
1.375293157944989161e+03
1.375372691634040166e+03
1.375375858314869902e+03
1.375379691665347991e+03
1.375384791688157975e+03
1.375391758385983621e+03
1.375814860278324431e+03
1.375827760336020447e+03
1.378604039419710261e+03
1.378607639435811507e+03
1.378618039482326139e+03
1.378620639493954741e+03
1.378623872841749517e+03
1.378795140274416781e+03
1.378818640379522094e+03
1.378822740397859434e+03
1.378833507112680763e+03
1.378842407152486430e+03
1.378846273836446926e+03
1.378849740518618546e+03
1.380479514474516918e+03
1.380482714488829060e+03
1.380486381171895118e+03
1.380489447852277635e+03
1.380493981205886485e+03
1.380497181220198854e+03
1.380502081242114173e+03
1.380515347968117112e+03
1.380630815151215529e+03
1.380676882023917869e+03
1.380681015375737843e+03
1.380685282061487669e+03
1.380698948789279257e+03
1.380719182213107388e+03
1.380722282226972311e+03
1.380727215582370263e+03
1.380736015621728939e+03
1.380766815759483734e+03
1.380799982574490286e+03
1.381177717597259289e+03
1.381180550943264734e+03
1.381184617628119895e+03
1.381189050981281525e+03
1.381195617677318069e+03
1.381201817705047915e+03
1.381210651077888770e+03
1.381616186224994863e+03
1.381624852930423913e+03
1.383999096882661661e+03
1.384002063562596959e+03
1.384006696916653027e+03
1.386025605946307451e+03
1.388483216938074520e+03
1.388486416952386662e+03
1.388502017022158498e+03
1.388505050369058608e+03
1.388511550398130339e+03
1.389624055373854844e+03
1.389626722052448486e+03
1.389632088743117947e+03
1.389641822119984226e+03
1.392320467433669592e+03
1.392323634114499328e+03
1.392657802275746917e+03
1.392662068961496516e+03
1.392665735644562574e+03
1.393949574719919610e+03
1.393971974820104833e+03
1.393974874833075319e+03
1.395229480444350884e+03
1.395295180738198042e+03
1.395843283189608883e+03
1.395846616537850878e+03
1.396064350845010040e+03
1.396067417525392557e+03
1.396078417574590503e+03
1.396082384258998445e+03
1.396592353206522375e+03
1.397220822684044833e+03
1.398209427105619170e+03
1.398212360452071835e+03
1.398216227136032330e+03
1.398219293816414847e+03
1.398809696457015207e+03
1.399135331246763826e+03
1.399381432347461214e+03
1.399388199044392195e+03
1.399391165724327493e+03
1.400802872038242185e+03
1.400818972110250570e+03
1.401666975902982585e+03
1.401669709248541039e+03
1.401673509265536723e+03
1.401677342616014812e+03
1.402754314099481235e+03
1.403724651772690095e+03
1.403730618466042870e+03
1.403733751813390427e+03
1.404269220874964503e+03
1.404532788720449162e+03
1.404535822067349500e+03
1.404539255416038486e+03
1.404546088779934280e+03
1.405355592400472915e+03
1.405358492413443400e+03
1.405363025767052250e+03
1.405368125789862233e+03
1.405488859663182666e+03
1.405492159677942254e+03
1.406997633077901128e+03
1.407001933097133133e+03
1.407004799776620985e+03
1.407008999795405998e+03
1.407019333174955818e+03
1.407022033187031639e+03
1.407032333233099052e+03
1.407035299913034351e+03
1.407040599936739000e+03
1.407044199952840245e+03
1.407051399985042508e+03
1.407587802384124416e+03
1.407590535729682642e+03
1.407804503353328528e+03
1.407807336699334201e+03
1.407810070044892427e+03
1.407814436731089245e+03
1.407886603720525954e+03
1.407897270434899838e+03
1.408811307856303529e+03
1.409743078690353741e+03
1.409745845369394601e+03
1.410804116769223810e+03
1.417634213983783411e+03
1.417637747332919616e+03
1.417641880684739590e+03
1.420082591600920296e+03
1.420086024949609509e+03
1.420088891629097361e+03
1.420093791651013134e+03
1.420098425005069203e+03
1.420101691686346157e+03
1.420221858890465683e+03
1.420225858908355804e+03
1.420228958922220954e+03
1.420235392284327645e+03
1.422176200964674990e+03
1.426661254357595453e+03
1.426664621039319854e+03
1.427229223564527956e+03
1.427232990248041233e+03
1.427236256929318188e+03
1.427239890278902067e+03
1.427243090293213982e+03
1.429433966758666656e+03
1.429722268048106116e+03
1.429725234728041414e+03
1.429729168078966723e+03
1.429735601441073413e+03
1.429739934793787825e+03
1.429742868140240944e+03
1.429751834847011423e+03
1.431224408099822995e+03
1.431227741448064990e+03
1.431231108129789163e+03
1.431241241508444318e+03
1.431244441522756688e+03
1.431490542623454076e+03
1.431658510041361978e+03
1.431663276729347899e+03
1.431666510077142448e+03
1.432141512201608975e+03
1.432165778976810088e+03
1.432169112325051856e+03
1.432172279005881592e+03
1.432176012355912462e+03
1.435155459014944427e+03
1.435158859030151234e+03
1.435162425712769846e+03
1.436600132142971461e+03
1.436603432157731049e+03
1.439263310720814616e+03
1.439276477446370109e+03
1.439280044128988948e+03
1.440916551448335895e+03
1.440927851498875725e+03
1.446829444560661841e+03
1.446837644597336748e+03
1.451333498038560947e+03
1.451336931387250161e+03
1.451340164735044709e+03
1.453662208453814856e+03
1.453665575135539029e+03
1.453668708482886586e+03
1.453673608504801905e+03
1.454404378439867514e+03
1.454860613813732471e+03
1.454863247158843478e+03
1.454866147171813964e+03
1.456637688428438878e+03
1.456842322677007587e+03
1.456846389361862521e+03
1.456849322708315412e+03
1.456852956057899064e+03
1.457674926400862205e+03
1.460700273265184705e+03
1.460702939943778119e+03
1.461690744361774250e+03
1.463945154444716763e+03
1.467491303638349336e+03
1.467494336985249447e+03
1.470737451490213516e+03
1.470740918172385136e+03
1.470999685996401467e+03
1.471002652676336766e+03
1.471026252781889298e+03
1.471029119461377149e+03
1.471033719481951039e+03
1.471651522245099386e+03
1.471654588925481903e+03
1.471660988954106415e+03
1.473168329029080724e+03
1.473170962374191731e+03
1.473174062388056655e+03
1.475181538033241395e+03
1.475184538046659100e+03
1.475193771421289057e+03
1.478729453901442184e+03
1.478733920588086221e+03
1.478737220602845582e+03
1.478746220643098695e+03
1.478752020669039666e+03
1.478754854015045112e+03
1.478761854046353164e+03
1.478780820797849401e+03
1.478783920811714324e+03
1.478788487498805807e+03
1.478795887531902736e+03
1.478802187560079801e+03
1.478808087586467764e+03
1.478814320947680244e+03
1.478820687642822122e+03
1.478832821030422565e+03
1.478853454456039799e+03
1.478865021174439107e+03
1.481426599297869870e+03
1.481429799312182240e+03
1.481433165993906414e+03
1.481440032691284614e+03
1.483864810202869421e+03
1.483867810216286898e+03
1.483876043586444439e+03
1.483893176996407647e+03
1.484456279514907010e+03
1.484695447251261157e+03
1.484698113929854799e+03
1.484700613941036181e+03
1.484703880622313136e+03
1.485048115495251295e+03
1.485050915507774334e+03
1.485054348856463776e+03
1.486648822654480455e+03
1.486654122678184876e+03
1.486659589369301557e+03
1.486662556049236855e+03
1.487552093361062589e+03
1.487554593372244199e+03
1.487557593385661676e+03
1.487562260073200378e+03
1.487568293433518193e+03
1.487696360672970741e+03
1.487699127352011601e+03
1.487702794035077886e+03
1.487709294064149390e+03
1.491957813065826485e+03
1.491960913079691636e+03
1.491963779759179715e+03
1.491972513131573351e+03
1.492008779960444826e+03
1.492011779973862758e+03
1.492014713320315423e+03
1.495593795994577704e+03
1.495596529340135930e+03
1.495599729354448300e+03
1.495603262703584505e+03
1.495614162752335460e+03
1.495618129436743175e+03
1.495621729452844420e+03
1.495731529943931719e+03
1.496563766999479867e+03
1.496566633678967719e+03
1.496569867026762267e+03
1.498977477794901233e+03
1.502703961128419223e+03
1.502706727807460084e+03
1.502710194489631476e+03
1.502717494522281186e+03
1.503130763037308270e+03
1.503134029718585225e+03
1.513881244452615420e+03
1.513884144465585678e+03
1.513887744481686923e+03
1.513918044617205624e+03
1.513920677962316631e+03
1.517082458770179073e+03
1.517121292277196744e+03
1.517883295685288658e+03
1.517887362370143819e+03
1.517890762385350399e+03
1.518680499250814592e+03
1.518685265938800512e+03
1.527017436538112179e+03
1.527021436556002300e+03
1.527816506778653320e+03
1.528059074530214502e+03
1.528065874560627890e+03
1.528091974677361804e+03
1.528095708027392675e+03
1.528099074709116849e+03
1.529660648359986453e+03
1.530086483597885490e+03
1.530091283619353817e+03
1.530374684886877731e+03
1.530377584899848216e+03
1.530380584913265920e+03
1.530394051640163070e+03
1.530396818319203703e+03
1.530400218334410511e+03
1.530408685038944895e+03
1.530416151739006636e+03
1.530419985089484726e+03
1.530470685316243589e+03
1.531044521216081876e+03
1.531046921226816039e+03
1.531049921240233743e+03
1.531788157875360866e+03
1.531790491219130217e+03
1.531793291231653257e+03
1.531800891265644850e+03
1.531888158322617073e+03
1.531891058335587559e+03
1.536332011531268108e+03
1.538988423412180282e+03
1.540949898851627040e+03
1.542414738736517393e+03
1.542418538753513303e+03
1.542427205458942126e+03
1.542438105507693081e+03
1.542441705523794326e+03
1.552672384614263819e+03
1.552886918907110612e+03
1.552903418980907873e+03
1.552906152326466326e+03
1.552909785676049978e+03
1.552929952432913296e+03
1.552933052446777992e+03
1.554354525471041825e+03
1.554358192154107883e+03
1.554360958833148743e+03
1.554366525524712642e+03
1.554990694983002868e+03
1.554993794996868019e+03
1.554996828343767902e+03
1.555000495026833960e+03
1.555017328435455511e+03
1.555984866096141332e+03
1.555993499468087521e+03
1.555999266160545858e+03
1.556002466174858228e+03
1.556368467811815663e+03
1.556374234504274227e+03
1.557093471054422707e+03
1.557096904403111921e+03
1.557100204417871282e+03
1.559720816138665668e+03
1.559922417040334267e+03
1.560408019212210093e+03
1.560410319222497037e+03
1.560413852571633470e+03
1.560908554784209400e+03
1.560911588131109738e+03
1.560926854866057283e+03
1.560929621545098144e+03
1.561019888615487844e+03
1.561022621961046525e+03
1.561855125684453924e+03
1.561858025697424182e+03
1.561861192378253918e+03
1.561865259063109079e+03
1.561869459081893865e+03
1.561873625767196017e+03
1.561877659118568772e+03
1.562105626804830308e+03
1.562108360150388535e+03
1.562111326830323833e+03
1.562116760187958334e+03
1.562120226870129727e+03
1.562127593569744249e+03
1.562144826980154676e+03
1.562147626992677942e+03
1.563495833022585202e+03
1.563518066455358621e+03
1.563520599800022410e+03
1.563523633146922521e+03
1.563538499880081190e+03
1.563541666560911153e+03
1.563546899917650762e+03
1.563551099936435548e+03
1.563582233409014407e+03
1.563975801835932316e+03
1.563978635181937989e+03
1.563981401860978849e+03
1.563984801876185202e+03
1.563990901903468057e+03
1.563994701920463740e+03
1.563999435274967254e+03
1.564040402124859838e+03
1.564044935478468688e+03
1.564382203653581200e+03
1.564384903665657248e+03
1.564388337014346234e+03
1.564598804622338093e+03
1.564601937969685423e+03
1.566925848363471005e+03
1.566944381779695732e+03
1.567017782107981702e+03
1.567020582120505196e+03
1.567026882148682262e+03
1.567030682165677945e+03
1.567038382200116530e+03
1.567044615561328783e+03
1.567048115576982809e+03
1.567059882296276783e+03
1.567072849020937610e+03
1.567076015701767346e+03
1.567082382396909452e+03
1.568329787975982526e+03
1.568333454659048584e+03
1.568336854674255164e+03
1.569343159174993616e+03
1.569347025858954339e+03
1.569350125872819262e+03
1.569635160480981767e+03
1.569637860493057815e+03
1.569641293841746801e+03
1.569647327202064616e+03
1.570085029159704618e+03
1.570088962510630154e+03
1.570092795861108243e+03
1.570103195907622876e+03
1.570108529264809931e+03
1.570115395962188131e+03
1.570119362646595846e+03
1.572599007070241669e+03
1.572603073755096830e+03
1.572606607104233035e+03
1.572651473971568976e+03
1.574978417712254441e+03
1.574981251058259886e+03
1.574984851074361131e+03
1.575196985356473988e+03
1.579648038597327286e+03
1.583822990603306607e+03
1.583825323947075958e+03
1.583844257365089788e+03
1.583850990728538363e+03
1.584179758865634085e+03
1.584182858879499008e+03
1.584214259019937344e+03
1.584216659030671508e+03
1.584237359123253555e+03
1.584239925801399750e+03
1.584244459155008826e+03
1.590759121625440002e+03
1.595702077066346192e+03
1.595720210480782043e+03
1.595723077160270122e+03
1.595736277219307794e+03
1.595739277232725726e+03
1.595750610616747963e+03
1.595753143961411752e+03
1.596001511738913450e+03
1.596005411756356580e+03
1.596014011794820590e+03
1.596017945145746125e+03
1.596222546060832201e+03
1.597459084924636727e+03
1.597462184938501878e+03
1.597465418286296426e+03
1.597575585445690194e+03
1.597579652130545355e+03
1.600085963340126000e+03
1.600089496689262432e+03
1.600340831146699429e+03
1.600343331157881039e+03
1.600347831178007482e+03
1.604927818328856574e+03
1.604931785013264289e+03
1.604940285051281080e+03
1.605439287283089243e+03
1.605441853961235211e+03
1.605445287309924652e+03
1.605451054002382989e+03
1.605467987411451759e+03
1.605470887424422244e+03
1.605479487462886027e+03
1.605483154145952085e+03
1.606437491747600006e+03
1.606583059065322459e+03
1.606648992693546688e+03
1.606656826061915126e+03
1.606675292811175041e+03
1.606683792849191832e+03
1.607098428036998257e+03
1.607266795456695263e+03
1.607269095466981980e+03
1.607272062146917278e+03
1.607283162196562671e+03
1.607340362452393265e+03
1.607394896029630218e+03
1.607397862709565516e+03
1.608848669198357811e+03
1.608852969217589589e+03
1.609118437071572316e+03
1.609121337084542802e+03
1.609124403764925319e+03
1.609127403778343023e+03
1.609132137132846537e+03
1.609135037145816796e+03
1.609139503832461060e+03
1.609143170515527117e+03
1.609149370543256964e+03
1.609167070622421306e+03
1.609174103987211538e+03
1.609179470677881000e+03
1.609550205669341949e+03
1.609553439017136498e+03
1.609560105713620260e+03
1.609565205736430471e+03
1.609570772427994370e+03
1.609573739107929669e+03
1.609577172456618655e+03
1.609580972473614565e+03
1.609585139158916718e+03
1.609591239186199346e+03
1.609608139261785709e+03
1.609611772611369361e+03
1.610460009738478448e+03
1.610463043085378331e+03
1.610466709768444389e+03
1.610563576868353266e+03
1.610565810211675398e+03
1.610568510223751446e+03
1.610571643571098548e+03
1.610576443592567102e+03
1.610579943608221129e+03
1.610584076960040647e+03
1.610590876990454262e+03
1.610595077009239048e+03
1.610600510366873323e+03
1.610605010386999766e+03
1.610611243748212019e+03
1.610616377104504636e+03
1.610625777146546625e+03
1.610634343851528456e+03
1.610639877209609722e+03
1.610645743902515505e+03
1.610652543932928893e+03
1.610662310643277578e+03
1.610672944024169055e+03
1.611286346767638179e+03
1.611289813449809799e+03
1.612234651008968285e+03
1.612237451021491324e+03
1.612243551048774179e+03
1.612250217745257942e+03
1.612264151140909007e+03
1.612270451169086073e+03
1.612273284515091518e+03
1.612277451200394125e+03
1.612284184563842473e+03
1.612287651246014093e+03
1.612305151324283770e+03
1.612308251338148921e+03
1.612312418023451301e+03
1.612318418050286482e+03
1.612324218076227453e+03
1.612336084795968645e+03
1.612670586292040298e+03
1.612795453517180704e+03
1.612809653580691247e+03
1.612817853617366154e+03
1.612824353646437658e+03
1.612828720332634703e+03
1.612839020378701889e+03
1.612855353785087345e+03
1.612868053841888923e+03
1.612881387234856220e+03
1.613305489131669674e+03
1.613308355811157526e+03
1.613313055832178634e+03
1.613339189282394955e+03
1.613342455963671910e+03
1.613736724393720351e+03
1.613739257738384140e+03
1.613742357752249291e+03
1.613755524477804556e+03
1.613763157845278556e+03
1.613787624621373652e+03
1.613791257970957531e+03
1.616939072049686274e+03
1.616943005400611810e+03
1.616946538749748242e+03
1.616982905579067165e+03
1.616985938925967048e+03
1.618968447792820143e+03
1.618972281143298460e+03
1.622942965569015541e+03
1.623027365946499685e+03
1.623043132683683780e+03
1.623146733147041232e+03
1.623155766520776751e+03
1.623158533199817612e+03
1.623194966696101119e+03
1.623897436504593088e+03
1.625797611669871912e+03
1.632179273545452361e+03
1.632975243772129033e+03
1.634804485286820864e+03
1.635321587599582244e+03
1.635333587653253062e+03
1.635339554346605837e+03
1.635619255597581287e+03
1.635909290228106556e+03
1.635912323575006667e+03
1.635915390255389184e+03
1.635924690296983954e+03
1.636392025720494530e+03
1.636403592438893611e+03
1.636406759119723347e+03
1.636524526313108936e+03
1.637883732392214142e+03
1.637887732410104491e+03
1.639256738533041016e+03
1.639273238606838277e+03
1.639277805293929760e+03
1.639399539171723063e+03
1.639662473681041774e+03
1.639665573694906698e+03
1.639670707051199315e+03
1.639673973732476270e+03
1.639677540415095109e+03
1.639680873763336876e+03
1.639685173782569109e+03
1.639691773812087831e+03
1.639697407170616543e+03
1.639705107205055356e+03
1.639710373895277371e+03
1.639717907262304152e+03
1.639724773959682352e+03
1.639738274020061908e+03
1.639856641216130811e+03
1.640697878311932072e+03
1.640700811658384737e+03
1.640703678337872816e+03
1.640708545026305956e+03
1.642143184776124826e+03
1.642221151791502280e+03
1.642224085137955171e+03
1.642227318485749720e+03
1.643468190702268885e+03
1.643479224084949465e+03
1.643614724690981575e+03
1.643651158187265310e+03
1.643654491535507077e+03
1.643657891550713657e+03
1.643839392362483750e+03
1.643843059045549808e+03
1.644472128525755807e+03
1.644474761870866814e+03
1.644478595221344904e+03
1.644582962354797928e+03
1.644776729888097861e+03
1.645884568176283892e+03
1.648282612234968610e+03
1.648286512252411512e+03
1.648291245606915027e+03
1.652338063706476760e+03
1.653897137346164982e+03
1.654272605692129446e+03
1.655355643869395863e+03
1.655364510575719123e+03
1.655398510727786288e+03
1.658316290444343622e+03
1.658322257137696624e+03
1.658325090483702070e+03
1.658482124519376612e+03
1.658690325450563932e+03
1.658697358815354391e+03
1.658701158832350075e+03
1.661286903730534505e+03
1.662599542934701276e+03
1.662603209617767106e+03
1.663539247137567145e+03
1.665500022573883143e+03
1.667606831996675510e+03
1.667633332115198527e+03
1.671558349670002144e+03
1.673804926384576447e+03
1.673814259759653396e+03
1.673834759851341005e+03
1.674036060751667719e+03
1.674039860768663402e+03
1.674045594127639333e+03
1.674050627483484732e+03
1.674360595536496248e+03
1.674364328886527119e+03
1.679654652547719024e+03
1.679657419226759657e+03
1.680280288679235809e+03
1.680974058448816322e+03
1.680979225138591573e+03
1.681965996218632654e+03
1.681969129565979983e+03
1.683004234195528170e+03
1.683647637073174337e+03
1.683652903763396580e+03
1.683700770644149770e+03
1.683703570656673037e+03
1.683828504548778255e+03
1.683847604634204117e+03
1.683856904675798887e+03
1.684054405559129918e+03
1.684064838939126957e+03
1.684160272699291681e+03
1.686109414750243786e+03
1.686126114824935257e+03
1.691257237774095529e+03
1.697211931073374672e+03
1.699816776056985191e+03
1.702148886487445679e+03
1.703100190742193490e+03
1.703112657464617996e+03
1.703116690815990523e+03
1.708611082056549776e+03
1.708613448733801533e+03
1.708782916158418175e+03
1.708786382840589795e+03
1.710121788813248259e+03
1.710534357325144811e+03
1.710791158473698488e+03
1.710794258487563411e+03
1.710800325181363860e+03
1.711300627418986096e+03
1.713264269534790174e+03
1.713271502900475298e+03
1.717153186928134573e+03
1.717158886953628098e+03
1.717163253639824916e+03
1.718590660023959117e+03
1.718593860038271487e+03
1.720133966926463245e+03
1.721194005000860898e+03
1.721197071681243415e+03
1.721200171695108111e+03
1.721210638408587556e+03
1.721217938441237266e+03
1.721222571795293561e+03
1.721225905143535556e+03
1.721237971864170959e+03
1.721241838548131682e+03
1.721257005282632008e+03
1.728920639558554058e+03
1.729328374715499649e+03
1.731358750463105935e+03
1.731361783810006045e+03
1.732006420026501701e+03
1.737392210781340737e+03
1.737421010910150244e+03
1.738121414042732567e+03
1.742597367394952471e+03
1.742600934077571310e+03
1.742604934095461658e+03
1.743368470843744717e+03
1.743371870858951524e+03
1.746209583550738898e+03
1.746228416968305510e+03
1.747048320635358778e+03
1.748872095458933927e+03
1.750184367994793774e+03
1.750188268012236676e+03
1.750772803959931480e+03
1.750776770644339194e+03
1.751998976110703779e+03
1.752001309454473130e+03
1.752004509468785272e+03
1.752024509558236559e+03
1.752031809590886269e+03
1.755616992292431178e+03
1.755620258973708133e+03
1.755623125653196212e+03
1.755640725731913108e+03
1.760472880677259809e+03
1.762124854732448966e+03
1.762730224106655214e+03
1.762733624121861794e+03
1.762827424541388154e+03
1.762841457937486439e+03
1.762849357972819689e+03
1.763691195071304264e+03
1.763694095084274522e+03
1.763697295098586892e+03
1.763701228449512428e+03
1.766866342605616637e+03
1.767622145985978477e+03
1.767758279928176535e+03
1.767890813854273347e+03
1.767894113869032708e+03
1.767898680556124191e+03
1.767922880664360264e+03
1.767927614018863551e+03
1.773350138271327978e+03
1.773367805017009914e+03
1.774109975003062573e+03
1.774113908353988109e+03
1.774123941732196045e+03
1.783412149940758809e+03
1.783419316639478666e+03
1.783894152096533389e+03
1.785483292537363241e+03
1.786094728605369710e+03
1.787360867601562177e+03
1.787366834294914952e+03
1.787373767659258192e+03
1.787377834344113353e+03
1.787670435652784818e+03
1.787674969006393667e+03
1.787678635689459952e+03
1.787688235732396379e+03
1.789214009223148196e+03
1.793565862020323493e+03
1.793569195368565261e+03
1.793572795384666506e+03
1.793896163497610587e+03
1.793904063532943610e+03
1.795132935695792185e+03
1.795136135710104327e+03
1.798621517965287467e+03
1.798625051314423899e+03
1.800847727922104013e+03
1.805954184094273842e+03
1.805957317441621399e+03
1.806321319069633773e+03
1.807370357094833253e+03
1.807373557109145167e+03
1.814554955894915565e+03
1.814599256093050144e+03
1.816284063628421563e+03
1.816289163651231775e+03
1.817526102516825176e+03
1.817530235868645150e+03
1.817540235913370680e+03
1.819888679750216397e+03
1.819892246432835464e+03
1.819903013147656793e+03
1.819905979827591864e+03
1.821139318677084248e+03
1.822755959240909533e+03
1.826688943498011213e+03
1.829407522323634339e+03
1.837655292545461862e+03
1.839290733193371352e+03
1.847509469952011841e+03
1.847513103301595720e+03
1.847515603312776875e+03
1.847637170523157920e+03
1.847640437204434875e+03
1.848714875343237509e+03
1.848717942023620026e+03
1.851095185989275478e+03
1.851098519337517473e+03
1.851109986055469335e+03
1.851113052735851852e+03
1.851116519418023472e+03
1.851120019433677498e+03
1.851668221885535559e+03
1.851690521985273563e+03
1.851713655422072179e+03
1.851731722169543218e+03
1.851750555587109830e+03
1.851758455622443080e+03
1.851808155844729527e+03
1.851824789252456185e+03
1.851955656504432000e+03
1.851958489850437900e+03
1.851961623197785229e+03
1.851965889883534601e+03
1.853381029546138961e+03
1.853384529561792988e+03
1.853391729593995251e+03
1.853396262947604328e+03
1.853951998766489169e+03
1.853954932112941833e+03
1.854261166815922707e+03
1.854434667591911875e+03
1.854518334632782853e+03
1.854522401317638014e+03
1.854527768008307476e+03
1.854875102895110558e+03
1.854878569577281951e+03
1.854927936464744334e+03
1.854931336479950687e+03
1.857691815492974229e+03
1.857695848844346983e+03
1.867563826312618403e+03
1.868872332164964973e+03
1.869237133796555554e+03
1.869889703381866639e+03
1.869893003396626227e+03
1.869896070077008744e+03
1.872165980229275874e+03
1.872169380244482682e+03
1.873636920141448854e+03
1.873654720221060415e+03
1.873692553723605670e+03
1.873695720404435406e+03
1.873786020808307740e+03
1.873945354854269226e+03
1.873949621540018825e+03
1.873953221556120070e+03
1.875170627001016328e+03
1.875173627014434032e+03
1.875178460369384766e+03
1.876327865510146921e+03
1.876416499239898030e+03
1.876419099251526859e+03
1.877187269353866213e+03
1.877265669704515176e+03
1.877404836993613117e+03
1.877407103670417655e+03
1.877410637019553860e+03
1.877441103822484820e+03
1.877519570840098368e+03
1.877528470879904262e+03
1.877531870895110842e+03
1.877536837583991428e+03
1.877576037759315568e+03
1.879386612523852818e+03
1.881000519742119877e+03
1.885547273410997377e+03
1.885550540092274332e+03
1.885559706799939477e+03
1.885563873485241857e+03
1.885567773502684986e+03
1.886817945760798921e+03
1.887591115885501040e+03
1.887599315922175947e+03
1.887603415940513287e+03
1.887671816246436720e+03
1.888267918912530376e+03
1.888270985592912893e+03
1.889027655643817752e+03
1.889031122325989372e+03
1.889462524255452308e+03
1.889487357699854329e+03
1.890073426987740049e+03
1.890172927432759934e+03
1.890180627467198747e+03
1.890468628755296550e+03
1.890592129307657842e+03
1.890594862653216069e+03
1.890597962667081219e+03
1.890636729507134078e+03
1.890639762854034188e+03
1.892546371381419931e+03
1.899631903071753868e+03
1.899641336447278491e+03
1.901443944509517678e+03
1.901468777953919698e+03
1.902437548953454780e+03
1.902440948968661360e+03
1.902458549047378483e+03
1.902462182396961907e+03
1.902489949187817047e+03
1.905326761875579223e+03
1.907646772251921675e+03
1.908391608916567748e+03
1.912155225749500005e+03
1.912407426877480248e+03
1.912683494778871818e+03
1.912687894798551270e+03
1.912691628148582140e+03
1.913811033155167252e+03
1.913814099835549996e+03
1.914171834768867484e+03
1.914176434789441373e+03
1.914730403933757998e+03
1.919224424033449168e+03
1.921503867561687912e+03
1.921894302641258491e+03
1.921908202703426923e+03
1.921912169387834865e+03
1.925400384989023678e+03
1.925626986002506101e+03
1.925635352706593267e+03
1.925638186052598940e+03
1.925641619401287926e+03
1.929971538767031689e+03
1.929974305446072549e+03
1.930060339164195284e+03
1.931866413908606091e+03
1.931869913924259890e+03
1.931873247272501658e+03
1.932804751438692847e+03
1.932821784848208836e+03
1.933324620430495088e+03
1.933328987116691906e+03
1.933332687133240370e+03
1.933336687151130491e+03
1.933339620497583610e+03
1.933344053850745240e+03
1.933352753889656469e+03
1.933360687258472126e+03
1.933363487270995392e+03
1.933369520631312980e+03
1.933374620654123191e+03
1.933379387342109112e+03
1.933384587365366315e+03
1.933399487432007618e+03
1.933402820780249385e+03
1.933416354174111348e+03
1.933419854189765374e+03
1.933599054991248522e+03
1.933609621705174959e+03
1.933785655825828371e+03
1.933788589172281036e+03
1.935171128689079751e+03
1.935175162040452506e+03
1.936189633244383458e+03
1.936199466621697184e+03
1.936706968891522138e+03
1.936721702290750954e+03
1.937241637949518235e+03
1.937245737967855575e+03
1.937248671314308694e+03
1.937253738003636272e+03
1.937973774557362731e+03
1.938006508037098001e+03
1.938009241382656455e+03
1.938014874741185167e+03
1.938019774763100713e+03
1.938698344464698494e+03
1.938702911151789976e+03
1.938722777907311411e+03
1.939606881861502870e+03
1.939620681923224311e+03
1.939623548602712162e+03
1.939627115285331229e+03
1.939645182032802268e+03
1.941215455722582874e+03
1.941608690814676493e+03
1.941982759154379210e+03
1.945329440789218097e+03
1.945350807551448725e+03
1.950444630333782015e+03
1.950447363679340242e+03
1.950450830361512089e+03
1.950705731501567698e+03
1.951450134830942488e+03
1.951453001510430568e+03
1.951457301529662800e+03
1.951468301578860746e+03
1.951472868265952229e+03
1.951566835352890621e+03
1.951804136414229333e+03
1.951807036427199819e+03
1.952602006649403847e+03
1.953088675492716902e+03
1.953147209087844203e+03
1.953154942455765195e+03
1.953167909180426250e+03
1.953173375871542930e+03
1.953178842562659611e+03
1.954723949473214134e+03
1.955120417913102528e+03
1.955123784594826702e+03
1.955135317979743604e+03
1.955138384660126121e+03
1.955154384731687060e+03
1.955158918085295909e+03
1.955163618106317244e+03
1.955166651453217128e+03
1.956070422162035811e+03
1.956337490023174496e+03
1.956343090048220802e+03
1.956369590166743819e+03
1.957309694371398791e+03
1.957647362548300407e+03
1.957653029240311525e+03
1.962947119585016708e+03
1.962949886264057568e+03
1.966852403718228516e+03
1.967731774317916688e+03
1.967739974354591595e+03
1.968982579912196570e+03
1.969918250763689684e+03
1.969929450813782523e+03
1.970001217801430130e+03
1.970010784510884150e+03
1.970750954487991748e+03
1.970882721743992988e+03
1.970885788424375505e+03
1.971896859613099878e+03
1.972319428169721959e+03
1.972337261582815927e+03
1.972340061595338966e+03
1.972344661615912855e+03
1.972348461632908538e+03
1.972363561700444279e+03
1.975125440719729340e+03
1.975129107402795171e+03
1.975135707432314348e+03
1.975145340808733408e+03
1.975600042842406992e+03
1.977678818806485197e+03
1.977682085487762151e+03
1.977688218848527413e+03
1.977696052216895851e+03
1.977736819065893769e+03
1.977774585901474211e+03
1.978013020301215192e+03
1.980596031853841623e+03
1.984070280725896964e+03
1.984073547407173919e+03
1.984077180756757343e+03
1.984272714964625720e+03
1.985011618269401197e+03
1.986130189938926151e+03
1.986132823284037158e+03
1.986143623332340894e+03
1.991125412280265209e+03
1.994813528775518989e+03
1.996912804831284575e+03
1.997526040907341894e+03
1.997541907644973207e+03
1.997544540990084215e+03
1.998649712599676604e+03
2.001234057491599515e+03
2.001237457506806322e+03
2.001242924197923003e+03
2.001253090910060791e+03
2.001255557587759768e+03
2.001260890944946595e+03
2.001319757874898187e+03
2.003563567910431402e+03
2.003815569037516980e+03
2.003821069062116067e+03
2.003838869141727628e+03
2.003841769154698113e+03
2.005072041323807980e+03
2.005075208004637716e+03
2.005972678685279334e+03
2.005975945366556289e+03
2.012588208273509508e+03
2.012591141619962400e+03
2.012594008299450479e+03
2.012597541648586684e+03
2.012700142107471493e+03
2.012703108787406791e+03
2.016995461318464550e+03
2.019058903880630396e+03
2.020823578439877110e+03
2.020828511795275062e+03
2.030332220967674857e+03
2.031632093448075238e+03
2.031635026794527903e+03
2.031640360151714731e+03
2.033240133973436286e+03
2.033378167924132185e+03
2.034761074109237370e+03
2.034787274226418504e+03
2.035117542370223191e+03
2.035121042385877217e+03
2.036559515486174405e+03
2.037839254543193647e+03
2.042070606801425129e+03
2.042081573517140896e+03
2.042424008382028660e+03
2.042427008395446137e+03
2.042431141747266111e+03
2.042435408433015709e+03
2.042438341779468601e+03
2.042444475140233635e+03
2.042447241819274495e+03
2.042459275206427492e+03
2.042462141885915571e+03
2.042466708573006827e+03
2.042470975258756425e+03
2.042475641946295127e+03
2.042481675306612942e+03
2.042489108673192050e+03
2.042502075397853105e+03
2.044908219492765511e+03
2.049143305101028091e+03
2.049152571809140227e+03
2.055225365636629249e+03
2.056945639997294620e+03
2.057133774172065387e+03
2.060501255899933767e+03
2.060504122579421619e+03
2.060507255926769176e+03
2.060512422616543972e+03
2.062189030115240712e+03
2.062213130223029566e+03
2.062216763572613218e+03
2.064281272806216293e+03
2.064284206152668958e+03
2.064286572829920260e+03
2.066496349379904586e+03
2.066499616061181314e+03
2.066503049409870528e+03
2.066925184631221327e+03
2.067414753487505095e+03
2.067428320214849009e+03
2.067433286903729822e+03
2.068394624536685569e+03
2.068397857884479890e+03
2.068401457900581136e+03
2.068600892125892187e+03
2.068603958806274932e+03
2.068608025491130320e+03
2.069362728866572070e+03
2.069385595635511436e+03
2.073200646031815722e+03
2.073513347430385693e+03
2.075777957558948401e+03
2.077347231244256818e+03
2.077350764593392796e+03
2.077354331276011635e+03
2.077359031297032743e+03
2.077362431312239551e+03
2.077366631331024109e+03
2.078947271733837169e+03
2.078950671749043977e+03
2.078954171764697548e+03
2.087249475532454653e+03
2.087253008881590631e+03
2.087255842227596531e+03
2.087266175607146124e+03
2.087467743175332089e+03
2.087470543187855128e+03
2.087473609868237872e+03
2.087477343218268743e+03
2.087481609904018114e+03
2.087485709922355909e+03
2.087491643282226505e+03
2.087497043306378146e+03
2.087500743322927065e+03
2.087507376685928193e+03
2.087529110116464835e+03
2.087532376797742018e+03
2.087536643483491844e+03
2.087747611093719570e+03
2.089650352937144817e+03
2.096227349019698977e+03
2.096414149855173491e+03
2.103703882458804401e+03
2.103732215918860220e+03
2.103735082598348527e+03
2.104214118074187809e+03
2.104233451493990742e+03
2.104416952314705668e+03
2.104419885661158332e+03
2.106535261788932530e+03
2.106540995147908689e+03
2.106806063000102313e+03
2.106809229680932276e+03
2.106821496402461889e+03
2.106824396415432602e+03
2.106863629924239376e+03
2.106867229940340621e+03
2.106871563293054805e+03
2.106878796658739702e+03
2.106881696671710415e+03
2.106895363399502003e+03
2.107468165961385239e+03
2.107470832639978653e+03
2.108710171516306673e+03
2.115363267939222624e+03
2.115366134618710930e+03
2.115375101325480955e+03
2.116406639272411212e+03
2.118765349821841482e+03
2.118776749872828532e+03
2.122086198007805706e+03
2.122780734447482246e+03
2.122785667802880198e+03
2.122794801177062709e+03
2.122798001191375079e+03
2.122807334566452482e+03
2.124692209663301128e+03
2.124710743079525855e+03
2.124732743177922202e+03
2.125000644376121272e+03
2.125829481416462841e+03
2.126123416064431240e+03
2.126458050894432745e+03
2.126460784239990971e+03
2.126467217602097662e+03
2.126515917819911465e+03
2.126578951435164981e+03
2.126630051663712948e+03
2.127022753420088065e+03
2.127908624048847742e+03
2.128189125303401397e+03
2.128192425318160531e+03
2.128209725395535770e+03
2.128857461625896121e+03
2.128860228304937209e+03
2.128894695125758062e+03
2.128898061807482463e+03
2.129523064602833529e+03
2.129531131305578583e+03
2.129534597987750203e+03
2.129584631544860258e+03
2.136070760554341177e+03
2.136696030017551948e+03
2.136706796732372823e+03
2.137198265597154204e+03
2.137210132316895397e+03
2.137218832355806626e+03
2.137228432398743735e+03
2.137259765872217031e+03
2.138245436947338476e+03
2.138256536996983868e+03
2.138279703767264891e+03
2.138395237617328348e+03
2.138400737641927208e+03
2.138422937741217993e+03
2.138430104439938077e+03
2.138435071128818436e+03
2.138750072537675351e+03
2.138753272551987266e+03
2.138756405899334823e+03
2.138763339263677608e+03
2.139032273799831728e+03
2.139282108250560668e+03
2.139286841605063728e+03
2.139289741618034441e+03
2.139296541648447601e+03
2.139324041771442808e+03
2.139327241785755177e+03
2.139796443884280961e+03
2.140058745057433953e+03
2.141100649717395754e+03
2.141502051512682101e+03
2.141505951530125003e+03
2.141516751578428284e+03
2.141520251594082765e+03
2.142041720593041191e+03
2.142044753939941074e+03
2.142049187293102477e+03
2.142052787309203723e+03
2.142058220666837769e+03
2.142545856181141517e+03
2.142558289570083616e+03
2.142561956253149674e+03
2.142902991111775918e+03
2.143405960027991568e+03
2.144180663492884833e+03
2.144183430171925920e+03
2.144194763555948157e+03
2.157765190916913525e+03
2.181832898560733156e+03
2.181838698586674127e+03
2.186149451200027215e+03
2.186335218697546679e+03
2.186389552273888967e+03
2.192496712921751623e+03
2.192863447895322224e+03
2.193095615600368546e+03
2.193098115611549929e+03
2.193103082300430287e+03
2.193107882321898614e+03
2.193110782334868873e+03
2.193119049038508820e+03
2.193121982384961484e+03
2.193127249075183499e+03
2.193131782428793031e+03
2.193138282457864534e+03
2.193141949140930592e+03
2.193152482521375077e+03
2.193160082555366444e+03
2.193171115938047024e+03
2.193574917744067079e+03
2.193577917757485011e+03
2.193585751125853221e+03
2.193602184532685442e+03
2.193605517880927891e+03
2.193619817944885199e+03
2.200638682670381968e+03
2.202856525923110894e+03
2.212711703334133745e+03
2.212718036695793216e+03
2.215722683467533898e+03
2.215735616858712547e+03
2.215740883548934562e+03
2.215751416929378593e+03
2.222159378922587621e+03
2.226167330181649049e+03
2.226877500024579604e+03
2.228017005121063903e+03
2.228480640528025560e+03
2.229247210623208957e+03
2.229253743985762867e+03
2.229953980450932704e+03
2.238620152544079701e+03
2.238642652644712598e+03
2.240033425531668399e+03
2.243294006781419739e+03
2.244011043321728721e+03
2.244331311420807651e+03
2.244334411434672802e+03
2.244340378128025350e+03
2.244344878148152020e+03
2.248041561348387404e+03
2.248045028030559479e+03
2.248352962741143074e+03
2.248406029645153922e+03
2.248452963188399281e+03
2.248563763683959678e+03
2.248584763777882927e+03
2.250483038934663909e+03
2.250491838974022357e+03
2.250510205722835053e+03
2.250512939068393280e+03
2.250519905766218926e+03
2.250525405790818240e+03
2.250531105816311538e+03
2.250555205924100392e+03
2.251828978287766859e+03
2.251848945043735966e+03
2.252460614446119052e+03
2.257696337863108965e+03
2.257699904545727804e+03
2.257712871270388860e+03
2.275523384261979572e+03
2.281928112907393825e+03
2.292811494917104028e+03
2.292815428268029791e+03
2.298745754791660602e+03
2.299846293047196923e+03
2.299852759742786020e+03
2.299909593330309690e+03
2.301945335768586119e+03
2.302078903032637299e+03
2.302083336385799157e+03
2.302231770383009916e+03
2.302235003730804237e+03
2.302711639195909356e+03
2.302715272545493008e+03
2.302978107054364955e+03
2.308163630246832327e+03
2.308184630340756030e+03
2.308943133733193463e+03
2.313059752144940376e+03
2.313065252169539235e+03
2.313623287998711021e+03
2.313626288012128498e+03
2.315808064436880613e+03
2.315910064893082108e+03
2.317798140004243123e+03
2.317821306774524146e+03
2.319359146985911593e+03
2.320580019112979244e+03
2.320599552533676615e+03
2.320616752610604635e+03
2.320620419293670693e+03
2.320625085981209395e+03
2.320630186004019379e+03
2.320638219373282027e+03
2.320642119390725384e+03
2.321040121170804923e+03
2.321043854520835339e+03
2.321060087926773576e+03
2.321288988950542716e+03
2.321295855647921144e+03
2.321317689078905460e+03
2.321320955760182642e+03
2.321325555780756076e+03
2.321385889383933772e+03
2.321388422728597561e+03
2.321393356083995968e+03
2.321414656179261328e+03
2.321418156194915355e+03
2.321423389551654964e+03
2.321426122897213645e+03
2.321727190910419267e+03
2.321739624299361367e+03
2.321742224310990423e+03
2.322077125808851179e+03
2.322236926523566126e+03
2.322527627823739749e+03
2.322530994505464150e+03
2.322534661188530208e+03
2.322580194725514048e+03
2.322597194801547630e+03
2.324366969383604555e+03
2.324369902730057220e+03
2.324739571050080940e+03
2.325517474529286574e+03
2.325525907900338552e+03
2.325529874584746267e+03
2.325551174680012082e+03
2.325861976070083983e+03
2.325866309422798167e+03
2.326689346437198765e+03
2.326751080046638435e+03
2.326753880059161474e+03
2.326756946739543764e+03
2.326792713566179373e+03
2.326796513583175056e+03
2.326799446929627720e+03
2.327335182659061502e+03
2.327338982676057185e+03
2.327837484905629026e+03
2.327848284953932762e+03
2.327900051852129309e+03
2.327909285226759039e+03
2.327915118586181961e+03
2.327935185342598288e+03
2.327938118689050953e+03
2.327944185382851629e+03
2.327950952079782382e+03
2.327953885426235502e+03
2.327966518816072039e+03
2.327970952169233442e+03
2.327978252201883151e+03
2.327983285557728777e+03
2.329304524800359104e+03
2.335956521218355192e+03
2.339195869039805984e+03
2.339199735723766480e+03
2.339276636067706477e+03
2.339291769468724851e+03
2.339294569481247891e+03
2.339376036512279370e+03
2.339434736774818703e+03
2.339495837048092199e+03
2.339536203895301242e+03
2.339541037250251975e+03
2.339546270606991584e+03
2.339549203953444703e+03
2.339554403976701451e+03
2.339569504044237419e+03
2.339585670783210389e+03
2.339590937473432405e+03
2.339594570823016056e+03
2.339639004355080488e+03
2.339730804765661560e+03
2.339759104892234973e+03
2.339783138333059014e+03
2.339786671682195447e+03
2.339810538455607002e+03
2.339815605144935034e+03
2.339845138610357935e+03
2.339850005298791075e+03
2.339908905562224845e+03
2.339929405653911999e+03
2.339938605695059778e+03
2.339967205822974847e+03
2.339970472504252029e+03
2.339974805856966213e+03
2.339985472571340779e+03
2.340216373604055207e+03
2.340281373894771150e+03
2.340284240574259456e+03
2.340287707256431077e+03
2.340291907275215635e+03
2.340357207567274145e+03
2.340360274247656889e+03
2.340367174278517268e+03
2.340374107642860054e+03
2.340395507738573087e+03
2.340400307760041414e+03
2.340412907816396000e+03
2.340463441375742605e+03
2.355809910013459557e+03
2.362678740734589610e+03
2.362691807459697884e+03
2.362694174136949641e+03
2.362698074154392089e+03
2.362701174168257239e+03
2.362710640877264268e+03
2.362720907589849048e+03
2.362723607601924869e+03
2.362729507628313058e+03
2.362732774309590241e+03
2.362761907773224266e+03
2.362837208110008305e+03
2.362842441466747914e+03
2.362849508165020325e+03
2.364042980169539987e+03
2.364198147530199549e+03
2.364441015283101933e+03
2.364446681975113279e+03
2.364489682167433330e+03
2.364498882208580653e+03
2.364566849179233031e+03
2.364591382622292713e+03
2.364601182666123805e+03
2.364606949358582369e+03
2.364614549392574190e+03
2.365180018588324856e+03
2.365185285278546871e+03
2.367473328845250307e+03
2.368563167052930112e+03
2.368574800438294005e+03
2.368640667399553877e+03
2.370518709132506046e+03
2.372395217525267981e+03
2.373143654206015071e+03
2.373150854238217562e+03
2.373260054726621092e+03
2.373262921406109399e+03
2.373746090233768882e+03
2.373750023584694191e+03
2.374158725412630247e+03
2.374178925502975744e+03
2.376785070492400337e+03
2.376801370565303387e+03
2.376805770584982383e+03
2.378223110257426470e+03
2.378871746491811791e+03
2.381641692213842362e+03
2.381649558915693433e+03
2.381652725596522941e+03
2.382665030124096575e+03
2.388608990042037021e+03
2.394950718405680163e+03
2.394953418417755984e+03
2.394966518476346664e+03
2.394975185181775487e+03
2.394980318538068332e+03
2.394990951918959581e+03
2.395186086125038855e+03
2.395296819953633985e+03
2.395299686633121837e+03
2.402596652602437644e+03
2.424076882006987034e+03
2.424085482045451499e+03
2.428810269843927017e+03
2.445629611735796971e+03
2.446535482454008616e+03
2.456867495331031023e+03
2.457188263432346048e+03
2.457817432912999266e+03
2.458896204404516084e+03
2.459283339469326620e+03
2.465340966562315316e+03
2.481572805826555395e+03
2.481592472581182392e+03
2.481690239685116921e+03
2.483134079476083116e+03
2.484827453716436594e+03
2.484915787444846046e+03
2.487475932228533111e+03
2.487484132265208245e+03
2.491197148871828631e+03
2.496249638135962869e+03
2.496258038173532441e+03
2.500085855293603345e+03
2.500134755512311131e+03
2.500137522191352218e+03
2.500141388875312714e+03
2.504748509480850771e+03
2.505982815001333165e+03
2.510956370579100167e+03
2.510962203938523089e+03
2.513948517294933481e+03
2.515056855585355606e+03
2.516690762893073952e+03
2.516697896258311630e+03
2.517358032544131675e+03
2.530822326097075802e+03
2.532272265915325079e+03
2.539553131812632728e+03
2.539556598494804348e+03
2.542516045064384798e+03
2.542536045153836312e+03
2.550122012415723020e+03
2.551566052207583652e+03
2.551779053160239073e+03
2.551794319895187073e+03
2.552199055038714960e+03
2.552202755055263879e+03
2.552218288458070674e+03
2.552221188471040932e+03
2.562232199912371470e+03
2.564111308316761551e+03
2.564113974995355420e+03
2.564125675047683671e+03
2.573899585428569935e+03
2.574152653227092742e+03
2.574164786614692730e+03
2.578066704066180591e+03
2.578610339830947396e+03
2.578645906656688112e+03
2.578869240988893580e+03
2.578963308076279191e+03
2.579339176424032303e+03
2.579342043103520609e+03
2.579585710860001200e+03
2.580057346302744008e+03
2.580066546343891332e+03
2.580084713091809590e+03
2.580088346441393242e+03
2.580095413139666107e+03
2.580593248699589367e+03
2.580596182046042031e+03
2.580600182063932607e+03
2.580603415411726928e+03
2.580607048761311034e+03
2.580610148775175730e+03
2.580614548794854727e+03
2.580619548817217947e+03
2.580625948845842686e+03
2.580639015570950505e+03
2.580641915583920763e+03
2.580647115607177966e+03
2.580658382324235845e+03
2.581712087036973571e+03
2.581714953716461878e+03
2.581790154052798243e+03
2.582068421964029767e+03
2.582071455310929650e+03
2.582267256186657505e+03
2.582333623150153016e+03
2.582350289891362536e+03
2.582353089903885575e+03
2.582535124051374169e+03
2.582538757400957365e+03
2.582698124780401486e+03
2.582795991884783234e+03
2.582806558598709671e+03
2.583118259992807452e+03
2.583120726670506428e+03
2.583134593399192454e+03
2.583572762025586144e+03
2.583708295965101115e+03
2.584024697380219095e+03
2.584028264062837934e+03
2.584927468084565589e+03
2.584971101613051360e+03
2.585950272659101302e+03
2.585965706061461333e+03
2.585967906071300604e+03
2.586320074313054192e+03
2.586926277024321280e+03
2.586928677035054989e+03
2.604852190532045370e+03
2.608609174001976498e+03
2.610647083116609338e+03
2.633774019886125643e+03
2.633784719933982160e+03
2.650534761515903938e+03
2.650559694960752950e+03
2.650562228305416738e+03
2.664053088643848696e+03
2.669380145802665993e+03
2.672274058745811544e+03
2.676703345222645567e+03
2.677004213234956751e+03
2.677013713277446186e+03
2.677016613290416444e+03
2.677477915353608751e+03
2.677485515387601026e+03
2.677488315400123611e+03
2.680067093600482622e+03
2.693856155272632350e+03
2.693863288637870482e+03
2.693867688657549479e+03
2.693877322033968085e+03
2.693899288798882026e+03
2.693902855481500865e+03
2.696571700751355820e+03
