2.882886449847174237e+00
2.963486810335626220e+00
2.968153497874246316e+00
2.972086848799654568e+00
3.126587539810397054e+00
3.388788712516006996e+00
4.392059866354482089e+00
5.708799088858550697e+00
5.712065770135584586e+00
5.715065783553269441e+00
6.069534035593881605e+00
6.455102426731153642e+00
6.458469108455444641e+00
6.875204305654216697e+00
7.529840566875353858e+00
7.828208568005269541e+00
8.073109663335566566e+00
1.046725370457732929e+01
1.109098982759632079e+01
1.121952373580288409e+01
1.184422652981201729e+01
1.185009322271771026e+01
1.185389323971344311e+01
1.401266956159666499e+01
1.401670291296932902e+01
1.402060293041231986e+01
1.497127384899406266e+01
1.497467386420077062e+01
1.498220723122740061e+01
1.499427395186297574e+01
1.748295174924421502e+01
1.749475180202044200e+01
1.783191997668573947e+01
2.169273724435095119e+01
2.169653726134668759e+01
2.169977060914130362e+01
2.249684084073760815e+01
2.272257518367714724e+01
2.272617519977836764e+01
2.783293137329029676e+01
2.784526476178522003e+01
3.498726337133660991e+01
3.499023005127188668e+01
3.499776341829850423e+01
3.502969689445563972e+01
3.505789702058186919e+01
3.507143041444386711e+01
3.507766377565616978e+01
3.510926391698910720e+01
3.511379727059805589e+01
3.835994512246216459e+01
3.836471181044804268e+01
3.836874516182070494e+01
4.434047187061586470e+01
4.444900568937119800e+01
4.445293904029661292e+01
4.687208319335241669e+01
4.823928930823841199e+01
4.902279281249030873e+01
4.987089660566965676e+01
4.987632996330390966e+01
5.148003713595069541e+01
5.148347048463982389e+01
5.148760383645974059e+01
5.199220609331425180e+01
5.220944039823701388e+01
5.221614042820316826e+01
5.222027378002309206e+01
5.248914164921244918e+01
5.249327500103237298e+01
5.250540838863278026e+01
5.354401303383509259e+01
5.354901305619790008e+01
5.484668552675846342e+01
5.485405222637299971e+01
5.503798638235947038e+01
5.592352367629504073e+01
5.592755702766771009e+01
5.717612927862550265e+01
6.636260369884634258e+01
6.637363708152693675e+01
6.669703852795329624e+01
6.755860904802982247e+01
6.785197702679693066e+01
6.810331148423404102e+01
7.217829637643949070e+01
7.258256485121366097e+01
7.301843346732077578e+01
7.340090184459310763e+01
7.371890326686765604e+01
7.372200328073259357e+01
7.379860362333080559e+01
7.380237030684411081e+01
7.467834089132551867e+01
7.528351026463727180e+01
7.617471425058403156e+01
7.618191428278647948e+01
7.627374802685004340e+01
7.671218332110339588e+01
7.693155096890095024e+01
7.699718459578340912e+01
7.700181794983960515e+01
7.747715340913048010e+01
7.767478762639103707e+01
7.768142098939236462e+01
7.768545434076501977e+01
7.800798911664851687e+01
7.930849493321466070e+01
7.931476162790937678e+01
8.006519831760189732e+01
8.074556802725030025e+01
8.147837130474331957e+01
8.206610726675009460e+01
8.255810946725033261e+01
8.390178214354871500e+01
8.390718216770054028e+01
8.430485061295580351e+01
8.440795107407689102e+01
8.535442197387388319e+01
8.535818865738720262e+01
8.536172200652356423e+01
8.707312966086523431e+01
9.012564331335902068e+01
9.014811008050925523e+01
9.015264343411818970e+01
9.015634345066665389e+01
9.079007961841126928e+01
9.202338513442128942e+01
9.202761848668846767e+01
9.203181850547322540e+01
9.203618519167008571e+01
9.215135237342674657e+01
9.242095357922930532e+01
9.261385444198640471e+01
9.317835696674734436e+01
9.331042422409028347e+01
9.372675941950004130e+01
9.434496218443752014e+01
9.440246244160979927e+01
9.440669579387697752e+01
9.677020636477593030e+01
9.728284199089335971e+01
9.728854201638696964e+01
9.729724205529824133e+01
9.730154207453024640e+01
9.809604562798031679e+01
9.809891230746833912e+01
9.810234565615746760e+01
9.813494580196295658e+01
9.813844581761692609e+01
9.814287917077861323e+01
1.004570561876978871e+02
1.014813274354601447e+02
1.031281348008743208e+02
1.032285019164370823e+02
1.032361352839109685e+02
1.042588398579995470e+02
1.042671065616393946e+02
1.046393415598091821e+02
1.046440749143126396e+02
1.046476749304138565e+02
1.066130170538212809e+02
1.066194504159280996e+02
1.066233837668534932e+02
1.081746573716556412e+02
1.082299576189882941e+02
1.083253247121882339e+02
1.083308914037521618e+02
1.113526382519734881e+02
1.113563382685219523e+02
1.113600382850704449e+02
1.157002243633991867e+02
1.157128577532358804e+02
1.160093257458679261e+02
1.160162924436934446e+02
1.160200257937243293e+02
1.161228929204684874e+02
1.163525606143334272e+02
1.187659047414483808e+02
1.187749047817014372e+02
1.187787047986971629e+02
1.187819048130093620e+02
1.188293716919736056e+02
1.188341050464770632e+02
1.188375383951661917e+02
1.188476384403390682e+02
1.188875386187942809e+02
1.188920719724032153e+02
1.189212387695195901e+02
1.189248387856208069e+02
1.189509055688722583e+02
1.189841723843261292e+02
1.189981724469419788e+02
1.190177392011217563e+02
1.190296392543452555e+02
1.190582060487780893e+02
1.190734394502434412e+02
1.190962395522178383e+02
1.191160063072921389e+02
1.191314397096520139e+02
1.191879399623517344e+02
1.192009400204950254e+02
1.192136067438141396e+02
1.192534735887869175e+02
1.192970737837905943e+02
1.193095071727327792e+02
1.193311406028225150e+02
1.193582073905465251e+02
1.193751074661328175e+02
1.193956075578203269e+02
1.194632745271303094e+02
1.194832746165815394e+02
1.194904413153015525e+02
1.195527082604597240e+02
1.272001091304436642e+02
1.287940829262242062e+02
1.287976162753605820e+02
1.305685908627844753e+02
1.381558914639674924e+02
1.386407936327125299e+02
1.390775955863273623e+02
1.433977815752048741e+02
1.470733980145517137e+02
1.483367036647385930e+02
1.505404468544046495e+02
1.505444802057773188e+02
1.505507469004720349e+02
1.505553469210458104e+02
1.524567887586565575e+02
1.531833920084197018e+02
1.531874586932747775e+02
1.538150615002543304e+02
1.569430421569441307e+02
1.569477088444827189e+02
1.575938784011695191e+02
1.588688507702029256e+02
1.592182189994334749e+02
1.592216523481226034e+02
1.614273288797689645e+02
1.618255639942253481e+02
1.693870978134986842e+02
1.693918978349669828e+02
1.698934334114389628e+02
1.699034667896470125e+02
1.762699285972445864e+02
1.762734619463809622e+02
1.783783713606755441e+02
1.783820047102591673e+02
1.801227791626117209e+02
1.810724167432384775e+02
1.825846568401283037e+02
1.836071614133223875e+02
1.954679811279967225e+02
1.978116249433741132e+02
1.992390979944731555e+02
1.999820679841038782e+02
2.003280028646452990e+02
2.003312695459223391e+02
2.003346362276466266e+02
2.004290033163740077e+02
2.022721448932344117e+02
2.022788115897181740e+02
2.022842449473524198e+02
2.024268789186220943e+02
2.040880863484411520e+02
2.041049530905450524e+02
2.050157904976364307e+02
2.050191905128431245e+02
2.070733663668964368e+02
2.070768330490679716e+02
2.070803997316867537e+02
2.078584365448219842e+02
2.079100701090885650e+02
2.116422534680999661e+02
2.119075879881529261e+02
2.119112546712189840e+02
2.119155213569685827e+02
2.124009235279499137e+02
2.125511241997286618e+02
2.128345921342174165e+02
2.128575255701214815e+02
2.130037928909747791e+02
2.131632936043483539e+02
2.131687602954650060e+02
2.133145942810468796e+02
2.133182609641129659e+02
2.133228276512043067e+02
2.133934279669671525e+02
2.134219614279175801e+02
2.134947617535200663e+02
2.135069284746028586e+02
2.135792954649338924e+02
2.136346623792313721e+02
2.136384290627447058e+02
2.136538291316221603e+02
2.136607958294476646e+02
2.137096627146734988e+02
2.141252645734700195e+02
2.141901648637392555e+02
2.142150983085884661e+02
2.142547651526667494e+02
2.143865990756327449e+02
2.144551993824504734e+02
2.144606660735671255e+02
2.146654336560652894e+02
2.146726003547853168e+02
2.146861337486473076e+02
2.147040004952237382e+02
2.147124338662756884e+02
2.147322339548323953e+02
2.147478006911219381e+02
2.148598678590136615e+02
2.148799346154297325e+02
2.149539016129168374e+02
2.149918684493917738e+02
2.150257352675291713e+02
2.150574020758269569e+02
2.150812021822739268e+02
2.151314357402789312e+02
2.152447362470201426e+02
2.152785363981927276e+02
2.153242366025887975e+02
2.153822368619973417e+02
2.153981702665934677e+02
2.154943706968539061e+02
2.155486042727491451e+02
2.158621723418619922e+02
2.158689390387929734e+02
2.236004069514369235e+02
2.260383511885769110e+02
2.260861514023653456e+02
2.261110848472145278e+02
2.261414516496979843e+02
2.263716860127640302e+02
2.314262419528082830e+02
2.318052103144266312e+02
2.318086769965981944e+02
2.325010467599173012e+02
2.348345238631570169e+02
2.348405238899923688e+02
2.348876241006500152e+02
2.364426643889654542e+02
2.367556991223596299e+02
2.367633991567983571e+02
2.372482013250961472e+02
2.372570013644546805e+02
2.387670081180224599e+02
2.387707748015357652e+02
2.387747414859436219e+02
2.407980505352771559e+02
2.409574512482034550e+02
2.409621512692245062e+02
2.409662179540795819e+02
2.418217884473207278e+02
2.418308218210561904e+02
2.418377885188817231e+02
2.420010225822861401e+02
2.423182573344650734e+02
2.424720580223450099e+02
2.426124586502926377e+02
2.429278600609385137e+02
2.429380267730762171e+02
2.447843683642488202e+02
2.450347361506958066e+02
2.450458695338236623e+02
2.452910372970133039e+02
2.455850052784639388e+02
2.478945822748094372e+02
2.488565865774135375e+02
2.488601865935147543e+02
2.508997957157510825e+02
2.523972024129645888e+02
2.597533686470561634e+02
2.604350050290365175e+02
2.617107774016479880e+02
2.617143774177491764e+02
2.618919115451112702e+02
2.626687816863618536e+02
2.634033849719054956e+02
2.634082516603386352e+02
2.646847573695632718e+02
2.650413922979611243e+02
2.650454923162985779e+02
2.650493923337415936e+02
2.659006961412331407e+02
2.659755964762280200e+02
2.663073979602239092e+02
2.663563648458970192e+02
2.665595657547214614e+02
2.689320430323911069e+02
2.701878153155513473e+02
2.721082239046583027e+02
2.726924265175287019e+02
2.744229675907786827e+02
2.744647677777317654e+02
2.744682677933856780e+02
2.749005363933916328e+02
2.753571717690455785e+02
2.756966399539978170e+02
2.757042066545068337e+02
2.770512126790470688e+02
2.775857817365960045e+02
2.780194503428634789e+02
2.793731563973699394e+02
2.793907564760870059e+02
2.805319949136565469e+02
2.805383282753160756e+02
2.817782004873625965e+02
2.821835023000917886e+02
2.822073024065387017e+02
2.836088420083160031e+02
2.839559435607420710e+02
2.844303456825252283e+02
2.868205563728415655e+02
2.883085963614954608e+02
2.883138297182351266e+02
2.883173297338891530e+02
2.888039652437199720e+02
2.890451329890193506e+02
2.890566330404537894e+02
2.895210684509937664e+02
2.899693037890781966e+02
2.918230787468301628e+02
2.918279121017808961e+02
2.919903461616073059e+02
2.938632212047851908e+02
2.943089565316882386e+02
2.943129898830609363e+02
2.950049263111086475e+02
2.950855933385618641e+02
2.954347949003803251e+02
2.954405949263211824e+02
2.970909689743542117e+02
2.976136379786796624e+02
2.980000397068773736e+02
2.998845814689017857e+02
2.999144149356665707e+02
3.001733160936127547e+02
3.019300572840438690e+02
3.019913575582118028e+02
3.023592925371496563e+02
3.023635258894168487e+02
3.026372271135568326e+02
3.027833944339628829e+02
3.027945611505732018e+02
3.030495622910763132e+02
3.033274302005187906e+02
3.035230977423166223e+02
3.041555005707645023e+02
3.045595690446441495e+02
3.065380112266421406e+02
3.065454445932214753e+02
3.066181115848942795e+02
3.066221116027845142e+02
3.075639158150428898e+02
3.082506855533156909e+02
3.095767914843794415e+02
3.128288393626316406e+02
3.128332393823108646e+02
3.128368393984121099e+02
3.144728133820402149e+02
3.146736142801305505e+02
3.178439617929745395e+02
3.188421662574853599e+02
3.194134021456948744e+02
3.208803087064952138e+02
3.213576108412487997e+02
3.227362503406044425e+02
3.231562522190802156e+02
3.253187618909943808e+02
3.254025955992773902e+02
3.254056622796599640e+02
3.254094956301381103e+02
3.254214956838088710e+02
3.254604291912738745e+02
3.254764292628348699e+02
3.255198627904264868e+02
3.255987964767940070e+02
3.256033631638853763e+02
3.256433300093053731e+02
3.256550967285991760e+02
3.256671301157523430e+02
3.259128978816255540e+02
3.262716994863805553e+02
3.263838333212371481e+02
3.277597728085168001e+02
3.277641061612312683e+02
3.277688061822523196e+02
3.283431087508443511e+02
3.283474421035587625e+02
3.285036761356552688e+02
3.285075428196158782e+02
3.285117428384006644e+02
3.285207428786536639e+02
3.285271429072780620e+02
3.286560768172736289e+02
3.290857454056508686e+02
3.290993454664777005e+02
3.291045788232174800e+02
3.292483127994069605e+02
3.292529461534631992e+02
3.317332239132748555e+02
3.339152336724039287e+02
3.344610027800455896e+02
3.355804411201132780e+02
3.381141524522421378e+02
3.400295610189863851e+02
3.407594642835089758e+02
3.416064014048036483e+02
3.416364015389805218e+02
3.416403015564234806e+02
3.416439015725247259e+02
3.417146352222172823e+02
3.417180685709063823e+02
3.417228352588922462e+02
3.419137361127042141e+02
3.419528696210637690e+02
3.419560029684111555e+02
3.419740363823996745e+02
3.420214699278815260e+02
3.420262366158673899e+02
3.420330033127983711e+02
3.420925702458806086e+02
3.421541038544255571e+02
3.421734039407459704e+02
3.422027374052744904e+02
3.422823044278079578e+02
3.438260113321010181e+02
3.442588466013080506e+02
3.457606866516832156e+02
3.457656866740460373e+02
3.466263571900972806e+02
3.554693634074756687e+02
3.575417060094471822e+02
3.607635870861104195e+02
3.626555955481966862e+02
3.644139367457838716e+02
3.648818721719778182e+02
3.648920055506330868e+02
3.648955722332519258e+02
3.655071749686704834e+02
3.657957429259693072e+02
3.659488769442008902e+02
3.662113114512833931e+02
3.678381187272463535e+02
3.693342920856104001e+02
3.693592921974243950e+02
3.694811260756648608e+02
3.712315672379187959e+02
3.725930399938287678e+02
3.785149331464079410e+02
3.790702356300213296e+02
3.801710738868993644e+02
3.830146866050750987e+02
3.833189212991106842e+02
3.833237213205790113e+02
3.855709647048014972e+02
3.930628315458196766e+02
3.933815996381898685e+02
3.980615205693301846e+02
4.021992724089300282e+02
4.046231499164892966e+02
4.046471500238308181e+02
4.074150290699511743e+02
4.108547111207383864e+02
4.140073252209355132e+02
4.141636259199969459e+02
4.141679592727113004e+02
4.142646263717256261e+02
4.144693272872589773e+02
4.145772944368131334e+02
4.145829944623067149e+02
4.145867944793025117e+02
4.211350571000116929e+02
4.211895240102839466e+02
4.212616909997204289e+02
4.256210771639223935e+02
4.267602822590643541e+02
4.267668156216183775e+02
4.267707823060262626e+02
4.271875175032250240e+02
4.271907841845020357e+02
4.271939175318494222e+02
4.272397177366927394e+02
4.272432844193115216e+02
4.301936309481919807e+02
4.301965976281272219e+02
4.301997309754746084e+02
4.302054310009681899e+02
4.302105310237782874e+02
4.302187310604532513e+02
4.302493311973136088e+02
4.302534978826159886e+02
4.302749313118112013e+02
4.302823980118729992e+02
4.302909980503370662e+02
4.303078981259233160e+02
4.303118648103311443e+02
4.303187315077094013e+02
4.303459649628454713e+02
4.303618983674416540e+02
4.303820317908225093e+02
4.303892318230249998e+02
4.304385320435222866e+02
4.304552321182140417e+02
4.304711655228101677e+02
4.305074990186465698e+02
4.305268991054143157e+02
4.305429325104577174e+02
4.305592325833604264e+02
4.305689659602267056e+02
4.305825326875711312e+02
4.306272328874945856e+02
4.306944331880507661e+02
4.308043336795852269e+02
4.308144337247581461e+02
4.309419342950097302e+02
4.309946011972312476e+02
4.310067679183140967e+02
4.312056021409417212e+02
4.312062354771076684e+02
4.313292360272327528e+02
4.313496027849906227e+02
4.314025030215890411e+02
4.314204364351303411e+02
4.314434032045168692e+02
4.315064701532530194e+02
4.315848038369369988e+02
4.316203373291953653e+02
4.317572379414890520e+02
4.318049048213478045e+02
4.318324049443432386e+02
4.319438387760690148e+02
4.320061057212271862e+02
4.320598059614036970e+02
4.321730731346625021e+02
4.323402405489923694e+02
4.323730073622099326e+02
4.324714744692748241e+02
4.327561757426130953e+02
4.328064093006180997e+02
4.328441094692336151e+02
4.329444765847964049e+02
4.330384436717347398e+02
4.331634775642873478e+02
4.333164449151067856e+02
4.333621784529853471e+02
4.334747789565957419e+02
4.335333792186878554e+02
4.336906465887393551e+02
4.339365143550597281e+02
4.340776149861381441e+02
4.340836150129735529e+02
4.405592106420100436e+02
4.443486275903343312e+02
4.444332946356778393e+02
4.517402273162371102e+02
4.523372299863562489e+02
4.532299339790118324e+02
4.536169690433755477e+02
4.539514038724825014e+02
4.552956098844995836e+02
4.552994765684601361e+02
4.571078179896754250e+02
4.591349270560047557e+02
4.597851299640641400e+02
4.604270995019662109e+02
4.616537383214924830e+02
4.656872563615690410e+02
4.717806836146748992e+02
4.728913885823489522e+02
4.739855268092608185e+02
4.762577703052973561e+02
4.780817784632494636e+02
4.799094199707851658e+02
4.802212546988121744e+02
4.802288213993212480e+02
4.818427286175881363e+02
4.881738236003395173e+02
4.884399247904880781e+02
4.899581315807308783e+02
4.916967726902086611e+02
4.924356093280194386e+02
4.936982483085579361e+02
4.939206493032555727e+02
4.940514832217490380e+02
4.975291654424935359e+02
4.984673029716858537e+02
4.991475060139221682e+02
4.993980738012636493e+02
5.014997165342811627e+02
5.028388891904530738e+02
5.037271931634293196e+02
5.055853348073781603e+02
5.063134380638501284e+02
5.073811761726864233e+02
5.080406457888582850e+02
5.081660130162350697e+02
5.090991505230645657e+02
5.093408849375650789e+02
5.097755868817876035e+02
5.098242204326364799e+02
5.105681570932573550e+02
5.110436925534426678e+02
5.110631259736928769e+02
5.123369650043239290e+02
5.123883652342136656e+02
5.123924652525511192e+02
5.136379708231263521e+02
5.141500731135251954e+02
5.161143152320127001e+02
5.161194152548227976e+02
5.170146525921422835e+02
5.170188526109269560e+02
5.170224526270282013e+02
5.171285864350494421e+02
5.173054872262455319e+02
5.173094205771709539e+02
5.173350873586333591e+02
5.173392540439356253e+02
5.174204877405900334e+02
5.174244877584802680e+02
5.175806884570944248e+02
5.175845218075725143e+02
5.176843555874165759e+02
5.176881889378948927e+02
5.177289224534104051e+02
5.177621892688644039e+02
5.178837231457629287e+02
5.178878231641004959e+02
5.180290237956261308e+02
5.180356571586274868e+02
5.181212908749612325e+02
5.181249242245448841e+02
5.181466576550817535e+02
5.182768915708916211e+02
5.182837249347875286e+02
5.183258584565647880e+02
5.183964587723277191e+02
5.185505927950317755e+02
5.187319936063544219e+02
5.187442269944020836e+02
5.223834766044301432e+02
5.234819815175388840e+02
5.327506229719218709e+02
5.327548896576713560e+02
5.396480538209671067e+02
5.396527871754705075e+02
5.396570205277376999e+02
5.468088858480850831e+02
5.480035911914542339e+02
5.485814604426650476e+02
5.489276619910658610e+02
5.503882685236891348e+02
5.566190630578425953e+02
5.583283040358269318e+02
5.587655059912308388e+02
5.596707433732758545e+02
5.596759100630507646e+02
5.613422508491622693e+02
5.623979555708453972e+02
5.624051889365301804e+02
5.628269574895742835e+02
5.628307241730875603e+02
5.628340908548118477e+02
5.628402242155768818e+02
5.643358975717045496e+02
5.659941716550708861e+02
5.670763431617943979e+02
5.682916819307807827e+02
5.689797183413854782e+02
5.696757214542882366e+02
5.704761250341264258e+02
5.723912669330112521e+02
5.735966723242368062e+02
5.736005390081973019e+02
5.755434810314193328e+02
5.756907483567453028e+02
5.763925848290713247e+02
5.763975848514340896e+02
5.794041649651549051e+02
5.798594670015121437e+02
5.809602719249078291e+02
5.816442749841397699e+02
5.846366217008678632e+02
5.861276617029394629e+02
5.861310950516285629e+02
5.861355617382725995e+02
5.867380310995084756e+02
5.886231728642164853e+02
5.888726406466381604e+02
5.888766073310459888e+02
5.888806073489362234e+02
5.888866407092540385e+02
5.896668441987463893e+02
5.899097786186139274e+02
5.899138453034690883e+02
5.899177119874296977e+02
5.900664126524995936e+02
5.900877794147298800e+02
5.900928461040575712e+02
5.902263467011445073e+02
5.910940839154684454e+02
5.910995506065852396e+02
5.919855545692746546e+02
5.944342655212358295e+02
5.950991351615595022e+02
5.959325722224746187e+02
5.959397722546771092e+02
5.970809773587642439e+02
6.075422908140888012e+02
6.100769688172077849e+02
6.122021116553305546e+02
6.138001188024837802e+02
6.157211940612390890e+02
6.169652662920703960e+02
6.169732329943684590e+02
6.216992874651763259e+02
6.225311911859001839e+02
6.234267618580437329e+02
6.236496628549775778e+02
6.265274090591501590e+02
6.265316090779348315e+02
6.286076850299373291e+02
6.289895200710436711e+02
6.344661778989561753e+02
6.364816202464387516e+02
6.400247027596889211e+02
6.447721906596917734e+02
6.449945916543895237e+02
6.506751170607748236e+02
6.519911562801481750e+02
6.555251387526977851e+02
6.555296054393419354e+02
6.586627194523241542e+02
6.600367255976235583e+02
6.609499630154491570e+02
6.609537296989623201e+02
6.609574963824757106e+02
6.631252394111295416e+02
6.631289727611605258e+02
6.672717579566055974e+02
6.672787579879135365e+02
6.695520681553873601e+02
6.695560348397953021e+02
6.695616348648416079e+02
6.702894047864893992e+02
6.705940061488316815e+02
6.705974394975207815e+02
6.715904106052919360e+02
6.725670483066777479e+02
6.725708816571559510e+02
6.763714653220905575e+02
6.780752062754758072e+02
6.786146086879754193e+02
6.808465853372501897e+02
6.817552227345020128e+02
6.830805286619876142e+02
6.852493050285964955e+02
6.856438401265044149e+02
6.856578735226026993e+02
6.856625068766588811e+02
6.862016092878167228e+02
6.862070093119685907e+02
6.862111426637885643e+02
6.886269534686024372e+02
6.998661037361678154e+02
7.003125390662015661e+02
7.003165724175743208e+02
7.021840474366002809e+02
7.025014488561913595e+02
7.047512589185600973e+02
7.064710666104712118e+02
7.077794391288881570e+02
7.118323905892149241e+02
7.118371239437183249e+02
7.118414572964327363e+02
7.119642245121808628e+02
7.137721992650896254e+02
7.139689001448423369e+02
7.147452702838567120e+02
7.162182102049748664e+02
7.222395371356091118e+02
7.229793071109274933e+02
7.234083090296564933e+02
7.238309442532432740e+02
7.316225791016530593e+02
7.323227155663757912e+02
7.373839382029036642e+02
7.454022407317606849e+02
7.458253092906189750e+02
7.480786527021241454e+02
7.482899869806586821e+02
7.485951216787196927e+02
7.487718891359860436e+02
7.492201244740706443e+02
7.520895039741560595e+02
7.523743385814238991e+02
7.523784719332437589e+02
7.534922769147826784e+02
7.539645790271734995e+02
7.559764880255198705e+02
7.564120899737675927e+02
7.565255571479209493e+02
7.568647586650138237e+02
7.569329589700424776e+02
7.569363923187315777e+02
7.569747258235131540e+02
7.569863925423596811e+02
7.571167264586168812e+02
7.571302598524788436e+02
7.571785600685035433e+02
7.573703275928584162e+02
7.616088798832925022e+02
7.668574033575313251e+02
7.706559536800383512e+02
7.706617870394615011e+02
7.706975538660967686e+02
7.707552207906811645e+02
7.707596208103605022e+02
7.707994209883685244e+02
7.708254211046549926e+02
7.708559879080330575e+02
7.711577892578519595e+02
7.713409567437428223e+02
7.713447900942210254e+02
7.713518901259761833e+02
7.714396571851847284e+02
7.714451905432662215e+02
7.715280909140415133e+02
7.715548243669413750e+02
7.715609577277064091e+02
7.715793244765191048e+02
7.716578581610975789e+02
7.717286918112373542e+02
7.719087926167455862e+02
7.719256260253671371e+02
7.721404603195557002e+02
7.721444936709284548e+02
7.747318719097514759e+02
7.802569299541358987e+02
7.854352531144007799e+02
8.056354767940715647e+02
8.058220109616867148e+02
8.110356009463506552e+02
8.169593274404627437e+02
8.235797903840909839e+02
8.471520291452389984e+02
8.485906689129482174e+02
8.521471181526482042e+02
8.521505181678548979e+02
8.532100895734986352e+02
8.578456769730219094e+02
8.602019208447536585e+02
8.630442335571150352e+02
8.653635105968444350e+02
8.806550789890176247e+02
8.806616790185365744e+02
8.806670457092060360e+02
8.813285486678054212e+02
8.828201220055955218e+02
8.856681014099681306e+02
8.857115016040773980e+02
8.905009896919278845e+02
8.930647678251984871e+02
8.930697345140789594e+02
8.992534955045395009e+02
9.003693338285060008e+02
9.052673890685944116e+02
9.084567033329345804e+02
9.100692105449398923e+02
9.145336971792080476e+02
9.145358638555652533e+02
9.150637995501128898e+02
9.209033590011177921e+02
9.214152612906219701e+02
9.277335895496069043e+02
9.277369895648137117e+02
9.281096578982549090e+02
9.287132272644105342e+02
9.312085050913107125e+02
9.312130384449195617e+02
9.363962282936176962e+02
9.418492193490128557e+02
9.448356660393526454e+02
9.489805845776726301e+02
9.527679015166046383e+02
9.575057227067062513e+02
9.575097560580787786e+02
9.575131894067678786e+02
9.598429664934592438e+02
9.733564602664533822e+02
9.756294037656207365e+02
9.756344704549483140e+02
9.756379704706023404e+02
9.781835151889898725e+02
9.781870152046438989e+02
9.820716325787560663e+02
9.820750992609275727e+02
9.828544027463947259e+02
9.856598819606833786e+02
9.856648153160813308e+02
9.856718820143541961e+02
9.917961760721798328e+02
1.000840083188095832e+03
1.010709660663523323e+03
1.014163609444785720e+03
1.014716378583735263e+03
1.022805314761837508e+03
1.022809414780175075e+03
1.025694361016549919e+03
1.029258476957206085e+03
1.036077940790874209e+03
1.041499565039313211e+03
1.041504631728641016e+03
1.041508565079566097e+03
1.042169401368517129e+03
1.048799164353740252e+03
1.052156046034199335e+03
1.054619590385836773e+03
1.064741835657998308e+03
1.071844834093119971e+03
1.075697617991522065e+03
1.078219429270427554e+03
1.086250265188673893e+03
1.086326465529483130e+03
1.093103529173514517e+03
1.101354699410548619e+03
1.101359232764157468e+03
1.106004553540547022e+03
1.111368877532708666e+03
1.123319997651255107e+03
1.124136934638373077e+03
1.129862560246470821e+03
1.129866093595607254e+03
1.149710582350905497e+03
1.150311351704537856e+03
1.150315085054568726e+03
1.152523361597843859e+03
1.161823269858735557e+03
1.161826969875284021e+03
1.166705358360745322e+03
1.166709025043811380e+03
1.166712891727772103e+03
1.168276198719727290e+03
1.170139907055239973e+03
1.173787790037214563e+03
1.173792790059577328e+03
1.173796456742643386e+03
1.187144716443287962e+03
1.190343764084494524e+03
1.190351564119380328e+03
1.190357430812286111e+03
1.192060871764329931e+03
1.203269155227175361e+03
1.221689304278721920e+03
1.223262877983262115e+03
1.225503221336623938e+03
1.239020748460990944e+03
1.239289049660979117e+03
1.248585557906664008e+03
1.263607458426069797e+03
1.287021996481895030e+03
1.288308102234056150e+03
1.291012680997063626e+03
1.291927051753291380e+03
1.296417705171258149e+03
1.301944229888868904e+03
1.310484434751955632e+03
1.320756680695001251e+03
1.320761180715127693e+03
1.320765114066053229e+03
1.327718845166903748e+03
1.327735311907218602e+03
1.330390090447492184e+03
1.331909530576584530e+03
1.332204798563849636e+03
1.352098020870443861e+03
1.352106320907566214e+03
1.359847688864488418e+03
1.360971360556823356e+03
1.393531139515117275e+03
1.394803145204215525e+03
1.396425085791745460e+03
1.399584866590662614e+03
1.403215816163568434e+03
1.411022017743795004e+03
1.421998600170348027e+03
1.422005266866831789e+03
1.427772825995812127e+03
1.430505871552805274e+03
1.456654988505814117e+03
1.462373714083051482e+03
1.467598304116913596e+03
1.471777822809984173e+03
1.474012566138299462e+03
1.483369041318855807e+03
1.487585426843481628e+03
1.508011051531267640e+03
1.515769019562434551e+03
1.515773686249973025e+03
1.517097892172538877e+03
1.523476054032465299e+03
1.523480587386074376e+03
1.530841686975564016e+03
1.559953383845501321e+03
1.559956850527672714e+03
1.566842947992695599e+03
1.566956615167743394e+03
1.606579059047432338e+03
1.621866194086444011e+03
1.634440250324431418e+03
1.681591127875351731e+03
1.730328612522438107e+03
1.730331545868890771e+03
1.741770097028284908e+03
1.787816469639261186e+03
1.840195770574521703e+03
1.846441098507009656e+03
1.850945385319285606e+03
1.884192500685053574e+03
1.894546213659130672e+03
1.952674373639734767e+03
1.969103247118551963e+03
2.025678500153715731e+03
2.029254716148489933e+03
2.033232300605067849e+03
2.045559989074498617e+03
2.065006509383199955e+03
2.066955118098433104e+03
2.067989722725745196e+03
2.095954881134408424e+03
2.122079531311322171e+03
2.143405760027097131e+03
2.187495023884823240e+03
2.199042342197349626e+03
2.205127502746815935e+03
2.217674225529220166e+03
2.217678025546215849e+03
2.298731454727702840e+03
2.307708028209133317e+03
2.314467858442753823e+03
2.317012403156669279e+03
2.321897458338613887e+03
2.344309358576766499e+03
2.350356718957169960e+03
2.411448558859622153e+03
2.489453074404716517e+03
2.574190720064014840e+03
2.579335043072213011e+03
2.582822092001516921e+03
