2.929786659610305488e+00
3.025587088081691967e+00
6.286101670868271540e+00
6.321968497950807730e+00
8.495078217274075527e+00
9.184914635929375848e+00
9.240848219427979515e+00
9.348715368534939785e+00
1.316636577646791828e+01
1.318356585339597409e+01
1.325539950800830447e+01
1.494727374165258738e+01
1.497370719321062715e+01
1.498740725448472055e+01
1.500700734214692389e+01
1.503234078878514701e+01
1.505274088002540012e+01
1.520444155851297019e+01
1.523104167748310545e+01
1.527437520462743414e+01
1.537670899565288885e+01
1.539214239801275497e+01
1.802595417784507958e+01
2.019876389582658049e+01
2.069793279504683170e+01
2.075023302896179445e+01
2.427888214432451264e+01
2.429338220917665581e+01
4.608144632386292017e+01
4.652808165479127922e+01
4.662698209712760189e+01
4.997249706008190628e+01
5.004606405578000761e+01
5.539052129241979827e+01
5.579808978195342206e+01
5.595995717257869728e+01
5.661779344811203174e+01
5.712329570899184006e+01
5.751779747341732474e+01
5.802669974950384812e+01
5.804399982687915838e+01
5.824190071199906527e+01
6.146004843863146050e+01
6.174951639995558139e+01
6.214678484342182685e+01
6.289652152998355206e+01
1.035320699408243144e+02
1.251120997917353748e+02
1.251355665633581538e+02
1.268297074738069199e+02
1.580126802742782388e+02
1.738372843838091910e+02
1.996618332185072973e+02
1.996921000205434780e+02
2.036837178732197344e+02
2.042639871351647116e+02
2.149279348301126902e+02
2.150097685294506107e+02
2.160565398778455233e+02
2.163782413166685501e+02
2.166422424974247463e+02
2.198206233795316109e+02
2.315085756543824687e+02
2.315470091596112923e+02
2.315888760135291875e+02
2.372411012933409609e+02
2.443535997709518028e+02
2.448326685802735483e+02
2.487033192252522724e+02
2.621023458196206093e+02
2.637245530750097942e+02
2.650855924956483136e+02
2.708099847648966261e+02
2.792535225289691425e+02
2.844573458032843405e+02
2.896646357597711585e+02
2.897172693285103264e+02
2.899658704403890965e+02
2.902304382903463988e+02
2.958827302371230417e+02
3.003592169250619008e+02
3.003730836537480968e+02
3.052447054422784163e+02
3.081234183174410077e+02
3.089427553152930273e+02
3.232789861013459927e+02
3.318416243981005209e+02
3.379979519325305546e+02
3.387515886365353026e+02
3.395849256970031433e+02
3.402866621688818896e+02
3.405529966934074650e+02
3.435715768607989844e+02
3.457805534072048204e+02
3.463435892587393141e+02
3.463886227934870021e+02
3.508794095453834530e+02
3.508983429633972833e+02
3.531920198886290905e+02
3.532022532677315780e+02
3.554024297747789092e+02
3.586780777585835835e+02
3.590999796455572550e+02
3.591102796916246120e+02
3.616916579036122812e+02
3.693129253233800000e+02
3.693189920171801646e+02
3.697605939922632956e+02
3.699894616825502567e+02
3.750248508702036929e+02
3.753577856926017944e+02
3.792087695829534937e+02
3.907658212723460451e+02
3.916802253620562055e+02
3.919474932240894987e+02
3.922733280147324422e+02
3.922981614591344055e+02
3.932500323830832372e+02
3.949841068054695938e+02
3.966534476049988029e+02
4.024366068037513173e+02
4.024801736652725594e+02
4.025027737663524476e+02
4.026008742051107561e+02
4.121301501585256233e+02
4.121521835904044337e+02
4.209783563991613278e+02
4.209847897612681891e+02
4.251981086055112655e+02
4.307974669822069700e+02
4.378834653412949365e+02
4.380244659719260767e+02
4.450431973634931069e+02
4.450602641064915019e+02
4.451507645112582736e+02
4.495000506302873191e+02
4.517903942072772452e+02
4.657261565355516950e+02
4.657780901011600463e+02
4.666062271383706275e+02
4.668059946985059696e+02
4.690726715029785510e+02
4.892380950270041922e+02
4.917633063211163744e+02
4.933275799840617992e+02
5.033717582403986057e+02
5.061274038984713570e+02
5.061481706580182163e+02
5.062913712984889685e+02
5.066729063382535401e+02
5.070878415274017357e+02
5.102242888886258925e+02
5.107549579287318124e+02
5.110916927681256539e+02
5.137082378040651065e+02
5.152269779300265782e+02
5.152680114468839747e+02
5.152829781804900904e+02
5.174932880661925765e+02
5.238490831594161818e+02
5.238583165340461392e+02
5.241309177532664307e+02
5.242684850352084140e+02
5.242826850987187299e+02
5.243918189201576752e+02
5.244010189613052262e+02
5.303492455649951580e+02
5.326590558957176427e+02
5.327890231436681461e+02
5.468604194119044450e+02
5.493457971945261988e+02
5.493729639826974562e+02
5.493903973940024343e+02
5.494045974575127502e+02
5.529443132890385186e+02
5.642078303322518877e+02
5.673802445210059204e+02
5.684451826173190057e+02
5.714567294199201797e+02
5.717532640795169527e+02
5.734006714476147408e+02
5.737686064265525374e+02
5.795373655609001844e+02
5.842591533459583388e+02
5.853615582765100953e+02
5.893240426655522697e+02
5.923615895844401393e+02
5.923732229698042602e+02
5.937305957073767786e+02
5.937345957252670132e+02
5.937511624660292000e+02
6.052270804592145623e+02
6.073641566840432233e+02
6.073710233814214234e+02
6.233875283492368453e+02
6.234947621621778353e+02
6.295684893271743476e+02
6.378955932371583231e+02
6.386441965853177862e+02
6.452990263493196608e+02
6.484446070847264991e+02
6.498609800861801205e+02
6.500508809355195581e+02
6.501083811926918088e+02
6.502439817991711379e+02
6.503408822325623078e+02
6.522571908033319232e+02
6.522944243031935230e+02
6.563308090227581033e+02
6.566132102858094868e+02
6.638730760891934324e+02
6.639083762470748979e+02
6.639186762931423118e+02
6.640759769966762178e+02
6.641409106204278032e+02
6.641785107885960997e+02
6.651067816069925129e+02
6.696679686737572865e+02
6.706705398244649814e+02
6.707171400328863911e+02
6.720334792536013993e+02
6.786546088668779930e+02
6.819846570939899948e+02
6.820010905008224427e+02
6.820350906528894939e+02
6.855920065613432826e+02
6.856016732712447492e+02
6.861053421905915002e+02
6.915671332853452213e+02
6.915919000627823152e+02
6.985104976731633997e+02
6.985441978238887941e+02
6.985543312025440628e+02
6.986547649850715516e+02
7.040435890868108118e+02
7.041859563902210084e+02
7.042070898180745644e+02
7.045304579310184181e+02
7.045381912989396369e+02
7.047899924251306629e+02
7.049055596086761852e+02
7.049141596471403091e+02
7.053870950956969637e+02
7.085079423871492281e+02
7.201030609134639917e+02
7.237934440855223102e+02
7.239418780827328419e+02
7.240131117346616065e+02
7.240828453798816327e+02
7.241010121277997769e+02
7.261607213399345255e+02
7.262146215810056447e+02
7.266294901031889140e+02
7.319891474078116289e+02
7.322571486064581450e+02
7.383976427367391580e+02
7.412059552970334835e+02
7.441730685675705672e+02
7.441861352926786140e+02
7.482809202734408700e+02
7.483087537312604809e+02
7.483388871993670364e+02
7.491902576738233392e+02
7.492118577704306972e+02
7.493706584806735691e+02
7.505809972272970754e+02
7.506621642569865571e+02
7.507260312093009134e+02
7.507363979223330261e+02
7.514973013255050773e+02
7.522481046835042662e+02
7.609246434896836035e+02
7.611635445581785007e+02
7.619291146488891400e+02
7.619375146864585986e+02
7.619718148398674202e+02
7.619865482390965781e+02
7.620345484537795073e+02
7.620495485208679156e+02
7.635938554278445736e+02
7.658946323848315387e+02
7.659088657818243746e+02
7.666201356296747917e+02
7.683232765803767279e+02
7.684324104018154458e+02
7.708019543330323131e+02
7.714081237108166533e+02
7.714764240162925262e+02
7.714841573842136313e+02
7.746419381741858388e+02
7.792531254645787158e+02
7.800499956952803586e+02
7.800822291727793072e+02
7.907854437100165796e+02
7.912603125005535958e+02
7.913512795740741694e+02
7.934926891516172418e+02
7.999189178931917468e+02
8.062366461494930263e+02
8.329854657846972259e+02
8.365352149944310440e+02
8.401935980233674854e+02
8.402200314749254630e+02
8.402428315768999028e+02
8.431779780377972884e+02
8.448940857131600524e+02
8.450214862829643607e+02
8.462754585580739786e+02
8.578518436672694634e+02
8.633725683589393611e+02
8.633818017335693185e+02
8.670202513400192856e+02
8.755866229868047412e+02
8.755983230391337884e+02
8.756854234286939800e+02
8.798994089425854099e+02
8.841722613864283176e+02
8.859380359505950082e+02
8.869411404370212040e+02
8.963080156640921814e+02
9.037916158014705843e+02
9.045172523802435762e+02
9.073813651901068624e+02
9.091577064682002174e+02
9.135983596625388827e+02
9.139399278568835143e+02
9.279041903126259285e+02
9.300638666385344777e+02
9.407177476217920002e+02
9.427573234105459505e+02
9.433809261996352689e+02
9.439919622658526350e+02
9.440186290517876841e+02
9.441130294739973579e+02
9.472495435021862704e+02
9.552216124909285782e+02
9.570253205580876283e+02
9.588940622494457102e+02
9.589261623930149199e+02
9.589409624592087766e+02
9.590570629784732546e+02
9.590758630625573460e+02
9.591382633416451426e+02
9.591684634767165107e+02
9.591954302639933303e+02
9.592271304057735506e+02
9.592688972592441132e+02
9.595783653100194215e+02
9.596059987669444808e+02
9.596259321894309551e+02
9.596327322198443426e+02
9.596554656548539697e+02
9.602448349574992790e+02
9.602649350473976710e+02
9.605782364486511824e+02
9.612799062535650592e+02
9.613234731150864718e+02
9.627591462028603928e+02
9.627727795971696878e+02
9.635770165274859664e+02
9.635988499584702822e+02
9.643033531093898318e+02
9.743711314712791136e+02
9.744096983104374203e+02
9.746041991803507472e+02
9.751652350229401236e+02
9.751955351584587106e+02
9.752117685643967206e+02
9.752241686198564139e+02
9.752309353167873951e+02
9.780719480233344711e+02
9.784029828372347311e+02
9.784180495712880656e+02
9.784428163487251595e+02
9.784564497430343408e+02
9.946240220531714158e+02
9.946467554881810429e+02
9.946541221877955650e+02
9.946806556398008752e+02
9.947738560566435808e+02
9.950619240117060826e+02
9.950863907878014061e+02
9.952659249241086172e+02
9.955128260283840973e+02
9.965856974935128392e+02
1.001306018605344548e+03
1.001518819557105644e+03
1.002003321724061720e+03
1.010335925658644783e+03
1.010354392407904697e+03
1.010386659218885939e+03
1.010446492819827540e+03
1.010475926284803336e+03
1.010497926383199569e+03
1.010510226438212158e+03
1.010676727182893615e+03
1.010737360787413309e+03
1.010777060964973998e+03
1.010934995004673851e+03
1.011019762050464578e+03
1.011040262142152073e+03
1.011049728851159102e+03
1.012518268752597919e+03
1.019313832479371627e+03
1.023172783072021389e+03
1.023986020042590781e+03
1.024754190144930135e+03
1.029118176329705875e+03
1.030263714786507308e+03
1.030709250112515747e+03
1.030883250890741465e+03
1.030911917685621802e+03
1.031834821813348526e+03
1.031846155197370990e+03
1.048091994524227175e+03
1.049740935232516222e+03
1.049760068651424717e+03
1.049778035398448310e+03
1.050408304884021163e+03
1.059668746301729243e+03
1.059770146755246969e+03
1.059846347096056206e+03
1.059865213847105224e+03
1.059872247211895683e+03
1.060108681602691377e+03
1.060175248567081553e+03
1.060205382035188222e+03
1.064676402032010401e+03
1.064808935958106986e+03
1.064850202809341681e+03
1.065270104687370122e+03
1.066875945202891671e+03
1.066901378649977232e+03
1.066926912097509785e+03
1.083989255076212658e+03
1.084619357894373479e+03
1.084909425858381155e+03
1.084994926240785162e+03
1.085003059610495256e+03
1.085008692969023969e+03
1.085029293061158796e+03
1.085059926531501560e+03
1.085095526690724910e+03
1.085243494019181526e+03
1.085261294098793087e+03
1.085275094160514527e+03
1.085310627652772837e+03
1.088270807558966908e+03
1.088336574519778878e+03
1.108613765210354586e+03
1.108624065256421773e+03
1.108652332049512779e+03
1.108655098728553639e+03
1.108687432206499807e+03
1.108818999461606609e+03
1.108824766154064946e+03
1.108845199578787742e+03
1.108856899631116676e+03
1.108958066750257331e+03
1.109234501319955825e+03
1.109293968252590730e+03
1.109310101658081294e+03
1.110464206819864557e+03
1.110475140202097919e+03
1.110487306923180768e+03
1.114596458634865485e+03
1.115108160923474998e+03
1.115127527676760565e+03
1.116057831837584445e+03
1.116063598530042782e+03
1.116185232407388639e+03
1.116200232474477161e+03
1.119714781526776505e+03
1.121016154013885853e+03
1.122977196118061102e+03
1.122982396141318532e+03
1.122986829494480162e+03
1.123007262919202731e+03
1.123015129621053575e+03
1.123017696299199997e+03
1.123022062985396587e+03
1.123026663005970477e+03
1.123030096354659463e+03
1.123042596410566603e+03
1.123045963092290776e+03
1.123049996443663531e+03
1.123067429854968623e+03
1.124199301583978468e+03
1.124352468935692514e+03
1.125199039388680376e+03
1.125216872801774571e+03
1.129705592877761092e+03
1.130010327574032772e+03
1.131569567881133025e+03
1.132631205962686636e+03
1.140707608751399448e+03
1.145449063291084713e+03
1.146236833481086478e+03
1.149952683433712536e+03
1.150000283646606476e+03
1.150761220383260934e+03
1.150798720550982125e+03
1.154132402127677778e+03
1.156150544487236175e+03
1.156311911875625356e+03
1.161003966194365830e+03
1.161051433073330145e+03
1.161088699906674265e+03
1.161406967996808135e+03
1.161911036917943875e+03
1.161932070345350212e+03
1.161994737292297486e+03
1.162040070828386888e+03
1.164907383652562430e+03
1.165708787236872922e+03
1.165775887536981827e+03
1.166151789218217573e+03
1.167821563353018291e+03
1.168079031171220549e+03
1.168109531307633688e+03
1.168133131413186220e+03
1.168147598144556014e+03
1.168277498725541591e+03
1.169024702067439421e+03
1.169366070260889728e+03
1.171907681628351838e+03
1.171979081947692521e+03
1.171991615337082067e+03
1.175376097140984029e+03
1.175403430596567205e+03
1.176363168222366767e+03
1.176483968762652239e+03
1.177196171948010488e+03
1.181472991076261223e+03
1.181497391185391734e+03
1.181511024579701143e+03
1.184259236871194389e+03
1.184462437780018945e+03
1.184487204557455925e+03
1.184566471578647679e+03
1.184613471788858078e+03
1.186716114526348292e+03
1.187170049889926304e+03
1.187174916578359216e+03
1.187255583605812717e+03
1.188851624077503175e+03
1.190060329483488204e+03
1.190661598839356884e+03
1.191349335248619809e+03
1.191360135296923545e+03
1.191387068750717845e+03
1.193148276627792939e+03
1.193183310117815154e+03
1.193643512176087825e+03
1.193671345633907549e+03
1.195159218955149072e+03
1.197228394876290849e+03
1.197256028333215909e+03
1.197375795535546558e+03
1.200447509273913511e+03
1.200560743113690023e+03
1.201066012040192618e+03
1.202763586299330655e+03
1.202771219666804654e+03
1.203679957064503469e+03
1.203830891072895383e+03
1.203918058129420388e+03
1.203923291486159997e+03
1.203992558462626221e+03
1.204013191888243455e+03
1.206749770794372580e+03
1.206812904410073543e+03
1.207990309676067454e+03
1.208006776416382309e+03
1.209366249163347220e+03
1.209385249248326090e+03
1.209451882879680852e+03
1.209459349579742593e+03
1.211061690079610344e+03
1.211078223486890010e+03
1.211078956823503177e+03
1.211087323527590115e+03
1.218594290436144092e+03
1.221451903216935762e+03
1.224780584771268650e+03
1.224796018173628454e+03
1.224826184975217529e+03
1.226009890269388507e+03
1.226022556992707450e+03
1.226046223765224795e+03
1.235609199869365057e+03
1.235721167036809447e+03
1.236594670943592064e+03
1.237847709881193850e+03
1.242742498440005193e+03
1.242751631814187931e+03
1.246559082176500624e+03
1.247125351375829950e+03
1.247138418100937997e+03
1.247154418172499163e+03
1.247163618213646487e+03
1.247193618347823303e+03
1.248341556815358899e+03
1.248369490273626070e+03
1.248413290469524100e+03
1.249168993849438721e+03
1.249178293891033718e+03
1.249555495578083764e+03
1.250555700051539816e+03
1.250574500135624021e+03
1.252856743676386031e+03
1.252935977364095379e+03
1.252968810844277641e+03
1.252996210966826084e+03
1.253432079582933056e+03
1.253436646270024539e+03
1.253463746391230870e+03
1.253487013161959112e+03
1.253506379915244224e+03
1.253517979967126166e+03
1.253924615119151895e+03
1.253954381918951867e+03
1.254023115559699363e+03
1.254482917616183158e+03
1.256119124934187994e+03
1.261230514461756229e+03
1.262086051621515026e+03
1.262115918421761990e+03
1.262231585605755072e+03
1.267176274387747071e+03
1.267955577873214452e+03
1.268191045593020135e+03
1.271308526202748226e+03
1.271588560788547511e+03
1.275302477399193549e+03
1.276066414149265711e+03
1.281263337392720132e+03
1.281344537755892134e+03
1.281370337871284164e+03
1.281383304595944992e+03
1.281425404784240072e+03
1.281463671622056836e+03
1.281530905256095139e+03
1.281539338627147117e+03
1.281547871998646542e+03
1.281587938844513701e+03
1.281627805689486422e+03
1.281661172505387640e+03
1.281668505871519756e+03
1.281697639335153781e+03
1.281715872750036624e+03
1.281731806154632750e+03
1.281857406716386549e+03
1.282344308894076676e+03
1.282356475615159525e+03
1.282385775746205582e+03
1.282470909460302892e+03
1.284930287126638177e+03
1.284994687414671262e+03
1.285521656438228547e+03
1.285532023151261001e+03
1.285579556697189901e+03
1.285591823418720196e+03
1.285612923513091118e+03
1.285860724621391682e+03
1.285871991338449334e+03
1.285895358109624794e+03
1.285922191562971875e+03
1.285942291652870381e+03
1.285948425013635415e+03
1.285999658576113006e+03
1.288672103862068525e+03
1.290520978797905173e+03
1.290714512996828262e+03
1.290727379721041871e+03
1.290859080310078070e+03
1.291254148743704718e+03
1.297782444608445076e+03
1.298202679821297806e+03
1.298253446715021710e+03
1.300840491619020440e+03
1.300880525131405420e+03
1.300941825405573127e+03
1.305137544171099307e+03
1.305300511566644445e+03
1.305495679106205898e+03
1.305534312612329359e+03
1.305759480286067628e+03
1.306378183053241401e+03
1.307417587702021819e+03
1.309789531643972850e+03
1.313176946794327250e+03
1.314853954294812866e+03
1.314930921305717675e+03
1.314953888075104260e+03
1.315069088590343426e+03
1.315073321942610619e+03
1.315145355598117476e+03
1.315150222286550616e+03
1.317341665421203970e+03
1.317433765833126927e+03
1.318426536940003643e+03
1.318474403820756834e+03
1.321226582796657794e+03
1.322167920340162482e+03
1.322693656024870506e+03
1.322949523835916580e+03
1.323014690794045009e+03
1.323032424206691758e+03
1.323937228253465491e+03
1.323957828345600319e+03
1.323979395108724930e+03
1.324036795365450189e+03
1.325298001006244704e+03
1.332198698536567008e+03
1.332267965513033005e+03
1.332310465703116961e+03
1.332348932541827935e+03
1.332611033714086489e+03
1.333714838650899765e+03
1.333739405427442307e+03
1.333828805827289443e+03
1.336947853110690858e+03
1.336978986583269943e+03
1.337211820957964619e+03
1.337250721131947330e+03
1.337350721579203537e+03
1.337378855038364918e+03
1.340084167137985332e+03
1.343417348712444664e+03
1.343450248859591966e+03
1.344184652144240999e+03
1.344197018866218514e+03
1.344311486044844287e+03
1.344328086119088766e+03
1.344825488343740744e+03
1.344855388477470342e+03
1.345246123558382578e+03
1.346084293973801323e+03
1.346105694069514129e+03
1.346178661062528590e+03
1.346190761116646627e+03
1.346706263422252050e+03
1.346814730574042642e+03
1.348166403286121522e+03
1.348232836916581846e+03
1.348238136940286495e+03
1.348255737019003618e+03
1.351474684749214020e+03
1.352380922135731453e+03
1.352407722255596127e+03
1.352464489176155212e+03
1.352516122740421906e+03
1.352533056149490676e+03
1.352593623087045444e+03
1.352611556500586630e+03
1.352669023424276475e+03
1.359672488080895846e+03
1.360702459354151642e+03
1.361609730078624352e+03
1.363076803306836609e+03
1.363101870085615474e+03
1.363151103639148005e+03
1.365264646425389174e+03
1.365269713114716751e+03
1.365303179931065188e+03
1.365711148422387851e+03
1.365750248597264999e+03
1.365759548638859769e+03
1.368987563076288097e+03
1.369038329970011546e+03
1.371400107199825015e+03
1.374253419961384452e+03
1.374264253343170594e+03
1.374312020223476566e+03
1.377660701867260741e+03
1.377689835330894539e+03
1.378803206977162063e+03
1.378916407483455941e+03
1.381171817570871099e+03
1.381263451314040367e+03
1.381303018157671204e+03
1.381454218833922596e+03
1.386156706532660110e+03
1.387561946150985932e+03
1.387672246644309553e+03
1.390436059005574862e+03
1.393029103936409001e+03
1.394206209201061029e+03
1.396102917684168460e+03
1.396114651069979800e+03
1.397962859336167867e+03
1.399538833051442452e+03
1.401741076234399543e+03
1.401773009710556607e+03
1.401782543086528449e+03
1.404053753244609879e+03
1.407312601153275637e+03
1.408659840512192886e+03
1.409495377582500396e+03
1.409541544455650182e+03
1.410698149628614829e+03
1.415099102645392804e+03
1.415124369425066334e+03
1.415153436221735319e+03
1.415213203155712108e+03
1.415227836554493706e+03
1.416875610590898077e+03
1.417362812769930088e+03
1.417371146140534847e+03
1.417498013374620314e+03
1.418763519034646833e+03
1.419030020226584611e+03
1.424461577852784330e+03
1.424497644680761596e+03
1.429947935724080708e+03
1.431198441317018705e+03
1.436717666001979751e+03
1.436857466627244094e+03
1.436914966884416117e+03
1.438818242063560092e+03
1.439537511947191206e+03
1.439567878749674492e+03
1.441300486498834516e+03
1.441352820066231970e+03
1.441371553483351136e+03
1.441394886921044190e+03
1.441586187776645147e+03
1.441611121221494386e+03
1.441709021659358314e+03
1.441717555030857511e+03
1.441770588601385725e+03
1.443454596133179166e+03
1.443472929548509455e+03
1.443490396293296953e+03
1.443601663457610357e+03
1.444656134840444111e+03
1.445401004838572817e+03
1.447405080468550750e+03
1.447449380666685101e+03
1.447453080683233566e+03
1.447471347431599042e+03
1.447913216074541424e+03
1.447927149470192489e+03
1.447946982892231517e+03
1.447965782976315950e+03
1.448341284655762820e+03
1.448554918944584188e+03
1.450558561239290611e+03
1.451481365366570571e+03
1.451493365420241162e+03
1.451614532628833331e+03
1.451627899355283034e+03
1.452397436130401502e+03
1.454071943619705507e+03
1.454088443693502995e+03
1.454172410735715630e+03
1.454855480457440080e+03
1.455113048276089330e+03
1.459155633023383871e+03
1.459952869922392210e+03
1.466265031487129818e+03
1.466296198293191310e+03
1.466303364991911394e+03
1.466370331958090446e+03
1.466386265362686572e+03
1.466397865414568287e+03
1.466437832259988454e+03
1.466499232534603607e+03
1.467336069610725644e+03
1.467354836361327216e+03
1.470373916530955057e+03
1.471277087237090200e+03
1.471390621078208142e+03
1.471461021393076635e+03
1.471532788380724014e+03
1.485520950943360731e+03
1.485894652614756978e+03
1.486134853689066176e+03
1.486226120763928748e+03
1.486245220849354610e+03
1.488362363651697024e+03
1.490679407348104178e+03
1.493126451625944355e+03
1.493151518404723220e+03
1.494538657942095597e+03
1.501089187239609373e+03
1.501213954464302560e+03
1.501231887877843747e+03
1.501686856579376808e+03
1.501792390384714508e+03
1.507836917419112297e+03
1.507850384146009446e+03
1.507895884349510879e+03
1.507906151062095887e+03
1.508935522332668143e+03
1.508957789098923968e+03
1.509287990575763843e+03
1.509299223959338633e+03
1.509318624046106606e+03
1.509337324129743592e+03
1.509363224245582614e+03
1.509376557638550139e+03
1.510274094986156342e+03
1.510874631005412084e+03
1.511645134451520562e+03
1.511749101583184711e+03
1.512359004310999808e+03
1.512403537843511458e+03
1.512457338084135017e+03
1.513068407483834790e+03
1.514833382044423388e+03
1.514858382156237440e+03
1.514904249028045570e+03
1.515245650554978056e+03
1.518234763923911487e+03
1.518256064019177074e+03
1.518276930779171153e+03
1.518308497587021748e+03
1.518394297970767639e+03
1.519219668328937360e+03
1.522139448054439981e+03
1.522146081417441110e+03
1.522256281910317512e+03
1.522278782010950181e+03
1.522400449221778445e+03
1.522428349346562982e+03
1.525908231577147035e+03
1.533102297086236376e+03
1.536555412530438389e+03
1.539787293651826985e+03
1.539845627246059848e+03
1.539915294224315176e+03
1.543519243676461656e+03
1.544569348373098364e+03
1.544616381916791170e+03
1.544728049082893904e+03
1.545319051726177804e+03
1.545348951859907402e+03
1.545457919013934088e+03
1.547320194009702846e+03
1.547512494869776447e+03
1.547528061606066103e+03
1.547548295029894007e+03
1.547612528650514832e+03
1.547630795398880309e+03
1.547740495889520389e+03
1.548986634796261569e+03
1.549147302181519990e+03
1.551160644519610287e+03
1.551303811826598576e+03
1.553506988347063498e+03
1.553824689767996233e+03
1.557776307441770314e+03
1.560246385155961661e+03
1.561380490228293638e+03
1.564825905638056838e+03
1.566032177699825297e+03
1.567754985405154002e+03
1.571046333459177959e+03
1.571103767049385397e+03
1.571171600686107467e+03
1.571619102687578788e+03
1.571738203220260857e+03
1.572435606339425249e+03
1.572912008470153523e+03
1.572938341921264282e+03
1.573058309124489142e+03
1.576408257440605212e+03
1.576439990915867838e+03
1.576530424653669797e+03
1.578663434193643297e+03
1.578964568873813960e+03
1.581102478435703006e+03
1.581124111865792884e+03
1.585763699283206506e+03
1.585769565976112062e+03
1.585776332673043044e+03
1.588099909732004562e+03
1.588297377281852960e+03
1.588576845198451565e+03
1.590499487130880425e+03
1.591543491800234733e+03
1.591577658619713930e+03
1.592988664930498089e+03
1.594929406943880622e+03
1.597510185153184693e+03
1.597736519498807866e+03
1.599078858835809342e+03
1.599271393030259787e+03
1.599281626409362389e+03
1.599844328926072876e+03
1.599866195690539598e+03
1.601078867780932342e+03
1.601452836120187840e+03
1.601546769873643825e+03
1.602150105905422379e+03
1.604493449719458113e+03
1.604972285194402957e+03
1.604989351937401352e+03
1.605881689261750353e+03
1.605892722644430933e+03
1.608231733105752028e+03
1.608991703171416475e+03
1.609015036609109529e+03
1.609641572744651739e+03
1.609709939717092539e+03
1.609738639845455054e+03
1.612215584257024830e+03
1.612231084326349674e+03
1.612527952320770510e+03
1.613739257738384140e+03
1.613962625404072242e+03
1.613973458785858156e+03
1.613984058833267454e+03
1.622707197847867974e+03
1.622716631223392596e+03
1.624681106676257059e+03
1.636059590900332523e+03
1.638315900991772878e+03
1.638360801192590998e+03
1.638430434837363691e+03
1.638495801796386786e+03
1.639204471632608602e+03
1.642921888258908666e+03
1.643056522194397758e+03
1.643063355558293551e+03
1.643430157198829193e+03
1.651382492765979350e+03
1.651397092831278769e+03
1.651443259704428783e+03
1.652640798393803379e+03
1.652647965092523691e+03
1.653617536095636751e+03
1.656120413956528409e+03
1.656978184459609110e+03
1.657015084624646533e+03
1.657029018020297599e+03
1.657041351408792707e+03
1.657618487323390127e+03
1.658299090367415602e+03
1.658450824379385494e+03
1.658476457827365493e+03
1.660617900738390972e+03
1.661542538207203734e+03
1.663316079472773936e+03
1.663628947538755938e+03
1.681508927507707085e+03
1.682176097158317816e+03
1.682296797698155842e+03
1.684538174389472715e+03
1.684941609527186529e+03
1.684956676261239636e+03
1.684989809742764010e+03
1.685580979053459714e+03
1.687552587871561855e+03
1.687585688019603822e+03
1.687598088075063515e+03
1.687646054956264152e+03
1.687651588314345418e+03
1.687686955139191696e+03
1.687695155175866830e+03
1.687702188540657062e+03
1.689124028233227364e+03
1.689147828339674334e+03
1.689181861825223905e+03
1.689213328632627281e+03
1.689263962192421104e+03
1.689272162229096239e+03
1.689279895597017230e+03
1.689300729023528902e+03
1.690320166916340668e+03
1.692521643429202186e+03
1.692563476949637788e+03
1.692614977179974403e+03
1.692645043981116260e+03
1.692704644247680790e+03
1.696287360271526722e+03
1.696723795556835057e+03
1.696764395738420944e+03
1.696775429121101524e+03
1.696828929360383654e+03
1.701369849669837777e+03
1.701387816416861597e+03
1.701395016449064087e+03
1.701410483184906298e+03
1.701487216861434035e+03
1.701523350356376113e+03
1.703123924181675420e+03
1.703200824525615417e+03
1.703266558152945208e+03
1.705859303082437691e+03
1.705882603186648339e+03
1.705926770050853065e+03
1.705935770091106178e+03
1.705969903577102968e+03
1.705978403615119532e+03
1.705985903648663907e+03
1.706162804439860111e+03
1.706175671164073719e+03
1.709990921561272444e+03
1.710334623098491875e+03
1.710392623357900447e+03
1.710422523491630045e+03
1.716550617566451365e+03
1.717344821118559594e+03
1.724060917823247109e+03
1.724417386084232930e+03
1.728617904871227211e+03
1.730945981950314945e+03
1.730955715327181224e+03
1.733465859887240413e+03
1.735090700487740605e+03
1.735105667221346494e+03
1.735152167429320571e+03
1.739009118013025272e+03
1.740170823208799902e+03
1.740724892353563746e+03
1.740810626070344824e+03
1.746329684087893611e+03
1.746587551907884745e+03
1.746621318725575065e+03
1.746650385522244051e+03
1.751805241910886252e+03
1.751823141990945032e+03
1.752760346182629746e+03
1.752831979836347500e+03
1.757958902766722758e+03
1.757981236199943169e+03
1.758018969702041204e+03
1.758038169787914285e+03
1.758062769897939688e+03
1.758085636666878599e+03
1.758491405148361764e+03
1.758501038524780824e+03
1.758534538674611440e+03
1.758554138762273851e+03
1.760932749400708417e+03
1.761181483846517040e+03
1.761244417461323337e+03
1.761345384579569782e+03
1.761448785042032569e+03
1.762088254568752973e+03
1.764537565523397916e+03
1.764565898983453735e+03
1.765335102423747912e+03
1.768108714828844313e+03
1.768115514859257928e+03
1.768160881728829736e+03
1.768198915232269655e+03
1.768226582022677121e+03
1.769488154331778105e+03
1.769526554503524494e+03
1.770430291878860771e+03
1.771345829306973201e+03
1.771367762738404508e+03
1.771466296512434383e+03
1.771477763230386472e+03
1.771548263545701957e+03
1.771557030251577999e+03
1.772088765963121205e+03
1.772112166067779299e+03
1.772159032944060073e+03
1.773623172825819665e+03
1.773720139926175762e+03
1.776368885106131756e+03
1.776407885280561686e+03
1.795586371057133874e+03
1.797896414722233203e+03
1.797963381688412483e+03
1.801768732041332896e+03
1.801993199711940633e+03
1.809093998137222343e+03
1.809110464877537424e+03
1.809191965242051083e+03
1.809236932109833788e+03
1.809360632663089518e+03
1.809498366612443760e+03
1.809596700385579197e+03
1.809614900466979634e+03
1.809639567243969623e+03
1.809722367614297582e+03
1.809735034337616753e+03
1.809915701812326233e+03
1.809972902068156600e+03
1.809973268736463297e+03
1.809986502128983375e+03
1.809997268843804704e+03
1.810014902256004234e+03
1.810031735664625558e+03
1.810094069276748542e+03
1.810122902739040910e+03
1.810132636115907189e+03
1.810232669896645575e+03
1.810292003495350855e+03
1.810299003526658908e+03
1.810491937722898456e+03
1.810571671412844125e+03
1.810688905270510759e+03
1.810757205575986518e+03
1.810795605747732907e+03
1.810820439192134927e+03
1.810858739363433870e+03
1.810938206385520289e+03
1.810974839882698461e+03
1.811172374099511671e+03
1.811245641093867789e+03
1.811383441710187071e+03
1.811724876570601964e+03
1.811733009940312058e+03
1.811781010154994874e+03
1.811813010298116978e+03
1.811878110589280595e+03
1.811894710663525302e+03
1.811969344330660533e+03
1.812162945196548662e+03
1.812311112525899716e+03
1.812338612648895378e+03
1.812427513046505965e+03
1.814553689222583671e+03
1.814617356174003362e+03
1.814625722878090528e+03
1.814972957764446164e+03
1.814982491140418006e+03
1.815091991630163420e+03
1.816948466599991207e+03
1.817017533575562993e+03
1.817062033774591782e+03
1.817112934002245311e+03
1.817137934114059362e+03
1.817162434223637092e+03
1.817198134383307661e+03
1.817232901205470398e+03
1.817246234598437923e+03
1.817352535073870968e+03
1.817388768569260037e+03
1.817417102029316084e+03
1.817430935424519930e+03
1.817549535954965677e+03
1.817567236034130019e+03
1.817580002757896409e+03
1.817585736116872567e+03
1.818356972899594211e+03
1.818383039682845720e+03
1.818398273084311086e+03
1.819257176925794056e+03
1.819288310398373142e+03
1.819323710556701826e+03
1.819418377646770750e+03
1.819511678064060789e+03
1.819528944807953849e+03
1.820069980561092052e+03
1.820411215420612507e+03
1.820423082140353245e+03
1.820478515721615622e+03
1.820550649377569925e+03
1.822214256818122976e+03
1.822571291748309932e+03
1.822589258495333524e+03
1.822788526053232545e+03
1.822872759763304657e+03
1.823024327107862518e+03
1.824700234603428498e+03
1.828580751959203099e+03
1.828637285545385112e+03
1.828672485702819131e+03
1.828752619394553903e+03
1.828773052819276472e+03
1.828890786679179428e+03
1.828916120125817770e+03
1.829136054442816430e+03
1.831059929714094778e+03
1.831145330096051794e+03
1.831202230350540276e+03
1.831230563810596323e+03
1.831235897167783151e+03
1.831263730625602875e+03
1.831277797355183793e+03
1.831311897507697950e+03
1.831336597618170117e+03
1.831374331120268153e+03
1.831448864786956392e+03
1.831829599823143099e+03
1.832716403789410606e+03
1.832735303873942030e+03
1.833679474763452163e+03
1.833806475331467254e+03
1.842374880320680404e+03
1.842400713769554841e+03
1.861668166610702883e+03
1.906085898604183058e+03
1.942951696821326550e+03
1.944991172609633168e+03
1.945032006125596126e+03
1.947867218806202345e+03
1.947872918831695870e+03
1.953298676431954846e+03
1.955687120447702910e+03
1.957520528647697347e+03
1.957562995504298669e+03
1.961320912311737402e+03
1.962933919525979036e+03
1.967094004798799233e+03
1.973657234153114587e+03
1.976448446636928111e+03
1.976949282210269075e+03
1.987667663482006901e+03
1.987700430295224578e+03
2.000233186348495337e+03
2.008761557825323280e+03
2.013320111546977159e+03
2.013339544967227312e+03
2.013343011649398932e+03
2.013401578578008639e+03
2.013443612099338679e+03
2.013455045483808362e+03
2.013713146638176340e+03
2.013739813424111389e+03
2.014865985127627710e+03
2.015260520225535629e+03
2.015475754521513181e+03
2.015515321365144246e+03
2.024861329832220918e+03
2.036916983751632642e+03
2.041406570498161955e+03
2.050577778183434930e+03
2.050694612039312688e+03
2.050908179661169470e+03
2.055634534133318994e+03
2.074152416955317221e+03
2.095595379526522720e+03
2.095599846213166984e+03
2.095614646279360841e+03
2.098912161027632010e+03
2.099026094870539055e+03
2.099387763154782078e+03
2.099539863835058895e+03
2.099737231384459847e+03
2.099765764845410558e+03
2.099799731663994862e+03
2.099819565086034345e+03
2.102183242324345429e+03
2.102419310046834653e+03
2.102816245155476736e+03
2.103041479496179818e+03
2.111795551982464985e+03
2.123393270520408350e+03
2.125927148519949696e+03
2.127659022932496100e+03
2.128317925879467111e+03
2.130754570110792883e+03
2.130907837462953921e+03
2.130970237742041718e+03
2.131064004828085672e+03
2.131765274631210559e+03
2.132617811777551651e+03
2.132623545136527355e+03
2.138295737172308236e+03
2.138905339898781676e+03
2.139284874929601301e+03
2.139302908343589479e+03
2.139338908504601932e+03
2.141571885158348778e+03
2.141585118550869538e+03
2.141944453491343211e+03
2.141965853587056245e+03
2.141982753662642153e+03
2.145393168915865772e+03
2.145449535834635753e+03
2.150939693722927586e+03
2.151473396109933674e+03
2.151623996783501298e+03
2.151665730303489909e+03
2.151932298162392271e+03
2.152218732776816069e+03
2.152643634677207501e+03
2.152730035063636933e+03
2.152749201816027835e+03
2.152762601875960172e+03
2.152778501947073892e+03
2.152870669025961433e+03
2.152956002740953409e+03
2.164978756513217832e+03
2.165029556740424141e+03
2.165039956786938546e+03
2.165044256806170324e+03
2.165247057713205777e+03
2.165328524744237711e+03
2.165525492291849332e+03
2.165531758986544446e+03
2.165665059582736831e+03
2.165677159636854867e+03
2.165816526926847473e+03
2.165836327015404095e+03
2.165933594117102075e+03
2.165942694157802180e+03
2.166078594765623166e+03
2.166164595150263267e+03
2.166197628631340649e+03
2.166216695383284332e+03
2.166251528872411654e+03
2.166704630898929281e+03
2.166710464258352658e+03
2.166789564612131926e+03
2.168994341139753033e+03
2.169358176100353376e+03
2.169398676281492044e+03
2.169466409917767123e+03
2.169483676661659956e+03
2.169630877320020772e+03
2.170167113051690649e+03
2.170182679787980305e+03
2.170407414126447293e+03
2.170856582802039611e+03
2.171115817294809858e+03
2.171646819669740125e+03
2.172123788469669307e+03
2.172334322744626206e+03
2.172351089486282490e+03
2.174406932014456743e+03
2.175111135164034295e+03
2.175345702879815235e+03
2.176370140794989311e+03
2.177339911798997491e+03
2.177445112269510901e+03
2.178421216635177643e+03
2.178465083498040713e+03
2.178499283651002315e+03
2.178521117081987086e+03
2.178529750453933048e+03
2.178572717312770692e+03
2.178976485785308796e+03
2.179001985899358715e+03
2.179054619468098281e+03
2.179071852878508707e+03
2.179104619691726384e+03
2.179901856590734496e+03
2.180110690858087764e+03
2.180611693098840988e+03
2.180922261154536500e+03
2.183860807630640466e+03
2.183906807836378448e+03
2.184104142052296993e+03
2.184637911106268348e+03
2.185304080752405753e+03
2.186733253811108625e+03
2.187276822908910617e+03
2.187471190444894091e+03
2.190915739184114045e+03
2.198654040460653960e+03
2.198714640731691361e+03
2.202589324728042811e+03
2.209519022388069061e+03
2.210223192204164661e+03
2.229717979395407838e+03
2.231471287237150136e+03
2.234881669156891348e+03
2.247652459608113986e+03
2.254262255837368230e+03
2.263935999103585800e+03
2.264014999456917849e+03
2.264041632909370492e+03
2.264086166441882597e+03
2.264104399856765212e+03
2.264305567423162302e+03
2.265051104090939134e+03
2.265067970833043091e+03
2.271232265069771074e+03
2.272662538133392900e+03
2.276043986590394979e+03
2.276058219987387929e+03
2.276111520225775166e+03
2.281385377146651990e+03
2.283960121995638474e+03
2.289458246586228597e+03
2.290001449015724120e+03
2.304855915452940735e+03
2.307086058760682590e+03
2.316205599548206465e+03
2.323586765894111977e+03
2.323594632595963049e+03
2.323601399292894257e+03
2.323652666188853800e+03
2.326764480106570772e+03
2.330020494669230629e+03
2.331008899089910301e+03
2.332688639935954143e+03
2.332716206725914617e+03
2.332755773569545909e+03
2.332786273705958592e+03
2.332899740880111949e+03
2.332931541022339388e+03
2.333066774960512248e+03
2.333103208456795528e+03
2.333111775161777587e+03
2.333132508587841585e+03
2.335056150524743316e+03
2.335516819251770357e+03
2.335965554592090939e+03
2.336484556913350389e+03
2.336523890422604381e+03
2.348582544355433583e+03
2.354852439064464306e+03
2.357315050078594140e+03
2.358388088211135255e+03
2.360075329090722789e+03
2.360080329113086009e+03
2.360198996310496568e+03
2.363567578043284357e+03
2.366865392792897637e+03
2.370087540537420409e+03
2.370222607808180783e+03
2.386659981325014996e+03
2.390834299994828143e+03
2.400489976513575130e+03
2.400641710525545022e+03
2.402472952049181913e+03
2.402880620539162919e+03
2.404177459672662735e+03
2.404254160015708294e+03
2.404387427278418272e+03
2.404817362534654876e+03
2.405805766955334548e+03
2.406642637364939219e+03
2.406650304065894943e+03
2.409769784684568094e+03
2.409799184816061825e+03
2.409831484960525358e+03
2.412244129084509495e+03
2.416293813863559080e+03
2.417729153616508938e+03
2.417820520691818729e+03
2.419873329873092644e+03
2.419897629981775935e+03
2.424681484711097710e+03
2.425158753512369003e+03
2.425180520276388052e+03
2.426512292899463318e+03
2.427160695799471796e+03
2.428295934210206269e+03
2.430303909857626877e+03
2.432409185940228326e+03
2.434292027694649278e+03
2.434323327834640622e+03
2.434359627996994732e+03
2.434369528041273043e+03
2.434744896386790515e+03
2.435296998856091250e+03
2.435811067821952747e+03
2.435909968264289091e+03
2.436626404801914759e+03
2.436904339378321765e+03
2.438186178444733741e+03
2.438275245509756132e+03
2.438347612500087507e+03
2.438500479850459669e+03
2.438656947216933077e+03
2.438777381088912080e+03
2.438809914567752912e+03
2.438818181271391950e+03
2.438836281352345850e+03
2.438847614736368087e+03
2.439768285520772679e+03
2.439806485691624403e+03
2.439810752377374229e+03
2.440559722393840275e+03
2.441413192877689198e+03
2.441885594990527352e+03
2.442696365283397881e+03
2.444603340479089638e+03
2.447150918539905433e+03
2.447156351897539480e+03
2.466127903415256242e+03
2.466136503453720252e+03
2.500877625501495004e+03
2.501070793032111396e+03
2.504317207551834599e+03
2.505932714777257843e+03
2.510200633865702912e+03
2.525987937808407423e+03
2.527327543799850446e+03
2.528786250323975764e+03
2.528800750388827964e+03
2.536169416678826565e+03
2.536182050068663102e+03
2.570051534884671128e+03
2.580074879714496092e+03
2.585339869929049655e+03
2.585363970036838509e+03
2.585491770608432034e+03
2.586922743675184847e+03
2.588337383335552659e+03
2.588367383469729702e+03
2.588496517380619480e+03
2.588503017409691438e+03
2.589358021233731051e+03
2.589699256093251279e+03
2.590928194923064439e+03
2.591633831412386371e+03
2.591644264792383638e+03
2.591757131963853681e+03
2.591767465343403273e+03
2.593322372297789116e+03
2.594381177033336826e+03
2.594523177668440894e+03
2.594692178424303620e+03
2.594877079251280520e+03
2.596441152913330825e+03
2.596470286376965305e+03
2.604617922817606541e+03
2.606066895964865580e+03
2.606178963132757417e+03
2.606242396749800264e+03
2.607569736019713673e+03
2.609267776947604943e+03
2.611036418191260054e+03
2.613048260522641158e+03
2.613135660913543234e+03
2.617511280483683095e+03
2.618289417297265572e+03
2.618300584013875778e+03
2.621849433219584171e+03
2.627500791828853380e+03
2.628614296809050302e+03
2.628635230236009193e+03
2.628720897285825686e+03
2.628736764023456999e+03
2.628836064467582219e+03
2.628865164597733838e+03
2.628966865052593221e+03
2.634045287766049114e+03
2.642021823441435572e+03
2.642267524540343857e+03
2.642823993695842091e+03
2.642932860849421559e+03
2.642958260963024259e+03
2.642996994469594938e+03
2.643059228081270703e+03
2.644353400536177560e+03
2.644375900636810002e+03
2.644518901276386259e+03
2.644602468316810246e+03
2.644688168700108235e+03
2.644703335434609016e+03
2.644753668993061183e+03
2.644861269474309211e+03
2.644953203218819908e+03
2.645283671363518806e+03
2.645303271451180990e+03
2.645409805260991106e+03
2.645566672629253844e+03
2.645576672673978919e+03
2.645605006134035193e+03
2.645629539577095329e+03
2.645646472986164099e+03
2.645704773246914556e+03
2.645762606838910870e+03
2.645794340314173496e+03
2.645868240644695561e+03
2.645894140760535265e+03
2.645986041171563556e+03
2.646030641371040019e+03
2.646159375280140921e+03
2.646206342156868686e+03
2.646274275794037749e+03
2.647011745759069981e+03
2.647036845871331025e+03
2.647164546442477331e+03
2.647291080341738962e+03
2.647298280373941452e+03
2.647348413931498726e+03
2.647593581694688510e+03
2.648849553978743188e+03
2.648885787474132485e+03
2.648968754511872703e+03
2.649023221422145070e+03
2.650679395496118559e+03
2.650699095584227962e+03
2.651709233435444730e+03
2.651770067040858976e+03
2.652562337250987184e+03
2.652989272493805856e+03
2.653249406990601528e+03
2.654824514035332868e+03
2.655241382566461652e+03
2.655246115920965167e+03
2.655673351165125496e+03
2.655787985011163528e+03
2.655809818442147844e+03
2.655827351853899927e+03
2.655830351867317859e+03
2.655939619022686202e+03
2.656092119704751894e+03
2.656330954106282206e+03
2.656386187686649919e+03
2.656401587755527089e+03
2.656456187999729082e+03
2.656508188232302473e+03
2.656523254966355580e+03
2.656618588726073085e+03
2.656657688900950234e+03
2.657780327255330121e+03
2.657788960627276538e+03
2.657793460647403208e+03
2.658943565791295896e+03
2.660178837982768528e+03
2.660183538003789636e+03
2.660223438182244990e+03
2.660237971580579597e+03
2.660331571999211064e+03
2.660423305742827779e+03
2.660464205925755323e+03
2.660540872935318475e+03
2.665008959585687990e+03
2.665463494951949542e+03
2.667719971710801474e+03
2.667770305269254095e+03
2.667872905728138903e+03
2.667893772488132981e+03
2.667928972645567228e+03
2.667949006068500694e+03
2.667972839508429843e+03
2.668621275741921181e+03
2.668676675989701380e+03
2.668997877426288142e+03
2.669503513021097660e+03
2.669513479732340784e+03
2.669520079761859961e+03
2.669547179883066292e+03
2.669551646569710101e+03
2.672633327019320404e+03
2.674891203784434310e+03
2.674904970512673117e+03
2.679769292268554182e+03
2.680096693732870790e+03
2.680184294124666849e+03
2.680374394974900497e+03
2.680569162512673756e+03
2.680831130351002230e+03
2.681004231125202296e+03
2.682137369526544262e+03
2.682149202912803048e+03
2.682235603299232480e+03
2.682291236881389068e+03
2.682530871286497131e+03
2.683246674487956625e+03
2.683443042032885387e+03
2.683447242051670401e+03
2.683677476414736248e+03
2.683776143522695747e+03
2.683792076927291419e+03
2.683821243724407850e+03
2.683866410593085220e+03
2.683885677345923341e+03
2.683922010841759857e+03
2.686218554446479629e+03
2.689910404291764280e+03
2.690236172415442525e+03
2.691360444110461231e+03
2.691417944367633027e+03
2.691495778049080855e+03
2.691752745865047018e+03
2.691779079316157549e+03
2.691793879382351406e+03
2.692089047369169293e+03
2.692236881363696284e+03
2.692247714745482426e+03
2.692543616068913252e+03
2.692562016151208354e+03
2.692597649643913883e+03
2.692631683129463454e+03
2.692653483226965363e+03
2.692672183310602577e+03
2.692755183681824747e+03
2.692769450412300102e+03
2.692788550497726192e+03
2.692854250791573122e+03
2.692889084280700899e+03
2.692898350988813036e+03
2.692919884418455695e+03
2.692938751169504485e+03
2.692972484653712399e+03
2.693020251534018371e+03
2.693118651974118166e+03
2.693167918861133330e+03
2.693198185663169625e+03
2.693244552537213622e+03
2.693258385932417696e+03
2.693389686519664792e+03
2.693489753633886266e+03
2.693809088395457366e+03
2.693894022108660010e+03
2.693913188861050912e+03
2.693965522428448367e+03
2.693978022484355733e+03
2.694009922627030392e+03
2.694021989347665567e+03
2.694065789543563824e+03
2.694070422897620119e+03
2.694083922957999221e+03
2.694088589645537922e+03
2.694119723118117236e+03
2.694135523188783736e+03
2.694140689878558987e+03
2.694168190001553739e+03
2.694197656800012282e+03
2.694204790165249960e+03
2.694284623855642621e+03
2.694284923856984278e+03
2.694376524266670913e+03
2.694389124323025499e+03
2.694448457921730551e+03
2.694542958344387898e+03
2.694570225133005806e+03
2.694577325164761533e+03
2.694587158542074576e+03
2.694589758553703632e+03
2.694642725457266806e+03
2.694664225553427059e+03
2.694717992460568439e+03
2.694741659233085556e+03
2.694752892616661029e+03
2.694771559366814927e+03
2.694837359661109986e+03
2.694877326506529698e+03
2.694897526596875650e+03
2.694912359996551913e+03
2.694979726964520069e+03
2.695037960558305713e+03
2.695075694060403748e+03
2.695124127610358300e+03
2.695129494301027080e+03
2.695811430684349489e+03
2.695820964060320875e+03
2.695828130759040960e+03
2.695836464129646174e+03
2.695909864457931690e+03
2.695952164647121208e+03
2.696061498469454818e+03
2.696069398504787841e+03
2.696182965679388417e+03
2.696197199076380912e+03
2.696394999961054054e+03
2.696442766841360026e+03
2.696453100220909619e+03
2.696472233639818114e+03
2.696478533667995180e+03
2.696586434150584410e+03
2.696595800859144219e+03
2.696727401447733428e+03
2.696946302426777038e+03
2.697014169396981288e+03
2.697032336144899546e+03
2.697074169665334921e+03
2.697204036912838546e+03
2.697253837135572212e+03
2.697298570668977845e+03
2.697506704933200581e+03
2.697520104993132918e+03
2.697541505088845497e+03
2.697550338461686806e+03
2.697556305155039354e+03
2.697561371844366931e+03
2.697623772123455183e+03
2.697648938902681039e+03
2.697692639098132076e+03
2.697756339383034174e+03
