1.461877227241615351e+01
1.462700564257357527e+01
1.463023899036819131e+01
1.827642196473929914e+01
4.062508858674350876e+01
5.067486686812664232e+01
5.490321911294059731e+01
5.490561912367474662e+01
6.291338827208742401e+01
6.303028879492985226e+01
1.313268609208454052e+02
1.313323942789269267e+02
1.324447325872394288e+02
1.411708382817753886e+02
1.551373007473575001e+02
1.577652458342841157e+02
1.890813525635358019e+02
1.890839525751644601e+02
1.923451004941169913e+02
2.113835856445307400e+02
2.113868523258077801e+02
2.231043380660816524e+02
2.373823352583490589e+02
2.373877019490184637e+02
2.616280770317671340e+02
2.697533467057057806e+02
2.937050871641907861e+02
2.968258011217133117e+02
3.081487184305968299e+02
3.081516851105320711e+02
3.468162580394366614e+02
3.468201913903620834e+02
3.649639392056926681e+02
4.000262626900540113e+02
4.078791311456669746e+02
4.086753013732379145e+02
4.206663883372045802e+02
4.325690749057968105e+02
4.615718712886721278e+02
4.815473939633583882e+02
5.184845258328779209e+02
5.184867925096823456e+02
5.184898591900648626e+02
5.238080829760411916e+02
5.745056097228302860e+02
5.850531902306545362e+02
6.026599023107372659e+02
6.216960541173816637e+02
6.217047874897754127e+02
6.317112322440141270e+02
6.317141655904670188e+02
6.339704090149425610e+02
6.339725423578173604e+02
6.339770423779439170e+02
6.404867048260122147e+02
6.468797000856151271e+02
6.468838334374351007e+02
6.940218109306592851e+02
6.940242109413934486e+02
6.940270109539167152e+02
7.412225887047604829e+02
7.412282887302541212e+02
7.604022744866998664e+02
7.604045744969868110e+02
7.604078411782637659e+02
7.733974992750479487e+02
7.734003659545359142e+02
7.988804799154014518e+02
7.988831465939948657e+02
8.133235111791238978e+02
8.199505741522710878e+02
8.199529408295227313e+02
8.199666742242792452e+02
8.210268789660888160e+02
8.336255686475838047e+02
8.336296686659213719e+02
8.336323353445148996e+02
8.336378020356314664e+02
8.395303283901998839e+02
8.395551951680841967e+02
8.450288863160612891e+02
8.450314529942075978e+02
8.526910872522391855e+02
8.766399276977538193e+02
8.766424277089352017e+02
8.820432851978274584e+02
8.820463185447275691e+02
9.000155322461137075e+02
9.000192989296270980e+02
9.130665572840307505e+02
9.260402819762185800e+02
9.402338454575195783e+02
9.910348060002538659e+02
9.998428120610926726e+02
9.998538454437732526e+02
1.009266454208722621e+03
1.009269887557411721e+03
1.025776494717229525e+03
1.025778661393586844e+03
1.043491140613384232e+03
1.043494307294213968e+03
1.075555950691242515e+03
1.075572917433793691e+03
1.075575184110598002e+03
1.076227120359743367e+03
1.081007041738139833e+03
1.081009341748426777e+03
1.081017741785996122e+03
1.086434732680379057e+03
1.086437099357630814e+03
1.088234674064025057e+03
1.088237040741276587e+03
1.088306841053461312e+03
1.088309341064642922e+03
1.098233718785166730e+03
1.104778981392458263e+03
1.104836881651419617e+03
1.105074216046240736e+03
1.129453858418534764e+03
1.129473525173161988e+03
1.133005707637661089e+03
1.133332509099294157e+03
1.146290633721710037e+03
1.146549668213585846e+03
1.147455838933138693e+03
1.147489405749934349e+03
1.147492139095492803e+03
1.149695815618193819e+03
1.149698682297681898e+03
1.149705648995507318e+03
1.149711782356272352e+03
1.149776249311270249e+03
1.149871983072776857e+03
1.149874349750028614e+03
1.152866496465862156e+03
1.152868696475701881e+03
1.152874096499853749e+03
1.156377545502507701e+03
1.156390812228510413e+03
1.159939994769043096e+03
1.160603531070069948e+03
1.160624764498370723e+03
1.160690431458735702e+03
1.160805731974421860e+03
1.162268805184744224e+03
1.162604873354489655e+03
1.163911212530478906e+03
1.163913345873353819e+03
1.170961744064273489e+03
1.171224611906627388e+03
1.176136067206648022e+03
1.177352105978765167e+03
1.177382939450002596e+03
1.177884841694781244e+03
1.177887275038997814e+03
1.177890475053309956e+03
1.180597487160533774e+03
1.186038744830117366e+03
1.187402117594525407e+03
1.187446484459624799e+03
1.187472451242428860e+03
1.187548051580554329e+03
1.189424693307245661e+03
1.189427259985391856e+03
1.193119943167737119e+03
1.197449995867410507e+03
1.197620096628193323e+03
1.198251466118686267e+03
1.198589400963447133e+03
1.198600134344785829e+03
1.198650467903238223e+03
1.200405909087854752e+03
1.200636176784403460e+03
1.203268988559763102e+03
1.203564056546133543e+03
1.203567189893480872e+03
1.203615190108163915e+03
1.204906529217064872e+03
1.205117430160328240e+03
1.205156663669135014e+03
1.205198763857429867e+03
1.205203530545415788e+03
1.205289630930503336e+03
1.205538098708452253e+03
1.209391415942573303e+03
1.209393682619377842e+03
1.209396382631453662e+03
1.210350753566583762e+03
1.214690606310088469e+03
1.216666315146528177e+03
1.226063757176977106e+03
1.228239166906587343e+03
1.232121917605683848e+03
1.232125017619548998e+03
1.232126984295011653e+03
1.236098835392613637e+03
1.236100902068523510e+03
1.236104302083730317e+03
1.236414736805495750e+03
1.236421836837251021e+03
1.236431670214564519e+03
1.238730313828676572e+03
1.238730580496536049e+03
1.238743113885925368e+03
1.238763980645919446e+03
1.238779714049621134e+03
1.241088257708011497e+03
1.241095191072354737e+03
1.242921999242829997e+03
1.242926265928579369e+03
1.242931999287555527e+03
1.243918703700631795e+03
1.244142504701591179e+03
1.249072193416494883e+03
1.249536428826140309e+03
1.249548628880705564e+03
1.249554862241917817e+03
1.249584829042612455e+03
1.249590429067658761e+03
1.249699596222579885e+03
1.253093878070312712e+03
1.253831581369721334e+03
1.253833781379561060e+03
1.254454317488267861e+03
1.254627551596398007e+03
1.254629818273202318e+03
1.254632684952690397e+03
1.258929104168603317e+03
1.258997571141491335e+03
1.259004904507623451e+03
1.267246974703957221e+03
1.267253708067405796e+03
1.267262574773729284e+03
1.268142512042618364e+03
1.268603414104022022e+03
1.268911448815053518e+03
1.268927482220096863e+03
1.271778461637887176e+03
1.272064162915697807e+03
1.272071362947900298e+03
1.274084138616789687e+03
1.274407106727944438e+03
1.274523173913726396e+03
1.274623441028841853e+03
1.274653741164360554e+03
1.277475920453341132e+03
1.277481087143115928e+03
1.277694254763183608e+03
1.277696721440882584e+03
1.277699621453853069e+03
1.277826622021868388e+03
1.279349695500544158e+03
1.279356995533193867e+03
1.279365295570316221e+03
1.279367395579708500e+03
1.279390862351331180e+03
1.279673496948759748e+03
1.281349737779149564e+03
1.281715606082177374e+03
1.281995340666635002e+03
1.285709290610763674e+03
1.285727924027435620e+03
1.290333244624922827e+03
1.290386444862863073e+03
1.295205999751855416e+03
1.296624939431455232e+03
1.296630039454265216e+03
1.296677573000194343e+03
1.300999692331052302e+03
1.301021259094177140e+03
1.302729400067241613e+03
1.304217973391614123e+03
1.304220140067971442e+03
1.304227706768480630e+03
1.304229773444390275e+03
1.304996776874844954e+03
1.304999310219508743e+03
1.305003076903022247e+03
1.305442278867371215e+03
1.310013899314133141e+03
1.310016232657902492e+03
1.310885169877593626e+03
1.310888569892799978e+03
1.313150046674015584e+03
1.313231913706835940e+03
1.313263913849957817e+03
1.314590753117634677e+03
1.314607186524467124e+03
1.314609419867789256e+03
1.316721195979462209e+03
1.316724029325467654e+03
1.316726962671920546e+03
1.320132377902781172e+03
1.320371478972170507e+03
1.320674046992085323e+03
1.323136324671390867e+03
1.323141124692859194e+03
1.324439063831279100e+03
1.324607997920177240e+03
1.326043304339644692e+03
1.330174456149725529e+03
1.330182656186400664e+03
1.335428246314186481e+03
1.337195787552921274e+03
1.337495955562101699e+03
1.340336468266412567e+03
1.340365268395222301e+03
1.346089827331882589e+03
1.346092094008687354e+03
1.348397404319283169e+03
1.348427271119530133e+03
1.348515671514904625e+03
1.348519638199312567e+03
1.348531238251194281e+03
1.352210054704853292e+03
1.352498789329564033e+03
1.353335593072203665e+03
1.359726988324650392e+03
1.360694359317923727e+03
1.360696492660798640e+03
1.360702992689870371e+03
1.361397995798300599e+03
1.362209466094301661e+03
1.365651914824129562e+03
1.365694315013766300e+03
1.365699248369164025e+03
1.366289217674492875e+03
1.366298317715193207e+03
1.366302817735319877e+03
1.366319051141257887e+03
1.366342751247257638e+03
1.366370951373383832e+03
1.366384018098491879e+03
1.374198019713604481e+03
1.375011056683279321e+03
1.375084057009776416e+03
1.375108990454625655e+03
1.375213124253701608e+03
1.375388958373460582e+03
1.375421691853195625e+03
1.375435558581881878e+03
1.375457192011971529e+03
1.375487725481867074e+03
1.376109628263352988e+03
1.378125970614860989e+03
1.378128170624700715e+03
1.378485905558018430e+03
1.378489038905365760e+03
1.380482181153110332e+03
1.381611852872280451e+03
1.381842520570618262e+03
1.384825800580128316e+03
1.384874200796600235e+03
1.384876567473851765e+03
1.391164628930800745e+03
1.391191462384147826e+03
1.391264129375820630e+03
1.396053250795364647e+03
1.396406419041590652e+03
1.397878658959578161e+03
1.397905525746407648e+03
1.400774338577291928e+03
1.402469279491318730e+03
1.404995190788561786e+03
1.406502530863535867e+03
1.406506630881873662e+03
1.407095066847011140e+03
1.407097866859534179e+03
1.407663136054390634e+03
1.407666236068255785e+03
1.408000670897362625e+03
1.409444044019575585e+03
1.409454444066089991e+03
1.409700978502058888e+03
1.410052680075058788e+03
1.410081513537350929e+03
1.410095646933896433e+03
1.410136380449412172e+03
1.412809192403674388e+03
1.415297336865336774e+03
1.415813705841485216e+03
1.416157207377809982e+03
1.416163207404645391e+03
1.416176807465472393e+03
1.418874552864583620e+03
1.419933690934955848e+03
1.422464335586702191e+03
1.424845046234529264e+03
1.425461315657486466e+03
1.425727550181564993e+03
1.425785417107043713e+03
1.425832350650289072e+03
1.426774221529512488e+03
1.430456237997483640e+03
1.431811010723427444e+03
1.438752441769265488e+03
1.438754541778657995e+03
1.438757308457698855e+03
1.445490905240655820e+03
1.445495105259440834e+03
1.445552638850095491e+03
1.445561472222936345e+03
1.451794433433447011e+03
1.462700848879508612e+03
1.464854291844204909e+03
1.464856525187527041e+03
1.464859558534427151e+03
1.465320227261453738e+03
1.465322527271740455e+03
1.465325193950334096e+03
1.471525655015486564e+03
1.471735122619005779e+03
1.473871598841150899e+03
1.473875998860830123e+03
1.474022032847306264e+03
1.474133533345996966e+03
1.474155233443051429e+03
1.474177133541000785e+03
1.474248933862130571e+03
1.474310567471122795e+03
1.478678687007718509e+03
1.478681787021583432e+03
1.478928688125859026e+03
1.480883063533550512e+03
1.480944197140306414e+03
1.484555879960374114e+03
1.484849947942272138e+03
1.487799361133644652e+03
1.487804561156902082e+03
1.487822327903031237e+03
1.487830427939258925e+03
1.487848061351458455e+03
1.487852128036313616e+03
1.488068695671588102e+03
1.488440464001003875e+03
1.488495197579135493e+03
1.488540097779953385e+03
1.488542197789345664e+03
1.488546131140271200e+03
1.491286910065185339e+03
1.491289310075919275e+03
1.491292276755854573e+03
1.493519986719379858e+03
1.495272394557096277e+03
1.496488966664932150e+03
1.496771001259676950e+03
1.496801168061266026e+03
1.496821101483752273e+03
1.496826701508798578e+03
1.498316041503266888e+03
1.499278545808107083e+03
1.501152820857546658e+03
1.501288288130096362e+03
1.501303688198973759e+03
1.501426388747757073e+03
1.503804932719226827e+03
1.504084167301448588e+03
1.504089400658188197e+03
1.504125967488401557e+03
1.504154534282834447e+03
1.504670003254957464e+03
1.506106943015063507e+03
1.506939080070164209e+03
1.506941413413933333e+03
1.506944113426009153e+03
1.508195852357797094e+03
1.513195874720604252e+03
1.513231041544555865e+03
1.518504131795337116e+03
1.522319348859053434e+03
1.522321748869787825e+03
1.522419582640686713e+03
1.525172761621060317e+03
1.525182594998374043e+03
1.533065496921646172e+03
1.536382778424991784e+03
1.536625346176552739e+03
1.536636279558786100e+03
1.539416658660813482e+03
1.539981294519504218e+03
1.539983827864168006e+03
1.550865109864485930e+03
1.552004914962311432e+03
1.552011514991830381e+03
1.552014181670423795e+03
1.552084215316985592e+03
1.552093582025545174e+03
1.552097715377365148e+03
1.553137220026592558e+03
1.553208920347275580e+03
1.553496288299206981e+03
1.554695426995737989e+03
1.554739060524223987e+03
1.559120846788611289e+03
1.559365347882152719e+03
1.559370747906304359e+03
1.559389214655564501e+03
1.559484715082694265e+03
1.559530581954502168e+03
1.560002617399033625e+03
1.560235718441587778e+03
1.560315352131086001e+03
1.560319585483353194e+03
1.564202936185133467e+03
1.564207002869988628e+03
1.567328983499842934e+03
1.567337083536070622e+03
1.571237967649603206e+03
1.571242834338036346e+03
1.571275734485183648e+03
1.571821836927649201e+03
1.580461342234861604e+03
1.582867252995397166e+03
1.583122854138583762e+03
1.583160820975058868e+03
1.583174887704639332e+03
1.583177187714926504e+03
1.583184921082847495e+03
1.583189754437798229e+03
1.584413493244354186e+03
1.584422959953360987e+03
1.584456360102744611e+03
1.584460326787152553e+03
1.584483960226187264e+03
1.584486326903438794e+03
1.584514527029564988e+03
1.586019133758981297e+03
1.586195301213564107e+03
1.587110038638098331e+03
1.587112305314902869e+03
1.590582220834243799e+03
1.590584220843188859e+03
1.592796830739178404e+03
1.592812864144221749e+03
1.593058131907858751e+03
1.593084665359863948e+03
1.593122965531163118e+03
1.595445375918239733e+03
1.595449475936577301e+03
1.595475009384110081e+03
1.595496276145893034e+03
1.595561076435715222e+03
1.599209859421715009e+03
1.599363593442630190e+03
1.600113196795261956e+03
1.603084976753337742e+03
1.603253544173929185e+03
1.608107132548471100e+03
1.608111832569491980e+03
1.609804006804478149e+03
1.610108174831548922e+03
1.610736810976483412e+03
1.610738977652840504e+03
1.610742177667152873e+03
1.612828653665669890e+03
1.612878620555815587e+03
1.612929754117845960e+03
1.617518474641088460e+03
1.619405916416083528e+03
1.619408116425923026e+03
1.619410716437551628e+03
1.619973785622568585e+03
1.620595855071466758e+03
1.622317496104910788e+03
1.622965999005366939e+03
1.622973465705428907e+03
1.626347080794062094e+03
1.626434147850139652e+03
1.626437014529627731e+03
1.632720442632520417e+03
1.635454788195327410e+03
1.638227533929881020e+03
1.638235167297354792e+03
1.638494835125396548e+03
1.640255076331481632e+03
1.640396176962560276e+03
1.640398443639364586e+03
1.640402610324666966e+03
1.640525744208721562e+03
1.641283347597134252e+03
1.641285980942245260e+03
1.641289814292723349e+03
1.641614849079788428e+03
1.649331283591861393e+03
1.649346983662080675e+03
1.649439584076239726e+03
1.649555017925855964e+03
1.652676465219991542e+03
1.652792965741045009e+03
1.657512820184122802e+03
1.659414728690487664e+03
1.659418128705694016e+03
1.659557029326932934e+03
1.659562062682778333e+03
1.660790768178214421e+03
1.660793168188948584e+03
1.660800501555080700e+03
1.680059887693483233e+03
1.680446556089540309e+03
1.680451422777973448e+03
1.680455589463275828e+03
1.680499022990867616e+03
1.680507556362366586e+03
1.680512423050799725e+03
1.680530256463893693e+03
1.680551789893536125e+03
1.680569089970911591e+03
1.680569689973595132e+03
1.680597756765791701e+03
1.685157877161118904e+03
1.689153128363378983e+03
1.690409700650117202e+03
1.692735444385435812e+03
1.692737577728310725e+03
1.692740211073421733e+03
1.695549056969434560e+03
1.695867258392603844e+03
1.695872391748896234e+03
1.696953329916770144e+03
1.696965696638747659e+03
1.697018663542311060e+03
1.697070430440507380e+03
1.698147468590938388e+03
1.698164468666971970e+03
1.699803009328746157e+03
1.701568750559430327e+03
1.701578683937191045e+03
1.703025057072821483e+03
1.703276024861952010e+03
1.703340791818291564e+03
1.703371491955599140e+03
1.708785482836564597e+03
1.708912183403238032e+03
1.708929483480613271e+03
1.710189389115593485e+03
1.710191889126775095e+03
1.710195955811630029e+03
1.710538724011341628e+03
1.710787391790185211e+03
1.710789425132612905e+03
1.710791891810311881e+03
1.717417921445503907e+03
1.721118704664076859e+03
1.721161004853266149e+03
1.721164671536332207e+03
1.722860079119112925e+03
1.722862612463776713e+03
1.723706382904241764e+03
1.723710382922131885e+03
1.725345756903076335e+03
1.735050866976250063e+03
1.737267076888340625e+03
1.737612178431821803e+03
1.737848646156100131e+03
1.738028413626784186e+03
1.738090513904530326e+03
1.738849350631792504e+03
1.739154818664677578e+03
1.739226485651877510e+03
1.756033494155253038e+03
1.757398500260299443e+03
1.757403566949627020e+03
1.761993654145648861e+03
1.763920362762932882e+03
1.763922596106255014e+03
1.765785437771224906e+03
1.768560150181241170e+03
1.769705288636253499e+03
1.772701602037389421e+03
1.780679971054308908e+03
1.784141253201703421e+03
1.784196753449930611e+03
1.785466692463118534e+03
1.793792463033805916e+03
1.793795063045434517e+03
1.798227316202203838e+03
1.803714874078867069e+03
1.803717140755671608e+03
1.806757054351811121e+03
1.806764521051872862e+03
1.815192292078761511e+03
1.816956633303183935e+03
1.820724583488830604e+03
1.820727250167424245e+03
1.841529209871717740e+03
1.874527890793018514e+03
1.874534024153783776e+03
1.880389017007148595e+03
1.887388814980701909e+03
1.888822421392565730e+03
1.888835121449367307e+03
1.895423684250320775e+03
1.895522684693104566e+03
1.895577051602929259e+03
1.904028389401888035e+03
1.909333746463650414e+03
1.909340946495852904e+03
1.920925931643512286e+03
1.920928498321658481e+03
1.920931265000699341e+03
1.932726617755903362e+03
1.932747217848038190e+03
1.937033303684401062e+03
1.937035703695135453e+03
1.939224513484678027e+03
1.943582732976995203e+03
1.943586532993990886e+03
1.943589033005172269e+03
1.948445054723930753e+03
1.955591253352266904e+03
1.955594520033543859e+03
1.955886488006049376e+03
1.955901021404383982e+03
1.956210422788194364e+03
1.958981468515144570e+03
1.958984301861150243e+03
1.959050968825987411e+03
1.970087918189200991e+03
1.972323161519752603e+03
1.972325394863074735e+03
1.972327561539432054e+03
1.973118131741956859e+03
1.975645809713767903e+03
1.975648309724949286e+03
2.023434823452112141e+03
2.023489523696761125e+03
2.023786058356358126e+03
2.023795325064470489e+03
2.028623313324514584e+03
2.028625713335248747e+03
2.028628580014736826e+03
2.032039928605468049e+03
2.032515530732618117e+03
2.032517497408080999e+03
2.034133671303152369e+03
2.034139504662575746e+03
2.035300676522631420e+03
2.048728103244020531e+03
2.049544673562831576e+03
2.051278447983876504e+03
2.051290448037547321e+03
2.069109261066260387e+03
2.069111494409582065e+03
2.069114394422552778e+03
2.069121094452518719e+03
2.077818133350385779e+03
2.081121181456738668e+03
2.103642748852048953e+03
2.105629857739475483e+03
2.107396865642491321e+03
2.125449913052161264e+03
2.133339648339328960e+03
2.133341815015685825e+03
2.133344081692490818e+03
2.133627016291260588e+03
2.133949417733214432e+03
2.133951917744395359e+03
2.133954317755129978e+03
2.141947186836901437e+03
2.141957853551275548e+03
2.144595598682033142e+03
2.147599112115371099e+03
2.147601412125658499e+03
2.147605112142206963e+03
2.149284619653873506e+03
2.153606438983390035e+03
2.153714939468662578e+03
2.170383347352140845e+03
2.170386014030734714e+03
2.170388914043704972e+03
2.173623795178511500e+03
2.199019008759656572e+03
2.199021542104320361e+03
2.199024142115948962e+03
2.210385626263991071e+03
2.210451926560522224e+03
2.222649214446730639e+03
2.222685481275602342e+03
2.222698247999368505e+03
2.222876382129414196e+03
2.222878848807113627e+03
2.222881748820083885e+03
2.223157416719686353e+03
2.223161283403647303e+03
2.223162683409908368e+03
2.223170183443452970e+03
2.227252935037061434e+03
2.227260168402746785e+03
2.229703945999309781e+03
2.231168019214104788e+03
2.231170352557874139e+03
2.233107261220778128e+03
2.233141794708563793e+03
2.233355295663456218e+03
2.233901531439851169e+03
2.233903698116208488e+03
2.238704086252810157e+03
2.238707552934981777e+03
2.242632570489785394e+03
2.242635137167931589e+03
2.243365007098971546e+03
2.243367473776670977e+03
2.246650655127501977e+03
2.246863456079263415e+03
2.246870489444053419e+03
2.250461405504574032e+03
2.250463505513966538e+03
2.258098839663315175e+03
2.258102739680758077e+03
2.261415687831389278e+03
2.261514288272383965e+03
2.275071348906899402e+03
2.275079848944915739e+03
2.278304063365348611e+03
2.278308330051098437e+03
2.280011237667422847e+03
2.280035337775211701e+03
2.280044071147605337e+03
2.280077337963059563e+03
2.282882550509489192e+03
2.282889383873384759e+03
2.282891950551530954e+03
2.284756158889279959e+03
2.284768125609467916e+03
2.286996702243536220e+03
2.287008168961488082e+03
2.287011668977142108e+03
2.288258507887014275e+03
2.288261141232125283e+03
2.295636540885572231e+03
2.298062785070383597e+03
2.299187523434155537e+03
2.299189790110960530e+03
2.300053027305158139e+03
2.300612563141038208e+03
2.300619296504487011e+03
2.300621529847809143e+03
2.302975040373982665e+03
2.302978040387399687e+03
2.315564030012093099e+03
2.318381009277816702e+03
2.318385909299731793e+03
2.319899349401989184e+03
2.323599065949124906e+03
2.325510141163154458e+03
2.325513841179702922e+03
2.327099281603984309e+03
2.327154348516939990e+03
2.327171115258596728e+03
2.327208848760694309e+03
2.327228982184075448e+03
2.327634183996357478e+03
2.327640050689262807e+03
2.334999683605526116e+03
2.347496472831267511e+03
2.351849058965055519e+03
2.351856558998600121e+03
2.351979426214795240e+03
2.364661816270643612e+03
2.364664116280930557e+03
2.365443419766397710e+03
2.365446019778026312e+03
2.368129631780592263e+03
2.368131931790879207e+03
2.377636740968198865e+03
2.377639307646345060e+03
2.388047654198106102e+03
2.388049787540981015e+03
2.389260259621534260e+03
2.389262659632267969e+03
2.389265759646133574e+03
2.390072596588078341e+03
2.390076629939451323e+03
2.390093230013695575e+03
2.390099963377143922e+03
2.390147063587801767e+03
2.397329095709737885e+03
2.397701930710591114e+03
2.399850240318995020e+03
2.399852340328387527e+03
2.402742719922396191e+03
2.403578456993598593e+03
2.403580757003885537e+03
2.403583223681584514e+03
2.406326402617232816e+03
2.406329169296273449e+03
2.406333069313716351e+03
2.419125459861546460e+03
2.419314294039448214e+03
2.419316794050629596e+03
2.421634504416685559e+03
2.435846767981623088e+03
2.458593503050671643e+03
2.466432304776703859e+03
2.466444071495997832e+03
2.469370817919325873e+03
2.469376717945714063e+03
2.469422818151899264e+03
2.471369993527388033e+03
2.471373660210454545e+03
2.471380226906490861e+03
2.471415060395618184e+03
2.471995662992387679e+03
2.477930022867391017e+03
2.484091350424183929e+03
2.484941287558896420e+03
2.500475357035666093e+03
2.500477823713364614e+03
2.505661680231711216e+03
2.505663946908515300e+03
2.512908579310434106e+03
2.512911045988133083e+03
2.532923835496163974e+03
2.532936635553412543e+03
2.534207841238932360e+03
2.534226774656946418e+03
2.545620858950793718e+03
2.547912402533150726e+03
2.548048469808383743e+03
2.548055769841033907e+03
2.549342742263737819e+03
2.551746219680057038e+03
2.551748386356413903e+03
2.552202588387851392e+03
2.559503187706751305e+03
2.559875389371438359e+03
2.559878022716549822e+03
2.560720859819506586e+03
2.560723493164618048e+03
2.562255333349169632e+03
2.565534248014251716e+03
2.568295193696028946e+03
2.570211702267692999e+03
2.570269535859689313e+03
2.570388003056205434e+03
2.570390069732115535e+03
2.570392669743744136e+03
2.570393069745533012e+03
2.576241829237685579e+03
2.576352063064044160e+03
2.583878896728119798e+03
2.583881796741090056e+03
2.584262898445583687e+03
2.585833005467952262e+03
2.585874172318739511e+03
2.600837439242570326e+03
2.600839939253751709e+03
2.601777176778919056e+03
2.604172487492045093e+03
2.604177187513066201e+03
2.605857728362688249e+03
2.605864428392654645e+03
2.607776436944192028e+03
2.607783070307193157e+03
2.607807037081052385e+03
2.608792241487419687e+03
2.608898141961064084e+03
2.609752145780631963e+03
2.609757779139160448e+03
2.613561429484477685e+03
2.613566462840322856e+03
2.614600434131468774e+03
2.614602900809167750e+03
2.614605300819901913e+03
2.615039002759651794e+03
2.617510080478316013e+03
2.619508256081905984e+03
2.619510822760051724e+03
2.620531793993055089e+03
2.624442244816041693e+03
2.624952913766696383e+03
2.624954947109123623e+03
2.624958347124330430e+03
2.634311222288785757e+03
2.641889622850163050e+03
2.642746293348323888e+03
2.642748326690751583e+03
2.642750960035862590e+03
2.644049565843930850e+03
2.684271412404472812e+03
2.684277512431755895e+03
2.685746919003737275e+03
2.691351910738961578e+03
2.702202359268042528e+03
