9.819384140287192864e+00
1.683524885236617052e+01
2.464805046211177952e+01
2.502995217018299456e+01
2.525938652967100850e+01
2.613659045300190442e+01
2.616952393363159501e+01
2.701286103882507561e+01
2.733666248704047419e+01
2.801033216672269432e+01
2.886126930590764417e+01
2.902053668490426475e+01
2.988604055590618813e+01
2.995384085914585626e+01
3.005250796710525307e+01
3.241728521033613220e+01
3.406702592220315751e+01
3.420005985053624187e+01
3.477212907580622669e+01
3.649677012266811005e+01
3.896908118018176026e+01
3.934828287617705911e+01
4.297616576870029093e+01
4.298626581387316037e+01
4.305753279928437394e+01
4.326423372376282828e+01
4.329576719813093177e+01
4.895462584094403269e+01
4.909585980595212362e+01
5.040793234091757569e+01
5.048166600402777249e+01
5.064013337944634685e+01
5.091933462818549572e+01
5.153737072571088618e+01
5.311311110660837187e+01
5.515858692175037703e+01
6.341312384050878848e+01
6.342789057322028157e+01
6.371639186355425721e+01
6.479113000369845565e+01
6.830501238634968786e+01
7.236253053376772471e+01
7.463740737491532684e+01
7.619524767575396140e+01
7.811068957598057239e+01
7.829292372436367486e+01
7.895419334858613070e+01
7.903206036351626551e+01
8.530645509267336024e+01
8.690089555720773262e+01
8.703306281499793329e+01
9.014904341801695864e+01
9.041427793762268550e+01
9.660070560667676887e+01
9.664180579049904907e+01
9.677353971301782565e+01
1.017766954231723702e+02
1.026020991148245969e+02
1.026380659423543875e+02
1.026829661431723935e+02
1.064181828490838910e+02
1.066057170211715857e+02
1.078174557740566968e+02
1.136780153189854445e+02
1.136885153659473247e+02
1.157844914069536912e+02
1.158530583802889993e+02
1.183924697379115116e+02
1.184185698546453693e+02
1.214698168348072613e+02
1.217624514769611608e+02
1.268354074993005014e+02
1.275668774374967853e+02
1.277835450732184341e+02
1.296993869752340629e+02
1.299665881703024866e+02
1.300547885647823989e+02
1.300791220069480687e+02
1.301555890156165844e+02
1.302116225995624745e+02
1.303481232100670866e+02
1.304107568235318411e+02
1.305492907764640336e+02
1.313078608358667339e+02
1.314821282819517876e+02
1.321335645288607168e+02
1.324357992139512135e+02
1.330126351272070622e+02
1.333221365114648336e+02
1.363449166976411391e+02
1.365293841893463025e+02
1.367438851487107172e+02
1.397570986254328602e+02
1.400427665697612554e+02
1.401458336973999224e+02
1.406003357301790970e+02
1.433441480019931760e+02
1.486956386034233049e+02
1.497668433944311062e+02
1.500794781260362356e+02
1.501891119497113891e+02
1.518655527809958130e+02
1.518852195356228663e+02
1.520697536942928707e+02
1.520856870988889966e+02
1.522066543065865289e+02
1.522695545879106191e+02
1.523604883279489002e+02
1.524346553263305282e+02
1.524884889004367778e+02
1.525245223949313811e+02
1.526583229933601160e+02
1.527444567119300700e+02
1.545500981210694249e+02
1.548510994673104051e+02
1.550646337556847243e+02
1.556247695942487894e+02
1.563757729531424161e+02
1.569242087393775478e+02
1.571950766175120009e+02
1.576290118916388394e+02
1.576551453418551318e+02
1.576864121483638712e+02
1.577277790000455013e+02
1.582972815471692343e+02
1.591305852741546971e+02
1.594974535816550656e+02
1.607777259743930642e+02
1.618570974685934516e+02
1.620612650484081030e+02
1.621396987325393297e+02
1.628138350809754229e+02
1.631219697924540242e+02
1.632130035329394957e+02
1.632422369970207114e+02
1.633251373677960601e+02
1.634306711731337316e+02
1.666088853878285079e+02
1.670062538317419865e+02
1.675197561284022925e+02
1.675686896805929678e+02
1.676934902387686179e+02
1.677183236831705813e+02
1.677313570747963070e+02
1.679587914253391716e+02
1.682118925573444983e+02
1.682952929303561120e+02
1.691158966005400259e+02
1.692456971810784978e+02
1.696404322798809119e+02
1.696584990273518656e+02
1.700031672355613637e+02
1.743273532423291385e+02
1.743457533246242690e+02
1.746509213561676006e+02
1.747105882896970854e+02
1.748269554768208138e+02
1.753541911682376622e+02
1.754303248420820012e+02
1.755326586331074452e+02
1.757321261919010453e+02
1.760281608492616385e+02
1.760810610858601422e+02
1.771321991204519009e+02
1.780126030580949816e+02
1.780501365592984655e+02
1.781852371635415011e+02
1.783673379779949357e+02
1.786967394512566614e+02
1.787511063610816109e+02
1.788424734363912876e+02
1.788688735544669157e+02
1.789033403752878826e+02
1.796889772224145645e+02
1.797186106882847980e+02
1.797605775426499690e+02
1.799920452445655314e+02
1.816706194187247263e+02
1.820094876009933955e+02
1.821334881555910101e+02
1.825027898073079484e+02
1.825663234247980142e+02
1.831516927095530605e+02
1.833432935664958165e+02
1.839797630797987722e+02
1.850560345601342362e+02
1.851976351934489173e+02
1.857082374771387947e+02
1.863913738658279442e+02
1.873023446068490045e+02
1.877029130650746822e+02
1.880693147038211919e+02
1.881448150414995837e+02
1.881682484796399706e+02
1.883232825063693952e+02
1.886802174361089897e+02
1.888709849559913039e+02
1.889681187237594600e+02
1.895190545211759456e+02
1.900566902591073983e+02
1.901179905332753890e+02
1.916339639801961425e+02
1.917657979031621664e+02
1.920298324174007973e+02
1.921935664830415078e+02
1.922999002919572149e+02
1.923392004677288867e+02
1.925064678825060014e+02
1.926341684536521086e+02
1.928651361533313775e+02
1.929068030063547496e+02
1.929707366256338332e+02
1.931641374906272404e+02
1.935274057820263920e+02
1.936067728036653648e+02
1.941928087580687645e+02
1.955208813645951977e+02
1.957844825435624045e+02
1.970239880873023139e+02
1.972735892036536427e+02
1.989562967296327827e+02
1.990950973504243109e+02
1.993052982905567205e+02
1.993326317461400663e+02
2.001452353805435109e+02
2.011860400355854495e+02
2.014067076891973329e+02
2.016575754778805845e+02
2.018444096468374767e+02
2.018926765293797985e+02
2.067640983170155948e+02
2.093780100078439261e+02
2.099739126730433156e+02
2.104741149102185318e+02
2.108270164885854570e+02
2.112861518754208419e+02
2.117685873664669032e+02
2.118554877551324864e+02
2.119727882797639325e+02
2.119870883437215525e+02
2.120716887221002764e+02
2.126738914154767599e+02
2.144096658454664919e+02
2.156209712630801789e+02
2.160120396788165351e+02
2.161667737042042177e+02
2.162921075980985677e+02
2.178246811192638290e+02
2.180780489191284630e+02
2.181512492465199671e+02
2.182918832088445527e+02
2.183062832732494201e+02
2.188925525620297776e+02
2.190062530705600068e+02
2.196342558793286059e+02
2.196734893881354083e+02
2.201686249359829901e+02
2.207694942900627666e+02
2.208232945306865531e+02
2.218541658079677461e+02
2.224163683224417696e+02
2.226438693399495037e+02
2.231098047571982761e+02
2.241775428660345710e+02
2.241895429197053033e+02
2.262932189951503972e+02
2.268451547970394699e+02
2.272535566236335569e+02
2.284173951622829861e+02
2.287434966207852653e+02
2.296034671337056920e+02
2.297241010065790192e+02
2.304384375348120670e+02
2.308521727185931525e+02
2.311166405681032359e+02
2.312933413584048594e+02
2.316984765037219063e+02
2.317278099682503694e+02
2.323355460197084028e+02
2.326950809610766555e+02
2.336594852744148909e+02
2.337697191007735569e+02
2.339449198843663567e+02
2.342099210695951115e+02
2.343929218880738858e+02
2.388416751186403530e+02
2.415439538713607419e+02
2.417105546164894747e+02
2.420051892675884915e+02
2.433001617260731564e+02
2.448936355196173906e+02
2.471221121532381346e+02
2.471441789185993230e+02
2.471568456419184372e+02
2.471661456835132640e+02
2.471822124220390720e+02
2.471870791104722116e+02
2.471996458333440501e+02
2.472763795098719584e+02
2.473319797585463675e+02
2.474124801185875526e+02
2.484551847821273611e+02
2.485157183861997510e+02
2.491404211802089037e+02
2.493867556152831924e+02
2.496805569293217388e+02
2.496889236334088480e+02
2.497045570366632319e+02
2.497978574539532133e+02
2.498299242640399882e+02
2.501400256509813005e+02
2.510687298046491094e+02
2.519719338442666015e+02
2.525846699180874282e+02
2.526714703063057357e+02
2.534943406532941310e+02
2.536731747864705540e+02
2.538376421887244874e+02
2.545145785496837618e+02
2.551399146798588333e+02
2.570124230547301067e+02
2.570410565161278100e+02
2.570540232407886947e+02
2.572558908103164299e+02
2.574611917285332652e+02
2.577728264556658360e+02
2.584097959712050852e+02
2.589356983233251412e+02
2.600623033621128570e+02
2.601551704441314428e+02
2.601888705948567235e+02
2.614678763152627994e+02
2.617838110616273752e+02
2.644307895670150970e+02
2.645626901569459619e+02
2.646537905643963313e+02
2.651869262822012274e+02
2.663717315812920106e+02
2.666955663629898368e+02
2.681126727010566810e+02
2.683642738263531555e+02
2.684420741743183498e+02
2.696977464570313714e+02
2.697560467177816577e+02
2.706796175151570196e+02
2.708833184262177838e+02
2.710677525844405409e+02
2.712085865476595927e+02
2.712997536220747747e+02
2.717809224407889701e+02
2.720605570247995502e+02
2.724123252647642630e+02
2.729078608144008626e+02
2.729791611332944967e+02
2.730166946344979806e+02
2.732278955791028920e+02
2.737468645668799354e+02
2.746927354639933583e+02
2.753227049482246684e+02
2.758925741636549560e+02
2.761257418731738653e+02
2.761682420632577646e+02
2.762210089659266146e+02
2.767479446560016072e+02
2.773259139076596966e+02
2.774791812598210186e+02
2.813496652373875691e+02
2.815402994233402296e+02
2.817002334719852570e+02
2.836119086886985201e+02
2.836173087128503312e+02
2.836430754947600121e+02
2.836658755967344518e+02
2.836911423764078108e+02
2.837929094982321772e+02
2.858882188695901618e+02
2.860639863223840393e+02
2.860969531364961540e+02
2.861526867191001884e+02
2.864930215745952751e+02
2.878306608905759276e+02
2.909920750301316730e+02
2.913271765288869233e+02
2.915847443475363434e+02
2.916182778308495926e+02
2.917851452438376896e+02
2.928913501913851292e+02
2.930754510147837095e+02
2.942704230260122245e+02
2.947580918737979800e+02
2.949612261156576665e+02
2.950633932392710221e+02
2.950765599648264015e+02
2.950894266890400672e+02
2.951343935568228858e+02
2.967899342946307684e+02
2.968926347539628523e+02
2.973056699346131495e+02
2.973858702933125642e+02
2.975698044492990562e+02
2.991293447577410234e+02
2.992489786261418203e+02
2.995547799938510707e+02
3.001918495098375388e+02
3.003048500152369797e+02
3.016062225023459860e+02
3.017494564762992013e+02
3.019505240422489578e+02
3.020950913554988801e+02
3.038865327011278623e+02
3.060369756524064542e+02
3.060902425573115124e+02
3.070766136355637173e+02
3.071417139267275047e+02
3.072169809300289103e+02
3.074838487902731572e+02
3.080354845908204311e+02
3.081247849902202347e+02
3.081717852004305769e+02
3.081913852880928175e+02
3.089269219111441203e+02
3.097033920506057143e+02
3.099427264543720639e+02
3.111768653074425401e+02
3.113655661514148960e+02
3.114768333157285269e+02
3.117158343846707567e+02
3.126763386805660048e+02
3.130207068874337892e+02
3.135940094515532337e+02
3.140424781240146217e+02
3.141973454833319579e+02
3.150881494674896999e+02
3.151761165275926828e+02
3.154803512216283252e+02
3.161256541077722204e+02
3.162676214093934846e+02
3.163696551990771582e+02
3.164675223034585088e+02
3.165170558583327534e+02
3.165965895473838145e+02
3.172446591125684563e+02
3.173891264253711597e+02
3.176392608774411883e+02
3.177086278543545745e+02
3.204592068230996347e+02
3.204892736242412639e+02
3.205590072694612900e+02
3.207101412787476988e+02
3.209388423016225147e+02
3.239244223214195131e+02
3.257047636174030458e+02
3.258312975166645629e+02
3.270072361094319717e+02
3.273401375983476669e+02
3.278004729905500767e+02
3.292082126200572247e+02
3.292496461387037243e+02
3.293726800223112150e+02
3.294709804619639613e+02
3.295532474965733627e+02
3.296336145226848657e+02
3.301882503366499009e+02
3.307429528175797486e+02
3.311788547671692413e+02
3.311966881802632656e+02
3.313630889244974469e+02
3.314670227226790189e+02
3.315023562140428339e+02
3.320418252935073156e+02
3.331377968619522676e+02
3.333193976741694087e+02
3.354327071260335060e+02
3.354610405860894389e+02
3.355652077186479119e+02
3.356494414287199675e+02
3.358076421362792416e+02
3.368035132570207111e+02
3.368102799539517491e+02
3.371456481205664204e+02
3.371576481742371243e+02
3.372239484707679935e+02
3.372345485181771210e+02
3.372661819929924718e+02
3.373610157504737117e+02
3.374966163569530977e+02
3.376596504194629915e+02
3.382057861954112354e+02
3.382609531088142489e+02
3.383422534724334696e+02
3.383881536777240058e+02
3.384598539984066861e+02
3.386774549716360525e+02
3.390090897882198533e+02
3.392981577477549422e+02
3.397628264926718202e+02
3.397993933228851802e+02
3.398745603257393100e+02
3.399302939083434580e+02
3.406840306127954250e+02
3.410858990768354602e+02
3.417933689076902510e+02
3.437250108803723379e+02
3.439170117391041117e+02
3.440799458011668435e+02
3.449869831912624818e+02
3.461544217460130994e+02
3.463278225215552766e+02
3.464751231803635960e+02
3.471355594675255247e+02
3.472002930903827291e+02
3.473527604389659018e+02
3.474612942577212493e+02
3.481729307738783632e+02
3.482073975946993301e+02
3.490845681845477770e+02
3.496452040253481641e+02
3.501238728328809202e+02
3.502970069405637332e+02
3.506422084844919027e+02
3.506899753647979878e+02
3.508111425733899296e+02
3.515767126641006257e+02
3.517620468263486941e+02
3.518475805422351073e+02
3.527283511481847995e+02
3.538532895128515747e+02
3.544811923211728981e+02
3.545768594157145799e+02
3.546154262548730571e+02
3.547710602842860226e+02
3.551186285054659493e+02
3.551865954761177591e+02
3.553446295162648312e+02
3.557974648749230937e+02
3.561221663271638249e+02
3.561679998654894916e+02
3.564267343560235304e+02
3.565900350863928452e+02
3.575846728682848834e+02
3.581470087166886174e+02
3.581892422389131525e+02
3.582594425528869806e+02
3.583576429920924511e+02
3.585753439657690933e+02
3.593603808102122912e+02
3.594738479843655341e+02
3.597064490246833657e+02
3.603500852367063203e+02
3.605356860668136960e+02
3.606235531264694032e+02
3.615337571973948911e+02
3.623964943893560076e+02
3.624340612240419546e+02
3.632284647770447350e+02
3.634010322155264134e+02
3.634914326198460230e+02
3.635789996781599598e+02
3.637158669569711833e+02
3.643027029149526470e+02
3.647174047697238848e+02
3.649145723182305687e+02
3.649237056924133071e+02
3.650516062644539375e+02
3.651059398407963954e+02
3.651733734757294769e+02
3.660818775390515611e+02
3.662078114356294805e+02
3.663387120210877583e+02
3.664511458572860647e+02
3.676555845775214948e+02
3.677988518849571165e+02
3.679761526779422525e+02
3.680806864788073653e+02
3.692749918203874699e+02
3.702000292909892210e+02
3.706896648142377444e+02
3.707871319168300488e+02
3.710192329549115584e+02
3.711991670930078158e+02
3.712364672598343418e+02
3.725290063741024369e+02
3.737003116128136071e+02
3.738787457442010123e+02
3.739621127837302197e+02
3.740324130981513235e+02
3.741529136370949686e+02
3.744213481710128804e+02
3.745940822769066472e+02
3.747165494913130033e+02
3.752144183847188970e+02
3.761088890519426968e+02
3.763323900515601963e+02
3.767992921397991495e+02
3.768151588774304628e+02
3.768942925646924209e+02
3.769075259572126697e+02
3.769995597021707567e+02
3.781889650218353154e+02
3.782051317608083991e+02
3.786560337774864138e+02
3.798011055655340442e+02
3.818773481849485734e+02
3.821812162106775190e+02
3.822225830623592060e+02
3.823378502445630716e+02
3.823624503545880771e+02
3.825044509896918044e+02
3.826060847775864886e+02
3.826353182416677328e+02
3.828796193343144409e+02
3.832102874799080610e+02
3.832921545127284730e+02
3.833468547573775709e+02
3.839588574945851747e+02
3.845580601745439822e+02
3.858098991067788006e+02
3.877295410257901835e+02
3.879811754845690643e+02
3.879976422248839185e+02
3.881741430142910190e+02
3.888114791981368512e+02
3.889896466616648354e+02
3.895333490933965095e+02
3.899125507893918439e+02
3.932963659236452258e+02
3.934220331523637810e+02
3.934584999821298652e+02
3.935140668973218681e+02
3.935550004137320457e+02
3.936470008252076695e+02
3.942088700048575447e+02
3.943052037690476368e+02
3.950942739648634188e+02
3.954168420742292938e+02
3.954686423059080198e+02
3.956022429034422316e+02
3.960172114260727767e+02
3.961440119931936010e+02
3.971965167005645299e+02
3.974156510139851548e+02
3.976351853291948260e+02
3.998264951299187260e+02
3.999705624409323264e+02
4.000153959747855765e+02
4.000334293887740955e+02
4.000420294272381057e+02
4.000529961429538730e+02
4.000790629262053244e+02
4.005227649106807917e+02
4.006984990299922629e+02
4.014259022833334143e+02
4.015887363449488703e+02
4.018527375257050949e+02
4.026295409999908088e+02
4.034245445556771870e+02
4.035645785153181464e+02
4.037303459233864373e+02
4.040730141226508181e+02
4.041281143690889621e+02
4.041675812122726938e+02
4.042311148297628165e+02
4.045482829149768804e+02
4.054595536573396544e+02
4.066827257946944201e+02
4.067871595951122572e+02
4.073301286902307083e+02
4.073853289371160713e+02
4.076999303441838833e+02
4.080423652090714199e+02
4.084942005632570954e+02
4.091301367408412943e+02
4.092345038742943188e+02
4.094575715386403090e+02
4.103035086554624513e+02
4.105499097575016663e+02
4.112597462656081575e+02
4.117235483399821874e+02
4.117654151939000258e+02
4.136068234296747050e+02
4.140846922336294256e+02
4.145789611109340740e+02
4.158867669601499415e+02
4.159059337125407296e+02
4.159311338252492760e+02
4.161338347318374531e+02
4.162407018764718600e+02
4.168584046391730453e+02
4.183511446488479351e+02
4.196819506009326801e+02
4.197313841553596490e+02
4.197493175689009490e+02
4.204155538820037918e+02
4.205051876162277154e+02
4.207862888734647413e+02
4.209882231099573460e+02
4.214402251315551098e+02
4.217116596788906691e+02
4.219807275489745280e+02
4.221422949382580327e+02
4.223807960049639405e+02
4.224711630758010870e+02
4.249896410064646375e+02
4.261594129049846060e+02
4.286530240577638438e+02
4.320057723864029526e+02
4.321523063751156428e+02
4.324673744509373137e+02
4.325332414121967304e+02
4.328429761308314028e+02
4.342053155572842797e+02
4.344205498532618890e+02
4.345405837234517321e+02
4.346986510970812674e+02
4.348024515613331573e+02
4.350272859002473638e+02
4.350567193652231026e+02
4.351030195723026850e+02
4.351211863202209429e+02
4.351868866140682144e+02
4.357155223117465539e+02
4.367486602658321999e+02
4.368065938582759031e+02
4.370299281904813142e+02
4.377054312116965775e+02
4.379929991645228142e+02
4.389425034112198887e+02
4.392455380998884493e+02
4.420383839243404509e+02
4.432412226374197530e+02
4.440303928336828676e+02
4.440668596634489518e+02
4.450137638985173680e+02
4.460060683366400553e+02
4.461416356096370350e+02
4.461868024783143483e+02
4.464331035799062306e+02
4.470131728409567131e+02
4.471239066695516726e+02
4.472343404968048617e+02
4.481319445113760480e+02
4.488618811093810450e+02
4.504955550827222055e+02
4.507075560309053230e+02
4.513017253550188457e+02
4.513760256873301842e+02
4.521978626963635861e+02
4.523590300838580447e+02
4.528404655704315473e+02
4.536701359478333870e+02
4.539848040218660685e+02
4.540447709567373522e+02
4.549057081406479028e+02
4.549593750473420641e+02
4.551577759346982361e+02
4.561874138731299126e+02
4.562400141083866174e+02
4.562515808267859256e+02
4.567304163017307701e+02
4.612529031954074412e+02
4.614975709563608461e+02
4.615353377919412310e+02
4.642250498217897530e+02
4.655987559657473867e+02
4.656134226980116182e+02
4.656863563575437297e+02
4.657927901669066841e+02
4.660527913297727309e+02
4.670328957133301628e+02
4.670509624608010881e+02
4.670805625931889153e+02
4.672359966217073861e+02
4.672536633673892652e+02
4.672729967871921417e+02
4.673016302485898450e+02
4.673151969759342137e+02
4.675596314025106608e+02
4.677949657883868326e+02
4.680293668367552300e+02
4.681057671784589047e+02
4.688757372888488248e+02
4.693132059121119823e+02
4.693516060838583712e+02
4.693974062887016885e+02
4.694738399638877695e+02
4.695499403042497306e+02
4.696393073706143468e+02
4.697622745872569112e+02
4.701429429564786915e+02
4.706550119133949579e+02
4.708374460626725977e+02
4.711210139976085998e+02
4.714062819401479487e+02
4.716689164481250032e+02
4.718289504972172494e+02
4.727772880720296484e+02
4.733309905484869660e+02
4.737016255395006397e+02
4.739161931658298954e+02
4.748794974742483532e+02
4.750554315944543191e+02
4.754740001331861095e+02
4.760088691920768156e+02
4.782120790460242006e+02
4.791330498317708475e+02
4.796700855670188162e+02
4.808733242818871076e+02
4.813700265034083827e+02
4.815387272579295086e+02
4.818685287329802236e+02
4.819594291395360983e+02
4.821482966509204857e+02
4.836467700195714201e+02
4.837126369808308368e+02
4.842765395029082356e+02
4.843568065285724629e+02
4.846739079468216573e+02
4.847630750122917789e+02
4.848495087322035033e+02
4.856613456965112618e+02
4.862231482091963244e+02
4.874154868753137180e+02
4.876322211780001794e+02
4.885467586016400787e+02
4.906852681662127225e+02
4.915176385556904393e+02
4.917188061220873578e+02
4.920131741053270389e+02
4.921483747100173787e+02
4.921945082496848727e+02
4.922547751858979268e+02
4.923144754529097895e+02
4.924361759972205732e+02
4.925100096607779960e+02
4.926419769176737304e+02
4.930591787836263507e+02
4.948132866289463436e+02
4.951929883271779431e+02
4.954218893509472537e+02
4.957827909650946481e+02
4.966902950239442021e+02
4.971030302032527288e+02
4.974814652291523203e+02
4.975319321215342825e+02
4.976145324909679175e+02
4.983658358512032578e+02
4.985380032878959469e+02
4.986344370525332579e+02
4.994651407678900910e+02
5.004269450695996397e+02
5.005091787707266349e+02
5.005872791200336565e+02
5.006151459113357305e+02
5.025876213999807192e+02
5.034703920148755856e+02
5.043461625984624561e+02
5.050904325939075648e+02
5.052241331918889955e+02
5.053224002980593923e+02
5.053377003664895710e+02
5.057588689168500196e+02
5.065749058999425642e+02
5.068381070771207533e+02
5.087089487778711145e+02
5.087270488588245030e+02
5.089884166944696062e+02
5.090197168344607803e+02
5.092514845377181132e+02
5.093943185098822823e+02
5.094938522883845735e+02
5.095439191789774895e+02
5.095660526113035189e+02
5.096144194942930881e+02
5.096485863137722845e+02
5.096488196481491855e+02
5.103535227999632298e+02
5.116515952723128180e+02
5.126039995319803211e+02
5.129402010356554911e+02
5.131362019122775564e+02
5.131750020858128210e+02
5.132850025777946712e+02
5.166470176145462574e+02
5.167683848240328643e+02
5.168241184066367850e+02
5.168475851782596919e+02
5.176767888869075023e+02
5.178512230004047296e+02
5.184221588872724169e+02
5.190243949141314488e+02
5.191726622439298353e+02
5.205746018474961829e+02
5.207820694420702239e+02
5.221533422418112877e+02
5.238274497293264176e+02
5.240483507173152020e+02
5.241946180381686418e+02
5.244780193056924418e+02
5.256590912547524113e+02
5.258364253812200104e+02
5.260926598605725530e+02
5.267632961933547904e+02
5.268673966589483371e+02
5.270121306396104046e+02
5.272092315211523328e+02
5.273245987038034173e+02
5.273541988361912445e+02
5.273690322358676212e+02
5.274298991747641594e+02
5.275649331120423540e+02
5.275964665864105427e+02
5.277289005120601360e+02
5.281247689492646487e+02
5.293775078855248921e+02
5.294629082674815663e+02
5.295244752095089780e+02
5.296623091593103254e+02
5.298341432611788377e+02
5.298951435340050011e+02
5.308015809214170986e+02
5.312642163239065667e+02
5.320959867107006858e+02
5.321073867616879625e+02
5.321521202950938232e+02
5.321873871194927688e+02
5.322617207852865704e+02
5.325872555745877435e+02
5.326533225367415980e+02
5.328462567329810327e+02
5.330039574383041554e+02
5.331863249206169257e+02
5.334020592188308001e+02
5.339908951857572674e+02
5.340976289964621628e+02
5.343571634905741803e+02
5.345194308829884449e+02
5.347415318763443111e+02
5.348420656593192462e+02
5.352529008301298745e+02
5.357059361896826886e+02
5.358288700728428466e+02
5.359994041688969446e+02
5.369443750619851699e+02
5.370123420326368660e+02
5.370547755557560095e+02
5.373587435819322309e+02
5.376533115660663498e+02
5.382365808414290314e+02
5.382924477579628046e+02
5.383157478621734526e+02
5.383488480102151925e+02
5.384076816066843776e+02
5.384667152040478868e+02
5.396262870569477172e+02
5.397531542910332973e+02
5.403993905146850238e+02
5.408153923752704486e+02
5.410076932353440498e+02
5.411305937850218015e+02
5.420877313991928759e+02
5.428586681805728631e+02
5.434251707142789201e+02
5.436066715260488991e+02
5.436248049404846370e+02
5.437508388375097184e+02
5.452676122880086496e+02
5.453844461438860662e+02
5.456489139933962633e+02
5.459081818196489166e+02
5.460051822534875328e+02
5.482642923574510405e+02
5.485740937430505255e+02
5.486455273958738417e+02
5.487225277402610573e+02
5.487858946903389779e+02
5.509901045487589499e+02
5.510343380799287161e+02
5.510588048560239258e+02
5.514902067854868619e+02
5.516201406999550727e+02
5.519021419612174668e+02
5.521137429076114813e+02
5.534775156738082842e+02
5.535926495220825245e+02
5.541888855221060339e+02
5.561444609351648296e+02
5.577834015987282328e+02
5.578867020607438008e+02
5.583228373447102513e+02
5.586358387446219922e+02
5.607274147659489927e+02
5.608459819629125604e+02
5.636661279094653310e+02
5.640811297655783392e+02
5.649743004269878384e+02
5.650251339876764405e+02
5.659937049863169705e+02
5.663532399276851947e+02
5.663774067024388614e+02
5.664027068155946836e+02
5.664951405623417031e+02
5.690326185779839534e+02
5.706901593247368965e+02
5.715989300559183448e+02
5.744969096839190570e+02
5.747274440483269018e+02
5.750817456329554034e+02
5.754397472341322555e+02
5.785485611384314097e+02
5.787696287938322257e+02
5.789240628178781662e+02
5.790512300533056305e+02
5.809626386021594726e+02
5.811067059131733004e+02
5.814156072947474740e+02
5.814674075264260864e+02
5.825319122874677760e+02
5.826744129248077115e+02
5.827809467346179417e+02
5.844473875211767790e+02
5.844889877072353102e+02
5.850121900472794323e+02
5.850498235489302488e+02
5.850933570769691414e+02
5.859914944272589992e+02
5.869145652223979823e+02
5.869729988170779507e+02
5.871206328107103900e+02
5.872592000971251309e+02
5.873295337450285842e+02
5.874441675910665026e+02
5.876541351968219260e+02
5.879774033093186745e+02
5.880036034264998079e+02
5.880410702607383655e+02
5.881014038639162891e+02
5.881779375395497027e+02
5.883546383298512410e+02
5.884063718945651544e+02
5.885483725296687680e+02
5.885941727345121990e+02
5.886631063761540190e+02
5.886795397829864669e+02
5.887131065997821224e+02
5.887327066874443062e+02
5.887542067836044453e+02
5.887698401868588007e+02
5.887820735749063488e+02
5.888070736867205142e+02
5.888305737918257137e+02
5.888867740431836637e+02
5.889194075224714879e+02
5.890252079956685520e+02
5.891216417603059199e+02
5.892184755267322771e+02
5.892420089653198829e+02
5.892954092041546801e+02
5.894408765214299137e+02
5.895051768090156656e+02
5.895656770796056207e+02
5.895950105441340838e+02
5.896895109667912038e+02
5.897511779092657207e+02
5.897850780608855530e+02
5.898335116108399916e+02
5.899329453888950638e+02
5.901144128671825229e+02
5.902676468858612679e+02
5.903757473693452766e+02
5.906342151920199512e+02
5.907106155337236260e+02
5.907999826000882422e+02
5.909008830513696466e+02
5.909952168066146214e+02
5.912570513110136972e+02
5.912932181394379541e+02
5.915230525007149254e+02
5.916699198242517923e+02
5.919141209164513384e+02
5.919686878271706973e+02
5.922469890718846273e+02
5.923359561364601404e+02
5.924434232837780883e+02
5.927328245781372971e+02
5.929730589859290149e+02
5.931287930157892561e+02
5.931727932125819507e+02
5.933376606166249303e+02
5.934551278086685215e+02
5.940098969565631251e+02
5.942455646772634736e+02
5.947064667386670180e+02
5.951105685460290715e+02
5.952059023057465765e+02
5.964637079313343975e+02
5.966227753094365198e+02
5.972022112343209983e+02
5.975782795829690031e+02
5.977644804157599765e+02
5.980319149452052443e+02
5.981460821224893607e+02
5.981905489880359710e+02
5.982610826368338621e+02
5.983761498181434035e+02
5.986644844410652695e+02
5.989599524292246997e+02
5.991614866639282582e+02
5.997595560054847965e+02
6.000109237964044269e+02
6.006596600312374221e+02
6.010739952177019632e+02
6.017052647077475740e+02
6.017649316412770304e+02
6.020147660920054022e+02
6.022094669628131669e+02
6.023648343243667114e+02
6.026132021018686373e+02
6.026299355100427420e+02
6.026785690608916184e+02
6.027056691820980632e+02
6.027678361268090157e+02
6.029200701410153442e+02
6.029784037352479800e+02
6.042084092364985963e+02
6.043697766248876633e+02
6.047689784103341708e+02
6.049154790655644547e+02
6.049727459883596339e+02
6.055229484491629819e+02
6.057172493181816435e+02
6.060732842438960688e+02
6.062062181717818703e+02
6.065399863312403568e+02
6.066219866979904509e+02
6.069091546490277551e+02
6.070431552483510131e+02
6.085150618315141173e+02
6.085624620435135057e+02
6.090513642301488062e+02
6.091694980918407509e+02
6.093531322464855293e+02
6.094882328507285365e+02
6.096526669195001205e+02
6.100599687411743162e+02
6.102856030836666150e+02
6.109602394343389733e+02
6.112330406544537027e+02
6.114164748082039296e+02
6.114961084977022665e+02
6.125873800451259967e+02
6.128881480569901896e+02
6.144084215231429198e+02
6.145199886887983212e+02
6.145885556621335581e+02
6.146572893028810540e+02
6.149680906929530693e+02
6.150771578474270882e+02
6.153007588474919203e+02
6.154010592960897839e+02
6.155024930830899166e+02
6.167716987596649005e+02
6.168277323436108190e+02
6.171585338231341211e+02
6.173611347292750224e+02
6.174485684536592771e+02
6.175256021315290127e+02
6.177831366166959697e+02
6.181826050700019550e+02
6.183832059671975685e+02
6.184051393986292169e+02
6.184926731234608042e+02
6.186630072186203506e+02
6.190490756119938851e+02
6.192146430191677382e+02
6.192812766505227273e+02
6.196052114326678293e+02
6.199707797343537550e+02
6.202905811646788834e+02
6.209543841335652132e+02
6.211171848616982061e+02
6.212703855468946585e+02
6.214686197668387422e+02
6.215835869477008373e+02
6.217830545064945227e+02
6.228615926636343829e+02
6.232637944624985948e+02
6.244562997960281336e+02
6.245163667313466931e+02
6.246046004593090402e+02
6.247465344274479548e+02
6.253691038785822229e+02
6.255518046957191700e+02
6.255765714731562639e+02
6.267608101030459693e+02
6.268354437701815414e+02
6.269190108106051866e+02
6.274099796731504739e+02
6.283874507115968981e+02
6.285905516199740077e+02
6.286197517505729593e+02
6.286884853913202278e+02
6.287433856368638772e+02
6.288980196618042555e+02
6.289852200518116661e+02
6.291912543066417811e+02
6.293572550490869162e+02
6.295269224745982228e+02
6.301497585935918551e+02
6.304982601522794994e+02
6.306027939531446691e+02
6.306691609166402941e+02
6.307579613138037757e+02
6.309449954836551342e+02
6.309838289906729187e+02
6.310822960977378671e+02
6.312374301249145674e+02
6.313660973670507701e+02
6.320198002907642376e+02
6.322161345022104797e+02
6.326074362523237369e+02
6.327452368686426780e+02
6.332136056301080771e+02
6.352441480451265079e+02
6.353679819323119773e+02
6.355112492397475989e+02
6.355496827449763941e+02
6.355918496002360598e+02
6.356154830392708845e+02
6.357017834252529838e+02
6.357922504965374628e+02
6.359283511052530002e+02
6.367181546376820052e+02
6.370244560076276912e+02
6.371702566597269879e+02
6.372965905580939534e+02
6.374395245307053983e+02
6.375303582702964604e+02
6.377002923636670175e+02
6.381644277728652241e+02
6.393498330746394913e+02
6.394068999965404601e+02
6.395357672395711006e+02
6.400091693568817846e+02
6.400600029175702730e+02
6.401789367828403101e+02
6.402702371911850605e+02
6.404450046395064646e+02
6.405789052383823901e+02
6.406632389489017214e+02
6.407761061203715371e+02
6.411341077215485029e+02
6.420210783552280418e+02
6.422280126140834682e+02
6.423253463827461474e+02
6.425637141155223162e+02
6.427189481431462355e+02
6.429042156384296050e+02
6.431234166188149857e+02
6.432935840465626143e+02
6.436278855417398290e+02
6.437944862868686187e+02
6.440426540634758794e+02
6.447389238442380019e+02
6.448788578034317425e+02
6.450894920788356330e+02
6.455740942462389285e+02
6.455936276669362996e+02
6.456905614338099895e+02
6.458353287479543496e+02
6.459015957110027557e+02
6.459705293526446894e+02
6.460067295145513526e+02
6.461150299989297991e+02
6.462168637877190349e+02
6.463641311130448912e+02
6.464536648468214253e+02
6.465427652453266774e+02
6.466615324431846830e+02
6.476629702554901087e+02
6.488722756641586784e+02
6.496531124898169764e+02
6.501530147256504506e+02
6.503436822450855743e+02
6.503853824315913243e+02
6.508762846271717990e+02
6.510120852345455660e+02
6.511184857104260573e+02
6.513539534302319680e+02
6.523477912085459138e+02
6.524702917564346762e+02
6.525304253587180483e+02
6.525894589560816712e+02
6.528273266866215181e+02
6.529900607477896983e+02
6.530983612321680312e+02
6.531542948156666171e+02
6.532808953818929467e+02
6.533917292109351820e+02
6.535648966521004013e+02
6.536519970416604792e+02
6.546287680769761437e+02
6.552284707591711594e+02
6.553948048364405849e+02
6.556696393989828948e+02
6.564324428106527876e+02
6.564846097106380967e+02
6.565801434712500395e+02
6.566224103269570378e+02
6.568193778745692271e+02
6.570756456874042897e+02
6.573318801667569460e+02
6.575730145785739751e+02
6.582676176852152139e+02
6.583997516095229230e+02
6.587795866416840909e+02
6.601479927619373029e+02
6.602118597142515455e+02
6.602394598376941985e+02
6.604605941600599408e+02
6.618288336129010077e+02
6.620792680663126930e+02
6.623170691298878410e+02
6.625124366703439591e+02
6.626477706089639241e+02
6.627934712606161156e+02
6.631244394075514492e+02
6.632307732164672416e+02
6.638997428751283678e+02
6.640272434453800088e+02
6.641944108597098193e+02
6.644127785030349287e+02
6.645771459048415863e+02
6.655704170139543976e+02
6.657006509297643788e+02
6.658667516726567328e+02
6.664780544067335768e+02
6.669112230107648429e+02
6.670722903978120257e+02
6.673205248413842128e+02
6.706159729137456225e+02
6.716920110597041003e+02
6.717788114479224078e+02
6.718019782182034305e+02
6.719766123325950957e+02
6.722334801481136992e+02
6.723338139301939691e+02
6.725751816763878423e+02
6.734597189658509251e+02
6.735193858993803815e+02
6.736045529469603252e+02
6.738317206296438826e+02
6.739476544814961017e+02
6.742630892256244124e+02
6.743937898101881956e+02
6.745139570143077208e+02
6.748706919431527922e+02
6.754411611612666775e+02
6.759324300251536215e+02
6.776488710353404485e+02
6.777084046349403934e+02
6.787215424995747526e+02
6.797403803897028638e+02
6.799473813155229891e+02
6.802662827418229199e+02
6.803670165256921791e+02
6.803807832539312130e+02
6.808001851297234452e+02
6.809051189323774906e+02
6.812384870900469878e+02
6.825401929119802844e+02
6.829792282089172204e+02
6.832271293176652307e+02
6.833687299509799686e+02
6.835188972892760830e+02
6.836096310284198125e+02
6.840953665342254908e+02
6.855997732627467940e+02
6.858103742046682783e+02
6.859445414714036815e+02
6.860396418967442287e+02
6.861182089148051091e+02
6.863720767169061219e+02
6.864079768774710146e+02
6.867159782550199907e+02
6.871817136713742684e+02
6.875708154116479136e+02
6.876969826426027339e+02
6.882254183393865787e+02
6.887245205716419605e+02
6.891941893389217739e+02
6.893878235382919684e+02
6.900297264092291698e+02
6.905099285569532412e+02
6.906925960406077820e+02
6.909519972007901742e+02
6.914208659644918953e+02
6.920948356455157864e+02
6.934241749243741424e+02
6.934671751166943068e+02
6.934817751819937257e+02
6.935970423641975913e+02
6.939559773028823884e+02
6.943484457248803210e+02
6.951315492273431573e+02
6.952102829128161829e+02
6.952507164269901523e+02
6.952967499662103137e+02
6.953731169744315821e+02
6.954767174377890342e+02
6.955835179154585148e+02
6.960416199643389064e+02
6.961397204030971579e+02
6.963454879900679089e+02
6.966105558422615331e+02
6.969001238040328872e+02
6.969701574505946837e+02
6.969886575333371184e+02
6.975524933884495340e+02
6.975780268359823140e+02
6.991340004618054991e+02
6.999542707971652362e+02
7.003451058785246914e+02
7.006241404598516738e+02
7.008400414254778070e+02
7.013966439149054395e+02
7.017335120882289630e+02
7.021175138056926244e+02
7.021451139291352774e+02
7.021904141317422727e+02
7.022499810648245102e+02
7.039866554988394682e+02
7.039968222109772569e+02
7.040212889870726940e+02
7.041026560176567273e+02
7.041269894598223118e+02
7.042110231689998727e+02
7.042512233487968842e+02
7.042977568902533676e+02
7.043507904607815817e+02
7.046301583769328545e+02
7.046635585263163648e+02
7.046921253207492555e+02
7.047424255457190156e+02
7.048375593045420828e+02
7.051426606691205734e+02
7.052891946578332636e+02
7.053659616678435214e+02
7.056412295656573406e+02
7.058632305585658742e+02
7.059583976508714613e+02
7.060696981486673849e+02
7.060959649328134446e+02
7.062616323404344030e+02
7.064225663935519606e+02
7.064883666878465647e+02
7.067605345717952332e+02
7.068905684867106629e+02
7.071193695100326977e+02
7.076740386574801960e+02
7.077907058459456948e+02
7.078544394643303121e+02
7.080699404281673424e+02
7.082521079095855612e+02
7.082870747326428500e+02
7.089504110327752642e+02
7.096758476106537046e+02
7.097519146175332025e+02
7.099204820381246464e+02
7.104703844975861102e+02
7.105262847476024035e+02
7.107619858017850447e+02
7.109209531794399481e+02
7.110217202967917274e+02
7.111327207932459942e+02
7.131326297379216612e+02
7.132425635629385852e+02
7.139919335811937344e+02
7.142668348107008569e+02
7.144639356922427851e+02
7.145185026029621440e+02
7.146407698164740623e+02
7.147912371561120608e+02
7.170188137857074935e+02
7.186301543258282436e+02
7.187835216784367276e+02
7.188436552807199860e+02
7.191132564865225731e+02
7.193537242286912488e+02
7.208766310399549866e+02
7.210138649870729068e+02
7.211750657080498286e+02
7.212887662165800293e+02
7.218908022425445097e+02
7.226962725117102764e+02
7.230714741898152624e+02
7.231237410902479041e+02
7.231520745503037233e+02
7.232346082527725457e+02
7.246134477530226832e+02
7.256041188505068931e+02
7.258198198152383611e+02
7.260437208166449636e+02
7.264294558751942077e+02
7.272256261027652045e+02
7.273329265826710071e+02
7.275162607359740150e+02
7.281238967869848011e+02
7.282898641959475299e+02
7.284326315011468296e+02
7.290975011414706159e+02
7.294624361069907081e+02
7.295475698210881319e+02
7.299424049203377081e+02
7.303896735874320711e+02
7.305440076110306791e+02
7.307586752378072106e+02
7.309012092086296661e+02
7.321777149178543596e+02
7.323556157135229796e+02
7.333102199830301515e+02
7.336008546162389621e+02
7.349200271829596431e+02
7.352259285511161124e+02
7.356084635953532143e+02
7.369010360431037725e+02
7.374507718351532048e+02
7.376760061758564007e+02
7.377992733938409629e+02
7.380600412268024684e+02
7.382312086590226272e+02
7.389897453849429212e+02
7.393587803688004669e+02
7.398246824525668899e+02
7.408376869832715101e+02
7.408541203901039580e+02
7.421578595544648351e+02
7.422759600826742599e+02
7.428183958420739827e+02
7.432564311345383885e+02
7.435087989299304354e+02
7.435551991374572935e+02
7.443318026108483991e+02
7.449296052845456870e+02
7.472638823913634951e+02
7.481274529203851671e+02
7.481588197273410970e+02
7.483812873890036599e+02
7.488700229082268152e+02
7.488921896740353077e+02
7.489984901494685801e+02
7.490980905949356838e+02
7.503698629496568628e+02
7.525102058557625924e+02
7.527495735930112915e+02
7.535433771433306447e+02
7.547157823869616777e+02
7.549312833507987079e+02
7.549877502700160221e+02
7.553828187036425561e+02
7.556529199116814652e+02
7.572780938470058345e+02
7.589005677702543835e+02
7.606144754357774218e+02
7.607708094683212039e+02
7.614114790004089173e+02
7.620778153139590358e+02
7.621592490115079954e+02
7.633046208008973963e+02
7.654598971071266078e+02
7.655370641189259686e+02
7.655978977243401005e+02
7.659907328146447298e+02
7.660917665998558732e+02
7.661666669348506957e+02
7.665924021723025135e+02
7.676423402015271904e+02
7.677624407386817893e+02
7.678403077536119099e+02
7.682933764466471303e+02
7.700111841296131843e+02
7.701106512411505491e+02
7.709077548062292635e+02
7.727018961639341796e+02
7.773476169421128361e+02
7.773661836918200834e+02
7.774051838662500131e+02
7.774866175637988590e+02
7.783645214902605858e+02
7.784830553537415199e+02
7.789206573109344163e+02
7.789495241067089637e+02
7.790223244323115068e+02
7.790798580229662775e+02
7.792111919436958942e+02
7.796464938906019597e+02
7.796663606461235076e+02
7.804733642554806465e+02
7.810168333528353060e+02
7.810621668889248213e+02
7.815977359509462303e+02
7.820778047647405629e+02
7.822844390222542188e+02
7.824970733066031698e+02
7.829222752083362593e+02
7.830995760013213385e+02
7.832104431638459801e+02
7.833818105969606904e+02
7.834133440713287655e+02
7.851622518933914989e+02
7.851730519416951211e+02
7.854825866594353556e+02
7.857008209688306124e+02
7.861513563172020440e+02
7.864642577166664523e+02
7.881840987420600868e+02
7.895773716401976117e+02
7.922749170384144008e+02
7.955785984809332376e+02
7.958884332000152426e+02
7.972181391471801817e+02
7.977074413356043578e+02
7.980588429072624876e+02
8.008170552434814908e+02
8.035783009266006047e+02
8.039303358344246817e+02
8.044362047636110447e+02
8.080664209999034711e+02
8.087360239947307718e+02
8.091482591718030335e+02
8.096392947013131334e+02
8.109297671396710712e+02
8.110424676437288554e+02
8.159373228695050102e+02
8.176063636676925626e+02
8.176993974171231230e+02
8.181988663176850878e+02
8.183244668794387735e+02
8.196285060451413074e+02
8.204556430778793583e+02
8.206762773980088923e+02
8.207427443619517362e+02
8.208277447421195347e+02
8.224157185110645969e+02
8.252500645211279107e+02
8.253943651665185826e+02
8.254921322704526574e+02
8.255152323737688675e+02
8.255358324659035816e+02
8.256571330084252622e+02
8.266792709133127346e+02
8.279789100593360445e+02
8.285456125939365393e+02
8.290615815682958782e+02
8.295784172131981222e+02
8.295962172928096834e+02
8.296285507707557372e+02
8.297193178433819867e+02
8.311494909065569345e+02
8.323508629464098476e+02
8.325481971623285062e+02
8.327226312758257336e+02
8.330389326904969494e+02
8.342859049342986282e+02
8.352896094234084785e+02
8.353100428481311610e+02
8.354338100683519315e+02
8.355710440154697380e+02
8.368896499129892845e+02
8.384017233424669939e+02
8.390333595008191878e+02
8.391663600956699156e+02
8.393874277510707316e+02
8.395279617129481267e+02
8.400592974227024570e+02
8.407290670849415619e+02
8.408000340690110761e+02
8.419746726559642411e+02
8.419963060860538917e+02
8.424239079985211447e+02
8.424810415873869260e+02
8.425311418114622484e+02
8.441869492171294951e+02
8.446345178855655149e+02
8.458760567717329195e+02
8.471505958054949588e+02
8.473727967992981576e+02
8.474386637605574606e+02
8.504001103390833123e+02
8.504523772395159540e+02
8.505132108449300858e+02
8.505632444020405956e+02
8.506796449226467303e+02
8.507266784663394219e+02
8.508766124702589195e+02
8.509340793939487639e+02
8.509719795634588309e+02
8.509944463306090938e+02
8.510846800675165014e+02
8.530332221157849517e+02
8.531697560597719985e+02
8.535712911889877432e+02
8.536271581055215165e+02
8.537730920915506658e+02
8.589678486586479949e+02
8.624089640491791897e+02
8.625191645420554778e+02
8.653151103803724027e+02
8.656141450511507855e+02
8.668882840831237218e+02
8.674129864298765824e+02
8.680663893522482795e+02
8.681946232591130865e+02
8.682800903080346870e+02
8.686022584156114590e+02
8.717151056712831405e+02
8.744959847755469582e+02
8.753055550630501784e+02
8.765834274450539851e+02
8.774034977795192844e+02
8.794400735548554167e+02
8.838555599699681125e+02
9.000998992901155589e+02
9.002857667880823556e+02
9.005034344282764778e+02
9.204449902843781501e+02
9.236638713476236262e+02
9.284003591984285322e+02
9.421924208839958510e+02
9.444494976455318920e+02
9.465365403132500433e+02
9.503966909112668873e+02
9.504582911867767052e+02
9.513111616679418603e+02
9.545651762216567704e+02
9.551118119998413931e+02
9.560766829819334589e+02
9.577834572822189330e+02
9.661455946822248961e+02
9.666877971072477749e+02
9.677893353672566263e+02
9.678974691842229277e+02
9.716501193014394175e+02
9.813519626933360769e+02
9.826250350538715566e+02
9.959037944436730641e+02
1.003435561463146541e+03
1.010917194925062176e+03
1.012713669626536444e+03
1.012838803519536327e+03
1.012904803814725369e+03
1.012934537281042822e+03
1.013346972459009635e+03
1.013882008185312429e+03
1.014098509153621990e+03
1.014224876385471362e+03
1.014392843803379151e+03
1.019795801301663914e+03
1.020036535711691840e+03
1.020623905005391975e+03
1.022806081431933194e+03
1.024068853746401146e+03
1.027144634169623487e+03
1.027248734635217033e+03
1.028440539965615926e+03
1.028881341937120851e+03
1.036241174854278370e+03
1.036266841635740775e+03
1.040933929176149832e+03
1.043176972541587702e+03
1.055775095553881556e+03
1.061944956482173666e+03
1.067809249377133256e+03
1.068065650523898057e+03
1.068097917334879412e+03
1.073929176748762075e+03
1.079264300610324653e+03
1.079474801551798691e+03
1.080112471070468700e+03
1.080131204487588093e+03
1.084216289424966362e+03
1.086636766917319164e+03
1.086648033634376588e+03
1.089068811128070820e+03
1.092939461773049516e+03
1.095676340680520525e+03
1.095979275368741810e+03
1.096657411735068081e+03
1.106101253973043868e+03
1.132738473109110373e+03
1.132877707065173354e+03
1.136085054743502042e+03
1.138472065419505952e+03
1.145379596313724278e+03
1.145586697239991736e+03
1.145727131201421798e+03
1.145762798027609733e+03
1.151547990568789828e+03
1.169912672705591604e+03
1.177942441952400713e+03
1.177972408753095124e+03
1.184745305711824130e+03
1.187707652294375293e+03
1.189158958785403684e+03
1.200909044671482889e+03
1.203194654893969528e+03
1.203277821932604184e+03
1.210499287564241740e+03
1.210797855566266207e+03
1.210841355760822580e+03
1.211666692785510122e+03
1.216943216384980360e+03
1.217054950218048134e+03
1.217435718587717020e+03
1.217482018794796659e+03
1.229624573102873910e+03
1.231984316990259686e+03
1.243574535494658676e+03
1.259294872471183908e+03
1.260445444283830511e+03
1.260493177830654076e+03
1.260524744638504671e+03
1.271049425043907377e+03
1.280985036148006429e+03
1.283258279648515554e+03
1.286845595692934921e+03
1.302257864624946478e+03
1.303979038989636820e+03
1.304473341200424102e+03
1.309248529224316826e+03
1.315063021896542978e+03
1.317601866584964682e+03
1.320581213243549200e+03
1.320719747196481421e+03
1.320757847366885926e+03
1.320845214424305368e+03
1.320932614815207216e+03
1.324615031284967472e+03
1.330042788894171736e+03
1.351925020096690787e+03
1.352495055979533390e+03
1.374195186367599035e+03
1.378676139742181931e+03
1.381577586052354263e+03
1.385244302451895237e+03
1.391166162270991890e+03
1.392139599958065673e+03
1.407467901847864368e+03
1.423882975264960578e+03
1.456354420494844817e+03
1.492748116600492040e+03
1.494035955693738970e+03
1.495538995749481273e+03
1.496627500617864371e+03
1.499313712632058923e+03
1.501025086952918173e+03
1.507466049093721495e+03
1.508262385988704636e+03
1.520257072968772491e+03
1.528401409394654593e+03
1.532292426797391272e+03
1.532878862753583917e+03
1.574853783821490879e+03
1.620577388322206843e+03
1.638651335825352589e+03
1.851552454701095257e+03
1.892021035698500782e+03
2.175092668414774835e+03
2.258869143108529443e+03
2.513171247151894022e+03
2.580036712877126774e+03
2.590475626232265768e+03
2.684799781434291617e+03
