1.112926046501373776e+02
1.136870820262033419e+02
1.472307987185328670e+02
2.835926419358605131e+02
2.861439533467064962e+02
2.861475866962901478e+02
3.311488212995100184e+02
3.903605527930993162e+02
4.368305939656174246e+02
4.653941217171788480e+02
5.028766893595158081e+02
5.649798337850694452e+02
5.649849338078794290e+02
5.649889338257696636e+02
7.135075980816498031e+02
7.396726151057727066e+02
7.774038505269531925e+02
8.538790592321597615e+02
8.633865017545903129e+02
9.131391576087386284e+02
9.241400734774574630e+02
9.677081016706022183e+02
9.958930610623343682e+02
9.958968610793300513e+02
1.007713913931588536e+03
1.063959598826078263e+03
1.104855715068986228e+03
1.147150170899358955e+03
1.147156637594948279e+03
1.147163870960633176e+03
1.147222971224961611e+03
1.147227604579017679e+03
1.147324938347680472e+03
1.156162011205188264e+03
1.156178511278985752e+03
1.156183377967418892e+03
1.156189077992912416e+03
1.158656855696817047e+03
1.160335196536599142e+03
1.160348696596978925e+03
1.160412996884564564e+03
1.160433430309287132e+03
1.160488597222690260e+03
1.160512030660830533e+03
1.160645497924435176e+03
1.160933565879497564e+03
1.165754254106892176e+03
1.167839796767901589e+03
1.167848030138058903e+03
1.171621447014822252e+03
1.176179834069063872e+03
1.176184067421331065e+03
1.176190367449508130e+03
1.176202600837555792e+03
1.176210467539406636e+03
1.176213267551929903e+03
1.176748903280916238e+03
1.176752136628710787e+03
1.176755669977846992e+03
1.176759136660018839e+03
1.176764570017652886e+03
1.176767703365000443e+03
1.176771736716372970e+03
1.177176338525971232e+03
1.177197005285070873e+03
1.177203405313695384e+03
1.177206938662831590e+03
1.177210038676696740e+03
1.177214672030752808e+03
1.179860450530773505e+03
1.179864283881251595e+03
1.180477953292580196e+03
1.183778434720786890e+03
1.183967368899136090e+03
1.184065069336105353e+03
1.187147383121881376e+03
1.187160716514848900e+03
1.187167449878297475e+03
1.188696690051220912e+03
1.190027862671612183e+03
1.190041262731544748e+03
1.190051496110647349e+03
1.190133496477397102e+03
1.190143896523911963e+03
1.190152463228893566e+03
1.190263863727136822e+03
1.190270397089690732e+03
1.190278930461190157e+03
1.190284163817929766e+03
1.190473731332445141e+03
1.195103085370756162e+03
1.197220428173992786e+03
1.197227794873607536e+03
1.197243561610791403e+03
1.197248828301013646e+03
1.197281428446819064e+03
1.197290495154036989e+03
1.197307928565342081e+03
1.197315128597544572e+03
1.197318161944444455e+03
1.197328928659265785e+03
1.197333328678945236e+03
1.197338295367825594e+03
1.197342462053127747e+03
1.197396395627681386e+03
1.197493996064203429e+03
1.197523462862661518e+03
1.197534962914096013e+03
1.198086832049020131e+03
1.198260966161175475e+03
1.198266366185327342e+03
1.198269566199639712e+03
1.198277132900148672e+03
1.198281399585898271e+03
1.198298266328002001e+03
1.198302833015093483e+03
1.198308533040587008e+03
1.198314099732150908e+03
1.198380766696988303e+03
1.198390033405100667e+03
1.199845839916255500e+03
1.200424275836667675e+03
1.200448675945798186e+03
1.200470542710264908e+03
1.200481509425980676e+03
1.200486376114413815e+03
1.200489509461761145e+03
1.200990245034655118e+03
1.201011911798227175e+03
1.203407755847072394e+03
1.204916329260896191e+03
1.204919662609137958e+03
1.204944529387022385e+03
1.204953329426380833e+03
1.204957762779542463e+03
1.204962162799221915e+03
1.204971062839027582e+03
1.204978296204712478e+03
1.205102830095028821e+03
1.205148030297188598e+03
1.205392798058589278e+03
1.211042323326325231e+03
1.212126061506722181e+03
1.216356447093963652e+03
1.216362647121693726e+03
1.216557881328219992e+03
1.216604148201817225e+03
1.218029354576111700e+03
1.218050588004412475e+03
1.218068088082682380e+03
1.218259855607037252e+03
1.218291522415334839e+03
1.218338122623756362e+03
1.218410422947122697e+03
1.218442389756762168e+03
1.218546590222803161e+03
1.218550123571939366e+03
1.219656861855205534e+03
1.219663028549453202e+03
1.219671928589258641e+03
1.220990867821602478e+03
1.221192535390235662e+03
1.221441336503009097e+03
1.221499736764206546e+03
1.224741484596391274e+03
1.225962923392660286e+03
1.228257266987540788e+03
1.228310900560752316e+03
1.232152217741202548e+03
1.232164684463627054e+03
1.232168084478833862e+03
1.232171351160110817e+03
1.232448419065975258e+03
1.232838220809379663e+03
1.233280789455452805e+03
1.233286322813534525e+03
1.235417932347246506e+03
1.235507766082364924e+03
1.235657700086284422e+03
1.236109268772610676e+03
1.236114502129350285e+03
1.236119368817783425e+03
1.236124502174076042e+03
1.236129168861614517e+03
1.236134202217459915e+03
1.236146668939884421e+03
1.236151568961799740e+03
1.236160969003841956e+03
1.236415070140319813e+03
1.236458503667911600e+03
1.238516312871548280e+03
1.238530446268093783e+03
1.240951390429200274e+03
1.241082824350377450e+03
1.241103491109476863e+03
1.241107091125578108e+03
1.241119991183274351e+03
1.241124991205636888e+03
1.241137591261991247e+03
1.241141457945951970e+03
1.241157258016618243e+03
1.241200524876797772e+03
1.241211891594302642e+03
1.241216524948358710e+03
1.241220858301073349e+03
1.241225524988611824e+03
1.241230858345798879e+03
1.241236991706563913e+03
1.241243391735188425e+03
1.241251891773204989e+03
1.242720665009020877e+03
1.242727231705057193e+03
1.242745965122176585e+03
1.242845632234608729e+03
1.242940232657712841e+03
1.242944699344357105e+03
1.243571068812487056e+03
1.243967903920681920e+03
1.246119146875538490e+03
1.249042626617589349e+03
1.249056293345381164e+03
1.249267694290880627e+03
1.249271194306534653e+03
1.249275660993178690e+03
1.249281061017330558e+03
1.249285294369597750e+03
1.249290827727679243e+03
1.249326427886902366e+03
1.249338661274950027e+03
1.249368361407785187e+03
1.249371628089062142e+03
1.249379128122606517e+03
1.249384194811934094e+03
1.249391361510653951e+03
1.249397361537489360e+03
1.249402761561641228e+03
1.249441161733387617e+03
1.249447628428976714e+03
1.249451061777665927e+03
1.249459761816577384e+03
1.249567495631754582e+03
1.249579462351942766e+03
1.249583762371174998e+03
1.249594229084654444e+03
1.249602895790083267e+03
1.249614795843306638e+03
1.249621362539343181e+03
1.249631529251480742e+03
1.249639195952437149e+03
1.249674362776388989e+03
1.249752896460967577e+03
1.249760129826652246e+03
1.249771629878086742e+03
1.249779563246902399e+03
1.249785363272843142e+03
1.249791029964854488e+03
1.249796029987217253e+03
1.249811230055200213e+03
1.249948630669730164e+03
1.249954497362635720e+03
1.249961064058672264e+03
1.249966864084613235e+03
1.249974730786463851e+03
1.249983930827611402e+03
1.250092697980743878e+03
1.250099598011604485e+03
1.250104164698695740e+03
1.250108898053199255e+03
1.250123698119393111e+03
1.250128864809168135e+03
1.250139364856129987e+03
1.250144698213316815e+03
1.250588733532616743e+03
1.250600533585392895e+03
1.250604500269800837e+03
1.250611400300661444e+03
1.250617933663215354e+03
1.250630100384298203e+03
1.250643267109853923e+03
1.250669233892657985e+03
1.250814534542520960e+03
1.250819201230059662e+03
1.250920368349200317e+03
1.250925801706834818e+03
1.250929768391242533e+03
1.250933201739931746e+03
1.250938801764978052e+03
1.251231636408026588e+03
1.252822276855565178e+03
1.252830876894029188e+03
1.253502113229494853e+03
1.253506379915244224e+03
1.253511946606808351e+03
1.253517046629618335e+03
1.253527180008273490e+03
1.253533580036898002e+03
1.253538746726673025e+03
1.253546380094147025e+03
1.253919615096789130e+03
1.253929548474549847e+03
1.254017582201617870e+03
1.254440250758687171e+03
1.254443617440411344e+03
1.254447684125266505e+03
1.254451950811016104e+03
1.254459950846796573e+03
1.254463450862450600e+03
1.254471750899572726e+03
1.254477584258996103e+03
1.254483784286725950e+03
1.254488584308194277e+03
1.254493784331451707e+03
1.254540817875144512e+03
1.254547084569838944e+03
1.254562884640505672e+03
1.254620984900361464e+03
1.254648751691216148e+03
1.254667418441370728e+03
1.254806485730021677e+03
1.254814585766249365e+03
1.258600036030165711e+03
1.258603869380644028e+03
1.258610702744539822e+03
1.258640202876480316e+03
1.258649502918075086e+03
1.258654236272578601e+03
1.258678136379472789e+03
1.258684436407649855e+03
1.258704903165855058e+03
1.258754836722518348e+03
1.258863970543957294e+03
1.258869303901144121e+03
1.258877003935582934e+03
1.258882703961076459e+03
1.258887303981650348e+03
1.258891470666952500e+03
1.258904404058131149e+03
1.258916537445731592e+03
1.258928270831542932e+03
1.258932670851222156e+03
1.258938437543680720e+03
1.258977504385075463e+03
1.258982304406543562e+03
1.258988837769097472e+03
1.258996304469159440e+03
1.259006271180402564e+03
1.259015037886278606e+03
1.259025571266723091e+03
1.259047438031189813e+03
1.259057338075468124e+03
1.259501140060390981e+03
1.259510306768056125e+03
1.259638640675368151e+03
1.259775541287661781e+03
1.259782774653346678e+03
1.259787574674814778e+03
1.259801374736536218e+03
1.259923508616118397e+03
1.259929975311707722e+03
1.259934508665316571e+03
1.259940242024292729e+03
1.260040742473785031e+03
1.260044709158192973e+03
1.260051142520299663e+03
1.260056275876592053e+03
1.260060742563236317e+03
1.261056647017460136e+03
1.264219561163724848e+03
1.266633638627452910e+03
1.266646672019078778e+03
1.266668405449615648e+03
1.266672738802330059e+03
1.266817906118263636e+03
1.267062607212699277e+03
1.267066407229694960e+03
1.267074940601194385e+03
1.267086940654864975e+03
1.267093440683936706e+03
1.268606447450922133e+03
1.268616280828235631e+03
1.268629614221203155e+03
1.268635414247143899e+03
1.268659981023686669e+03
1.268663314371928436e+03
1.268688347817224894e+03
1.268699014531599005e+03
1.268709714579455294e+03
1.268715947940667775e+03
1.268748514752990559e+03
1.270806890625828601e+03
1.270812823985699197e+03
1.270979124729486330e+03
1.271197092371022109e+03
1.274416206768644770e+03
1.274467673665499433e+03
1.274474707030289665e+03
1.274494807120188170e+03
1.274517473888232871e+03
1.277478787132828984e+03
1.277489853848992198e+03
1.277499853893717727e+03
1.277504453914291389e+03
1.277511253944704777e+03
1.277527787351984671e+03
1.277536320723483868e+03
1.277590320965002093e+03
1.277617854421479933e+03
1.277625254454576861e+03
1.277656154592778876e+03
1.277671121326385219e+03
1.277731354929115469e+03
1.279143527911784531e+03
1.279151961282836510e+03
1.279326728731157573e+03
1.279366862243989999e+03
1.279373895608780231e+03
1.279399595723725042e+03
1.279413729120270546e+03
1.279418662475668498e+03
1.279472129381468221e+03
1.279526929626564424e+03
1.279584196549359831e+03
1.279591363248079915e+03
1.279601696627629735e+03
1.279634996776565913e+03
1.279641530139120050e+03
1.279646296827105971e+03
1.279748830619025966e+03
1.279758930664198715e+03
1.279845364384110553e+03
1.279858164441359349e+03
1.281123903435762713e+03
1.281133470145216961e+03
1.281155036908341799e+03
1.281162103606614437e+03
1.281373871220420824e+03
1.281520171874756443e+03
1.281613805626870544e+03
1.281756839599929208e+03
1.282095741115680312e+03
1.285867991320558986e+03
1.286982496305228779e+03
1.287714232911284398e+03
1.288127834761135773e+03
1.290414811656401525e+03
1.290421111684578591e+03
1.290571979026005693e+03
1.290577512384086958e+03
1.290622645919282149e+03
1.290763079880712212e+03
1.292355053667547509e+03
1.298088145975706993e+03
1.299047350265788054e+03
1.300701890999123407e+03
1.300705457681742246e+03
1.300718357739438261e+03
1.300733824475280699e+03
1.300758291251375795e+03
1.300761724600064781e+03
1.300770591306388496e+03
1.300775857996610512e+03
1.300780491350666807e+03
1.300784991370793250e+03
1.300789991393156015e+03
1.300866858403613605e+03
1.300885858488592248e+03
1.300897058538684860e+03
1.300908391922707324e+03
1.301932063167786055e+03
1.305472879004231572e+03
1.306719151244902378e+03
1.306729117956145728e+03
1.306781251522648517e+03
1.306873285267606661e+03
1.306877085284602344e+03
1.307080552861286151e+03
1.309799265020839130e+03
1.309803798374447979e+03
1.309994932562636905e+03
1.310638602108142322e+03
1.310909036651005408e+03
1.312918278970758138e+03
1.312940345736119298e+03
1.312983345928439576e+03
1.313030146137755310e+03
1.313086979725279207e+03
1.313092646417290325e+03
1.313097079770452183e+03
1.313100679786553428e+03
1.313113213175942747e+03
1.313117113193385876e+03
1.313160346720082771e+03
1.313164480071902744e+03
1.313170413431773341e+03
1.313176813460397625e+03
1.313181513481418733e+03
1.313189046848445514e+03
1.313201413570422574e+03
1.313219213650034362e+03
1.313226013680447750e+03
1.313234447051499728e+03
1.313239380406897681e+03
1.313244647097119696e+03
1.313250180455201416e+03
1.313259247162419115e+03
1.313283313936725563e+03
1.313303880695377757e+03
1.313311114061062653e+03
1.313315680748154136e+03
1.313324047452241302e+03
1.313345514214918694e+03
1.313413114517263921e+03
1.313418481207933382e+03
1.313422381225376512e+03
1.313439181300515429e+03
1.313449948015336759e+03
1.313461481400253433e+03
1.313475314795457280e+03
1.313509981617172571e+03
1.314804587407350937e+03
1.314831720862039674e+03
1.316095559847945196e+03
1.316099759866729983e+03
1.316104726555610341e+03
1.316807329698031936e+03
1.316818396414195149e+03
1.318287469651352467e+03
1.320132044567956882e+03
1.320135244582269252e+03
1.320165711385199756e+03
1.320193911511325950e+03
1.320236845036681416e+03
1.320252878441724761e+03
1.320296211968869102e+03
1.320299445316663650e+03
1.320307578686373972e+03
1.320311912039088384e+03
1.320316845394486563e+03
1.320321045413271122e+03
1.320348112200995274e+03
1.320370045632426582e+03
1.320401079104558448e+03
1.320405279123343234e+03
1.320412645822957757e+03
1.320425679214583397e+03
1.320433145914645365e+03
1.320437379266912558e+03
1.320445845971446715e+03
1.320453812673744778e+03
1.320464579388566108e+03
1.320470212747094820e+03
1.320478112782428070e+03
1.320489746167792191e+03
1.320495446193285943e+03
1.320500712883507958e+03
1.320506912911237805e+03
1.320521479643054818e+03
1.320663480278158659e+03
1.320670546976431297e+03
1.320679213681860119e+03
1.320683280366715280e+03
1.320692980410099153e+03
1.320719080526833068e+03
1.320728480568875057e+03
1.322934557102310464e+03
1.323014257458773500e+03
1.323606093439117785e+03
1.324147129192255989e+03
1.324153029218644178e+03
1.326787641002054670e+03
1.329145118212635680e+03
1.331003759858820786e+03
1.331013126567380368e+03
1.331017293252682975e+03
1.337201354244485174e+03
1.337207520938732614e+03
1.337225654353168466e+03
1.337232154382239969e+03
1.337257087827089208e+03
1.337274021236157978e+03
1.337356188270320217e+03
1.337364421640477531e+03
1.337375621690570142e+03
1.337391388427754237e+03
1.337420655225317887e+03
1.337472188789137363e+03
1.337498055571494206e+03
1.337504488933600896e+03
1.337509288955069451e+03
1.337542155768734347e+03
1.337596422678111821e+03
1.338203425392956660e+03
1.338210692092123963e+03
1.340059800362337228e+03
1.340064200382016452e+03
1.340079267116069559e+03
1.345305890492359595e+03
1.345311657184817932e+03
1.345322290565709409e+03
1.348163903274940139e+03
1.348171503308931506e+03
1.348460104599712622e+03
1.348500071445132789e+03
1.348556238363008106e+03
1.348572405101981303e+03
1.348707572373189350e+03
1.348715739076381624e+03
1.348735705832350504e+03
1.351218250268966813e+03
1.351255250434451682e+03
1.351330784105612565e+03
1.351336384130658871e+03
1.351373717630967576e+03
1.351392317714157343e+03
1.351411751134407496e+03
1.351418317830444039e+03
1.351465684708960907e+03
1.351486751469849651e+03
1.351625485423676309e+03
1.351637885479136003e+03
1.351645285512232931e+03
1.351656252227948698e+03
1.351755219337250082e+03
1.352707423596022863e+03
1.352727423685474150e+03
1.352734957052500931e+03
1.352762490508978544e+03
1.352892291089517130e+03
1.352922357890658986e+03
1.353242225987948586e+03
1.353619294341069235e+03
1.355291235152227046e+03
1.356974809348749204e+03
1.357076476470126408e+03
1.357094809885456471e+03
1.357123810015160871e+03
1.357181576940192599e+03
1.357200643692135827e+03
1.357235843849570074e+03
1.357240777204968026e+03
1.357246277229567113e+03
1.357342244325450793e+03
1.357389911205309545e+03
1.357485178298062237e+03
1.357489444983811609e+03
1.357658545740121781e+03
1.358633616767834155e+03
1.358644783484444361e+03
1.358707783766215925e+03
1.359499120638836075e+03
1.359504320662093278e+03
1.359623654529152191e+03
1.360468791642396582e+03
1.360483458374660813e+03
1.361472729465883276e+03
1.361478262823964769e+03
1.361516762996158377e+03
1.361564963211735858e+03
1.361603063382140590e+03
1.361613596762584848e+03
1.361785297530523621e+03
1.361788964213589679e+03
1.361792730897102956e+03
1.361797830919912940e+03
1.361801597603426217e+03
1.362156665858150518e+03
1.362243699580745670e+03
1.362280233077476623e+03
1.362370500147866551e+03
1.362374833500580962e+03
1.362381200195722840e+03
1.362385133546648376e+03
1.365766748671062032e+03
1.365933282749226009e+03
1.365937582768458014e+03
1.365941082784112041e+03
1.365955516181999201e+03
1.365958482861934499e+03
1.365972282923655939e+03
1.365975916273239591e+03
1.366836553455808371e+03
1.369108363616573342e+03
1.369150730472727673e+03
1.369276097700104401e+03
1.369289964428790654e+03
1.369300131140928215e+03
1.369423798360701767e+03
1.371163572808581648e+03
1.371325273531794892e+03
1.371335973579651181e+03
1.371434074018409547e+03
1.374205053078394712e+03
1.374218053136538174e+03
1.374761288899516103e+03
1.374766122254466836e+03
1.374802389083338312e+03
1.374806355767746027e+03
1.374813822467807768e+03
1.374817889152662929e+03
1.374829689205439081e+03
1.374841122589908764e+03
1.374866756037888763e+03
1.374875789411624282e+03
1.374882589442037670e+03
1.374936689684003341e+03
1.374961123126616258e+03
1.374985823237088425e+03
1.374995423280025079e+03
1.375000689970247095e+03
1.375062690247546016e+03
1.378101837173589956e+03
1.378553572527328242e+03
1.381612586208893617e+03
1.381629519617962387e+03
1.384779500373048677e+03
1.384814967198341947e+03
1.384916867654096222e+03
1.384981134608199454e+03
1.385003301374007833e+03
1.385057634950350348e+03
1.385070701675458395e+03
1.385074835027278368e+03
1.385093301776538283e+03
1.385115368541899670e+03
1.385126001922791147e+03
1.385133301955440857e+03
1.385138301977803621e+03
1.385149168693072170e+03
1.385157535397159108e+03
1.385161835416391341e+03
1.385174568806675097e+03
1.385178202156258976e+03
1.385182035506736838e+03
1.385202468931459634e+03
1.385210768968581760e+03
1.385215468989603096e+03
1.385240235767040076e+03
1.385250635813554709e+03
1.385255135833681152e+03
1.385328702829379381e+03
1.385333969519601396e+03
1.385337702869632494e+03
1.385343169560749175e+03
1.386101772953634281e+03
1.387028477098356916e+03
1.387032510449729443e+03
1.387744846969017544e+03
1.387752580336938763e+03
1.387761347042814805e+03
1.387773847098721717e+03
1.387777913783576878e+03
1.387783547142105590e+03
1.387788813832327833e+03
1.387795813863635658e+03
1.387806880579798872e+03
1.387849147435505756e+03
1.387854847460999281e+03
1.387859080813266473e+03
1.387862947497226969e+03
1.387867647518247850e+03
1.387871514202208573e+03
1.387875714220993359e+03
1.387891980960413548e+03
1.387896080978751115e+03
1.387902181006033970e+03
1.387909014369929764e+03
1.387914781062388101e+03
1.387920347753952001e+03
1.387925314442832587e+03
1.387937847832221905e+03
1.387963981282438226e+03
1.387985981380834346e+03
1.387990914736232526e+03
1.387997714766645913e+03
1.388005581468496757e+03
1.388013781505171664e+03
1.388019448197182783e+03
1.388035748270085605e+03
1.388041748296920787e+03
1.388046448317942122e+03
1.388052615012189335e+03
1.388068381749373430e+03
1.388074081774867182e+03
1.388080048468220184e+03
1.388109815268019929e+03
1.388113681951980425e+03
1.388122315323927069e+03
1.388129215354787675e+03
1.388134848713316387e+03
1.388145148759383801e+03
1.388151248786666429e+03
1.388158348818421473e+03
1.388166415521166982e+03
1.388189715625377630e+03
1.388195415650871382e+03
1.388205982364798047e+03
1.388211249055020289e+03
1.388219615759107228e+03
1.388252915908043406e+03
1.388280116029697183e+03
1.388421716663011921e+03
1.388429250030038475e+03
1.388433816717129957e+03
1.388437450066713382e+03
1.390923294518089278e+03
1.390938561253037051e+03
1.390949627969199810e+03
1.390960361350538960e+03
1.390986228132895803e+03
1.391015694931353892e+03
1.391025728309561828e+03
1.391073195188526142e+03
1.391101261980722711e+03
1.391109795352221909e+03
1.391160495578980772e+03
1.391175195644727410e+03
1.391186462361784834e+03
1.391194329063635905e+03
1.391199495753410702e+03
1.391221895853596152e+03
1.391230262557683318e+03
1.391234529243432689e+03
1.391238829262664694e+03
1.391303129550250560e+03
1.391489463716971159e+03
1.391498730425083522e+03
1.391505063786742994e+03
1.391512363819392704e+03
1.391521630527505067e+03
1.391533030578492117e+03
1.392223100331524620e+03
1.392841536430838914e+03
1.394091142019751715e+03
1.394100642062240922e+03
1.396073084217403675e+03
1.396078650908967575e+03
1.396113917733366407e+03
1.396145151206392939e+03
1.396196451435835343e+03
1.396205051474299353e+03
1.396210618165863252e+03
1.396213818180175622e+03
1.396219418205221928e+03
1.396227318240555178e+03
1.397673858043597647e+03
1.397896392372224909e+03
1.397995959484209834e+03
1.398800163081043365e+03
1.400551704248217220e+03
1.400566037645657389e+03
1.400573704346613795e+03
1.400579971041308454e+03
1.400586404403415372e+03
1.400622904566663692e+03
1.400685904848435257e+03
1.400693604882873842e+03
1.400717771657627281e+03
1.400808905398560000e+03
1.400819805447310955e+03
1.400941339324209821e+03
1.400960739410977340e+03
1.400965472765480854e+03
1.400972039461517397e+03
1.400994139560360964e+03
1.401016906328852883e+03
1.401020873013260825e+03
1.401028139712428128e+03
1.401034373073640381e+03
1.401039539763415178e+03
1.401047306464818803e+03
1.401066739885068728e+03
1.401072773245386543e+03
1.401080273278930918e+03
1.401086806641484827e+03
1.401149073586643226e+03
1.401154840279101563e+03
1.401159873634946734e+03
1.401163840319354676e+03
1.401186640421329002e+03
1.401195907129441593e+03
1.401200440483050443e+03
1.402241978474705547e+03
1.402246345160902365e+03
1.402258245214125964e+03
1.403868252414949666e+03
1.403875152445810500e+03
1.403983852931977935e+03
1.404072553328694084e+03
1.404924523805834042e+03
1.406530564322250029e+03
1.407373601426101686e+03
1.407388068157471480e+03
1.409456410741552872e+03
1.409474577489471130e+03
1.412063622402414921e+03
1.412629358266025292e+03
1.413290227888458730e+03
1.413293961238489828e+03
1.413848430385042775e+03
1.413861097108361719e+03
1.413866297131619149e+03
1.413872830494173286e+03
1.413955764198430870e+03
1.414068131367664364e+03
1.414073131390027356e+03
1.414093564814749925e+03
1.414102331520625967e+03
1.414176531852490143e+03
1.414187698569100348e+03
1.414350599297680674e+03
1.415077402548338114e+03
1.415085269250188958e+03
1.415293470181376279e+03
1.415818705863847981e+03
1.415824139221482255e+03
1.415833072594770556e+03
1.415853306018598687e+03
1.415861539388756000e+03
1.415878206129965292e+03
1.415906339589126901e+03
1.415922606328547090e+03
1.416054506918477955e+03
1.416108973828750322e+03
1.416184607500358197e+03
1.416202974249170893e+03
1.416854610496974374e+03
1.417228045500511371e+03
1.417304412508732639e+03
1.417333512638884258e+03
1.417465746563639186e+03
1.417474846604339518e+03
1.417793814697604148e+03
1.417810414771848627e+03
1.418074682620464273e+03
1.419411788600726140e+03
1.421338730552387233e+03
1.421343063905101644e+03
1.421354630623500952e+03
1.421359763979793343e+03
1.421365797340111158e+03
1.421377430725475278e+03
1.421381530743812846e+03
1.421475731165128082e+03
1.421489231225507865e+03
1.421496297923780503e+03
1.421559098204657175e+03
1.423149005315582826e+03
1.424172009891012976e+03
1.425466449013778856e+03
1.425480249075500524e+03
1.425486949105466465e+03
1.425498382489936148e+03
1.425507482530636480e+03
1.425599216274252740e+03
1.425857617429962602e+03
1.425866784137627747e+03
1.425921084380487855e+03
1.426494853613361329e+03
1.426498353629015355e+03
1.426549787192387384e+03
1.426646220957024752e+03
1.426660487687499881e+03
1.426772554855391490e+03
1.426777621544719295e+03
1.426795021622541753e+03
1.426803721661452983e+03
1.426809055018640038e+03
1.426824221753140591e+03
1.426830321780423219e+03
1.426837188477801419e+03
1.426844821845275419e+03
1.426854188553835002e+03
1.426857588569041809e+03
1.426862821925781418e+03
1.426867555280284705e+03
1.426874021975874030e+03
1.426896122074717823e+03
1.426901022096633369e+03
1.426909022132413838e+03
1.426916855500782276e+03
1.426925655540140497e+03
1.428516262654196908e+03
1.430361437573484864e+03
1.431829510806169992e+03
1.431840777523227416e+03
1.431880811035612169e+03
1.431933611271763766e+03
1.431948811339746499e+03
1.431953011358531285e+03
1.431957478045175549e+03
1.432023211672504885e+03
1.432078111918048762e+03
1.432085411950698244e+03
1.432095878664177690e+03
1.432780081724304409e+03
1.432994816018045640e+03
1.436346297674353082e+03
1.436366464431216400e+03
1.436388797864437038e+03
1.436394931225201844e+03
1.436406264609224309e+03
1.436443431442120982e+03
1.436460764852978855e+03
1.436474631581665108e+03
1.436482798284857608e+03
1.436536298524139738e+03
1.436541265213020097e+03
1.436643932338869718e+03
1.436648665693373005e+03
1.436718366005110738e+03
1.440326882144348701e+03
1.440529016381735573e+03
1.441279886406699688e+03
1.441488687340570550e+03
1.441500554060311515e+03
1.441546187597742801e+03
1.441619154590757262e+03
1.441627421294397209e+03
1.445254670850754565e+03
1.445262137550816306e+03
1.445278970959437856e+03
1.445286037657710494e+03
1.445289537673364521e+03
1.445335504545619870e+03
1.445338904560826450e+03
1.445347904601079563e+03
1.445352271287276608e+03
1.445384971433529245e+03
1.445391604796530601e+03
1.445394571476465671e+03
1.445398338159979176e+03
1.445403671517166003e+03
1.445413538227962135e+03
1.445418871585148963e+03
1.445424871611984599e+03
1.445430038301759396e+03
1.445435338325464045e+03
1.445446738376451322e+03
1.445505271971578395e+03
1.445511605333238094e+03
1.445547138825496177e+03
1.445579605637372197e+03
1.445592872363374681e+03
1.445613139120685219e+03
1.445620605820747187e+03
1.445627139183301324e+03
1.445635605887835709e+03
1.445645539265596426e+03
1.445708839548709420e+03
1.445728639637266269e+03
1.445736673006529145e+03
1.445740539690489641e+03
1.445758239769654210e+03
1.445767273143389502e+03
1.445777173187667813e+03
1.445804406642803997e+03
1.445812606679478904e+03
1.445817373367464825e+03
1.445920373828138736e+03
1.446880944790998683e+03
1.446900244877319210e+03
1.447105079126782357e+03
1.447349280218981676e+03
1.447358580260576673e+03
1.447382647034882893e+03
1.447394780422483336e+03
1.450149926078319822e+03
1.451464765292326092e+03
1.451471698656668877e+03
1.451478698687976930e+03
1.451508665488671340e+03
1.451694299652261179e+03
1.451703933028680240e+03
1.451830500261424049e+03
1.451838300296310081e+03
1.451847233669598154e+03
1.451942467428868440e+03
1.451956500824966952e+03
1.452110368179811530e+03
1.452121368229009704e+03
1.452182835170589897e+03
1.452326935815086017e+03
1.453905776209848227e+03
1.453917309594765129e+03
1.453948243066449777e+03
1.454020110054544602e+03
1.454048076846293725e+03
1.454070376946031956e+03
1.454160977351245947e+03
1.454197144179670431e+03
1.454216110931166440e+03
1.454230477662089015e+03
1.454242977717996155e+03
1.454247377737675151e+03
1.454259477791793415e+03
1.454843980406005585e+03
1.456731055512693729e+03
1.457112190550669311e+03
1.457141790683057252e+03
1.458257362339164274e+03
1.462376347428162489e+03
1.462436214362586497e+03
1.463111550716389729e+03
1.465453494524163716e+03
1.465472727943519203e+03
1.465496661383896026e+03
1.465569528376463268e+03
1.465666128808512667e+03
1.466247664742789539e+03
1.466252998099976594e+03
1.466260431466555929e+03
1.466358731906208732e+03
1.467888072079579388e+03
1.467898172124752136e+03
1.467908172169477893e+03
1.467913405526217502e+03
1.467918372215098088e+03
1.467942238988509871e+03
1.467952005698858557e+03
1.468001372586320485e+03
1.468007372613155894e+03
1.468015705983760654e+03
1.468021872678008094e+03
1.468028739375386294e+03
1.468035406071870057e+03
1.468040172759855977e+03
1.468049372801003528e+03
1.468056372832311581e+03
1.468065006204257998e+03
1.468068839554736087e+03
1.468076206254350609e+03
1.468085672963357410e+03
1.468145439897334199e+03
1.468175106696686953e+03
1.468179040047612261e+03
1.468183573401221111e+03
1.468190873433870820e+03
1.468200273475913036e+03
1.468207273507220862e+03
1.468228873603828333e+03
1.468236006969066011e+03
1.468243607003057377e+03
1.468248040356219008e+03
1.468266407105031703e+03
1.468293173891413971e+03
1.468297940579399892e+03
1.468302040597737459e+03
1.468315273990257765e+03
1.468321274017092946e+03
1.468327207376963543e+03
1.468332874068974661e+03
1.468338407427056381e+03
1.468411507754000468e+03
1.468438974543513496e+03
1.468443407896675353e+03
1.468447041246258777e+03
1.468454741280697363e+03
1.468564641772232108e+03
1.468570775132997142e+03
1.468575508487500429e+03
1.468581108512546962e+03
1.468585941867497468e+03
1.468591375225131969e+03
1.468734442531673039e+03
1.468741742564322522e+03
1.468752209277801967e+03
1.468762142655562911e+03
1.468765509337287085e+03
1.468772809369936795e+03
1.468837442992346723e+03
1.469539246131190566e+03
1.471395221098782031e+03
1.471429687919602884e+03
1.471475688125340866e+03
1.471499421564822796e+03
1.471559855168447939e+03
1.471568288539499918e+03
1.471710055840226687e+03
1.471765922756760574e+03
1.471824489685370281e+03
1.471836023070287183e+03
1.472293125114694931e+03
1.473880398880509347e+03
1.473886732242168819e+03
1.473894665610984475e+03
1.473900632304337478e+03
1.473905098990981514e+03
1.473919932390658005e+03
1.473963499252179190e+03
1.473977432647830256e+03
1.473994132722521954e+03
1.474001732756513547e+03
1.474011632800791858e+03
1.474021299510693098e+03
1.474025266195101040e+03
1.474028699543790026e+03
1.474035832909027931e+03
1.474044132946150057e+03
1.474118533278908671e+03
1.474180333555312927e+03
1.474301567430869682e+03
1.474326467542236514e+03
1.474425567985467296e+03
1.474443201397666826e+03
1.474712735936504714e+03
1.474719235965576217e+03
1.474751402776110353e+03
1.474755769462307171e+03
1.474843003185796988e+03
1.474919003525711560e+03
1.475014670620253128e+03
1.475058370815704393e+03
1.475175338005511549e+03
1.475371105547756542e+03
1.475378572247818283e+03
1.477195080372226357e+03
1.477446981498864488e+03
1.477454581532855855e+03
1.477586015454033031e+03
1.478560319811649606e+03
1.478678153671999780e+03
1.478688753719408851e+03
1.478695187081515769e+03
1.478703553785602935e+03
1.478710687150840386e+03
1.478716520510263763e+03
1.478725220549174992e+03
1.478744520635495519e+03
1.478798120875224868e+03
1.480713729442863496e+03
1.484231745177334460e+03
1.484240111881421626e+03
1.484409012636837360e+03
1.484547379922357322e+03
1.484554479954112594e+03
1.484559413309510546e+03
1.484571213362286699e+03
1.484576880054298044e+03
1.484583646751229026e+03
1.484649613712935434e+03
1.484657913750058015e+03
1.484664413779129518e+03
1.484679313845770594e+03
1.484683013862319058e+03
1.484690880564169902e+03
1.484694147245447084e+03
1.484701347277649347e+03
1.484713914000521072e+03
1.484722247371126059e+03
1.484729247402433884e+03
1.484738080775274966e+03
1.484745514141854073e+03
1.484785414320309428e+03
1.484804147737428593e+03
1.484809547761580461e+03
1.484814947785732329e+03
1.484822414485794070e+03
1.484826381170202012e+03
1.484838014555566133e+03
1.484849447940035589e+03
1.484856081303037172e+03
1.484867214686164971e+03
1.484872248042010369e+03
1.484877548065714564e+03
1.484883481425585160e+03
1.484889548119385609e+03
1.484895714813632821e+03
1.484923214936628256e+03
1.484991715242998907e+03
1.484995748594371435e+03
1.485000281947980284e+03
1.485004348632835445e+03
1.485008948653409107e+03
1.485016248686059043e+03
1.485023348717814088e+03
1.485121749157914337e+03
1.485151249289854832e+03
1.485155182640780140e+03
1.485173682723522688e+03
1.485278183190905338e+03
1.487533793279214706e+03
1.487538893302024917e+03
1.487546260001639439e+03
1.487552426695886879e+03
1.487560526732114567e+03
1.487565460087512747e+03
1.487587160184567210e+03
1.487595793556513627e+03
1.487653693815474981e+03
1.487677727256298795e+03
1.487782461058058288e+03
1.487794461111729333e+03
1.488336730203716797e+03
1.488339330215345626e+03
1.488345296908698401e+03
1.488364263660194865e+03
1.488368697013356496e+03
1.488375297042875218e+03
1.488380397065685429e+03
1.488385497088495413e+03
1.488398130478332178e+03
1.488402430497564183e+03
1.488407830521715823e+03
1.488415563889637042e+03
1.488421997251743960e+03
1.488436797317937817e+03
1.488449530708221801e+03
1.488454530730584565e+03
1.488463064102083763e+03
1.488471830807959805e+03
1.488477364166041525e+03
1.488497030920668522e+03
1.488511664319450119e+03
1.488515164335104146e+03
1.488522397700789270e+03
1.488528731062448742e+03
1.488538964441551343e+03
1.488546997810814219e+03
1.488595631361662981e+03
1.488600164715271831e+03
1.488607431414439361e+03
1.488612464770284532e+03
1.488622031479738553e+03
1.488627898172644336e+03
1.488635731541012774e+03
1.488642098236154652e+03
1.488647431593341707e+03
1.488652898284458388e+03
1.488658798310846350e+03
1.488674098379276529e+03
1.488682765084705352e+03
1.488688131775375041e+03
1.488693498466044502e+03
1.488702131837990692e+03
1.488711398546103055e+03
1.488722665263160707e+03
1.488728298621689419e+03
1.488759465427750911e+03
1.488793632247230107e+03
1.488875532613533096e+03
1.488985933107303708e+03
1.491908846180153660e+03
1.491993879893803751e+03
1.492030080055710414e+03
1.492150347260277158e+03
1.492199080811573140e+03
1.492309714639721051e+03
1.492326381380930343e+03
1.492425781825503009e+03
1.492441548562687103e+03
1.493220985382083654e+03
1.493227552078120198e+03
1.493238752128213036e+03
1.493246918831405537e+03
1.493265752248972376e+03
1.493319085820842247e+03
1.493323085838732368e+03
1.493328719197261307e+03
1.493338752575469243e+03
1.493352052634954362e+03
1.493408652888101187e+03
1.493452786418823507e+03
1.493473719845782625e+03
1.493477986531531997e+03
1.493482286550764229e+03
1.493500153297340603e+03
1.493507686664367156e+03
1.493568353602369370e+03
1.493633787228357278e+03
1.493657920669628311e+03
1.493707954226738821e+03
1.493743354385067505e+03
1.493769621169213679e+03
1.493778254541159868e+03
1.493783487897899477e+03
1.493813454698594114e+03
1.495682829726118143e+03
1.495691429764581926e+03
1.496486766655092651e+03
1.496490700006017960e+03
1.496496633365888556e+03
1.496516833456234281e+03
1.496525300160768438e+03
1.496546033586833119e+03
1.496561800324017213e+03
1.496567400349063519e+03
1.496608033864131812e+03
1.496632867308533832e+03
1.496646634036772866e+03
1.496772634600315541e+03
1.496902235179959462e+03
1.496909468545644359e+03
1.496915001903725852e+03
1.496919101922063192e+03
1.498064407044488007e+03
1.498069307066403553e+03
1.498088807153618518e+03
1.499039278071305716e+03
1.499041944749899130e+03
1.499046144768683916e+03
1.499050744789257806e+03
1.499102278353077054e+03
1.499127011797031855e+03
1.499131545150640704e+03
1.499156211927630466e+03
1.499161111949546012e+03
1.499166678641109911e+03
1.499174445342513536e+03
1.499181545374268580e+03
1.499186312062254501e+03
1.499192912091773451e+03
1.499209545499500337e+03
1.499281345820630349e+03
1.499286545843887552e+03
1.499298545897558370e+03
1.499319145989693197e+03
1.499322779339276849e+03
1.499353912811855935e+03
1.499374279569613691e+03
1.500653551957879017e+03
1.500718385581183611e+03
1.500725352279009257e+03
1.500764752455228063e+03
1.500813319339112013e+03
1.500818519362369443e+03
1.500922253159656520e+03
1.500933586543678757e+03
1.500937186559780002e+03
1.501055020420130177e+03
1.501070753823831865e+03
1.501084287217693827e+03
1.501130254089949403e+03
1.501137487455634073e+03
1.501315021582995996e+03
1.503785332631564643e+03
1.503793666002169402e+03
1.503807899399162125e+03
1.503811399414816151e+03
1.503824732807783676e+03
1.503828566158261765e+03
1.503836999529313744e+03
1.503865932992053104e+03
1.503878199713583399e+03
1.503925199923793798e+03
1.504032467070217081e+03
1.504068300563817274e+03
1.504404102065703228e+03
1.504408335417970420e+03
1.504415135448384035e+03
1.504422068812727048e+03
1.504431035519497527e+03
1.504439135555725215e+03
1.504476269055139937e+03
1.504566169457223168e+03
1.505053004967948482e+03
1.506708245704414367e+03
1.506734345821148281e+03
1.506749945890920344e+03
1.506780912696087171e+03
1.506790112737234722e+03
1.506798379440874669e+03
1.506804546135122337e+03
1.506839412957732293e+03
1.506850646341307311e+03
1.506855013027504128e+03
1.506860246384243737e+03
1.506875613119638956e+03
1.506888679844747003e+03
1.506896413212668222e+03
1.506964780185109021e+03
1.506984180271876539e+03
1.506988446957626365e+03
1.506995346988486745e+03
1.506999680341201156e+03
1.507029113806177065e+03
1.507033080490584780e+03
1.507039713853586136e+03
1.507066947308722320e+03
1.507076580685141153e+03
1.507081714041433770e+03
1.507087214066032857e+03
1.507099980789799247e+03
1.507105447480915927e+03
1.507115880860912966e+03
1.507225281350211390e+03
1.507254981483046322e+03
1.507259848171479234e+03
1.507271614890773208e+03
1.507275348240804078e+03
1.507283814945338463e+03
1.507401615472206231e+03
1.507410982180766041e+03
1.507415048865620975e+03
1.507425582246065460e+03
1.507430515601463185e+03
1.507434415618906314e+03
1.507476682474613199e+03
1.507486215850585040e+03
1.507540182758620858e+03
1.507548049460471702e+03
1.507561982856122540e+03
1.507779717163281703e+03
1.507789383873183169e+03
1.507793250557143665e+03
1.507797983911647179e+03
1.507804917275990192e+03
1.507810217299694841e+03
1.507818484003334561e+03
1.508031718290367053e+03
1.508812921784332275e+03
1.508840655241704553e+03
1.511634601071076304e+03
1.511676201257134835e+03
1.511684234626397711e+03
1.511699868029652180e+03
1.511780601724070493e+03
1.511926002374380687e+03
1.512030002839527242e+03
1.512140670001157332e+03
1.512873139943826118e+03
1.512880939978712149e+03
1.512902206740495330e+03
1.512906373425797483e+03
1.512944140261377925e+03
1.512950340289107771e+03
1.513075707516484499e+03
1.513117774371296946e+03
1.513124141066439051e+03
1.513150707851926654e+03
1.513157007880103947e+03
1.513186974680798357e+03
1.513240608254009885e+03
1.513438075803858510e+03
1.514774315113577586e+03
1.514976516017929498e+03
1.515667885776776075e+03
1.518223263872477219e+03
1.518234830590876300e+03
1.518243097294516247e+03
1.518256764022308062e+03
1.518261964045565264e+03
1.518271497421536878e+03
1.518285730818529828e+03
1.518305497573604043e+03
1.518350597775316601e+03
1.518354164457935440e+03
1.518372997875501824e+03
1.518378864568407607e+03
1.518388197943485011e+03
1.518394331304249818e+03
1.518409531372233005e+03
1.518413998058876814e+03
1.518417731408907912e+03
1.518423331433954218e+03
1.518428031454975098e+03
1.518436064824237974e+03
1.518467131629852247e+03
1.518473664992406384e+03
1.518479098350040658e+03
1.518525898559356619e+03
1.518633499040604192e+03
1.518651332453698387e+03
1.518762632951494425e+03
1.518978900585427027e+03
1.519065267638373825e+03
1.519217534986062446e+03
1.519257568498447199e+03
1.519268235212821310e+03
1.519276601916908476e+03
1.519281768606683272e+03
1.519284768620100976e+03
1.519294001994731161e+03
1.519350535580913174e+03
1.519365368980589437e+03
1.519462769416217043e+03
1.520994609600768854e+03
1.522112814601987338e+03
1.522113781272977576e+03
1.522123914651632731e+03
1.522152814780889685e+03
1.522214181722022659e+03
1.522258948588910926e+03
1.522278182008266413e+03
1.522287248715484338e+03
1.522383015810473353e+03
1.522400549222225663e+03
1.522512149721363357e+03
1.524983827442711345e+03
1.529031612213262861e+03
1.529044578937923916e+03
1.529051045633513013e+03
1.529083079110117296e+03
1.529100679188834647e+03
1.529183012890408691e+03
1.529198946295004816e+03
1.529206679662926035e+03
1.529210979682158040e+03
1.529311280130755904e+03
1.529334213566660083e+03
1.529349046966336346e+03
1.529802448994195629e+03
1.529813282375981998e+03
1.529901516103944004e+03
1.532631261646177563e+03
1.536386811776364539e+03
1.536392478468375657e+03
1.536409611878338865e+03
1.536426578620889813e+03
1.536430411971368130e+03
1.536436578665615571e+03
1.536442012023249845e+03
1.536446178708552225e+03
1.536449645390723617e+03
1.536499412279974877e+03
1.536517045692174406e+03
1.536534012434725355e+03
1.536566345912671522e+03
1.536710013221896361e+03
1.536769646821943525e+03
1.539792427008119603e+03
1.539844660575069611e+03
1.540046128142808584e+03
1.540110795098700919e+03
1.540116695125088881e+03
1.540179795407307665e+03
1.540258995761534379e+03
1.540393029694340157e+03
1.540397729715361265e+03
1.544557481653357172e+03
1.545291584936664776e+03
1.545426685540907783e+03
1.545484352465492066e+03
1.545512419257688634e+03
1.545516819277368086e+03
1.545555052781702216e+03
1.548735167004894720e+03
1.548747467059907422e+03
1.548776667190506259e+03
1.548870334276102767e+03
1.548877667642234883e+03
1.548921601172062765e+03
1.549111535354884381e+03
1.550658942275726304e+03
1.551848147594496368e+03
1.553478121551288950e+03
1.553497888306363166e+03
1.553502321659524796e+03
1.553513188374793344e+03
1.553535155139707285e+03
1.553573021975735173e+03
1.553611622148375773e+03
1.553626955550288358e+03
1.553633322245430463e+03
1.553657889021973006e+03
1.553722689311794966e+03
1.553727322665851261e+03
1.553753922784821270e+03
1.553769289520216489e+03
1.553809256365636429e+03
1.553821556420648903e+03
1.553826256441670012e+03
1.553833823142178971e+03
1.553840356504733109e+03
1.553896356755196621e+03
1.554001857227051687e+03
1.554337892063314939e+03
1.554351658791553746e+03
1.554404259026810678e+03
1.554408725713454487e+03
1.554419659095688075e+03
1.554424592451085800e+03
1.554429059137730064e+03
1.554436225836449921e+03
1.554454725919192470e+03
1.554504026139689586e+03
1.554510392834831691e+03
1.554514992855405353e+03
1.554526359572910224e+03
1.554551926353925410e+03
1.554556259706639821e+03
1.554560559725871826e+03
1.554568659762099514e+03
1.554576059795196443e+03
1.554583659829188036e+03
1.554588626518068395e+03
1.554592459868546484e+03
1.554637993405530551e+03
1.554643193428787981e+03
1.554650093459648588e+03
1.554656526821755506e+03
1.554664893525842444e+03
1.554671526888843800e+03
1.554680860263920977e+03
1.554686426955485103e+03
1.554691293643918016e+03
1.554696827001999509e+03
1.554709660392730939e+03
1.554755293930161997e+03
1.554758993946710461e+03
1.554764460637827142e+03
1.554770994000381279e+03
1.554776027356226450e+03
1.554780794044212371e+03
1.554785794066575136e+03
1.554790927422867526e+03
1.554795494109959009e+03
1.554801160801970127e+03
1.554805760822544016e+03
1.554813660857877267e+03
1.554820194220431176e+03
1.554827660920493145e+03
1.554833660947328553e+03
1.554841827650520827e+03
1.554850127687643180e+03
1.554932694723594295e+03
1.554945528114325725e+03
1.555271629572828033e+03
1.555282696288991019e+03
1.555306629729367387e+03
1.555603897725577554e+03
1.559127413484647832e+03
1.559136346857935905e+03
1.559144446894163821e+03
1.559150980256717958e+03
1.559154513605854163e+03
1.559159213626875271e+03
1.559171613682335192e+03
1.559194280450379892e+03
1.559241080659695626e+03
1.559253347381225922e+03
1.559307414289708959e+03
1.559320214346957755e+03
1.560003117401269947e+03
1.560006684083888786e+03
1.560020250811233154e+03
1.560024184162158690e+03
1.560052750956591353e+03
1.560074884388917553e+03
1.560083351093451711e+03
1.560097317822585183e+03
1.560121151262514786e+03
1.560128117960340205e+03
1.560143684696629634e+03
1.560148018049344046e+03
1.560166951467357876e+03
1.560171284820072287e+03
1.560188251562623464e+03
1.560203084962299727e+03
1.560212718338718787e+03
1.560249785171168469e+03
1.560253185186375276e+03
1.560256685202029303e+03
1.560263718566819534e+03
1.560271218600363682e+03
1.560276951959339840e+03
1.560293652034031538e+03
1.560299585393901907e+03
1.560307152094411094e+03
1.560314352126613585e+03
1.560326252179836956e+03
1.560332118872742512e+03
1.560338885569673494e+03
1.561047055403659215e+03
1.561568691070029672e+03
1.561649491431412571e+03
1.564577404526625287e+03
1.570044662312495802e+03
1.570104362579507551e+03
1.570112829284041936e+03
1.571033733402823600e+03
1.571061633527608137e+03
1.571150533925218951e+03
1.571596869254805370e+03
1.572052271291609941e+03
1.572315939137542046e+03
1.572328972529167913e+03
1.572338072569868018e+03
1.572462306458842477e+03
1.572528973423679872e+03
1.572907275115650009e+03
1.573358510467152200e+03
1.573364610494434828e+03
1.581544880414364343e+03
1.582874853029388760e+03
1.582890786433984886e+03
1.582896319792066379e+03
1.582907453175194178e+03
1.582914753207843887e+03
1.582930919946816857e+03
1.582939919987069970e+03
1.583049820478604261e+03
1.583211654535747130e+03
1.583218954568396839e+03
1.583239754661426105e+03
1.583339321773411029e+03
1.583359321862862089e+03
1.583573856155708881e+03
1.583602489617106585e+03
1.584178358859372565e+03
1.584188825572852011e+03
1.584290326026816956e+03
1.584350026293828932e+03
1.585486698044306877e+03
1.587767108243536086e+03
1.587771441596250497e+03
1.587835441882494479e+03
1.587887308781138017e+03
1.587899342168291014e+03
1.588091109692646114e+03
1.588095076377053829e+03
1.588592911936977544e+03
1.588603845319210677e+03
1.588616445375565036e+03
1.588636312131086697e+03
1.589058014017165760e+03
1.590392886654105496e+03
1.591077489716021091e+03
1.591543525133717139e+03
1.592799564084736630e+03
1.592810530800452625e+03
1.592813830815211986e+03
1.592829764219807885e+03
1.592840897602935911e+03
1.592856064337436237e+03
1.592872931079540422e+03
1.592879931110848247e+03
1.592886631140814416e+03
1.592890831159599202e+03
1.592895131178831207e+03
1.592899097863238921e+03
1.592904164552566726e+03
1.592931864676456598e+03
1.592939931379202108e+03
1.592945064735494498e+03
1.592949564755620941e+03
1.592954331443606861e+03
1.592968531507117177e+03
1.593054465224792466e+03
1.593075498652198803e+03
1.593113798823497973e+03
1.593121632191866183e+03
1.594602672149212367e+03
1.594627405593166941e+03
1.594634272290545368e+03
1.594727406040423148e+03
1.595138174544268850e+03
1.595144474572446143e+03
1.595148974592572586e+03
1.595168408012822738e+03
1.595173274701255878e+03
1.595187008096012278e+03
1.595189974775947576e+03
1.595194774797415903e+03
1.595203308168915100e+03
1.595227341609738914e+03
1.595268475127043757e+03
1.595300208602306157e+03
1.595310975317127713e+03
1.595315708671631000e+03
1.595375208937748312e+03
1.595414742447896970e+03
1.595438409220414314e+03
1.595447342593702615e+03
1.595458309309418382e+03
1.595507109527679404e+03
1.595713477117333468e+03
1.595807010869000578e+03
1.595859777771669314e+03
1.596421246949530087e+03
1.596425313634385020e+03
1.596434880343839268e+03
1.596440980371121896e+03
1.597718919420090515e+03
1.597745952874332261e+03
1.597962520509606520e+03
1.598901391375412004e+03
1.598920224792978843e+03
1.598924091476939338e+03
1.598947224913737728e+03
1.598953091606643738e+03
1.598957758294181986e+03
1.598970791685807853e+03
1.599204959399799236e+03
1.599743895143545160e+03
1.599761095220473180e+03
1.599783028651904715e+03
1.599850695621214754e+03
1.599857762319487392e+03
1.599861295668623825e+03
1.599866462358398849e+03
1.599870129041464679e+03
1.599986429561623709e+03
1.599993096258107471e+03
1.600079129976230206e+03
1.600116696810915982e+03
1.600131730211486911e+03
1.600199030512490253e+03
1.600211363900985134e+03
1.603043509901208836e+03
1.604474382967514657e+03
1.604480682995691723e+03
1.604495816396709870e+03
1.604504949770892608e+03
1.604512849806225859e+03
1.604555449996757034e+03
1.604612350251245743e+03
1.604624716973223030e+03
1.604670117176277245e+03
1.604809151131445788e+03
1.604825851206137486e+03
1.604840284604024873e+03
1.604848651308112039e+03
1.605122752534040956e+03
1.605205852905711026e+03
1.605217486291074920e+03
1.605222186312096028e+03
1.605232586358610661e+03
1.607889298240864719e+03
1.609602705904151435e+03
1.609658406153273063e+03
1.609678139574865099e+03
1.609692239637928196e+03
1.609867273754108737e+03
1.612594819286502570e+03
1.612626986097036706e+03
1.612638686149365640e+03
1.613981825489945322e+03
1.614099192681541581e+03
1.614110492732081639e+03
1.614115192753102519e+03
1.614120026108053253e+03
1.614123792791566530e+03
1.616513603480093934e+03
1.617574574891999191e+03
1.617600675008732878e+03
1.620282853671554903e+03
1.620287720359988043e+03
1.620291853711808017e+03
1.620300020415000517e+03
1.620313387141450448e+03
1.620344020611793212e+03
1.620349320635497861e+03
1.620368754055748013e+03
1.620380720775936197e+03
1.620398254187688508e+03
1.620404420881935948e+03
1.620409254236886682e+03
1.620416020933817663e+03
1.620424687639246486e+03
1.620431754337519351e+03
1.620437321029083250e+03
1.620442921054129783e+03
1.620447787742562696e+03
1.620451821093935223e+03
1.620458687791313650e+03
1.620464287816359956e+03
1.620479421217378103e+03
1.620486854583957438e+03
1.620512421364972624e+03
1.620526121426246618e+03
1.620530821447267726e+03
1.620540454823686787e+03
1.620546654851416633e+03
1.620551388205920148e+03
1.620562721589942385e+03
1.620567354943998680e+03
1.620572321632879039e+03
1.620576888319970294e+03
1.620582088343227724e+03
1.620596421740667665e+03
1.620605321780473560e+03
1.620612521812676050e+03
1.620629421888262186e+03
1.620634521911072397e+03
1.620646621965190207e+03
1.620653621996498259e+03
1.620663822042118227e+03
1.620669822068953863e+03
1.620674988758728659e+03
1.620682155457448744e+03
1.620688355485178590e+03
1.620818789401882896e+03
1.620823889424693107e+03
1.620830556121176869e+03
1.620835356142644969e+03
1.622036661515533069e+03
1.622695097793750165e+03
1.622704931171063663e+03
1.622712264537195551e+03
1.622717264559558544e+03
1.622736297978019593e+03
1.622741431334311983e+03
1.622772231472067006e+03
1.622843465123995657e+03
1.622848598480288274e+03
1.622893065345834884e+03
1.622996299140885412e+03
1.623019365910719216e+03
1.626151413252264092e+03
1.626257213725461042e+03
1.626352114149907266e+03
1.626360347520064579e+03
1.626365447542874790e+03
1.626376047590283861e+03
1.626385147630984193e+03
1.626389580984145823e+03
1.626393147666764662e+03
1.626429414495636138e+03
1.626442747888603662e+03
1.626533214959888028e+03
1.626578715163389688e+03
1.626657215514485870e+03
1.626753182610369095e+03
1.626801949495147710e+03
1.626832316297631223e+03
1.626960383537083999e+03
1.626995717028447643e+03
1.627266251571757948e+03
1.629795396216795552e+03
1.632503241661079983e+03
1.632517508391555111e+03
1.632521341742033428e+03
1.632525008425099259e+03
1.632533741797492894e+03
1.632541441831931706e+03
1.632551175208797986e+03
1.632557241902598207e+03
1.632573108640229520e+03
1.632577408659461526e+03
1.632583675354156185e+03
1.632600242094918485e+03
1.632630275562577481e+03
1.632637875596569074e+03
1.632645308963148409e+03
1.632689375826906144e+03
1.632745009409062732e+03
1.632836376484372522e+03
1.632970477084143113e+03
1.638233767291093272e+03
1.638252100706423562e+03
1.638261234080606300e+03
1.638295434233567903e+03
1.638300234255036003e+03
1.638303767604172663e+03
1.638307267619826462e+03
1.638311234304234176e+03
1.638314900987300462e+03
1.647281607757934580e+03
1.647440241800765307e+03
1.649106049251158311e+03
1.649119915979844336e+03
1.649140282737602320e+03
1.649145816095683585e+03
1.649161516165902867e+03
1.649166116186476529e+03
1.649222949774000654e+03
1.649254516581851021e+03
1.649283116709766546e+03
1.649359217050128336e+03
1.649366617083225265e+03
1.651380792758376174e+03
1.652140929491452653e+03
1.652144462840588858e+03
1.652153929549595659e+03
1.652157429565249686e+03
1.652514197827577163e+03
1.652519897853070916e+03
1.652526597883036857e+03
1.652532964578178962e+03
1.652538764604119706e+03
1.652543231290763970e+03
1.652547997978749891e+03
1.652554064672549885e+03
1.652560464701174396e+03
1.652579898121424549e+03
1.652591764841165741e+03
1.652617298288698294e+03
1.652620331635598404e+03
1.652633931696425179e+03
1.652651531775142303e+03
1.652655265125173173e+03
1.652661431819420613e+03
1.652665765172135025e+03
1.652669798523507779e+03
1.652674731878905732e+03
1.652684131920947721e+03
1.652688665274556797e+03
1.652702098667971541e+03
1.652715565394868690e+03
1.652749265545594199e+03
1.652763398942139702e+03
1.652770732308271590e+03
1.652790665730758064e+03
1.652808965812605948e+03
1.652821932537266775e+03
1.652843465966909434e+03
1.652858432700515323e+03
1.652862199384028600e+03
1.652866232735401127e+03
1.652872299429201576e+03
1.652880399465429264e+03
1.652887399496737089e+03
1.652893566190984757e+03
1.652900599555774988e+03
1.652904832908042181e+03
1.653001166672232330e+03
1.657347652778738166e+03
1.663631280882525289e+03
1.663654447652806084e+03
1.663676881086473941e+03
1.663759381455460243e+03
1.663817815050140325e+03
1.663841881824446546e+03
1.663894615393633103e+03
1.663954482328057111e+03
1.663987415808686592e+03
1.665128620912773840e+03
1.666386793206668244e+03
1.666492493679417976e+03
1.666551293942404754e+03
1.678683781538791436e+03
1.679814653263328637e+03
1.679820286621857576e+03
1.679826786650929080e+03
1.679832386675975386e+03
1.680214488384941205e+03
1.680218221734972303e+03
1.680231855129281485e+03
1.680236788484679437e+03
1.680243488514645605e+03
1.680267688622881451e+03
1.680320822193856884e+03
1.680328122226506594e+03
1.680340622282413733e+03
1.680362189045538571e+03
1.680465656174966171e+03
1.680943691646333036e+03
1.683157834882513725e+03
1.683170468272350490e+03
1.683263635355710903e+03
1.683268268709766971e+03
1.683276868748230982e+03
1.683323702291029349e+03
1.684704341799329995e+03
1.684708141816325679e+03
1.684942542864694133e+03
1.684965609634527937e+03
1.684982943045385809e+03
1.685018209869784641e+03
1.685027109909590308e+03
1.685031543262751939e+03
1.685040109967733770e+03
1.685046009994121732e+03
1.685050476680765996e+03
1.685102676914233598e+03
1.685137210402019491e+03
1.685146077108342752e+03
1.685210010727621921e+03
1.685228977479118157e+03
1.685243977546206452e+03
1.685251044244479317e+03
1.685321144558005926e+03
1.689114994859492072e+03
1.689125761574313174e+03
1.689129394923896825e+03
1.689147328337438012e+03
1.689152628361142661e+03
1.689382562722867078e+03
1.689428496261640021e+03
1.690330333628478229e+03
1.690334800315122493e+03
1.690992469923243561e+03
1.692376742781128087e+03
1.692383676145471100e+03
1.692392976187065869e+03
1.692460709823340949e+03
1.692598010437423454e+03
1.694189284221128219e+03
1.695567057049940786e+03
1.695583923792044743e+03
1.695647457409534809e+03
1.695730557781204652e+03
1.696669261979597877e+03
1.696675395340362911e+03
1.696679295357805813e+03
1.696693062086044847e+03
1.696740662298939014e+03
1.696817229308054721e+03
1.696824196005880140e+03
1.696941496530511586e+03
1.697841433888852180e+03
1.697849867259903931e+03
1.697856533956387693e+03
1.700417112075346267e+03
1.700884280831444357e+03
1.701357282946966052e+03
1.703033490443873461e+03
1.703046757169876173e+03
1.703052323861440073e+03
1.703074123958941755e+03
1.703094724051076582e+03
1.703204524542163881e+03
1.703341158486598260e+03
1.703421292178332806e+03
1.705869669795469918e+03
1.705945203466630801e+03
1.705950770158194473e+03
1.705955303511803550e+03
1.705960136866754056e+03
1.706088670774960974e+03
1.706211304656779248e+03
1.708581048588890553e+03
1.708628682135266899e+03
1.709782453962225873e+03
1.709912487877141302e+03
1.709930454624165122e+03
1.709939887999689290e+03
1.710325423057344096e+03
1.710337389777532508e+03
1.710392823358794885e+03
1.710424790168434583e+03
1.711289694036752962e+03
1.711305894109208339e+03
1.711316727490994481e+03
1.711322360849523193e+03
1.720439601626760350e+03
1.720444168313851605e+03
1.720461868393016175e+03
1.720680169369376245e+03
1.720686736065412788e+03
1.720713169516970765e+03
1.720842103426966332e+03
1.721137804749502948e+03
1.724779687704641901e+03
1.724786187733713632e+03
1.724796621113710671e+03
1.724813087854025525e+03
1.725113922532854303e+03
1.725142922662558476e+03
1.725381290395334872e+03
1.727657033907025379e+03
1.727661833928493706e+03
1.727666133947725712e+03
1.727739034273775360e+03
1.727815467948961441e+03
1.727830201348190712e+03
1.728482504265642547e+03
1.728488370958548103e+03
1.737631178516800446e+03
1.737662778658133220e+03
1.737682245411865779e+03
1.737688178771736375e+03
1.737737745660092969e+03
1.737760779096444367e+03
1.737860012873604774e+03
1.737868379577691940e+03
1.737955379966804912e+03
1.738845217279972530e+03
1.738848583961696704e+03
1.738863050693066498e+03
1.738872050733319611e+03
1.738898150850053526e+03
1.738923717631068484e+03
1.738960284461281617e+03
1.739162852033940453e+03
1.739186618806905017e+03
1.739527486998118775e+03
1.739536587038819107e+03
1.739670820972519095e+03
1.739689787724015332e+03
1.740010889160154875e+03
1.742291199358936865e+03
1.742295299377274205e+03
1.742303999416185434e+03
1.742308066101040595e+03
1.742318666148449893e+03
1.742321732828832182e+03
1.742326032848064415e+03
1.742341566250871438e+03
1.742352099631315696e+03
1.742419666600178289e+03
1.742439600022664990e+03
1.742445900050842056e+03
1.742450600071863164e+03
1.742456766766110377e+03
1.742460366782211622e+03
1.742465766806363490e+03
1.746314217352051401e+03
1.746451417965686915e+03
1.746627918755094015e+03
1.754626621196288852e+03
1.774295809167546849e+03
1.774304475872975900e+03
1.792905292399231712e+03
1.793935530340346986e+03
1.814941957625796704e+03
1.835226315015092496e+03
1.844817157910534661e+03
1.855241671201269128e+03
1.875151660249520091e+03
1.932497716732134222e+03
1.948285087341803319e+03
1.953403143565855089e+03
1.954355514492040129e+03
2.077882266970559158e+03
2.098009190322391078e+03
2.136580529500970442e+03
2.136586462860841038e+03
2.138277303756530728e+03
2.200057080069140284e+03
2.242912205073795576e+03
2.242916038424274120e+03
2.242920571777883197e+03
2.276366354698866417e+03
2.321097754761906799e+03
2.321139554948859768e+03
2.321591356969563094e+03
2.321900791686855882e+03
2.399833840245644751e+03
2.425322987580245808e+03
2.500301222923510522e+03
2.523064424732873704e+03
2.564832111540583810e+03
2.569749600200922032e+03
2.574382087586580838e+03
2.580053779620125169e+03
2.580172513484500541e+03
2.580715349245689140e+03
2.582446090319833729e+03
2.583325894254793639e+03
2.585469803843518093e+03
2.591614997994819987e+03
2.644268500156456867e+03
2.666447166018125699e+03
2.679433557433632814e+03
2.689015433622304045e+03
2.691806979440942087e+03
2.691810679457490096e+03
2.695086394108259810e+03
2.702593561017708453e+03
