3.825023996929726611e+00
4.201325679954597270e+00
8.518311654519919784e+00
1.113839003959573226e+01
1.126675728039020186e+01
1.303176517446114602e+01
1.305823195950160631e+01
1.363936789198947785e+01
1.446820493233082061e+01
1.655818094650181393e+01
2.169113723719485520e+01
2.193363832179100470e+01
2.256630781809820974e+01
2.313334368752296299e+01
2.525921986225891303e+01
3.041470958706700856e+01
3.105304577538539235e+01
4.054302155302863042e+01
4.192249438944472217e+01
4.244409672233276609e+01
4.455383949157806711e+01
4.518114229721585673e+01
4.668898237442640919e+01
4.764315330866212150e+01
5.434731662664370333e+01
5.453285078978626643e+01
5.471938495740138819e+01
6.325058978023513845e+01
7.155712693156674220e+01
7.632591492683532408e+01
7.680661707679560379e+01
7.961109628661175464e+01
8.019036554408418738e+01
8.089630203474771974e+01
8.462935206430199742e+01
8.630992624740632380e+01
8.701026271302353621e+01
8.946030700428147497e+01
9.080657969220852976e+01
9.092584689230270101e+01
9.589866913345622379e+01
9.615703695568369369e+01
9.641160476091540943e+01
9.753374311305903177e+01
9.895081611764342711e+01
9.910231679523649007e+01
1.027402663994501637e+02
1.030232676651850454e+02
1.031801350334475273e+02
1.038947715630223456e+02
1.042215730246554273e+02
1.093271625262826916e+02
1.105105344856294920e+02
1.113885050790560172e+02
1.162069932966109036e+02
1.183107027055384037e+02
1.185838372604773525e+02
1.187794048018279511e+02
1.241947623555723510e+02
1.251215331672598694e+02
1.416871072574764412e+02
1.432692143335159187e+02
1.437704499086460999e+02
1.457510254335188904e+02
1.459103594794803485e+02
1.465144621813547019e+02
1.489058062100733082e+02
1.489156729208692411e+02
1.545232313342399380e+02
1.575965784132454246e+02
1.618284973406781830e+02
1.650986786333662053e+02
1.710476719071517948e+02
1.735676831780066323e+02
1.757764263900354820e+02
1.782115039476874472e+02
1.795773767232767000e+02
1.821342548256866110e+02
1.830635923155203955e+02
1.864424740943758252e+02
1.875687457983393642e+02
1.892368199255367074e+02
1.893745205414084012e+02
1.918918651336697394e+02
2.007568381159620685e+02
2.017227091025267498e+02
2.023540452595372017e+02
2.024710124493444710e+02
2.108951834601317330e+02
2.167462429625711593e+02
2.215118309435275421e+02
2.218590324964008573e+02
2.229924375656019890e+02
2.247195452901628698e+02
2.294400330694067520e+02
2.294410330738792823e+02
2.294593664892096001e+02
2.300227690090507053e+02
2.446109009217418304e+02
2.527183038491040747e+02
2.527724707580344443e+02
2.532038060205326531e+02
2.618802448262646863e+02
2.623654469963515226e+02
2.639382873642786080e+02
2.644776897767782202e+02
2.694532120300077054e+02
2.697728467929207454e+02
2.698347470697722770e+02
2.858193518949130407e+02
2.878839944624458553e+02
2.880236617537802317e+02
2.921494468731918346e+02
2.977396385422223943e+02
3.056639406506585601e+02
3.056857407481604127e+02
3.063456436996037269e+02
3.152905503727361634e+02
3.166578898215518052e+02
3.176862277541691810e+02
3.185839651026699357e+02
3.187862660074691803e+02
3.214778113788507312e+02
3.283030752384594848e+02
3.283390753994716533e+02
3.287874774049682287e+02
3.331252968060452417e+02
3.371963150138428773e+02
3.578927409127986152e+02
3.599086165955528713e+02
3.602143846297797154e+02
3.603087517185070965e+02
3.659483102749997556e+02
3.706876314718102208e+02
3.789687685095387337e+02
3.866303361095506830e+02
3.895805826379838095e+02
3.902436522702569164e+02
3.909236553115986794e+02
3.919096263880618380e+02
3.957550435868496379e+02
3.997751949004762650e+02
4.042460482298864122e+02
4.067094259141118187e+02
4.069415602856757914e+02
4.069476603129584191e+02
4.075986965580783021e+02
4.095654386877473030e+02
4.167370707631689015e+02
4.229626986075474520e+02
4.239805364932029192e+02
4.284494898141151680e+02
4.307591668109079137e+02
4.365652594455644362e+02
4.407078779735974763e+02
4.547412407383939694e+02
4.580546222242965655e+02
4.586351248206185005e+02
4.615198710560989070e+02
4.619917731667006819e+02
4.665936937489811385e+02
4.682051342895491075e+02
4.697395411522473410e+02
4.705778449015955971e+02
4.772881082468598493e+02
4.780922785102113153e+02
4.824630980588828493e+02
4.844685070281575463e+02
4.848464753853033926e+02
4.933016465347400299e+02
4.952249218033350644e+02
4.957952576875192676e+02
4.970019297510767160e+02
4.988923048725244485e+02
4.989367717380710587e+02
5.118711629210048955e+02
5.186597932834355333e+02
5.186689266576182717e+02
5.189722613476285460e+02
5.190509950331015716e+02
5.329565905597870596e+02
5.440088399914305910e+02
5.488614616949822675e+02
5.496679653021030845e+02
5.509259042616205306e+02
5.535133825008908843e+02
5.537368168335434575e+02
5.553025905031977345e+02
5.555715583728343745e+02
5.570942651832036745e+02
5.578652019645837754e+02
5.587616726407526357e+02
5.722195661650724787e+02
5.787131952080974315e+02
5.788409624462083229e+02
5.803649359289096310e+02
5.803827026750386722e+02
5.806568039009678159e+02
5.806978374178253262e+02
5.840469190633983771e+02
5.905485481422037992e+02
5.908632495497189439e+02
6.110213397076124693e+02
6.193131101262325728e+02
6.309827623192355759e+02
6.318924997214071482e+02
6.376725922397770319e+02
6.406616056082632440e+02
6.420640118805833936e+02
6.465062317485958374e+02
6.534501961390976703e+02
6.558329067958698033e+02
6.633446070589271812e+02
6.734887524290376177e+02
6.764004654517948438e+02
6.776940045705355260e+02
6.800070482490525592e+02
6.918759679999544687e+02
6.918766680030853422e+02
6.921785360198692842e+02
6.923564368155379043e+02
6.937100428695970322e+02
6.989949331731546636e+02
7.015994114884584860e+02
7.026732162910949455e+02
7.137594325413231218e+02
7.172864149825649065e+02
7.219023356274612979e+02
7.264773560894299180e+02
7.352369952672790987e+02
7.353365623792637962e+02
7.359829986038099605e+02
7.393071801380162924e+02
7.404742520244602701e+02
7.405615524149148996e+02
7.405788524922902525e+02
7.406079859559241640e+02
7.422146931419887324e+02
7.525985062506897521e+02
7.532085089789521817e+02
7.581719978450284998e+02
7.594120367244871659e+02
7.598291719234748598e+02
7.612799784122670417e+02
7.613602787714137321e+02
7.641424245480093305e+02
7.676653403043959543e+02
7.714581572679270494e+02
7.801835629593323347e+02
7.807820656361602687e+02
7.808432992433635036e+02
7.810296334100841023e+02
7.848802172986468122e+02
7.862990903112818160e+02
7.871049939157189783e+02
7.882117988659500725e+02
7.886899343377640434e+02
7.898487395205683015e+02
7.924156843346686401e+02
7.957546992685513487e+02
7.971087719913642786e+02
7.988677465251174681e+02
7.989009800070889469e+02
8.014577914425340168e+02
8.036185677733624289e+02
8.040183028945275510e+02
8.048890067887869009e+02
8.052596417798005177e+02
8.067175816338303775e+02
8.077018193692076693e+02
8.085655232321589665e+02
8.085829566434640583e+02
8.087140238963343108e+02
8.097784619904111878e+02
8.109616339488634367e+02
8.130963434964404541e+02
8.143595491461800293e+02
8.144027160059122252e+02
8.144344828146572581e+02
8.170963947201685187e+02
8.214030806486665597e+02
8.221066837955606843e+02
8.240760592703408065e+02
8.263999696641262744e+02
8.281257440493905051e+02
8.329970658365790541e+02
8.341193041891698385e+02
8.362408470111913630e+02
8.374212522906029790e+02
8.391843935096583209e+02
8.406082332111737969e+02
8.430613441828141958e+02
8.431516445866866434e+02
8.472755630310826973e+02
8.483747012803573853e+02
8.494448060664454943e+02
8.505047108069132946e+02
8.506213446618963872e+02
8.507817453792952165e+02
8.511150802034824210e+02
8.516232491429556148e+02
8.529698884991893237e+02
8.534873574802574012e+02
8.558382679948020950e+02
8.565524378556231113e+02
8.608843572303120482e+02
8.613052924462955389e+02
8.616723274212080241e+02
8.622020964572885759e+02
8.622904635191806619e+02
8.646605407861161439e+02
8.647827079991807295e+02
8.664557154817759965e+02
8.666328496073490442e+02
8.697745636587953868e+02
8.741825833738462279e+02
8.749289200452011528e+02
8.758592575395074391e+02
8.770802963339874623e+02
8.774431979570799740e+02
8.785475028961295720e+02
8.812451816282761001e+02
8.843933623753117672e+02
8.844304625412437417e+02
8.888837491254191718e+02
8.960315144274289878e+02
9.114856502133583263e+02
9.120651194717252110e+02
9.146781311585283447e+02
9.151879667721225360e+02
9.152549670717841082e+02
9.160503372957771262e+02
9.173600764869732984e+02
9.183868144124345463e+02
9.196445867045398472e+02
9.197450538205498560e+02
9.199981882860375890e+02
9.201481889569217856e+02
9.239096057800143171e+02
9.251976448741559125e+02
9.253293787966747459e+02
9.255597464936705592e+02
9.257415139732996749e+02
9.259045147023272193e+02
9.259313148221918937e+02
9.263005831404263972e+02
9.276485225024744068e+02
9.326379114843900879e+02
9.351857895465469710e+02
9.354297573043694456e+02
9.419165529834986046e+02
9.429773577279918300e+02
9.437397944713550260e+02
9.449498998836016881e+02
9.469869089942093296e+02
9.533759709028868201e+02
9.555248138470092272e+02
9.560190493908315830e+02
9.566830523606123506e+02
9.570199538674182804e+02
9.575667229795324147e+02
9.589696625875712925e+02
9.617981419047289364e+02
9.648828890347216429e+02
9.725278898939714054e+02
9.725608233746011138e+02
9.735730612352102753e+02
9.736381281928915996e+02
9.736743950217630754e+02
9.753750026278011092e+02
9.829644032383764625e+02
9.847411778517412131e+02
9.848340782672421483e+02
9.878732251932860891e+02
9.887546291354017285e+02
9.907827715396859958e+02
9.972647671973469414e+02
1.005062302072144689e+03
1.005958772748313550e+03
1.006305474298950685e+03
1.008114449056331864e+03
1.009455321720107122e+03
1.011690998385930357e+03
1.015983450917435448e+03
1.016496786546683552e+03
1.016706720818956796e+03
1.017735225418986147e+03
1.017749625483391014e+03
1.020329403688222669e+03
1.020344637089687922e+03
1.022409446324632881e+03
1.026512731343411815e+03
1.026610998449581984e+03
1.027430802116188033e+03
1.034048765048634777e+03
1.034244999259633687e+03
1.035092603050576827e+03
1.037020745007605001e+03
1.041283230738415796e+03
1.043405540230532779e+03
1.043807808696361917e+03
1.045434449304912732e+03
1.046560954343253343e+03
1.047256390786954853e+03
1.049355933510580144e+03
1.049993903030591810e+03
1.052234179716988820e+03
1.052289279963426907e+03
1.058653375093772638e+03
1.060569783664989473e+03
1.064041765860240503e+03
1.067582215028379551e+03
1.072934972302141205e+03
1.073103306388356032e+03
1.073127739830968949e+03
1.073436007876377062e+03
1.073524141603892303e+03
1.073725775839043081e+03
1.076436021294061447e+03
1.077290025113628872e+03
1.077311791877648147e+03
1.077588793116547777e+03
1.078881632232157699e+03
1.079135100032469609e+03
1.079306367465136873e+03
1.081339443224819206e+03
1.086493799611225086e+03
1.091189387279102220e+03
1.093028395504142736e+03
1.097389215008088513e+03
1.099327623677701695e+03
1.104381412947650233e+03
1.108389297539746849e+03
1.109848337398696458e+03
1.111584078495203585e+03
1.114484424800456281e+03
1.118927311338116851e+03
1.123191997078767372e+03
1.123821699895139091e+03
1.126262044143013327e+03
1.128254886389416242e+03
1.128681054962139342e+03
1.131155499362527735e+03
1.131195566208395121e+03
1.131260699833041144e+03
1.131304766696798879e+03
1.132666706121462767e+03
1.132672039478649822e+03
1.133306842317831752e+03
1.133789877811561155e+03
1.134020045507662417e+03
1.136451156380906696e+03
1.137415494027280147e+03
1.138620932751987993e+03
1.139027067901777627e+03
1.141140877355878047e+03
1.141601879417728696e+03
1.141752780092638432e+03
1.143062652617764343e+03
1.146053399327336138e+03
1.146212433371955967e+03
1.147757106947239208e+03
1.147792507105567893e+03
1.148995945821330679e+03
1.150432085577858516e+03
1.150513952610678871e+03
1.150652453230128685e+03
1.151673224462236931e+03
1.154275602768148474e+03
1.157824718641716117e+03
1.157835718690914291e+03
1.158044452957820340e+03
1.158064786382095917e+03
1.160371663366365283e+03
1.162782840817123088e+03
1.163377210142131389e+03
1.163510844073147609e+03
1.168117964678685667e+03
1.170149473764693994e+03
1.170650009336693529e+03
1.170708742932715495e+03
1.171786681087171701e+03
1.172721151933297961e+03
1.174156991688484140e+03
1.176698069720227750e+03
1.177249505519880358e+03
1.177986308815263556e+03
1.182624296225521221e+03
1.182697663220324785e+03
1.182782163598256147e+03
1.183210332179924762e+03
1.183324566024173691e+03
1.183346366121675374e+03
1.185593109503661708e+03
1.186093445074766578e+03
1.186519113645253583e+03
1.188385388658912461e+03
1.188678123301513779e+03
1.188818623929908654e+03
1.189584694022855501e+03
1.189810661700171977e+03
1.189945395636108287e+03
1.193568678508057928e+03
1.195183319062937926e+03
1.197262795030146890e+03
1.197589829826157029e+03
1.200129207850297234e+03
1.200929078094416809e+03
1.200947511510194090e+03
1.202115616734593232e+03
1.204190559348193347e+03
1.205016629709494055e+03
1.205315231045000701e+03
1.205347264521605211e+03
1.207429907169644139e+03
1.209118348054599210e+03
1.211475225262496906e+03
1.214304737917609373e+03
1.215137474975393843e+03
1.215501643270818249e+03
1.217483585468470210e+03
1.217609519365048072e+03
1.217901187336211933e+03
1.218679290816312005e+03
1.219999596721434955e+03
1.221906271915785283e+03
1.222189873184203634e+03
1.223419278682770710e+03
1.224273815838056862e+03
1.224298015946292935e+03
1.224475650074102305e+03
1.225562154933540114e+03
1.225964956735087981e+03
1.226115057406419510e+03
1.226513492521770331e+03
1.228804636102338236e+03
1.230693644551006855e+03
1.231593781910241887e+03
1.231920516704910142e+03
1.233863958730368495e+03
1.234221460329309139e+03
1.235539099555838447e+03
1.235897234490945038e+03
1.237309840808885383e+03
1.239080448728002921e+03
1.241203891558522173e+03
1.242650298027635017e+03
1.243801103174658692e+03
1.244311805458795789e+03
1.245903145909465138e+03
1.249544928864157100e+03
1.250966801890209808e+03
1.251386837102167874e+03
1.253011844370080325e+03
1.256443726385981563e+03
1.257831165924695824e+03
1.258936737536077317e+03
1.261016946839899447e+03
1.261382815142927257e+03
1.261404781907841198e+03
1.262189118749153522e+03
1.262297319233084863e+03
1.262770388015571370e+03
1.263162923104534002e+03
1.263284223647055569e+03
1.263345457254258918e+03
1.263395524144851834e+03
1.264429328768585719e+03
1.265968468985787467e+03
1.268330946218731469e+03
1.270974191374088377e+03
1.272469531395391869e+03
1.272862733154002854e+03
1.274845442021750614e+03
1.275128576621415050e+03
1.275352044287550370e+03
1.275948280287573652e+03
1.276805150786629383e+03
1.276837084262786220e+03
1.277094785415365550e+03
1.278275624030048448e+03
1.279185994768386081e+03
1.280499500643095416e+03
1.283793215374371130e+03
1.284005816325237674e+03
1.285311055496307290e+03
1.286900695939373236e+03
1.287637999236992755e+03
1.289120305866670606e+03
1.289518007645408488e+03
1.289687508403507536e+03
1.289932642833214686e+03
1.290920180583351566e+03
1.292621321525108215e+03
1.292728155336260215e+03
1.294208261956098340e+03
1.297789144638411244e+03
1.299294084702651389e+03
1.299933820897231271e+03
1.300161755250010401e+03
1.301305527032243845e+03
1.302042763662898551e+03
1.302664399776525215e+03
1.302903800847256434e+03
1.302931900972935409e+03
1.303514003576413415e+03
1.303693804380579877e+03
1.305196811102839774e+03
1.306323016139838501e+03
1.307128519742486787e+03
1.307862623025793937e+03
1.308016590381086189e+03
1.308031590448174711e+03
1.308044323838458467e+03
1.308200224535730740e+03
1.308573192870514049e+03
1.312294009512020466e+03
1.312518543849593016e+03
1.313489448192002783e+03
1.315320389714298017e+03
1.315908992346847754e+03
1.318743171689498922e+03
1.319585675457631851e+03
1.319844876616919919e+03
1.322056086506647716e+03
1.322353287835892843e+03
1.324269896408004115e+03
1.325166000415866392e+03
1.325641902544358572e+03
1.325722302903952368e+03
1.326545073250493488e+03
1.327473410735854941e+03
1.328803216683467099e+03
1.329475086355098483e+03
1.329808187844908844e+03
1.329968388561413121e+03
1.329970921906076910e+03
1.330908259431691249e+03
1.331069926821421859e+03
1.331575029080512877e+03
1.331594262499868364e+03
1.332888768289599284e+03
1.336269050074716233e+03
1.337699423138785733e+03
1.337885423970682041e+03
1.339499397855913912e+03
1.340385601819497651e+03
1.341262772409346326e+03
1.342702112180186305e+03
1.343008513550579210e+03
1.345052189357670613e+03
1.345236456848481339e+03
1.345262056962978704e+03
1.345624458583835121e+03
1.348271870424494182e+03
1.348500171445580008e+03
1.350382479864282459e+03
1.352925757905865339e+03
1.352940757972953861e+03
1.354648832279053750e+03
1.355036000677346919e+03
1.358351382172194917e+03
1.359336419911150188e+03
1.359721021631297617e+03
1.359883322357194174e+03
1.360812159844791495e+03
1.361735863976096653e+03
1.362706168315822879e+03
1.362734035107125010e+03
1.362998002954398771e+03
1.365463680648911122e+03
1.365627681382411311e+03
1.369882933747537209e+03
1.371497707636346831e+03
1.371870042634963966e+03
1.372788513409529060e+03
1.373561550200301554e+03
1.375830027012824758e+03
1.376119461640666486e+03
1.376352662683667859e+03
1.377213466533648898e+03
1.377857502747460785e+03
1.378153437404374017e+03
1.378695739829844115e+03
1.378828207088976114e+03
1.379169575282426194e+03
1.380485881169658796e+03
1.380846416115499551e+03
1.383982663475829440e+03
1.384015830290835993e+03
1.384555399370747637e+03
1.387815747286122132e+03
1.388217215748373064e+03
1.395272647304082966e+03
1.395292214058262743e+03
1.396445652550397654e+03
1.397661624655549986e+03
1.398237927233087021e+03
1.398785329681367330e+03
1.398792696380981624e+03
1.398852963317194963e+03
1.399108731127793590e+03
1.399241798389609130e+03
1.399657533582335418e+03
1.399949168220016645e+03
1.400828638820151809e+03
1.401099040029532716e+03
1.401693442688023197e+03
1.401803109845180643e+03
1.402001010730300550e+03
1.402401845856385535e+03
1.402408412552422078e+03
1.402783780897939323e+03
1.402940414931824989e+03
1.404725856250618563e+03
1.404824390024648210e+03
1.405176958268190901e+03
1.405201225043391560e+03
1.405446092805239459e+03
1.406600164633540317e+03
1.407756136470339015e+03
1.407849036885839951e+03
1.408514406528399832e+03
1.410129313751139534e+03
1.410136880451648494e+03
1.412557757945789945e+03
1.414057564653737700e+03
1.415036902367199446e+03
1.419874124001873724e+03
1.420604127266843761e+03
1.420699027691289530e+03
1.422425968748438436e+03
1.426022651501417840e+03
1.426098351839990528e+03
1.426523653742171064e+03
1.427228156893090500e+03
1.428917864450377692e+03
1.428926831157148172e+03
1.429866702027426300e+03
1.430669705618893204e+03
1.431666010074906126e+03
1.438506240668120881e+03
1.441857822324875315e+03
1.443100294548550664e+03
1.443205661686476105e+03
1.444160099288571246e+03
1.444499834141382735e+03
1.456316086990063241e+03
1.456667555228686069e+03
1.456875556158978952e+03
1.458214528814256482e+03
1.458227095537128207e+03
1.459154966353735517e+03
1.459454867695056691e+03
1.459537468064490213e+03
1.460417405333379520e+03
1.461723711175886365e+03
1.462553114885428840e+03
1.467003501456634012e+03
1.469050043943213495e+03
1.470085115239279276e+03
1.470832685249483802e+03
1.471334787495156888e+03
1.471336154167936002e+03
1.473219795925935159e+03
1.476764178444999516e+03
1.477060113101912975e+03
1.478159518019047027e+03
1.478308185350634631e+03
1.478985421712935477e+03
1.480298694253267968e+03
1.481254431861177181e+03
1.482695604973550417e+03
1.483763176414974623e+03
1.484646180364246447e+03
1.485730085212055883e+03
1.488952699625332343e+03
1.493348452618853116e+03
1.493674887412179487e+03
1.496144131789310677e+03
1.498092373836237130e+03
1.498941477633889235e+03
1.504177667719633064e+03
1.504301701607712857e+03
1.504334835089237231e+03
1.505823075078785450e+03
1.505864208596090293e+03
1.507187981183384636e+03
1.511103098693910169e+03
1.512163436769649479e+03
1.512203070280245129e+03
1.513368275491673785e+03
1.513501709421796022e+03
1.514227446001016006e+03
1.516249821712842049e+03
1.516917158030864584e+03
1.520353606733857305e+03
1.521796779855175373e+03
1.522480182911723887e+03
1.523653621493309856e+03
1.528381275971273908e+03
1.530339251395066640e+03
1.530419918422520141e+03
1.532269793362828977e+03
1.536653246301337276e+03
1.537113248358715509e+03
1.538323520438374317e+03
1.538808789275425852e+03
1.539401958595066844e+03
1.540700331068758260e+03
1.543763911437415118e+03
1.545967621293598768e+03
1.546593690760386835e+03
1.546974325796126323e+03
1.548256431530397094e+03
1.548415098906710227e+03
1.548422798941149267e+03
1.550094473084447600e+03
1.553649022315649518e+03
1.554006757248967460e+03
1.556156300196220627e+03
1.557228904993490005e+03
1.557434872581355194e+03
1.558883645727719795e+03
1.559837483327131395e+03
1.560052184287390219e+03
1.560511386341190473e+03
1.560855854548505476e+03
1.562266194189641283e+03
1.562957397281075828e+03
1.563533633191648278e+03
1.564439937245130523e+03
1.564933972788058327e+03
1.565329707891333328e+03
1.565541408838174675e+03
1.565634442587605236e+03
1.567645518248891221e+03
1.568042153356191420e+03
1.568370254823638788e+03
1.568742889823597579e+03
1.569075757979030868e+03
1.569348459198698265e+03
1.570590531420584512e+03
1.572483573220625658e+03
1.573750878888702800e+03
1.575004417828541136e+03
1.575054118050827356e+03
1.578227165575747222e+03
1.579875506281352727e+03
1.580804677103774338e+03
1.581525346993666972e+03
1.581845015090062361e+03
1.583897324269100181e+03
1.586925937814699864e+03
1.590220652550447994e+03
1.590681187943544955e+03
1.591324424153778864e+03
1.593122532195891608e+03
1.594289570748853293e+03
1.595979844975341621e+03
1.596246479501208569e+03
1.597132883465687200e+03
1.599366126787293979e+03
1.600327831088556195e+03
1.600889400266864186e+03
1.601897804776995372e+03
1.604755850893058323e+03
1.605498454214382491e+03
1.605744855316421535e+03
1.605840055742209415e+03
1.605995489770727772e+03
1.606397324901285401e+03
1.606529292158181079e+03
1.607092994679363983e+03
1.607441029569297825e+03
1.607977365301414920e+03
1.608603801436509912e+03
1.608676601762112341e+03
1.609221404198763594e+03
1.609846373660632253e+03
1.609959207498619662e+03
1.610380576049874662e+03
1.611574014720911919e+03
1.611744882151790080e+03
1.612043750155156431e+03
1.612826020320558882e+03
1.613097888203165894e+03
1.614208326502980526e+03
1.616909005248544645e+03
1.619606717314173693e+03
1.622612364090386791e+03
1.623021565920558942e+03
1.623133066419249644e+03
1.623188199999170138e+03
1.626010812623421998e+03
1.626849883042865940e+03
1.629210560267759320e+03
1.631699938068271422e+03
1.633669580210910908e+03
1.634003015035545104e+03
1.634985986098590502e+03
1.635194753698978957e+03
1.635198220381150577e+03
1.635418754700832778e+03
1.635857256662050986e+03
1.636953094896566199e+03
1.637891665761030026e+03
1.638135266850545804e+03
1.639671540388259700e+03
1.639891608039187986e+03
1.639952141643260347e+03
1.641209947268848282e+03
1.641230014025264154e+03
1.641852783477293087e+03
1.642622586920270805e+03
1.644444828403654810e+03
1.644667329398799666e+03
1.644963764057949447e+03
1.645239231956657704e+03
1.645881034827147460e+03
1.655765612369663586e+03
1.656917950856878406e+03
1.657371652886079573e+03
1.659805363770952226e+03
1.662927177733394728e+03
1.663055078305435245e+03
1.663419979937473045e+03
1.663649980966162275e+03
1.664484951367268422e+03
1.666951895734112668e+03
1.667841299712009004e+03
1.668067600724149543e+03
1.668741270403831777e+03
1.671578483093383056e+03
1.674387128988501445e+03
1.675888002367886656e+03
1.677421609227006911e+03
1.679081183316187435e+03
1.683530303215060485e+03
1.683669870505947529e+03
1.683677537206903935e+03
1.684828242353480391e+03
1.687761288804985497e+03
1.690485434322172523e+03
1.691485905463487825e+03
1.692150508435952133e+03
1.696866262860692586e+03
1.696937129844314768e+03
1.697169797551597412e+03
1.701425216584135342e+03
1.701606717395905207e+03
1.702912789904035435e+03
1.703728826887127980e+03
1.706778707194510616e+03
1.707277442758459529e+03
1.710894258934819618e+03
1.711118393270603065e+03
1.712651100125698122e+03
1.713702538161631537e+03
1.715874381208622935e+03
1.717766189669814594e+03
1.718045324251588909e+03
1.722269409810653315e+03
1.722552011074599250e+03
1.724211218495473304e+03
1.724239218620704833e+03
1.725384823744471078e+03
1.726229894190750429e+03
1.726382428206298528e+03
1.730793514601731886e+03
1.732600122681861421e+03
1.734383063989473612e+03
1.734444330930159367e+03
1.735675536436776838e+03
1.737874779606316451e+03
1.738410582002714818e+03
1.738609516225789775e+03
1.739474920096344249e+03
1.739675220992198319e+03
1.740357090708555688e+03
1.743346170744006486e+03
1.744880277605363062e+03
1.745224079143029712e+03
1.745904915521432031e+03
1.747903224458951399e+03
1.749899533387525935e+03
1.750156167868667580e+03
1.751847542100075543e+03
1.751873175548055769e+03
1.752555245265307349e+03
1.753368482235876627e+03
1.754007351759913718e+03
1.755642992408717646e+03
1.756057060927322937e+03
1.758302837638319033e+03
1.758791606491024595e+03
1.758997374077995346e+03
1.761120416906725723e+03
1.761784653210883562e+03
1.761966554024442530e+03
1.763614428061294120e+03
1.763819262310757040e+03
1.764205664038954865e+03
1.764255530928653116e+03
1.764355998044663011e+03
1.764823633469515244e+03
1.765038001094950005e+03
1.765734970878842887e+03
1.768268948878831225e+03
1.771063961379640432e+03
1.772056632486069930e+03
1.772275166796806843e+03
1.772290766866578679e+03
1.772291500203192072e+03
1.773478972180876326e+03
1.775873782891766496e+03
1.776633652956983497e+03
1.776782786957325015e+03
1.777247855704030826e+03
1.779709733381547267e+03
1.780367136321809085e+03
1.780748571361126778e+03
1.782533212676342146e+03
1.783847718555524125e+03
1.784354687489630351e+03
1.785488092558831568e+03
1.785860494224413287e+03
1.788943474679837891e+03
1.791075917550610484e+03
1.791203018119072794e+03
1.792583790961303293e+03
1.795924639236719031e+03
1.800003557479849860e+03
1.800178024926829266e+03
1.801759865335009636e+03
1.804440310656745623e+03
1.805536682226979565e+03
1.806306385669510064e+03
1.807385923831122454e+03
1.807578224691196283e+03
1.808802196832129084e+03
1.812370512791570036e+03
1.814164187480520923e+03
1.816464264434377128e+03
1.816474631147409355e+03
1.816927266505173066e+03
1.816934499870857962e+03
1.818100338418452566e+03
1.818105538441709768e+03
1.819796646005258481e+03
1.822268023725264356e+03
1.822367290835907397e+03
1.824048431688212759e+03
1.825023269381548289e+03
1.825265937133556235e+03
1.825542638371114208e+03
1.826319741846741636e+03
1.827442913536840024e+03
1.829222888164517144e+03
1.829570523052661883e+03
1.834049543085264531e+03
1.835342315533909641e+03
1.837395758051349731e+03
1.839438600521380749e+03
1.842805382246117915e+03
1.844006720952488649e+03
1.845146626050761142e+03
1.846565799064738258e+03
1.849862147141124751e+03
1.852441392010237678e+03
1.855078303803934887e+03
1.855282038048477943e+03
1.857878816329343181e+03
1.858331585021036517e+03
1.860033225965029487e+03
1.860103592946415574e+03
1.860234693532768233e+03
1.861224664627121683e+03
1.863859276410532175e+03
1.867206558048054603e+03
1.867588726423985236e+03
1.869095866498065106e+03
1.869781436230970712e+03
1.870867874423443936e+03
1.870985408282452227e+03
1.871122908897429397e+03
1.871242942767619297e+03
1.872660549107922407e+03
1.873494452837591325e+03
1.879613513538677125e+03
1.879794347680798637e+03
1.880208049531097458e+03
1.881269387611309412e+03
1.884701236293728016e+03
1.884908237219548255e+03
1.884966637480745931e+03
1.885786007812080243e+03
1.890012860050185509e+03
1.890896197334281169e+03
1.892015969009173205e+03
1.893239441147869684e+03
1.897524693647172398e+03
1.899670369910465070e+03
1.903354986390065051e+03
1.903650487711706774e+03
1.904690392362723514e+03
1.904883959895129010e+03
1.905266161604542049e+03
1.905448795754714183e+03
1.909261579474213931e+03
1.909380413339036750e+03
1.910904586822632382e+03
1.911571056470112126e+03
1.912027758512730998e+03
1.912112092223250329e+03
1.912969662725436592e+03
1.913599498875738391e+03
1.913684732590282920e+03
1.914325168787993562e+03
1.914381302372386926e+03
1.914680703711471551e+03
1.914862304523688863e+03
1.915146472461308349e+03
1.915915809235532379e+03
1.918043485418318824e+03
1.918052985460808259e+03
1.920836331242770939e+03
1.922262737622432496e+03
1.923067541221949796e+03
1.924890782709806217e+03
1.924940882933881767e+03
1.925200617428888336e+03
1.925507285467140491e+03
1.927737395441399713e+03
1.929793737971810287e+03
1.929889638400729154e+03
1.931078543718157107e+03
1.931558212530162564e+03
1.932954585442165126e+03
1.933122452859625582e+03
1.933459787701702908e+03
1.935318996017089148e+03
1.935480263405031110e+03
1.936670068726484487e+03
1.937563139387446881e+03
1.938208108938766372e+03
1.938707811173705295e+03
1.939497614706134527e+03
1.941255055899696345e+03
1.941263455937265917e+03
1.943415298894806028e+03
1.944139935469106376e+03
1.946199911349100603e+03
1.946305211820061231e+03
1.946823280803813077e+03
1.947861152112401896e+03
1.948054486310430548e+03
1.949478626013287794e+03
1.950678598046878960e+03
1.950778865161994418e+03
1.952580073217972313e+03
1.952595239952472639e+03
1.953668844754214888e+03
1.954888283541538385e+03
1.956285423123636519e+03
1.956408823675550593e+03
1.957474095106687855e+03
1.957779329805196085e+03
1.960801043319934934e+03
1.965822065776665795e+03
1.967003571060997274e+03
1.967363639338084340e+03
1.968413444033379392e+03
1.971669858597828352e+03
1.972525662425446399e+03
1.973115398396398405e+03
1.973863135074014963e+03
1.974148569683966571e+03
1.974751505713956021e+03
1.975295108145240647e+03
1.976128478539190837e+03
1.979588594014700675e+03
1.979702561191090354e+03
1.981196367872202472e+03
1.981359401934712423e+03
1.981450502342162736e+03
1.982941275676374971e+03
1.986386391084796514e+03
1.986426391263698861e+03
1.987683696887050473e+03
1.989465771524119646e+03
1.990961611547659686e+03
1.991068045357022584e+03
1.991388780124855430e+03
1.992216917162066011e+03
1.994115058984917141e+03
1.997276439790990480e+03
1.997930109381221655e+03
1.999521849833679880e+03
2.000133752570440265e+03
2.003619368160000477e+03
2.011466703257531890e+03
2.012670775309460623e+03
2.013971347792991764e+03
2.014590483895437046e+03
2.014806884863299047e+03
2.016348491758199771e+03
2.018724035716252047e+03
2.019059203881972280e+03
2.019122770832944752e+03
2.019216837920330136e+03
2.019433738890428913e+03
2.020708844593391859e+03
2.023003221521754540e+03
2.023947725746088736e+03
2.027543841829867006e+03
2.028025777318676774e+03
2.030098086587165881e+03
2.031174724735807786e+03
2.031592459937479362e+03
2.031706060445562116e+03
2.032593897749784901e+03
2.032610297823134715e+03
2.033500701805503468e+03
2.034063537656143353e+03
2.036327747782916958e+03
2.037793021003078820e+03
2.038419223803796967e+03
2.038541424350343959e+03
2.038742191914951718e+03
2.040005797566480396e+03
2.044344116969793731e+03
2.046039791220433699e+03
2.046161558431709182e+03
2.046895461714122121e+03
2.049047504672556897e+03
2.049238238858956265e+03
2.049821108132530298e+03
2.049981708850823452e+03
2.050113509440307098e+03
2.053004455703517579e+03
2.056792039310309065e+03
2.056818139427042752e+03
2.059421817738768368e+03
2.062275997170871051e+03
2.062305297301917108e+03
2.064777575025947954e+03
2.064780475038918667e+03
2.064911675625718999e+03
2.066604316529458629e+03
2.067606054343105825e+03
2.068504991696973775e+03
2.068711725954934991e+03
2.073350813370112064e+03
2.073486880645345082e+03
2.079557641130406410e+03
2.080463911850406021e+03
2.082813922360925972e+03
2.083839360280572691e+03
2.084365462633587413e+03
2.086637406128281782e+03
2.086688173022005685e+03
2.087765744508155421e+03
2.090293689147825717e+03
2.090390356246840383e+03
2.091187226477542026e+03
2.092806900388267422e+03
2.092929100934814414e+03
2.093432103184512471e+03
2.094525741409188413e+03
2.094995743511292403e+03
2.095824613885116378e+03
2.097284820415950435e+03
2.100414867748550023e+03
2.101877774291460355e+03
2.103100546427025620e+03
2.103223146975361942e+03
2.103915816740022819e+03
2.104281685043050402e+03
2.104614919866790387e+03
2.106963430370601145e+03
2.107342832067490690e+03
2.109539208557542679e+03
2.111836785500217047e+03
2.112683855955441686e+03
2.114703398321261830e+03
2.118470615170295332e+03
2.121683329539293482e+03
2.123835239163798178e+03
2.123981839819475681e+03
2.124434241842862775e+03
2.125001844381488354e+03
2.125291745678083771e+03
2.126837085923015820e+03
2.126932553016662951e+03
2.127703189796701281e+03
2.128715660991687400e+03
2.129706198755241530e+03
2.130414535256639283e+03
2.131110371702130124e+03
2.132273343570236648e+03
2.132802279269256815e+03
2.134301385974073582e+03
2.135189556613120203e+03
2.136527762598302161e+03
2.137131131963562893e+03
2.140258012615332973e+03
2.140376846480156019e+03
2.140903015500135098e+03
2.141414151119543931e+03
2.142209021341300740e+03
2.142389722149492172e+03
2.142802857330590086e+03
2.143634161048630176e+03
2.147859413279579258e+03
2.149152352395636171e+03
2.149818388707844861e+03
2.149940055918672897e+03
2.149973456068056748e+03
2.151308195371066631e+03
2.155263279727012105e+03
2.156599152368424257e+03
2.157455022863007343e+03
2.164445020792729338e+03
2.164573221366111738e+03
2.166808464696663577e+03
2.167992436658694260e+03
2.168685173090319950e+03
2.169245008927542131e+03
2.170620981748304075e+03
2.170993283413438348e+03
2.172294589233582883e+03
2.173670695388274453e+03
2.173747095729978355e+03
2.173881896332879933e+03
2.174123897415239298e+03
2.175068434973055901e+03
2.175159902048812910e+03
2.180176557819347636e+03
2.180403158832829831e+03
2.180965328013821363e+03
2.182355300897199413e+03
2.182612068712270684e+03
2.186258585021465933e+03
2.186516186173597816e+03
2.186995554984261162e+03
2.190081235451761586e+03
2.190999072890161187e+03
2.191287007511293723e+03
2.194193053842040172e+03
2.195756727502301601e+03
2.195893494780666060e+03
2.195943095002504833e+03
2.200132147071547024e+03
2.200248080923399357e+03
2.205779272328548814e+03
2.205937906371379540e+03
2.207639147313583180e+03
2.209166754145868254e+03
2.210806794814351633e+03
2.213256739105162069e+03
2.213663440924152837e+03
2.213673374301913555e+03
2.215206014490043799e+03
2.215798750474413282e+03
2.216256552521952017e+03
2.217231256881357695e+03
2.218568196194207303e+03
2.218842997423267661e+03
2.221042840595490361e+03
2.223308417395043307e+03
2.225521827294610375e+03
2.225705528116220194e+03
2.226880666705409567e+03
2.227723070473095504e+03
2.227830970955684734e+03
2.229561445361969618e+03
2.230341948852804308e+03
2.231091685539365699e+03
2.231574087696929382e+03
2.232738226236921037e+03
2.234619534651150843e+03
2.235945440581319872e+03
2.236499809727425600e+03
2.236613343568543314e+03
2.238267817634914081e+03
2.240292360023096990e+03
2.242150201665704117e+03
2.242178601792724749e+03
2.244022143371374568e+03
2.244516012246890114e+03
2.245794984633813328e+03
2.246795789109953148e+03
2.247091957101243224e+03
2.248092428242558981e+03
2.250650973019089633e+03
2.250673173118380419e+03
2.255251793596450170e+03
2.255283127069923466e+03
2.255491728002899890e+03
2.255722329034273116e+03
2.255730629071395015e+03
2.256783133778765659e+03
2.257325169536376961e+03
2.262549959571133513e+03
2.264058166316650386e+03
2.266984412737742332e+03
2.267117880001346748e+03
2.268128151186493142e+03
2.269686724823945042e+03
2.270462228292416057e+03
2.270695429335417884e+03
2.272119602371757082e+03
2.272391736922223572e+03
2.275531650965619519e+03
2.275982452981849747e+03
2.276151420404230521e+03
2.276225287401270634e+03
2.276594589052987430e+03
2.276954057327390728e+03
2.278026962126002218e+03
2.278068762312955187e+03
2.278266863198969077e+03
2.279414668332575275e+03
2.279429301731357100e+03
2.279929903970321448e+03
2.280541106703950845e+03
2.281605744798922387e+03
2.283165318440846931e+03
2.283942955252192860e+03
2.284976726542444339e+03
2.285305061344268779e+03
2.286402166251115887e+03
2.288011373448362065e+03
2.288830477111836899e+03
2.294585469517945512e+03
2.294765736990866117e+03
2.296651878760046657e+03
2.297199914544492458e+03
2.297650849894653220e+03
2.299140689891357397e+03
2.299704992415223842e+03
2.301022798309165410e+03
2.301516733851645768e+03
2.302513604976860279e+03
2.302909273413170467e+03
2.304594614284260388e+03
2.306885124528662345e+03
2.306926091378555157e+03
2.307054825287656058e+03
2.307361293325013776e+03
2.308822066525049195e+03
2.310665274768874497e+03
2.310794675347623524e+03
2.313642054749313047e+03
2.313826988909771444e+03
2.314106423492888098e+03
2.315484996325278644e+03
2.315791364362189142e+03
2.315931131653971079e+03
2.317173203875857325e+03
2.317903207140826453e+03
2.318443476223869311e+03
2.320480051999205443e+03
2.320728153108847891e+03
2.322305060161630081e+03
2.322391793882883576e+03
2.322611928200776674e+03
2.322858729304604822e+03
2.323357698202930806e+03
2.323660066221950729e+03
2.323684699665458083e+03
2.324113701584187311e+03
2.324425936314003138e+03
2.325188239723437164e+03
2.325557841376495617e+03
2.325802742471825695e+03
2.327096748259320520e+03
2.327463016564136979e+03
2.328012985690563710e+03
2.329767526871155042e+03
2.329802160359387926e+03
2.330121661788371512e+03
2.330200628808221154e+03
2.331981536773405878e+03
2.331998903517745930e+03
2.333023574767297305e+03
2.333996779119994699e+03
2.334933883311231511e+03
2.337289527180279947e+03
2.338310531746764809e+03
2.340097339738337723e+03
2.340265507157139837e+03
2.341338078620927263e+03
2.342264849432614938e+03
2.346257467289763554e+03
2.346297000799911984e+03
2.347259471771270455e+03
2.347333205434380488e+03
2.348233576127992364e+03
2.349591282200388832e+03
2.350727887283901964e+03
2.350728953955339421e+03
2.353496566333600640e+03
2.353790900983357915e+03
2.354699305046232439e+03
2.355401241519006362e+03
2.356369445849340082e+03
2.358646422699880077e+03
2.360250596541280629e+03
2.360546164529887392e+03
2.361500402131087867e+03
2.362606640412117940e+03
2.362629173846232788e+03
2.362633440531982615e+03
2.365021617879871428e+03
2.365329485923490665e+03
2.365894255116110799e+03
2.365975888814554310e+03
2.367296994723255466e+03
2.367302094746065450e+03
2.368018964618961945e+03
2.368336366038553024e+03
2.369145736325162034e+03
2.370069873791738701e+03
2.371221712276716971e+03
2.372568551633845345e+03
2.372602885120736573e+03
2.372638085278170365e+03
2.372846419543287539e+03
2.373032920377420396e+03
2.374051958268442831e+03
2.374502360282884638e+03
2.375414497695790487e+03
2.376399202099921695e+03
2.376907971042078316e+03
2.376917171083226094e+03
2.377079471809122879e+03
2.378168943348495759e+03
2.381048289559824298e+03
2.381781459505624298e+03
2.381964893659373956e+03
2.383065831916699608e+03
2.383376799974183541e+03
2.383555334106018108e+03
2.383723768192680382e+03
2.384495071642366838e+03
2.385362042186594863e+03
2.386602681068737184e+03
2.387714086039542053e+03
2.388810124274951704e+03
2.388998425117134957e+03
2.389134525725850835e+03
2.389471827234445755e+03
2.391145634720619455e+03
2.391301535417891500e+03
2.392550241002778876e+03
2.393272910901616342e+03
2.393394544778962427e+03
2.393828113384782682e+03
2.394091114561066661e+03
2.394840017910567894e+03
2.396349491328416661e+03
2.399400404973754576e+03
2.399701472986960198e+03
2.400046874531783033e+03
2.403429756328528583e+03
2.407122939513109941e+03
2.408599312782917423e+03
2.408799980347077963e+03
2.408841113864382805e+03
2.411547325968028417e+03
2.413433967739445507e+03
2.417846854142929260e+03
2.420479099249087994e+03
2.420781200600249122e+03
2.422017906131465679e+03
2.424163582394758123e+03
2.424714318191280199e+03
2.425289554097380005e+03
2.427220496066930991e+03
2.429144304671244754e+03
2.429697373811536181e+03
2.430652711417656519e+03
2.433667158233228292e+03
2.438266912139151827e+03
2.442721832063965394e+03
2.447450253212025018e+03
2.447454886566081314e+03
2.447685120929147160e+03
2.447852555011336335e+03
2.449143260784071572e+03
2.453390546446899407e+03
2.454437351128776754e+03
2.454456151212860732e+03
2.454958986795147212e+03
2.455516055953328760e+03
2.456542427210483311e+03
2.457393731017974915e+03
2.458113067568570841e+03
2.458120867603456645e+03
2.458352801974126123e+03
2.458442302374420251e+03
2.458656970001196896e+03
2.459025404982370674e+03
2.462691354711816530e+03
2.465423600265231016e+03
2.466656105777663470e+03
2.468547614237512789e+03
2.469706886089071304e+03
2.471825795565981934e+03
2.472047563224513397e+03
2.472704266161644227e+03
2.474237639686387411e+03
2.474720908514494113e+03
2.474978242998766746e+03
2.475200410659087538e+03
2.480737868758931654e+03
2.481057836856668928e+03
2.485005821180859130e+03
2.486056692547591410e+03
2.486153992982771797e+03
2.489438441005935147e+03
2.490207377778369846e+03
2.490312978250672131e+03
2.491322882767512056e+03
2.492940723336704195e+03
2.494136795352852914e+03
2.496094637442715793e+03
2.498178080094332927e+03
2.499637019952835089e+03
2.500037221742754355e+03
2.500126422141706826e+03
2.504407874624013857e+03
2.504801843052720415e+03
2.507182920368854411e+03
2.507455221586732932e+03
2.507747089558790776e+03
2.507855623377546181e+03
2.507944690442569026e+03
2.510958103920185295e+03
2.512153042597931744e+03
2.512747378589457185e+03
2.512775278714241722e+03
2.513312547783866648e+03
2.513439515018399561e+03
2.514972788542695525e+03
2.520888981669781060e+03
2.526906175248595446e+03
2.527915446429269196e+03
2.527941679879932963e+03
2.528807283751382329e+03
2.532993369140489449e+03
2.542502111668733960e+03
2.542736746051479713e+03
2.542889080066132919e+03
2.543370748887083664e+03
2.546274295206647821e+03
2.547101265571973727e+03
2.547789401983025982e+03
2.548608372312571191e+03
2.551873386915484389e+03
2.551914620433235996e+03
2.554623499215475476e+03
2.557450678526818592e+03
2.558540283400122007e+03
2.559090752528784378e+03
2.559737322087260054e+03
2.562038899047825453e+03
2.568701328845818352e+03
2.573890252053492532e+03
2.576641964360640031e+03
2.578105804241057740e+03
2.579036108401881847e+03
2.579330743052980779e+03
2.579791378446524959e+03
2.580051046274566943e+03
2.580265513900448695e+03
2.580631615537853577e+03
2.580871416610373672e+03
2.582569690872642241e+03
2.582589257626822018e+03
2.583427694710100241e+03
2.583878663393742954e+03
2.584303731961546418e+03
2.585667838062567171e+03
2.585788238601064222e+03
2.586659842499348542e+03
2.587908948086024793e+03
2.589537055367802168e+03
2.590159491485007038e+03
2.591210096183880069e+03
2.592271834265880443e+03
2.592477935187675939e+03
2.593876108107728669e+03
2.593937775050203527e+03
2.600255769974364284e+03
2.602419279650750923e+03
2.603141949549588389e+03
2.604591056030777054e+03
2.609153409769426617e+03
2.609230310113366613e+03
2.609377810773069541e+03
2.610084147265522006e+03
2.613455095675561552e+03
2.613736730268517476e+03
2.615294870570698095e+03
2.615644572134752707e+03
2.615952606845783976e+03
2.615975473614723342e+03
2.616891311044177655e+03
2.617354479782385170e+03
2.618328417471695502e+03
2.619946524708746892e+03
2.622470835998833991e+03
2.622579169816694957e+03
2.623660707987252863e+03
2.625047214188458838e+03
2.625064514265834077e+03
2.626162352509294578e+03
2.630372504672707691e+03
2.632038345456583102e+03
2.633504685348182647e+03
2.633537418827917918e+03
2.634420822778978163e+03
2.636858133679952061e+03
2.641868789423650924e+03
2.641931789705422489e+03
2.642683293066552324e+03
2.642947460914720523e+03
2.644008865661897289e+03
2.645765640185811208e+03
2.645774473558652062e+03
2.646679610940249859e+03
2.647083212745375477e+03
2.648365351813129109e+03
2.648553785989241987e+03
2.649464656729815488e+03
2.653812442842136079e+03
2.654918114453964790e+03
2.659721869272290405e+03
2.659984803781609571e+03
2.660524339528038581e+03
2.660856741014717954e+03
2.663141084564872926e+03
2.666119597886396605e+03
2.668058306557351898e+03
2.669806247708424053e+03
2.670295316562471726e+03
2.672158091560476805e+03
2.672689627271125573e+03
2.673484364158952303e+03
2.674094366887215074e+03
2.676306376780521077e+03
2.676709411916445788e+03
2.679372690494736162e+03
2.684510980142616063e+03
2.685168349749395475e+03
2.685639151855077216e+03
2.686015686872479364e+03
2.687482626766762223e+03
2.687486760118581969e+03
2.690051638256772549e+03
2.690390139770734550e+03
2.691532911548495122e+03
2.692783283807503722e+03
2.693876922032179209e+03
2.695878897652764863e+03
2.698301741822369422e+03
2.699032411756987131e+03
2.700507451687497905e+03
2.701094320978962060e+03
2.702581094295283947e+03
