2.429844889850430079e+01
3.491659638860894432e+01
4.196642791927258997e+01
4.263249756496334442e+01
4.349133473948153039e+01
4.420193791768369351e+01
4.437107200747624347e+01
4.454837280046139369e+01
4.468817342572548057e+01
4.485314083021570042e+01
4.504987504345095317e+01
4.519207567944919646e+01
4.532287626446023410e+01
4.593634567489425535e+01
4.620404687219895123e+01
4.647794809723352927e+01
4.669084904944185865e+01
4.683191634703786121e+01
4.707161741911084363e+01
4.722145142258296602e+01
4.742038564565785208e+01
4.768968685011864750e+01
4.784142086208863276e+01
4.802468834842672862e+01
4.839158998940952472e+01
4.852212390656121244e+01
4.875202493480308874e+01
4.916119343149280496e+01
4.936399433852827201e+01
4.957096193086606917e+01
4.981222967661272349e+01
4.994536360539306941e+01
5.065740012333923659e+01
5.129273629823994440e+01
5.152053731708943474e+01
5.182387200709973740e+01
5.202893959093967169e+01
5.228764074799131123e+01
5.280800974202986708e+01
5.302604405053068604e+01
5.330744530910947532e+01
5.356291311836650237e+01
5.395888155601841163e+01
5.492458587517100455e+01
5.595249047251689944e+01
5.624795846067639360e+01
5.656955989905215176e+01
5.686336121309070535e+01
5.712616238847984818e+01
5.733399665136053613e+01
5.750329740856518868e+01
5.768659822838570506e+01
5.791826593119576216e+01
5.819250049105453115e+01
5.840073475572424400e+01
5.882293664403968592e+01
5.935963904446340678e+01
6.496933080070890298e+01
6.867301403225228285e+01
7.466510749880528408e+01
7.512494288877144299e+01
7.530524369517428340e+01
7.551841131524196271e+01
7.582664602716781133e+01
7.631401487361185332e+01
7.641244864719431007e+01
7.675448351029274363e+01
7.798938903345886331e+01
7.824019015517727382e+01
7.863745859864351928e+01
7.966729653796971888e+01
8.036569966160661238e+01
8.064366757149628029e+01
8.085760186165958885e+01
8.116930325575698646e+01
8.136547079979112596e+01
8.169520560787704255e+01
8.188257311255264881e+01
8.218660780569375390e+01
8.259297628986028883e+01
8.274951032329859402e+01
8.312111198530242007e+01
8.351361374078278743e+01
8.476685267927919654e+01
8.537162205080193189e+01
8.585082419405337362e+01
8.637525987294701224e+01
8.820366805057835791e+01
8.906790524924836916e+01
8.929423959487144202e+01
8.991314236293970907e+01
9.070217922527311316e+01
9.171145040594696241e+01
9.204425189441541022e+01
9.239095344505246032e+01
9.277238848436981300e+01
9.299625615229389552e+01
9.325712398570276207e+01
9.348732501528640171e+01
9.383235989180252545e+01
9.434159550271323269e+01
9.456796318181872607e+01
9.551833409905869132e+01
1.024542984537800123e+02
1.037665376561575528e+02
1.043851737563664841e+02
1.046136081113819216e+02
1.049029094052939541e+02
1.097528644302521030e+02
1.101201994065063445e+02
1.110740036724354525e+02
1.163423272352308828e+02
2.156444713681853784e+02
2.273215902612501509e+02
2.275555246408647179e+02
2.445325339045754447e+02
2.465445095698866567e+02
2.713660205851232377e+02
2.912679429306288625e+02
2.920410463883661123e+02
2.951943938251765758e+02
2.966558003613778283e+02
2.992158118111351541e+02
3.018162567750663356e+02
3.038344991350722353e+02
3.048233035575410099e+02
3.102209610321210675e+02
3.102344944259830868e+02
3.102457278095581614e+02
3.108480638368643554e+02
3.110469313929743862e+02
3.119739355390388482e+02
3.123751039999480668e+02
3.166183229779207977e+02
3.242584571487374774e+02
3.242729238801071574e+02
3.243899577368792961e+02
3.317255238788361567e+02
3.321980259921214724e+02
3.354887740434617740e+02
3.357819420213343733e+02
3.365436454280844600e+02
3.418412691219259045e+02
3.443544136954025134e+02
3.453246513681640408e+02
3.468102246791189032e+02
3.479893966196809174e+02
3.492225021347964571e+02
3.555992639884614164e+02
3.566435353256749181e+02
3.638620009438948273e+02
3.647903384292560531e+02
3.669950149564298272e+02
3.670616819212672226e+02
3.671017821006169584e+02
3.671157154962679670e+02
3.681016532392487193e+02
3.693259587150056973e+02
3.709809661170948516e+02
3.720664043050954888e+02
3.736228112661901264e+02
3.746060489970949448e+02
3.746193490565800062e+02
3.747286495454309829e+02
3.748511834268021516e+02
3.764793240420618758e+02
3.765281575938053038e+02
3.787203673985545151e+02
3.788013677608319654e+02
3.804531751486089775e+02
3.809447106803553424e+02
3.810709112447925691e+02
3.822506498545557179e+02
3.842729255659343153e+02
3.844349262904892726e+02
3.851014292714514795e+02
3.861711340557504286e+02
3.865691691693123175e+02
3.868897706032155384e+02
3.872202054144322005e+02
3.907295877769569188e+02
3.947418723887327587e+02
3.947798725586901014e+02
3.947843392453341949e+02
3.948999730958447572e+02
3.949676400651547397e+02
3.949710734138438397e+02
3.949950401877029549e+02
3.950382070474351508e+02
3.952096744809970232e+02
3.981484209579957678e+02
3.992688259690535801e+02
4.140787922072412925e+02
4.143669934962334764e+02
4.166535370562276057e+02
4.167470374744121386e+02
4.181838105671059793e+02
4.182963110702691552e+02
4.191256814463291676e+02
4.192174151899454841e+02
4.197793510365602287e+02
4.233042668018920267e+02
4.293254603985965332e+02
4.314259031262470216e+02
4.321132062002384941e+02
4.327936092433693034e+02
4.332529112976167767e+02
4.342685158399501120e+02
4.419872836957925983e+02
4.450319639799179754e+02
4.532585341069270726e+02
4.546877738325943028e+02
4.555119441853970557e+02
4.572801187602977393e+02
4.586967917630931311e+02
4.588013588974406503e+02
4.596422959918999709e+02
4.600815979566962142e+02
4.639484485846792268e+02
4.646390516734301741e+02
4.655285556517735586e+02
4.655428890492136134e+02
4.657770900966875161e+02
4.664323263605921852e+02
4.682568011872980946e+02
4.684132685537715588e+02
4.692966391713499092e+02
4.693263059707025491e+02
4.704964778710115070e+02
4.708681128664978246e+02
4.719000174817339825e+02
4.719397176592946153e+02
4.720402514422694367e+02
4.724222198173055176e+02
4.727545213035376719e+02
4.746510964527153078e+02
4.756109007454797961e+02
4.756304008326947610e+02
4.756782343799655450e+02
4.764105709887047624e+02
4.780392449396831012e+02
4.785043803533538949e+02
4.791738166807689367e+02
4.797413192189475240e+02
4.802902550074189776e+02
4.817834950193300756e+02
4.892259949728862125e+02
4.893275287603336210e+02
4.903017664509853830e+02
4.943201844235262570e+02
4.943247177771352767e+02
4.943638179520123686e+02
4.944747517815018796e+02
4.979216671979738749e+02
4.984990364469484803e+02
5.013532158790508788e+02
5.028305891533307772e+02
5.034193251198100825e+02
5.036380260979593118e+02
5.054725009693908646e+02
5.056717351938075353e+02
5.089788166515330090e+02
5.090451169480638214e+02
5.096190528483492699e+02
5.097388533841621552e+02
5.107325578285464189e+02
5.165890840221024973e+02
5.221259421192631862e+02
5.223720765534429802e+02
5.235994487095823615e+02
5.249868882482965091e+02
5.253177230613022175e+02
5.253369564806579319e+02
5.254313569028677193e+02
5.254500236530221855e+02
5.270299640527044858e+02
5.273748989287732911e+02
5.274047323955380762e+02
5.274993994856072277e+02
5.282785696371446420e+02
5.289748727513891708e+02
5.289809061117069859e+02
5.289846727952202627e+02
5.295925421806078930e+02
5.297083093650481942e+02
5.300033106844538224e+02
5.305042129247598268e+02
5.306772470319953072e+02
5.310003484770800242e+02
5.321553869763708917e+02
5.326531892028119728e+02
5.330979911922072461e+02
5.334151926109036594e+02
5.335056263487057322e+02
5.344354971742582165e+02
5.344409305318924908e+02
5.344662306450483129e+02
5.344726973406374100e+02
5.344811640451717949e+02
5.344969641158382956e+02
5.353010677122249490e+02
5.355039019527428081e+02
5.355451688039772762e+02
5.355783022855013087e+02
5.358171033535491006e+02
5.358488034953293209e+02
5.366633071382306071e+02
5.372332763541081704e+02
5.372585098002990662e+02
5.376579449201226453e+02
5.383467813343054331e+02
5.396195203600166224e+02
5.412167941705565681e+02
5.413308280139110593e+02
5.415705957529489751e+02
5.435304711852396622e+02
5.436036048456663821e+02
5.439485063882527811e+02
5.445861759069226764e+02
5.457860146065843310e+02
5.458693483126312458e+02
5.459421486382336752e+02
5.465626514134580702e+02
5.470218201337758046e+02
5.471301872851191774e+02
5.472151876652867486e+02
5.473735883737405175e+02
5.474964889234182692e+02
5.614380179441511700e+02
5.626195898954474615e+02
5.635792941877647309e+02
5.639872293456048737e+02
5.664723071268848571e+02
5.680418141465701183e+02
5.695569209229479384e+02
5.697846886083149229e+02
5.700148896378987047e+02
5.700670898713663064e+02
5.731436036312015858e+02
5.743008088068496590e+02
5.743592090680473348e+02
5.744733095783665249e+02
5.746770771563921016e+02
5.748725780307779587e+02
5.762136173619651345e+02
5.774808563630774643e+02
5.774853897166864272e+02
5.775965902140352455e+02
5.805576701242546278e+02
5.819197095493657343e+02
5.819279762530054541e+02
5.849926899600645811e+02
5.861935953311635785e+02
5.882994380829658212e+02
5.883128048094157521e+02
5.896839109417447844e+02
5.914357521102602959e+02
5.941263308106516661e+02
5.950114014358334771e+02
5.952387691194114723e+02
5.952444358114227043e+02
5.962124734743446197e+02
5.967368091527908973e+02
5.967804760147594152e+02
5.975267460191496411e+02
5.982634826475681393e+02
6.027000691570517574e+02
6.036696401601649313e+02
6.045527441098839745e+02
6.057904829790556960e+02
6.061198511188349585e+02
6.061247511407505044e+02
6.061900514328087866e+02
6.074177235902900520e+02
6.075705909406622141e+02
6.079862261329411695e+02
6.084446615166457377e+02
6.084689949588115496e+02
6.085491619840285011e+02
6.105400708884510550e+02
6.134600172813655945e+02
6.195369777941566554e+02
6.215340867263090558e+02
6.232968279435756358e+02
6.233010279623603083e+02
6.242521988831782664e+02
6.243173658413069234e+02
6.256051716010715609e+02
6.259763065943214997e+02
6.263980084804006765e+02
6.273097458915173092e+02
6.281243162013835217e+02
6.289381531746364544e+02
6.291670541984057081e+02
6.360028181049764271e+02
6.389938981493725123e+02
6.435055849947456181e+02
6.439220868575673649e+02
6.471320012140423614e+02
6.490676765380970892e+02
6.520021229958638287e+02
6.520070896847441873e+02
6.535111630784415411e+02
6.550762700784473509e+02
6.567080440432907835e+02
6.588567536534834517e+02
6.591481549567878346e+02
6.591507883018989560e+02
6.599215584158669117e+02
6.599595919193067175e+02
6.626089037684636196e+02
6.643277114559022039e+02
6.644067118092347073e+02
6.645135122869043016e+02
6.660203190261597683e+02
6.674885255927745220e+02
6.675212257390272725e+02
6.677232266424847467e+02
6.677450267399865425e+02
6.685975972198100408e+02
6.694231342453919069e+02
6.695233346935424379e+02
6.705859727795686922e+02
6.705903061322832173e+02
6.719488122082578911e+02
6.719753123267807950e+02
6.726945488769292751e+02
6.727224490017138123e+02
6.743987564990685541e+02
6.746826577688287898e+02
6.748107916752463780e+02
6.749523923085610022e+02
6.831936291678343878e+02
6.855896065506092327e+02
6.860429085780211835e+02
6.863385099001103526e+02
6.863540433029174892e+02
6.863585766565264521e+02
6.863627766753112383e+02
6.870836798995808294e+02
6.877329828036148456e+02
6.887503873539989172e+02
6.901088267630087785e+02
6.903905613564118084e+02
6.919485349911800540e+02
6.952119495869371804e+02
6.975458933589306980e+02
6.984122639004755229e+02
6.989119661354144455e+02
6.989257661971357720e+02
6.996737695426116943e+02
7.022884479035357117e+02
7.022981146134370647e+02
7.026617829066253762e+02
7.040872226152968096e+02
7.041757230111185208e+02
7.041990564488115751e+02
7.043162903064782085e+02
7.043197236551673086e+02
7.043268903538873928e+02
7.043537238072344735e+02
7.046363250711802948e+02
7.047560589400283106e+02
7.054144952182452926e+02
7.056258961637446419e+02
7.057116965474905328e+02
7.063538327528045784e+02
7.064679665966062885e+02
7.064964333905918465e+02
7.066640341401931664e+02
7.066776675345023477e+02
7.067344344550615460e+02
7.070460358487116537e+02
7.071063694518895772e+02
7.076242717682290504e+02
7.077326722530548295e+02
7.086036094816909099e+02
7.098738484962209441e+02
7.102407168037212841e+02
7.102526168569446554e+02
7.103384505741728390e+02
7.103542173113570470e+02
7.135545982918600885e+02
7.213463664741996126e+02
7.213492664871700981e+02
7.214573336371714731e+02
7.221571034335876220e+02
7.234517092237655334e+02
7.234821093597314530e+02
7.237466772096887553e+02
7.253864178768302509e+02
7.274944939719545118e+02
7.287466662390136207e+02
7.293878691068199487e+02
7.324756495837127659e+02
7.330757856011792910e+02
7.334322205286827057e+02
7.357877643972834676e+02
7.371733039274997736e+02
7.378637736823210389e+02
7.384451096157034726e+02
7.384486762983223116e+02
7.384534096528258260e+02
7.384699430601054928e+02
7.384812764441278432e+02
7.384889431450841357e+02
7.384922098263610906e+02
7.385052765514692510e+02
7.385381433651340330e+02
7.385800768860168546e+02
7.385876102530435219e+02
7.398934827602790847e+02
7.400803835962007042e+02
7.401090837245633338e+02
7.402317176063817215e+02
7.410368878742057177e+02
7.412233220413737627e+02
7.417489243921519346e+02
7.434432319700127891e+02
7.438737672289329339e+02
7.440397679713781827e+02
7.452140732235070573e+02
7.455826415386108010e+02
7.465700126213354224e+02
7.466391795973543140e+02
7.467919136137968508e+02
7.482058199375514960e+02
7.487661891104925189e+02
7.488589561920638289e+02
7.489103564219534519e+02
7.489165897831658185e+02
7.490451570248546886e+02
7.504118964709869033e+02
7.504241298590345650e+02
7.506321974562921469e+02
7.509802990131909155e+02
7.511536664552505727e+02
7.511630664972925615e+02
7.524450388976339354e+02
7.536281108556389654e+02
7.536762444042516336e+02
7.539149121383695729e+02
7.542913138218417544e+02
7.543042805465025822e+02
7.547408158322581357e+02
7.550991841017416846e+02
7.571141597804706862e+02
7.603741076940560788e+02
7.625755842069175969e+02
7.636703891034779872e+02
7.644751593695129941e+02
7.644803260592879042e+02
7.655614975615387721e+02
7.655677975897159513e+02
7.656351645576842202e+02
7.656549979797233618e+02
7.667701696340413946e+02
7.671748381106045827e+02
7.683834101826599863e+02
7.696749826259379006e+02
7.724295616125732522e+02
7.729054970745476112e+02
7.732052317484567538e+02
7.735187331506048167e+02
7.753187078677329964e+02
7.790092910406858664e+02
7.790693246425219058e+02
7.792194919808182476e+02
7.812017341798118650e+02
7.814963354974285039e+02
7.828059080212126446e+02
7.831038426870710509e+02
7.856271206392028716e+02
7.868669261842845799e+02
7.899410065999032895e+02
7.905080091358455547e+02
7.930683872539095773e+02
7.934326555497812024e+02
7.941763922095075259e+02
7.953432307615746595e+02
7.963873687648584792e+02
7.967337369806713241e+02
7.969745713911465828e+02
7.969987714993825421e+02
7.981875768163636167e+02
7.982072435709906131e+02
7.985120116007449269e+02
7.986560455782762347e+02
7.996911168743422422e+02
8.000927853374877259e+02
8.014087578898961510e+02
8.022902284989766031e+02
8.024067956869948830e+02
8.041921036718588311e+02
8.046910725701844740e+02
8.050840076609363223e+02
8.051050744218249520e+02
8.051111744491075797e+02
8.051191411514057563e+02
8.051725080567580335e+02
8.078277865992680518e+02
8.081428880085721858e+02
8.085892900051235301e+02
8.092202594938273705e+02
8.101275635517823730e+02
8.101306968991298163e+02
8.112559685986207114e+02
8.135261120852649128e+02
8.135635789195034704e+02
8.155080209494343535e+02
8.157286886030461801e+02
8.183417336233318338e+02
8.195905392086664278e+02
8.195967392363963882e+02
8.205659102377204590e+02
8.207515110678278916e+02
8.252407311460507344e+02
8.255540992142690584e+02
8.255880993663361096e+02
8.255946660623726530e+02
8.260263679931773595e+02
8.261952687485929800e+02
8.268572383759462809e+02
8.268811384828404698e+02
8.269314387078103437e+02
8.277104421919357264e+02
8.299783190017753896e+02
8.300080858015752483e+02
8.307100889413134155e+02
8.337018689888402605e+02
8.337259357631465946e+02
8.340946040786976710e+02
8.344769391220403350e+02
8.345677728616312834e+02
8.358240784805102521e+02
8.378579542437704504e+02
8.380725218700997630e+02
8.381010553310502473e+02
8.381132553856155027e+02
8.381630556083490546e+02
8.382271558950401413e+02
8.384080900376089858e+02
8.389113256216843411e+02
8.407616005637822809e+02
8.411343688976708108e+02
8.431404445365939182e+02
8.440299818484197658e+02
8.441573157512591479e+02
8.452967875142605862e+02
8.453077208964939473e+02
8.458809234601660592e+02
8.465526264643856393e+02
8.470306952692347977e+02
8.494033058808340684e+02
8.494138392612784401e+02
8.497776742218786694e+02
8.504543105814962018e+02
8.504826440415521347e+02
8.506748782346608095e+02
8.510787467076460189e+02
8.512400140955876395e+02
8.521123179970029469e+02
8.521156846787273480e+02
8.526605871158260470e+02
8.545783623598219947e+02
8.545821623768176778e+02
8.546335292732248945e+02
8.562038029630058418e+02
8.565318044300058773e+02
8.565538711953671509e+02
8.573489747515008048e+02
8.585863136188834233e+02
8.594807176191422968e+02
8.596623517648419011e+02
8.626509984650214165e+02
8.637741034881552196e+02
8.639250708300296537e+02
8.648696417213287759e+02
8.656218450855894844e+02
8.659053796870429096e+02
8.664492154527043795e+02
8.671831854020820174e+02
8.673246527014670164e+02
8.686646920281817756e+02
8.690388270348495325e+02
8.692293278868723974e+02
8.698336305896413023e+02
8.708201016683407261e+02
8.717211723650834756e+02
8.719507733919834891e+02
8.750268204830648529e+02
8.750392538720071798e+02
8.750994208077729581e+02
8.756978234841536732e+02
8.775063315727810505e+02
8.775239316514980601e+02
8.778658665141492747e+02
8.782762683496885074e+02
8.789806048331960255e+02
8.798424420211317738e+02
8.798673754659810129e+02
8.798821088652100570e+02
8.798944422537050514e+02
8.799021089546612302e+02
8.799507091720278140e+02
8.799550091912598191e+02
8.801538100804050373e+02
8.801610434460899342e+02
8.801690434818702897e+02
8.802522438539874656e+02
8.803056107593398565e+02
8.803568443218174480e+02
8.811657812731548347e+02
8.812875484844303173e+02
8.814332491360826225e+02
8.820535185769300597e+02
8.844003957401019989e+02
8.848971979620705497e+02
8.854933339616468402e+02
8.860230363307625794e+02
8.864184714326958101e+02
8.878779446269168147e+02
8.931327681293327032e+02
8.946904084292767720e+02
8.947275085952088602e+02
8.947663754357090511e+02
8.992697955774423235e+02
8.997219975999345252e+02
8.999868321177513053e+02
9.003247336290297653e+02
9.004334674486796075e+02
9.004441008295711981e+02
9.005709347301744856e+02
9.028795450555297748e+02
9.028925451136731226e+02
9.031124127637068568e+02
9.031498462644631218e+02
9.067516290402525101e+02
9.083824030006232988e+02
9.084687033866052843e+02
9.085889039242072158e+02
9.149473990295067551e+02
9.158474030548120481e+02
9.184920815499128821e+02
9.186847490782929526e+02
9.198205208247458131e+02
9.198541209750239886e+02
9.199110212295125848e+02
9.199740215112840360e+02
9.204240568574191457e+02
9.241815736630686615e+02
9.257647807440280303e+02
9.262062160516990161e+02
9.265944177879473500e+02
9.305112019725936534e+02
9.318357412299836824e+02
9.328260456591613092e+02
9.332316474732321012e+02
9.353472569353832569e+02
9.365951625166925396e+02
9.370386645002735122e+02
9.371503983333411725e+02
9.374406996317256926e+02
9.376269671314814786e+02
9.402680789439634736e+02
9.441053627730411790e+02
9.445156979416153717e+02
9.448265993321348333e+02
9.448368993782022471e+02
9.458538039263499968e+02
9.458601039545270623e+02
9.462723057981169177e+02
9.473644106826012603e+02
9.494893868533118848e+02
9.495466537761071777e+02
9.497752547985347746e+02
9.513027616303724017e+02
9.514219621635016892e+02
9.514404955797265302e+02
9.516295964254878754e+02
9.516371964594793553e+02
9.517056634323674871e+02
9.517571636627043290e+02
9.517728970664060171e+02
9.518079972233928174e+02
9.518429640464501063e+02
9.518942976093749166e+02
9.518986976290541406e+02
9.520530316526528622e+02
9.531394365116436802e+02
9.531663699654379798e+02
9.534050043660733991e+02
9.536783722553893767e+02
9.537457725568399383e+02
9.553666131394500098e+02
9.553852132226396634e+02
9.553983132812302301e+02
9.555649140263589061e+02
9.555763140773461828e+02
9.555883141310168867e+02
9.558295485432810210e+02
9.560947830628869042e+02
9.571142876226632552e+02
9.574897226351451991e+02
9.575208894412066911e+02
9.576116565138328269e+02
9.576582900557366429e+02
9.580937920035371462e+02
9.581055253893484860e+02
9.581135254251290689e+02
9.582205259036931011e+02
9.582345592997913855e+02
9.592423638072388030e+02
9.593008974023661040e+02
9.593089307716289795e+02
9.593168308069622299e+02
9.615260406877448531e+02
9.636058499897782212e+02
9.636380834672771698e+02
9.662989953683159001e+02
9.663072620719556198e+02
9.670773321827928157e+02
9.676564014393708248e+02
9.678061354423956573e+02
9.678115688000299315e+02
9.678439356114585053e+02
9.678799357724706169e+02
9.679606361334062967e+02
9.681017700979672327e+02
9.681379702598740096e+02
9.683580045773198890e+02
9.690452743178288983e+02
9.690727077738595199e+02
9.690768744591618997e+02
9.691552748098107486e+02
9.692455085467181561e+02
9.704554472915526731e+02
9.704612473174935303e+02
9.705587810870507610e+02
9.705837811988646990e+02
9.710772500725913687e+02
9.714445183818806981e+02
9.714790518696665913e+02
9.717744531908612089e+02
9.720469877431166879e+02
9.721113546976671387e+02
9.737724287935565144e+02
9.742930644554544415e+02
9.755538034274951542e+02
9.766843418172082920e+02
9.766915751828930752e+02
9.782689489044290667e+02
9.828014025093490318e+02
9.829719699388855361e+02
9.831196372660003817e+02
9.832126376819486495e+02
9.832253044052678206e+02
9.834876722453853972e+02
9.837416400479336289e+02
9.869222876068449750e+02
9.912161068111292934e+02
9.912274735286340501e+02
9.912895071394153774e+02
9.921512109934215005e+02
9.932530825882545287e+02
9.936283842668068473e+02
9.938270184885399203e+02
9.945845218765052778e+02
9.947235224981913007e+02
9.960519951065067517e+02
9.961184620704497092e+02
9.971113998447383437e+02
9.979987371467244657e+02
9.982475715929803073e+02
9.982509049412221884e+02
9.983097718711735524e+02
9.992662428156961596e+02
9.997637117073130639e+02
9.997738450859683326e+02
9.997962451861536692e+02
1.000026112880913161e+03
1.000993117205880026e+03
1.001564953096773138e+03
1.001663986873039107e+03
1.009290520983028955e+03
1.009308387729605442e+03
1.009348921244226517e+03
1.009454755050905987e+03
1.009597422355658068e+03
1.010245058585571314e+03
1.010249625272662684e+03
1.010258058643714548e+03
1.010289692118529956e+03
1.011222462957052926e+03
1.011228996319606949e+03
1.013894274906842497e+03
1.014021075473963265e+03
1.014050408938491728e+03
1.014071475699380358e+03
1.014076409054778424e+03
1.014088642442826085e+03
1.014310243433945629e+03
1.014392477135072568e+03
1.014401277174431129e+03
1.014811945677829726e+03
1.015948450760895753e+03
1.020538104621646198e+03
1.020821672556582257e+03
1.023768752404185534e+03
1.024081587136685130e+03
1.025609060635040350e+03
1.026831632769711632e+03
1.027598369532306833e+03
1.028930008821452248e+03
1.029141443100433889e+03
1.029216110101051981e+03
1.029228510156511675e+03
1.030569882822523368e+03
1.032801592803938547e+03
1.033227828043626687e+03
1.035406637788443732e+03
1.035472338082290889e+03
1.035499738204839105e+03
1.035513038264323995e+03
1.035528104998377330e+03
1.035536771703806380e+03
1.035669505630797630e+03
1.041354997726063175e+03
1.041358131073410505e+03
1.042964038255897094e+03
1.043491673949102960e+03
1.043984076151391946e+03
1.044073676552133520e+03
1.045534983087887440e+03
1.046832222223176814e+03
1.047117690166610600e+03
1.047708559475964876e+03
1.047760659708985258e+03
1.049337300093907970e+03
1.050221804049888760e+03
1.052041112186819646e+03
1.052055678918636659e+03
1.052113079175361463e+03
1.052596581337845009e+03
1.058607508221964736e+03
1.058613574915764730e+03
1.061733188868367506e+03
1.061768655693661003e+03
1.066490076810412575e+03
1.066642044156759539e+03
1.066661844245316161e+03
1.068619686335179495e+03
1.070023492613761391e+03
1.070140693137945391e+03
1.070385127564521781e+03
1.072633004284910157e+03
1.073220240244680781e+03
1.077632493311998815e+03
1.078056061873093540e+03
1.078773498415191398e+03
1.079450134774808930e+03
1.079475268220552607e+03
1.080150437906943807e+03
1.081196109250418885e+03
1.081384943428320867e+03
1.081438410334120363e+03
1.082528081874388135e+03
1.085066126559231407e+03
1.085070959914182367e+03
1.085562162111104271e+03
1.085565662126758298e+03
1.085572295489759881e+03
1.085577462179534677e+03
1.085609762323998439e+03
1.086439432701400165e+03
1.086480432884775155e+03
1.086503432987644146e+03
1.086671333738587009e+03
1.086740534048088421e+03
1.086757167455815306e+03
1.086774800868014836e+03
1.087065902169977562e+03
1.087273703099375780e+03
1.087301769891572349e+03
1.087315403285881530e+03
1.087323769989968696e+03
1.087490104067238008e+03
1.088000506350033220e+03
1.088449341690801248e+03
1.088544808784448605e+03
1.088638442536562707e+03
1.089399212605805133e+03
1.089406912640243718e+03
1.089444779476271606e+03
1.089477479622524243e+03
1.089716680692361024e+03
1.089746847493949872e+03
1.090128915869433058e+03
1.090133215888665291e+03
1.090146582615114994e+03
1.090428350542000544e+03
1.090456817335985988e+03
1.090832485682845117e+03
1.091010853147267426e+03
1.093225929720955946e+03
1.093406097193429105e+03
1.093682498429645193e+03
1.094112933688118119e+03
1.094864103714423663e+03
1.094922570642586152e+03
1.094941704061494420e+03
1.094949804097722108e+03
1.094988270936433310e+03
1.095026604441214886e+03
1.096808279076495182e+03
1.096858679301912389e+03
1.097283481201856375e+03
1.097421848487376565e+03
1.097784516776092232e+03
1.098487486586820296e+03
1.098596887076118492e+03
1.098744587736715857e+03
1.098874821652525725e+03
1.099107156024984306e+03
1.099902692916389469e+03
1.099953126475288855e+03
1.100945130912069772e+03
1.102385737355241645e+03
1.102406604115235950e+03
1.102413970814850472e+03
1.102889572942000768e+03
1.102925573103012994e+03
1.102961806598402063e+03
1.103796776999508438e+03
1.104889048551404812e+03
1.105258883538840564e+03
1.106584956136421852e+03
1.108297063793894267e+03
1.108306297168524225e+03
1.108312397195806852e+03
1.108510231413961947e+03
1.109009166978805297e+03
1.109545369376992767e+03
1.110115638594212214e+03
1.110946008974744700e+03
1.111115109731054872e+03
1.111500478121297647e+03
1.111649445454226907e+03
1.112838884107374042e+03
1.112894917691319733e+03
1.114264623817387019e+03
1.114272723853614934e+03
1.115200994672011120e+03
1.116996802703837147e+03
1.117161203439125984e+03
1.117448404723645808e+03
1.118248474968659593e+03
1.118554076335474520e+03
1.118561443035089269e+03
1.118570343074894708e+03
1.118660843479661708e+03
1.118742143843280928e+03
1.118757210577334035e+03
1.119310579718967347e+03
1.119461813728700918e+03
1.119523114002869079e+03
1.119547247444140112e+03
1.119636114508268520e+03
1.120863319996995642e+03
1.122024758524911022e+03
1.122437460370737426e+03
1.122690094833988724e+03
1.128530720956430969e+03
1.129294391038643880e+03
1.129583192330319662e+03
1.130159061572585188e+03
1.132847073594830363e+03
1.136807924643234173e+03
1.136834958097475919e+03
1.136903658404740781e+03
1.137026992289690043e+03
1.137263726681827620e+03
1.137323260281427565e+03
1.137340027023084076e+03
1.139419902992082370e+03
1.139767271212367632e+03
1.139774971246806444e+03
1.140023405691272956e+03
1.141267877923893366e+03
1.141340511582083764e+03
1.141372011722969546e+03
1.141393378485199719e+03
1.143225586679826847e+03
1.143253520138093791e+03
1.144168757564864563e+03
1.145719497833947798e+03
1.146531101463878713e+03
1.146543034850584718e+03
1.146557334914542480e+03
1.146561101598055529e+03
1.146565734952111825e+03
1.146611968492226424e+03
1.146627935230304956e+03
1.146632568584361252e+03
1.146689202170990711e+03
1.146721268981077628e+03
1.146725402332897374e+03
1.146753535792058756e+03
1.146757102474677595e+03
1.146771735873459420e+03
1.146781602584255324e+03
1.146794769309810818e+03
1.146801502673259392e+03
1.146805869359456210e+03
1.146809669376451893e+03
1.146813469393447804e+03
1.146817669412232362e+03
1.146823736106032811e+03
1.146829436131526336e+03
1.146836702830693639e+03
1.146841402851714520e+03
1.146845569537016900e+03
1.146850369558484999e+03
1.146854336242892941e+03
1.146861069606341516e+03
1.146866569630940603e+03
1.146876103006912444e+03
1.146882336368124697e+03
1.146905936473677002e+03
1.146938069950728732e+03
1.147014003623678491e+03
1.147027170349234211e+03
1.147190271078708975e+03
1.147337471737069791e+03
1.147348338452338339e+03
1.147366671867668629e+03
1.147370738552523790e+03
1.147648173126694701e+03
1.148030674837449396e+03
1.148033774851314547e+03
1.148192408894145046e+03
1.149293880487188972e+03
1.149522614843546307e+03
1.149528081534662988e+03
1.149536848240539030e+03
1.149542081597278866e+03
1.149560681680468633e+03
1.149573481737717429e+03
1.149632248667221347e+03
1.149641715376228376e+03
1.149662082133986132e+03
1.149713149029051692e+03
1.150088184039744647e+03
1.150249451427686381e+03
1.150635919822849019e+03
1.150649719884570231e+03
1.153188897907815772e+03
1.154436236819924034e+03
1.156133444410755374e+03
1.157691384712041327e+03
1.158710589270476021e+03
1.158974390450337751e+03
1.159335692066274078e+03
1.159374692240704007e+03
1.159467292654863286e+03
1.159535359625962201e+03
1.159540526315736997e+03
1.159859627742931707e+03
1.159933728074348210e+03
1.160526197390858442e+03
1.160575664278767817e+03
1.160693564806083032e+03
1.160736764999297520e+03
1.161104066642069483e+03
1.161113300016699213e+03
1.161136733454839714e+03
1.161226933858264829e+03
1.161425801414374746e+03
1.161565468705709236e+03
1.162477739452544711e+03
1.163212909407289317e+03
1.163843678895098719e+03
1.163848345582637194e+03
1.164108980081669188e+03
1.164140580223002189e+03
1.165273851958273781e+03
1.168043331011550208e+03
1.168150031488772584e+03
1.168207698413356866e+03
1.168217765125047208e+03
1.168246131918585661e+03
1.168259465311553186e+03
1.168334232312618269e+03
1.168496133036725951e+03
1.168506266415381106e+03
1.168914201573221362e+03
1.168921401605423853e+03
1.169388270360180513e+03
1.169815638938270922e+03
1.169827505658011660e+03
1.170277141002357894e+03
1.170282741027404199e+03
1.171630447055075365e+03
1.174435826268916799e+03
1.174641727189817175e+03
1.175517464439921469e+03
1.175525231141325321e+03
1.175674731809973082e+03
1.176883903884712026e+03
1.180361152770184844e+03
1.180779421307575149e+03
1.181317923716049336e+03
1.181442257605471241e+03
1.181603358326000944e+03
1.185433042121086828e+03
1.185445242175652311e+03
1.185474875641522431e+03
1.185934677698006226e+03
1.186173545433018717e+03
1.186551413789717344e+03
1.186578947246195185e+03
1.187655218726530620e+03
1.190968466878503705e+03
1.192064738448290200e+03
1.192151305502131663e+03
1.192263039335199210e+03
1.193120509836938254e+03
1.193553678440969634e+03
1.194091780847654718e+03
1.194095347530273557e+03
1.194160281154025142e+03
1.194183814592612862e+03
1.194432115703149975e+03
1.194739850412839360e+03
1.196413224563741323e+03
1.196706192540719485e+03
1.196884693339071646e+03
1.196960827012915843e+03
1.196976260415275874e+03
1.196987427131886079e+03
1.197037060687207486e+03
1.197055460769502588e+03
1.197135361126860289e+03
1.197142894493886843e+03
1.199498405029005426e+03
1.199873206705321309e+03
1.201111845578518569e+03
1.204016625236932668e+03
1.205234530684065021e+03
1.206756170822996864e+03
1.207135605853369270e+03
1.208059376651639013e+03
1.210072852323659163e+03
1.210535054390877121e+03
1.211293024447596054e+03
1.211683126192342343e+03
1.211687492878539388e+03
1.213950969668699599e+03
1.214723839792060062e+03
1.214893707218465806e+03
1.215739611001805542e+03
1.215770244472148306e+03
1.216668315155473238e+03
1.217610552703003123e+03
1.218028587906016355e+03
1.218435989728137884e+03
1.218494123321475854e+03
1.218505590039427943e+03
1.218528523475332122e+03
1.218667290762641187e+03
1.219270493460490343e+03
1.219290026881187714e+03
1.221378302887755353e+03
1.221635237370238656e+03
1.222431774266116463e+03
1.222439240966177977e+03
1.222482441159392692e+03
1.222673242012757555e+03
1.222677342031094895e+03
1.222684042061061291e+03
1.222699775464762752e+03
1.222807575946904763e+03
1.223490779002559066e+03
1.223641146341749618e+03
1.223657446414652441e+03
1.223671579811197944e+03
1.223688346552854455e+03
1.223746946814946568e+03
1.223750613498012854e+03
1.223917947579754809e+03
1.223927047620454914e+03
1.224895618619095558e+03
1.224903785322288286e+03
1.225581255018966203e+03
1.225602255112889907e+03
1.225606221797297621e+03
1.225611055152248355e+03
1.226752926925983957e+03
1.226836960635161631e+03
1.226843227329856290e+03
1.226850360695093741e+03
1.226855894053175462e+03
1.226989827985533793e+03
1.226994594673519714e+03
1.227005628056200067e+03
1.227010261410256589e+03
1.227012828088402557e+03
1.227092261777006343e+03
1.227099061807419957e+03
1.227860431879345697e+03
1.227868365248161354e+03
1.228199700063403270e+03
1.228243100257512651e+03
1.228274933733222497e+03
1.228308167215194089e+03
1.229707606807578941e+03
1.229737240273449061e+03
1.229745373643159155e+03
1.229818740637962946e+03
1.229898774329250273e+03
1.230631677607190568e+03
1.230639610976006225e+03
1.230665877760152171e+03
1.230698277905062923e+03
1.231449947933605017e+03
1.231972316936588641e+03
1.233274656094687771e+03
1.233738391502097102e+03
1.234668928997297826e+03
1.234707462502973840e+03
1.234992630445066197e+03
1.234998263803594682e+03
1.235300631822615060e+03
1.235589466447773248e+03
1.235597066481764614e+03
1.236170035711060109e+03
1.236592470933752338e+03
1.236996139405842996e+03
1.237017539501555802e+03
1.237336240926960954e+03
1.237354107673537328e+03
1.238106277704315744e+03
1.238120077766037184e+03
1.238830280942450372e+03
1.239584517649138661e+03
1.240222020500396638e+03
1.240870190066028499e+03
1.240886856807237791e+03
1.240928190325437072e+03
1.241000857317109876e+03
1.241162224705498829e+03
1.241711493828794346e+03
1.242152029132440020e+03
1.242189129298372109e+03
1.242216696088332355e+03
1.243036166420114114e+03
1.243041299776406504e+03
1.243136466868711750e+03
1.244687307138242659e+03
1.244708507233060800e+03
1.244744974062826941e+03
1.245574344438887010e+03
1.245579777796521284e+03
1.245590511177860208e+03
1.245632711366602280e+03
1.245642178075609309e+03
1.246338847858160307e+03
1.246342147872919668e+03
1.246347414563141911e+03
1.246351247913620000e+03
1.246353647924354163e+03
1.246357947943586396e+03
1.246405214821655818e+03
1.246711382857671879e+03
1.246717482884954507e+03
1.246732649619454833e+03
1.246754549717403961e+03
1.246769649784939702e+03
1.247369352467134831e+03
1.247381619188664899e+03
1.247499953051251168e+03
1.247515953122812334e+03
1.248609924682312112e+03
1.249238794161623446e+03
1.249242594178619356e+03
1.249256727575164859e+03
1.249278694340078800e+03
1.249462495162135610e+03
1.249482561918551710e+03
1.249492895298101530e+03
1.249497328651263160e+03
1.249503595345958047e+03
1.249509395371898790e+03
1.249513895392025233e+03
1.249520428754579370e+03
1.250281132156856756e+03
1.250602966929609465e+03
1.250979835281835449e+03
1.251169969465551731e+03
1.251201236272060669e+03
1.251206802963624568e+03
1.251212902990907196e+03
1.251254603177412946e+03
1.251258103193066972e+03
1.251265036557410212e+03
1.251272836592296017e+03
1.251281736632101683e+03
1.251290503337977725e+03
1.251884772662538808e+03
1.251976306405260630e+03
1.252782476677557042e+03
1.253159378363265432e+03
1.253188011824663135e+03
1.255152287276633160e+03
1.255551022393325866e+03
1.256989095491833950e+03
1.257185596370692338e+03
1.257480931024922256e+03
1.257484397707093876e+03
1.257493197746452324e+03
1.257511231160440957e+03
1.257535731270018687e+03
1.257581498141379370e+03
1.257675031893046480e+03
1.257760098940179205e+03
1.257767232305416655e+03
1.257776599013976238e+03
1.257790199074803240e+03
1.257803399133840912e+03
1.257807732486555324e+03
1.257813632512943514e+03
1.257819199204507413e+03
1.257822532552749408e+03
1.257897566221673742e+03
1.257907332932022427e+03
1.258446568677110008e+03
1.258841970445560946e+03
1.259419539695429876e+03
1.259428339734788551e+03
1.259436506437981052e+03
1.259725874398857741e+03
1.259734774438663635e+03
1.259740841132463856e+03
1.259829708196592037e+03
1.261034780252993414e+03
1.262566787104957712e+03
1.262752487935512363e+03
1.262763521318192943e+03
1.263352923954320659e+03
1.263378257400958773e+03
1.263537091444683938e+03
1.263572758270872100e+03
1.263673692055635911e+03
1.263677825407455884e+03
1.263839592797633941e+03
1.263936126562718528e+03
1.263939993246679023e+03
1.264014126911578387e+03
1.264031893657707315e+03
1.264087293905487286e+03
1.264102860641776715e+03
1.264113360688738794e+03
1.264138727468859315e+03
1.264143160822021173e+03
1.266748439140903201e+03
1.267132740859708292e+03
1.267519842591036877e+03
1.267994278046302497e+03
1.268114545250869241e+03
1.268130678656359805e+03
1.268452046760358598e+03
1.270999758155103564e+03
1.271021458252158027e+03
1.271573994056730498e+03
1.271626827626364275e+03
1.271694694596568979e+03
1.271700627956439348e+03
1.271723961394132630e+03
1.272579331886479167e+03
1.272753532665599323e+03
1.274287072857754538e+03
1.274352106481953570e+03
1.274394473338107900e+03
1.278325290918852261e+03
1.278620192237810670e+03
1.278937460323472123e+03
1.279739063908677281e+03
1.281004169566914925e+03
1.281051669779361418e+03
1.281072969874626779e+03
1.281147203539973589e+03
1.281328437683883976e+03
1.281357104478763858e+03
1.281985973958075419e+03
1.283872115727256187e+03
1.285252388567250364e+03
1.285260388603030606e+03
1.287589499020073617e+03
1.288549836648556720e+03
1.288576736768868614e+03
1.288676237213888498e+03
1.289121205870696031e+03
1.289247006433344268e+03
1.291967485267465236e+03
1.292510087694276990e+03
1.292539254491393422e+03
1.292606621459361577e+03
1.292622921532264400e+03
1.292769055519187987e+03
1.292871789312002420e+03
1.292910056149819184e+03
1.292955789687697688e+03
1.292959623038175778e+03
1.292995689866152816e+03
1.293002256562189359e+03
1.293031390025823157e+03
1.293085923603060337e+03
1.293099056995133424e+03
1.293208857486220495e+03
1.293216557520659080e+03
1.293319324646956147e+03
1.293326924680947741e+03
1.293371124878634873e+03
1.295563734685172903e+03
1.295751902193426758e+03
1.296169704062062920e+03
1.296473372086897371e+03
1.296716973176413376e+03
1.296812006934788997e+03
1.296848307097143106e+03
1.297672610783875371e+03
1.298199846475292134e+03
1.301755462377931735e+03
1.302717100012229139e+03
1.302793667021345072e+03
1.303285035885679235e+03
1.303330702756592927e+03
1.309438263406244232e+03
1.309847665237310821e+03
1.310010732633303405e+03
1.310040299432208712e+03
1.313426081241924976e+03
1.314398418924078896e+03
1.314601086497184497e+03
1.314697820263163521e+03
1.314724287048204133e+03
1.315706791442495842e+03
1.316358461023781729e+03
1.317144297871802792e+03
1.318307436407321347e+03
1.318321269802525194e+03
1.318378970060591882e+03
1.319669109164125985e+03
1.320372478976643151e+03
1.320383712360218396e+03
1.320484779478911832e+03
1.321044615316134241e+03
1.321274016342139703e+03
1.321537417520212557e+03
1.321589151084926243e+03
1.321603117814059715e+03
1.321610217845814987e+03
1.321629584599100099e+03
1.321648018014877835e+03
1.321968519448333836e+03
1.321981286172099999e+03
1.322010652970110868e+03
1.324748665215984147e+03
1.328792316634716144e+03
1.330834225767239332e+03
1.331180060647333448e+03
1.331628562653277186e+03
1.332359432588790014e+03
1.332500366552456398e+03
1.332511199934242313e+03
1.332534466704970555e+03
1.334422775150508414e+03
1.337261487846768659e+03
1.337351821584123172e+03
1.337460188735466545e+03
1.337518655663629033e+03
1.339431464218744395e+03
1.339738865593609944e+03
1.339788665816343610e+03
1.339792365832891846e+03
1.339950966542240167e+03
1.340452535452194525e+03
1.341581673835646143e+03
1.341588907201330812e+03
1.341623507356081745e+03
1.342891846362113711e+03
1.342961380006438958e+03
1.343528215874969192e+03
1.343543249275540120e+03
1.343674349861893006e+03
1.343782483678859307e+03
1.343788817040518779e+03
1.343850483982993410e+03
1.343867617392956618e+03
1.343958751133889336e+03
1.346851330737738181e+03
1.347035764895960938e+03
1.347435733351503131e+03
1.348312303938668265e+03
1.348316870625759293e+03
1.348321537313297995e+03
1.350660214439795254e+03
1.351425451195681489e+03
1.351433384564497146e+03
1.351438217919448107e+03
1.351453284653501214e+03
1.351456718002190200e+03
1.351461118021869652e+03
1.351526884982681622e+03
1.352240621508231243e+03
1.352374922108896271e+03
1.352525789450323373e+03
1.352545156203608485e+03
1.352551289564373519e+03
1.352575323005197561e+03
1.353535627300198257e+03
1.353540093986842521e+03
1.353566794106259749e+03
1.353633994406815873e+03
1.353712128089605358e+03
1.353796095131817992e+03
1.353811995202931939e+03
1.353841662002284465e+03
1.354121829922013831e+03
1.354128663285909624e+03
1.354165096782193359e+03
1.354215597008057784e+03
1.354244130469008041e+03
1.354558565208663822e+03
1.354567298581057457e+03
1.354642198916052394e+03
1.354657998986718894e+03
1.354670999044862128e+03
1.354872399945636062e+03
1.354877166633621982e+03
1.354961433677176274e+03
1.354964800358900675e+03
1.355007767217738547e+03
1.355121201058409270e+03
1.355161634572583125e+03
1.355178901316476185e+03
1.355182834667401494e+03
1.355306768555034296e+03
1.355316901933689451e+03
1.355635870026954308e+03
1.355668636840171757e+03
1.355694203621186944e+03
1.355714603712427106e+03
1.356160639040672095e+03
1.358649450171983062e+03
1.358811750897879620e+03
1.359801321990443967e+03
1.365198612796717498e+03
1.365655714841125473e+03
1.366996887506242274e+03
1.367534423243726451e+03
1.367950291770382364e+03
1.368016658733878103e+03
1.368344026864712305e+03
1.368537861064977051e+03
1.368581327926051245e+03
1.368633928161307949e+03
1.369150797139692486e+03
1.369312997865141824e+03
1.371632408238800963e+03
1.371636808258480187e+03
1.371643941623717865e+03
1.373763684437688880e+03
1.375450325314593329e+03
1.375531925679554206e+03
1.376233328816608719e+03
1.376440829744665280e+03
1.376440996412077311e+03
1.377325567035022914e+03
1.377386200639542494e+03
1.378745373385165522e+03
1.379075708195935022e+03
1.379150641864412364e+03
1.379200042085356927e+03
1.379203042098774631e+03
1.379214075481454984e+03
1.381398285250423896e+03
1.381511585757164994e+03
1.381522685806810387e+03
1.381801953722514554e+03
1.381812587103406031e+03
1.383733595695196527e+03
1.384982801282320224e+03
1.386838842916876729e+03
1.387259378131071344e+03
1.387273844862441138e+03
1.387359245244397698e+03
1.387974947998153993e+03
1.387980614690165112e+03
1.387988614725945354e+03
1.387993981416615043e+03
1.387998181435399829e+03
1.388002748122491084e+03
1.388008314814054984e+03
1.388012781500699248e+03
1.388019548197630002e+03
1.388027281565551220e+03
1.388091148517865577e+03
1.388695151219292711e+03
1.390469692489335330e+03
1.390539759469379305e+03
1.390587959684956786e+03
1.391014161591162519e+03
1.391057161783482570e+03
1.391066028489806058e+03
1.391218762506248595e+03
1.391223495860752109e+03
1.391237262588990916e+03
1.391279896113004725e+03
1.391402929996612102e+03
1.391426563435646813e+03
1.391543697292866227e+03
1.392574135234875939e+03
1.392583301942541311e+03
1.392591535312698625e+03
1.392595868665413036e+03
1.392627068804956934e+03
1.392642202205975082e+03
1.393149504474905598e+03
1.393304138499845976e+03
1.393853740957965783e+03
1.393994374920290056e+03
1.397780958522608898e+03
1.400873239019628272e+03
1.400981339503112167e+03
1.400989439539339855e+03
1.401066906552480987e+03
1.401173540362738322e+03
1.401184540411936496e+03
1.401232873961443829e+03
1.403031415338827856e+03
1.406964732930753826e+03
1.406971032958930891e+03
1.407717936299487064e+03
1.408015404296591669e+03
1.408022037659593252e+03
1.408422506117371313e+03
1.408429806150021022e+03
1.408435739509891619e+03
1.408441272867973339e+03
1.408469606328029158e+03
1.408527739921367356e+03
1.408535773290630232e+03
1.408932908400166980e+03
1.413155160617698357e+03
1.413353161503265255e+03
1.413375294935591455e+03
1.413406461741652947e+03
1.413543929023147484e+03
1.413967264249865366e+03
1.413974530949032669e+03
1.413985530998230843e+03
1.413991097689794742e+03
1.414029297860646693e+03
1.414342265927075914e+03
1.414975268758207221e+03
1.415391770621029082e+03
1.415538337943224178e+03
1.415546371312487054e+03
1.415586038156565337e+03
1.415620938312657699e+03
1.415654405129006136e+03
1.417125045039837460e+03
1.417196778694002433e+03
1.417406579632345938e+03
1.417418013016815621e+03
1.417421579699434460e+03
1.417428479730294839e+03
1.417433679753552269e+03
1.417438346441090971e+03
1.417512813440814398e+03
1.417515913454679321e+03
1.417532780196783051e+03
1.417735181102029628e+03
1.418012349008341289e+03
1.418031049091978048e+03
1.418085916004039291e+03
1.418133882885239927e+03
1.419065653719290140e+03
1.420158591940834867e+03
1.420578527152345941e+03
1.421332397190727534e+03
1.421598631714805833e+03
1.425054013835812384e+03
1.425198081146826098e+03
1.425250814716012428e+03
1.425916751027773444e+03
1.429639867679567033e+03
1.429658467762756572e+03
1.429658734430615823e+03
1.430478971432493154e+03
1.430730972559578731e+03
1.431291875068238596e+03
1.431882244375356322e+03
1.431902411132219640e+03
1.431915944526081603e+03
1.431960778059934682e+03
1.433159116752887485e+03
1.433310884098340011e+03
1.433318017463577689e+03
1.433586451997495715e+03
1.434000153847794081e+03
1.434063454130907303e+03
1.434514722815891901e+03
1.435211759266749596e+03
1.435738728290307108e+03
1.435746661659122537e+03
1.435750928344872364e+03
1.435798161889459607e+03
1.435848262113535156e+03
1.436001996134450110e+03
1.436008562830486653e+03
1.436019262878342943e+03
1.436068063096603964e+03
1.436079563148038460e+03
1.436086929847652982e+03
1.436092063203945600e+03
1.436240830535980194e+03
1.436257863945496183e+03
1.436265163978145893e+03
1.436299197463695464e+03
1.436304764155259363e+03
1.436344597666749678e+03
1.436390797873382098e+03
1.436393864553764615e+03
1.436543998558578323e+03
1.436552698597489780e+03
1.436555665277425078e+03
1.436557831953782170e+03
1.436563398645346069e+03
1.436569765340487947e+03
1.436572498686046629e+03
1.436618265557407312e+03
1.436636332304878124e+03
1.436647332354076298e+03
1.436649832365257680e+03
1.436680265834706006e+03
1.436695765904030850e+03
1.436845966575809598e+03
1.437101367718101756e+03
1.437111067761485629e+03
1.437149434599749611e+03
1.441233919534444340e+03
1.441307086528353466e+03
1.442721859522650902e+03
1.442815926610036513e+03
1.444208199503701280e+03
1.445053803285699132e+03
1.445474771835165257e+03
1.445776373184089834e+03
1.445797006609707068e+03
1.445974140735280116e+03
1.446072841176721795e+03
1.446122808066867492e+03
1.446153108202386193e+03
1.446270108725675755e+03
1.446457442896868997e+03
1.446474876308174089e+03
1.446488643036412896e+03
1.447253246456133411e+03
1.447644181537940085e+03
1.447651081568800919e+03
1.449814557911705151e+03
1.449896558278454904e+03
1.450110759236477861e+03
1.450596328074871053e+03
1.451198497434765159e+03
1.451891733868627398e+03
1.451905867265172674e+03
1.451918000652773117e+03
1.451933967390851649e+03
1.451977200917548998e+03
1.452003167700353060e+03
1.452020134442904009e+03
1.453305106856663315e+03
1.453987609909186403e+03
1.453995343277107395e+03
1.453999643296339627e+03
1.454021510060806122e+03
1.454068243603157043e+03
1.454327778097269174e+03
1.454354444883204224e+03
1.454458745349692435e+03
1.456068319215244856e+03
1.457328058182813038e+03
1.457524325727294581e+03
1.459448934335186095e+03
1.460484672300900456e+03
1.462998250209648404e+03
1.463096483982336395e+03
1.464072121679249676e+03
1.464096655122309812e+03
1.464148055352199663e+03
1.464314256095539349e+03
1.464662724320744474e+03
1.464673991037802125e+03
1.464864225221965626e+03
1.466527532661177247e+03
1.467327502905744041e+03
1.467351436346120408e+03
1.467422069995365746e+03
1.467448370112994098e+03
1.469472345831976099e+03
1.469633079884199105e+03
1.469652579971414070e+03
1.469722346950116389e+03
1.469852147530654975e+03
1.469993881497899338e+03
1.470142782163863558e+03
1.470148448855874904e+03
1.470167182272994069e+03
1.470293816172702691e+03
1.470299616198643662e+03
1.470322582968030247e+03
1.470347716413773924e+03
1.470351783098629085e+03
1.470463450264731819e+03
1.470485650364022376e+03
1.470491050388174244e+03
1.470844985304496504e+03
1.471656288933085307e+03
1.471942090211343611e+03
1.472314925212196840e+03
1.472656093404752255e+03
1.472719927023584205e+03
1.474712769269986893e+03
1.474717335957078376e+03
1.474945970312988493e+03
1.476040308540794740e+03
1.478045817510516599e+03
1.478389252379876780e+03
1.478843787746138332e+03
1.481020497481562870e+03
1.481763134136369445e+03
1.482056302114241817e+03
1.482059235460694936e+03
1.482245136292144025e+03
1.482291636500118102e+03
1.482299936537240455e+03
1.482686771600709562e+03
1.482813538834348037e+03
1.482824605550511023e+03
1.483489975193070904e+03
1.484450712823343110e+03
1.486406754905155822e+03
1.486903123791852749e+03
1.487547560007453740e+03
1.490702474117937754e+03
1.490864274841598444e+03
1.490901008339223836e+03
1.491233309825455763e+03
1.491243876539382654e+03
1.491248109891649847e+03
1.491640611647130072e+03
1.493446519724128848e+03
1.493570220277384578e+03
1.493767087824549662e+03
1.494008388903778723e+03
1.494047622412585497e+03
1.496055798060900997e+03
1.497329403757155205e+03
1.497465204364529200e+03
1.497485671122734175e+03
1.497510137898829498e+03
1.497514437918061731e+03
1.497518704603811102e+03
1.497648138516042991e+03
1.500644585251108538e+03
1.500845752817505627e+03
1.500866152908745789e+03
1.500875819618647029e+03
1.500994386815610596e+03
1.503696432233953828e+03
1.503807899399162125e+03
1.503950900038738382e+03
1.504042700449319454e+03
1.504244701352776929e+03
1.504516402567971909e+03
1.504639036449790410e+03
1.505008838103743528e+03
1.505214839025091351e+03
1.505221905723363989e+03
1.505226572410902691e+03
1.505234005777482025e+03
1.505252639194153971e+03
1.506328544006182938e+03
1.506741179185044302e+03
1.506770945984844275e+03
1.506910779943590569e+03
1.506920646654386701e+03
1.506924613338794416e+03
1.506950146786326968e+03
1.507022447109693303e+03
1.507031413816464010e+03
1.509274990517620381e+03
1.510241628174280777e+03
1.511281532825297290e+03
1.511468433661219024e+03
1.511496833788239883e+03
1.517266592927059946e+03
1.518423331433954218e+03
1.518429698129096323e+03
1.518437464830499721e+03
1.518446231536375763e+03
1.518649099110376255e+03
1.519413735863578950e+03
1.519434035954372121e+03
1.520952442745509416e+03
1.520989342910546839e+03
1.522838217846383259e+03
1.523425620473565914e+03
1.524129356954390005e+03
1.524134890312471271e+03
1.524172157145815390e+03
1.524177290502108008e+03
1.524179490511947506e+03
1.524491858575693414e+03
1.525579896775322595e+03
1.526639034845694823e+03
1.527524872140972093e+03
1.529002412082664250e+03
1.530400085000480658e+03
1.531183955173039294e+03
1.531959358641063318e+03
1.532770428935275731e+03
1.532816129139671602e+03
1.532916029586480590e+03
1.532958729777458757e+03
1.533018263377058702e+03
1.533249964413351108e+03
1.533270664505933155e+03
1.533623799418676981e+03
1.533652166212215434e+03
1.533691633055399279e+03
1.536723946617547199e+03
1.538061785934422460e+03
1.538073119318444697e+03
1.539637492981837568e+03
1.541691635502408417e+03
1.542040303728508206e+03
1.544018579243093882e+03
1.544024112601175602e+03
1.544037679328519971e+03
1.544216013459460100e+03
1.544314413899559895e+03
1.544318380583967837e+03
1.544330013969332185e+03
1.546236122494481378e+03
1.547299993919357121e+03
1.548946667950841629e+03
1.550058539590400187e+03
1.550066072957426968e+03
1.550851276469282084e+03
1.550861176513560395e+03
1.551298645136823779e+03
1.553528921778495032e+03
1.553735789370385646e+03
1.554612693292374843e+03
1.555674098039551609e+03
1.556088266558604118e+03
1.556101699952018862e+03
1.556900136856394283e+03
1.558013108500872704e+03
1.558031808584509690e+03
1.558648911344527278e+03
1.561114189037250526e+03
1.561119155726130884e+03
1.561395423628417120e+03
1.561844658970974251e+03
1.561859525704132921e+03
1.563207998401899658e+03
1.563261831976006079e+03
1.563571500027675711e+03
1.564638238132039533e+03
1.564761805351365638e+03
1.565244274175894134e+03
1.566471712998998555e+03
1.566481813044171304e+03
1.569161425028846907e+03
1.571587169211421724e+03
1.573565444726007399e+03
1.573955746471648126e+03
1.573974513222250152e+03
1.573989746623715519e+03
1.574053080240310919e+03
1.574089880404901351e+03
1.574168714090821368e+03
1.574174980785516254e+03
1.574178447467687647e+03
1.574189514183850633e+03
1.574197980888385018e+03
1.574204914252728258e+03
1.574221180992148675e+03
1.574226247681476252e+03
1.574233247712784078e+03
1.574240247744091903e+03
1.574268014534946815e+03
1.574463115407543455e+03
1.576084355991942402e+03
1.576120822821708543e+03
1.576130922866881519e+03
1.576231256648961789e+03
1.576383223995308754e+03
1.576415990808526431e+03
1.576652458532804530e+03
1.578273199114967383e+03
1.578338166072201375e+03
1.578951368814776060e+03
1.578951468815223507e+03
1.578990535656618022e+03
1.580468008931345366e+03
1.581671580981038005e+03
1.581679314348958997e+03
1.581785781491804528e+03
1.581857415145522282e+03
1.581947848883324014e+03
1.581980149027788002e+03
1.582254716922470834e+03
1.582575085021997211e+03
1.582586951741738176e+03
1.582610151845501605e+03
1.582612718523647800e+03
1.583266754782185444e+03
1.584095491822079566e+03
1.584135992003218234e+03
1.585586931825939928e+03
1.585596665202806207e+03
1.585630598687908559e+03
1.585995466986463953e+03
1.586647769903915787e+03
1.587043405006743342e+03
1.588204843534658721e+03
1.589003347105998955e+03
1.589222681420314302e+03
1.589297615088791417e+03
1.589777117233384615e+03
1.592465629257866112e+03
1.592803197434320282e+03
1.593509133924983871e+03
1.593873968890056631e+03
1.594432438054499698e+03
1.594537105189294834e+03
1.595018440675420834e+03
1.595167008006560991e+03
1.595199274817542346e+03
1.595203841504633829e+03
1.595241775007626302e+03
1.595254641731839911e+03
1.595258375081870781e+03
1.595265441780143647e+03
1.595313441994826462e+03
1.595409675758569392e+03
1.595735077213940940e+03
1.597076649880846844e+03
1.597103983336430247e+03
1.597109716695406178e+03
1.598174188122965461e+03
1.598323288789824346e+03
1.599948662726043267e+03
1.600383464670713010e+03
1.600399964744510271e+03
1.600479365099631650e+03
1.600962967262562415e+03
1.602535407628700341e+03
1.602553441042688974e+03
1.602590207873796771e+03
1.606112056958746052e+03
1.606499658692310732e+03
1.606512925418313671e+03
1.606676759484401600e+03
1.607023527702003321e+03
1.607365062562865660e+03
1.607928565083153899e+03
1.608303600093846853e+03
1.611828815860520535e+03
1.611970849829106555e+03
1.611975949851916766e+03
1.612416818490386504e+03
1.613067121398893278e+03
1.616889471827847274e+03
1.620026752526131759e+03
1.620032552552072730e+03
1.620111252904063349e+03
1.620123319624698979e+03
1.620328887210775065e+03
1.620340953931410695e+03
1.620497221296989437e+03
1.620506721339479100e+03
1.620516321382415754e+03
1.620682522125755213e+03
1.620688822153932506e+03
1.620812156038881767e+03
1.620819456071531476e+03
1.621026490330833894e+03
1.621031057017925377e+03
1.621034923701885873e+03
1.621042490402395060e+03
1.621048023760476553e+03
1.621162357605172701e+03
1.621189291058967001e+03
1.621238457945534492e+03
1.621513925844242976e+03
1.621710826724890239e+03
1.621714693408850735e+03
1.622081395048939157e+03
1.624478805771457928e+03
1.624503505881930096e+03
1.624548872751502131e+03
1.624977908003713310e+03
1.625020241526385007e+03
1.625025708217501915e+03
1.625043108295324373e+03
1.626676648934736022e+03
1.626681715624063600e+03
1.626686948980803209e+03
1.626967283567944605e+03
1.626988850331069443e+03
1.627239351451446282e+03
1.627345318592055037e+03
1.629490194851769957e+03
1.629856863158375518e+03
1.630706666959158611e+03
1.630817500788200505e+03
1.632037406244278372e+03
1.633122044428700974e+03
1.633141344515021274e+03
1.635326587621945009e+03
1.635379687859438036e+03
1.635451821515392339e+03
1.635781689657407696e+03
1.636012990691911227e+03
1.638825436604025299e+03
1.639252305179879386e+03
1.640319976621750811e+03
1.640476543988671665e+03
1.641078046678917417e+03
1.641084046705752826e+03
1.641087746722301290e+03
1.642653820393297110e+03
1.642875154716557518e+03
1.643786858794191630e+03
1.644998130878322854e+03
1.645362799175983810e+03
1.645686000621515404e+03
1.646304703388689177e+03
1.646462037425705830e+03
1.646475937487874262e+03
1.647978910876651753e+03
1.649848285904175555e+03
1.650122587130999364e+03
1.650750756607179937e+03
1.653170167428095056e+03
1.653242334417531765e+03
1.653252267795292482e+03
1.653283367934388934e+03
1.653619169436275115e+03
1.653725136576884324e+03
1.654067271440429977e+03
1.654088404868283305e+03
1.654248872252647061e+03
1.656159180796581268e+03
1.657089384956957929e+03
1.657601953916110688e+03
1.658429490950637501e+03
1.658728158953109187e+03
1.658818959359217615e+03
1.660545667081989450e+03
1.660976369008321853e+03
1.661331503930010740e+03
1.661350770682848861e+03
1.661789039309690224e+03
1.662967911248910468e+03
1.663484280225058683e+03
1.663530847099997573e+03
1.663611514127450846e+03
1.663750948084408492e+03
1.663814915037169840e+03
1.663826981757805470e+03
1.663836148465470615e+03
1.663863415254089205e+03
1.664597551870878760e+03
1.666034058295713294e+03
1.666253359276546007e+03
1.666547360591479219e+03
1.667943600169551928e+03
1.671482282663122533e+03
1.671751650534548162e+03
1.672393453405038372e+03
1.672401353440371395e+03
1.673141223416137336e+03
1.675229466089222569e+03
1.675271766278411633e+03
1.675424666962266429e+03
1.675438200356128391e+03
1.675594534388672173e+03
1.675666201375872333e+03
1.675824068748607488e+03
1.676613405612282804e+03
1.676750472891988466e+03
1.677450176021439574e+03
1.677453509369681569e+03
1.677830244387977928e+03
1.678762481890782055e+03
1.678776981955634255e+03
1.678936982671244095e+03
1.678943982702551921e+03
1.679607585670543585e+03
1.679904553665412095e+03
1.681949462811352987e+03
1.681953496162725514e+03
1.684056072233250916e+03
1.684072705640977802e+03
1.685015409857261375e+03
1.685105043591485583e+03
1.686588283558670810e+03
1.687056452319241771e+03
1.687059685667036547e+03
1.687201686302140160e+03
1.687495920951450216e+03
1.689259595506224287e+03
1.690260599983258317e+03
1.690281900078523904e+03
1.691981507680089180e+03
1.692040807945312281e+03
1.693581248168328329e+03
1.693763715651088205e+03
1.693791849110249586e+03
1.693805115836252526e+03
1.693835615972665437e+03
1.693871049464476528e+03
1.693878582831503081e+03
1.693935683086886456e+03
1.694580385970346697e+03
1.694703553187883927e+03
1.695202422085762464e+03
1.695209455450552696e+03
1.695218955493042131e+03
1.695235922235593080e+03
1.695241622261087059e+03
1.695411923022764086e+03
1.695421789733559990e+03
1.695428123095219689e+03
1.695517023492830276e+03
1.695522956852700872e+03
1.695595090508654948e+03
1.695603057210953011e+03
1.697011530177073382e+03
1.697043863655019550e+03
1.697049597013995481e+03
1.697134497393715947e+03
1.697137764074992901e+03
1.697347131678064898e+03
1.698231102298326959e+03
1.698739837907001402e+03
1.699962310041225237e+03
1.699975443433298324e+03
1.699992943511568001e+03
1.700399745331005988e+03
1.700443945528693348e+03
1.700607379592992174e+03
1.700612146280978095e+03
1.700617646305577182e+03
1.700623946333754475e+03
1.700627979685126775e+03
1.700633113041419392e+03
1.700639313069149239e+03
1.700693346644150097e+03
1.700698646667854518e+03
1.700952881138262228e+03
1.700973681231291494e+03
1.700985714618444717e+03
1.700990681307325076e+03
1.700993214651988865e+03
1.701009881393198157e+03
1.701017148092365460e+03
1.701019881437923686e+03
1.701023248119648315e+03
1.701025648130382251e+03
1.701029781482202225e+03
1.701125781911568083e+03
1.701253682483608600e+03
1.701261282517600193e+03
1.701539317094454645e+03
1.701755651395352061e+03
1.701779018166527749e+03
1.701846151800118832e+03
1.701856485179668653e+03
1.703640293157823862e+03
1.704567430637818006e+03
1.705820569575867239e+03
1.706597906385871511e+03
1.706629339859792253e+03
1.706633839879918924e+03
1.706826907410088097e+03
1.706868507596146628e+03
1.706973108063976497e+03
1.706984941450235283e+03
1.707001474857514722e+03
1.707021508280448643e+03
1.707026541636293814e+03
1.707036675014948969e+03
1.707046241724403444e+03
1.707063208466954393e+03
1.707073475179539400e+03
1.707155142211465318e+03
1.707159442230697096e+03
1.707290642817497201e+03
1.707311576244456319e+03
1.707316909601643147e+03
1.707328609653972080e+03
1.707371609846292131e+03
1.707381543224053075e+03
1.707397809963473264e+03
1.707500810424147176e+03
1.707524310529252489e+03
1.707834645250570702e+03
1.707851211991332775e+03
1.707855645344494405e+03
1.707868412068260795e+03
1.707876845439312774e+03
1.708031412797288340e+03
1.708157080026006952e+03
1.709748487143641114e+03
1.709800387375767059e+03
1.709819187459851264e+03
1.710002854947978449e+03
1.711965830394133945e+03
1.712116497734666609e+03
1.712180331353498559e+03
1.712194231415667218e+03
1.712374898890376699e+03
1.712416165741610939e+03
1.712433165817644522e+03
1.712444399201219539e+03
1.712448865887863576e+03
1.712457732594186837e+03
1.712467699305430187e+03
1.712764433965921626e+03
1.712778934030773826e+03
1.712880267817326512e+03
1.713003301700934117e+03
1.713094568775796688e+03
1.713113935529081800e+03
1.713118702217067721e+03
1.713129635599301082e+03
1.713134202286392565e+03
1.713136868964985979e+03
1.713143135659680638e+03
1.713173835796988214e+03
1.713192402546695575e+03
1.713243602775690761e+03
1.713247769460992913e+03
1.713342736552403721e+03
1.714700242623905979e+03
1.714930276986077615e+03
1.715093777717341482e+03
1.715105311102258383e+03
1.715122677846598435e+03
1.715147444624035643e+03
1.715189444811883050e+03
1.717448988251118180e+03
1.717680655953928408e+03
1.717699156036670502e+03
1.717716456114045968e+03
1.717724289482414179e+03
1.717738122877618252e+03
1.717759522973330832e+03
1.717838423326215889e+03
1.717848823372730749e+03
1.717980290627390104e+03
1.717994224023040942e+03
1.718110824544541629e+03
1.718434859327134063e+03
1.718438159341893424e+03
1.718498359611141723e+03
1.720630169145748141e+03
1.721116904656026236e+03
1.721467039555352358e+03
1.722150942614137193e+03
1.722204709521278573e+03
1.722486110779857427e+03
1.722834112336308635e+03
1.724983921951421507e+03
1.724999255353333865e+03
1.725008955396717965e+03
1.725250389809876424e+03
1.725253623157670972e+03
1.725281989951209425e+03
1.725660691644968438e+03
1.726427528408010858e+03
1.727858734809140969e+03
1.727887134936161829e+03
1.727936868491930454e+03
1.728477304242385117e+03
1.728671238443097081e+03
1.728698805233057556e+03
1.728833505835511460e+03
1.732023086767710993e+03
1.732207287591556906e+03
1.733991395571053545e+03
1.734001428949261708e+03
1.735259034573954978e+03
1.735267934613760872e+03
1.735274367975867563e+03
1.735324568200390331e+03
1.735372501748108334e+03
1.735425468651671508e+03
1.735435002027643350e+03
1.735893770746172095e+03
1.735899270770771182e+03
1.738103480629191154e+03
1.738113247339539839e+03
1.739914688729894351e+03
1.739957555588284777e+03
1.739979289018821873e+03
1.739996822430574184e+03
1.740227556795876353e+03
1.740351324016097351e+03
1.740366924085869186e+03
1.740389424186501856e+03
1.740395390879854858e+03
1.740606025155258749e+03
1.741906564305307256e+03
1.744268041533778614e+03
1.744953844601061292e+03
1.744960977966298969e+03
1.745720914698480556e+03
1.745735214762438318e+03
1.745848315268284978e+03
1.746527984974802621e+03
1.746552218416521100e+03
1.748750261580693405e+03
1.748754428265995784e+03
1.753564516445981099e+03
1.756011260722479847e+03
1.761892420359543166e+03
1.765967271917819062e+03
1.766064305685139743e+03
1.767033043351192646e+03
1.767047076747290930e+03
1.767069476847476380e+03
1.767076576879231197e+03
1.768267115537298196e+03
1.768470983115771105e+03
1.769157086184395439e+03
1.770700926422618295e+03
1.771832798151628140e+03
1.775016512390921889e+03
1.775020212407470353e+03
1.777780491419599457e+03
1.781486641328841642e+03
1.782753880329953972e+03
1.782905514341476646e+03
1.783401149891560635e+03
1.785233524753599795e+03
1.785989861469680591e+03
1.790020346162856868e+03
1.790300480749103599e+03
1.792064221970842937e+03
1.793204793738764010e+03
1.797528513076777926e+03
1.797937481572573006e+03
1.805992417598608199e+03
1.806466019716813435e+03
1.806519553289577743e+03
1.807643324982360127e+03
1.807895359442927884e+03
1.808992197681915513e+03
1.809032397861712752e+03
1.809910868457375273e+03
1.809922101840950518e+03
1.810078802541800997e+03
1.810091335931190315e+03
1.810097502625437983e+03
1.810109936014380082e+03
1.811598409338305373e+03
1.811988344415639403e+03
1.812531446844687480e+03
1.814122553960980213e+03
1.814182120894062336e+03
1.814207721008559702e+03
1.814347454966859004e+03
1.814624422872276227e+03
1.815519193540841798e+03
1.815612527291614015e+03
1.815738427854709698e+03
1.815849795019470548e+03
1.817383435212073209e+03
1.817617236257757895e+03
1.817651736412061382e+03
1.819116309629092484e+03
1.819444411096539852e+03
1.823877797591711214e+03
1.824909002203816726e+03
1.825130436527524353e+03
1.825170503373391512e+03
1.825202770184372866e+03
1.825207370204946756e+03
1.825220503597019615e+03
1.825288003898917395e+03
1.825300370620894682e+03
1.825313037344213853e+03
1.826210108023066368e+03
1.826437409039679551e+03
1.826704976903054558e+03
1.826901744449772423e+03
1.827234845939582556e+03
1.827274512783660839e+03
1.827288946181548226e+03
1.827367246531749743e+03
1.829621889949069100e+03
1.829628923313859559e+03
1.829640256697881796e+03
1.829645456721139226e+03
1.829695756946108986e+03
1.829759657231905749e+03
1.830370493297228677e+03
1.830385526697799605e+03
1.830746761646771120e+03
1.831000229447082802e+03
1.831017062855704353e+03
1.831067063079332684e+03
1.831078896465591242e+03
1.831384631166335566e+03
1.831542665206482752e+03
1.831793032992929739e+03
1.831875800029775519e+03
1.831903866821971860e+03
1.832235468305073255e+03
1.832610469982283803e+03
1.832616770010460868e+03
1.832635670094992292e+03
1.832646570143743247e+03
1.832668070239903273e+03
1.832849204383366668e+03
1.832857171085664731e+03
1.833079105411608452e+03
1.833098972167130114e+03
1.833856342221165733e+03
1.834393611290790432e+03
1.834434278139341359e+03
1.834437444820171095e+03
1.835151848015369069e+03
1.835155114696646024e+03
1.840799606608536578e+03
1.841518543157343629e+03
1.842970049649266684e+03
1.842975249672523660e+03
1.843533652170002142e+03
1.843683219505614943e+03
1.844789791121469079e+03
1.845520894391358524e+03
1.845527194419535817e+03
1.845629561544043781e+03
1.845634428232476921e+03
1.847193835206988979e+03
1.848920076261007125e+03
1.849636512798632566e+03
1.849789680150346612e+03
1.849819080281839888e+03
1.849860147132179691e+03
1.850220315409713749e+03
1.850249582207277399e+03
1.852848093829228446e+03
1.861699566751141219e+03
1.863258040388145901e+03
1.863363440859553748e+03
1.863470541338564999e+03
1.866477154785768107e+03
1.866661288942649207e+03
1.866669155644500051e+03
1.867689126873030318e+03
1.869554868550970696e+03
1.870085204256252382e+03
1.870783874047748668e+03
1.871480543830299894e+03
1.871507043948822684e+03
1.871624277806489317e+03
1.871928212499183246e+03
1.872099279930955845e+03
1.872385214543143775e+03
1.872581282086730425e+03
1.872945983717873787e+03
1.873239451697088271e+03
1.874041588618012156e+03
1.874375690112294706e+03
1.883023162121805171e+03
1.884851136964164880e+03
1.885222538625274183e+03
1.887179180709770435e+03
1.888902155082511399e+03
1.889832659244229944e+03
1.889862459377512096e+03
1.892123902825245068e+03
1.892556071424803577e+03
1.896385088550241562e+03
1.896446288823962050e+03
1.896647456390359139e+03
1.897008024669682300e+03
1.906175432337959592e+03
1.906180065692015887e+03
1.906190932407284208e+03
1.906219299200822661e+03
1.906636667734187540e+03
1.910367817755243777e+03
1.914356935596738595e+03
1.914525269682953194e+03
1.915102872266304757e+03
1.916032943092751566e+03
1.918981356279651891e+03
1.922886040410180158e+03
1.923417742788240957e+03
1.924059712326142972e+03
1.924917149494399609e+03
1.925393684959057509e+03
1.931276944605513336e+03
1.931789113562876992e+03
1.931808246981785487e+03
1.933176486434626440e+03
1.933191353167785110e+03
1.933488821164889714e+03
1.933615188396739086e+03
1.936800035974435104e+03
1.937686839940702612e+03
1.938123808561729447e+03
1.941863691955179775e+03
1.942618795332410627e+03
1.944233402553808446e+03
1.944239302580196409e+03
1.946522579458913697e+03
1.947728084850586583e+03
1.947902552297565990e+03
1.947950619179213845e+03
1.949574659776136059e+03
1.950535530740337890e+03
1.953649211333070070e+03
1.953673944777024644e+03
1.954451548254888621e+03
1.956723891751372321e+03
1.957161027039811415e+03
1.957175460437698575e+03
1.957741696303545268e+03
1.958056864379814215e+03
1.959769105371216483e+03
1.959774372061438498e+03
1.964387226025952486e+03
1.964394159390295499e+03
1.964399592747929773e+03
1.967325072498925920e+03
1.969690983080558908e+03
1.969699283117681262e+03
1.974207869949189217e+03
1.974523271359835235e+03
1.974530371391590279e+03
1.974845939469648329e+03
1.974917706457295935e+03
1.975018806909472005e+03
1.979993562492605633e+03
1.984355515334953907e+03
1.984365582046644249e+03
1.986836659765308241e+03
1.988003931652646997e+03
1.990973511600883057e+03
1.991084245429477960e+03
1.993508522938826218e+03
1.994162525863881228e+03
1.994668028124761349e+03
1.999725184076434061e+03
1.999886284796963764e+03
2.002129794831155323e+03
2.002429696172476497e+03
2.005391942754580441e+03
2.007219417594704055e+03
2.007238051011376001e+03
2.007431518543334505e+03
2.008922858546747420e+03
2.014838085002843172e+03
2.015236953453465503e+03
2.015649988634115743e+03
2.020346676306912514e+03
2.025300598463534698e+03
2.025309165168516301e+03
2.025326065244102665e+03
2.025352632029590495e+03
2.025570433003714243e+03
2.026714038118535427e+03
2.027078739749678562e+03
2.027608108783970465e+03
2.030116320002048951e+03
2.030673389160230272e+03
2.034246338473727519e+03
2.034429139291311913e+03
2.035028308637788314e+03
2.035616777936408198e+03
2.037596253456361183e+03
2.037963421765203293e+03
2.040541166627607481e+03
2.040737800840395266e+03
2.040822867887527991e+03
2.041053935587654451e+03
2.041136135955299096e+03
2.045218487547118912e+03
2.045244454329923201e+03
2.046480526524974039e+03
2.048353534902081719e+03
2.049687940870267539e+03
2.049691474219403972e+03
2.049744907791720834e+03
2.049970308799836403e+03
2.050031642407486743e+03
2.051123480624111835e+03
2.051140180698803761e+03
2.058720614602608293e+03
2.066846384278783262e+03
2.067048285181793290e+03
2.067063385249329258e+03
2.069855797738509409e+03
2.071694839297033013e+03
2.071802073109973662e+03
2.072018607411765515e+03
2.074382084649182161e+03
2.075108921233322235e+03
2.075116754601690445e+03
2.075122854628973073e+03
2.075257488564462165e+03
2.077444298345059906e+03
2.083651692774555158e+03
2.083657359466566504e+03
2.083814826837512555e+03
2.086648039509173941e+03
2.086652072860546468e+03
2.086678439645139406e+03
2.086937707471392514e+03
2.088551248021352421e+03
2.090264189015885222e+03
2.093532436966593195e+03
2.093551137050229954e+03
2.094244340150609787e+03
2.096283115935785190e+03
2.096985319076418364e+03
2.098160190997748487e+03
2.099620230861170512e+03
2.099637330937651313e+03
2.099677964452719152e+03
2.099729164681714792e+03
2.101881807642832882e+03
2.102166575583135909e+03
2.102175942291695719e+03
2.104353485364180415e+03
2.104986321527899690e+03
2.106154226751404167e+03
2.108174835788662222e+03
2.108258602829980191e+03
2.108393503433328988e+03
2.108479870486275559e+03
2.109162473539246093e+03
2.109206740403898038e+03
2.109235240531365889e+03
2.109473474930212888e+03
2.109988110565275292e+03
2.110409279115635400e+03
2.110844681062988911e+03
2.111411816932860802e+03
2.111463650498021707e+03
2.113391959122462140e+03
2.113515393007858620e+03
2.113541093122803431e+03
2.113548993158136909e+03
2.114487697356530589e+03
2.116637640305572404e+03
2.116653740377580561e+03
2.116668373776362841e+03
2.116682707173802555e+03
2.117287709879702106e+03
2.117544944363527520e+03
2.124878510496539093e+03
2.124890443883245098e+03
2.125309479090730747e+03
2.127001286657410219e+03
2.127209020919843624e+03
2.127228654340988214e+03
2.129437930888735991e+03
2.131826708239308118e+03
2.133269914694109048e+03
2.138682005566576208e+03
2.141521118264625329e+03
2.141601351956807321e+03
2.144105796491372985e+03
2.144446764683033962e+03
2.145056967412190261e+03
2.145343268692684887e+03
2.146104638764610627e+03
2.146961242595807107e+03
2.148007313941071061e+03
2.149310286435336366e+03
2.149336053217245990e+03
2.149339286565040766e+03
2.150995893974285536e+03
2.151172394763692864e+03
2.151218928305149348e+03
2.151987265074900733e+03
2.152527767492319981e+03
2.152864935666985275e+03
2.152878669061741675e+03
2.153472271716654632e+03
2.153519405260794883e+03
2.153599438952081982e+03
2.153607305653933054e+03
2.153861673458269706e+03
2.153911873682792702e+03
2.156356817951240373e+03
2.156481485175486341e+03
2.157005454185626149e+03
2.157020654253609337e+03
2.157028287621083109e+03
2.158120125837708201e+03
2.158533694354076943e+03
2.158546061076054684e+03
2.159244230865314421e+03
2.159256264252467645e+03
2.159774766571490545e+03
2.161253339851137298e+03
2.161729241979629023e+03
2.162824646878873409e+03
2.163006581025914329e+03
2.163250582117219437e+03
2.165587992571384802e+03
2.166052627982819104e+03
2.166211595360473893e+03
2.166744231076042979e+03
2.167235833274753986e+03
2.170749715657404977e+03
2.175541970424296323e+03
2.175930105493579958e+03
2.176960810103449148e+03
2.176973576827215766e+03
2.177012377000750803e+03
2.177024743722728090e+03
2.177063643896710801e+03
2.177478912420683173e+03
2.178593517405800412e+03
2.179485521395325122e+03
2.179992756997290599e+03
2.180691960124505385e+03
2.181015028236107810e+03
2.181883932122316310e+03
2.183269504986014908e+03
2.183370105435954883e+03
2.183861440966806640e+03
2.187526257357849772e+03
2.188410127977664160e+03
2.189340265471076236e+03
2.194034253131796959e+03
2.194543122074401253e+03
2.196984332992818509e+03
2.200403014949681619e+03
2.201297185615563649e+03
2.202475690886477423e+03
2.204406966190852927e+03
2.204415666229763701e+03
2.206031240122151758e+03
2.207159078499789302e+03
2.207173145229369766e+03
2.207842148221513526e+03
2.209480055547121992e+03
2.209705189887377855e+03
2.209779623553618876e+03
2.209801590318532817e+03
2.210063891491685354e+03
2.210219592188063416e+03
2.212487435664420900e+03
2.213469306722546207e+03
2.213982275683487842e+03
2.214222243423419968e+03
2.214289543724423766e+03
2.214326877224732470e+03
2.215942184449260822e+03
2.215956617847148664e+03
2.216003684724323648e+03
2.216012751431541346e+03
2.217727292433230559e+03
2.218532062699265225e+03
2.218705463474807857e+03
2.220145803250120480e+03
2.221024207178818415e+03
2.224897057833637064e+03
2.224936624677267446e+03
2.230208014920445748e+03
2.231156819164012177e+03
2.231459087182584881e+03
2.234588701179913187e+03
2.234597867887578104e+03
2.236270342034455098e+03
2.236618010256082016e+03
2.245486283253133934e+03
2.247060623627769928e+03
2.247239657761840590e+03
2.248725297739760208e+03
2.249444134288120040e+03
2.251005474604612573e+03
2.252151913065439658e+03
2.255049892693439688e+03
2.255795262693804943e+03
2.256390932024627546e+03
2.260581350766448850e+03
2.263632464412681202e+03
2.266277376242158880e+03
2.266633144500013714e+03
2.266750711692504410e+03
2.267224680479016570e+03
2.267402447940755337e+03
2.268973788301973855e+03
2.269230922785351595e+03
2.269553924229988752e+03
2.269618657852845899e+03
2.270129593471360295e+03
2.270538861968497258e+03
2.271317532117798237e+03
2.271446699362170420e+03
2.271472232809703655e+03
2.271489399553148814e+03
2.271573966598045445e+03
2.271795467588717656e+03
2.271809867653122183e+03
2.271919034808043762e+03
2.271923001492451931e+03
2.271957668314167222e+03
2.272080968865634077e+03
2.273560775484130318e+03
2.274013277507964631e+03
2.275063348871119160e+03
2.275071215572969322e+03
2.276580855658231030e+03
2.276852590206907735e+03
2.277083524573105024e+03
2.278562831189365170e+03
2.280161805007508519e+03
2.280688940698478291e+03
2.284552791313043599e+03
2.286073331447055352e+03
2.286086298171716408e+03
2.287902706295676580e+03
2.288168807485825710e+03
2.288722376628353231e+03
2.288730643331992724e+03
2.288896110738719472e+03
2.293072129416136249e+03
2.293147329752472615e+03
2.293153729781096899e+03
2.293159496473555464e+03
2.293178696559428772e+03
2.293219230074049847e+03
2.293400630885372721e+03
2.298266719315821319e+03
2.298664021092769872e+03
2.298670454454877017e+03
2.299581425195897737e+03
2.301573467438722673e+03
2.303150907827223364e+03
2.305817986422509875e+03
2.305933953607844160e+03
2.306743390561417982e+03
2.307149225709866187e+03
2.309318902080500266e+03
2.309503702907029492e+03
2.309813904294418080e+03
2.309902171355862720e+03
2.312882884687226579e+03
2.314228290704610572e+03
2.314244190775724746e+03
2.315854364643960253e+03
2.315964531803354475e+03
2.319897749394832772e+03
2.320647552748359431e+03
2.320885720480241162e+03
2.320957554134853581e+03
2.323599432617431376e+03
2.325011738934029836e+03
2.326707379851187397e+03
2.326722179917381254e+03
2.326813313658314200e+03
2.327652317410792875e+03
2.327705117646944018e+03
2.329143390746346995e+03
2.329200657669142402e+03
2.329222091098337842e+03
2.329326991567509140e+03
2.329351825011911387e+03
2.329987394521188889e+03
2.330029328042071484e+03
2.331109366205920651e+03
2.333637910848274259e+03
2.334244946896601505e+03
2.334334147295554430e+03
2.335119850809645868e+03
2.335191984465599489e+03
2.335464785685714560e+03
2.339030834968351428e+03
2.340011906022898529e+03
2.341125411003095905e+03
2.341574313010828519e+03
2.341675446796486995e+03
2.341738847080047435e+03
2.341751013801130284e+03
2.341815147421303664e+03
2.342126848815401445e+03
2.342141748882042521e+03
2.342227115930516447e+03
2.343612688794215501e+03
2.345919799112862165e+03
2.346188133646332972e+03
2.346817236460020922e+03
2.348948279324531995e+03
2.348956012692452987e+03
2.348990579513721514e+03
2.348997746212441598e+03
2.349234780605921060e+03
2.349262114061503780e+03
2.349955750497154895e+03
2.350135317966944513e+03
2.351028155293529835e+03
2.351155155861545154e+03
2.351655158097825733e+03
2.351991459601948463e+03
2.352337027814183330e+03
2.352678962676834544e+03
2.353481666266959564e+03
2.354860839102033879e+03
2.356234345245096847e+03
2.356839414617961211e+03
2.357818618997493559e+03
2.360541464508866284e+03
2.360606531466547494e+03
2.364396681751485175e+03
2.367998931196028479e+03
2.368005831226889313e+03
2.369179269808475055e+03
2.369400137462981547e+03
2.371756881336949846e+03
2.371803781546712798e+03
2.371997349079118067e+03
2.372786585942346392e+03
2.373888424203696559e+03
2.386226112717853084e+03
2.386756948425371320e+03
2.388252088445780373e+03
2.390744532926674765e+03
2.393836013420116160e+03
2.393843046784906619e+03
2.393887180315628939e+03
2.394656150421546045e+03
2.395950489543864933e+03
2.396576625677617812e+03
2.397238028635769751e+03
2.397452062926380677e+03
2.398114365888558041e+03
2.398122499258268363e+03
2.404555128028467152e+03
2.404735295500940083e+03
2.406028367950926622e+03
2.406655770757011851e+03
2.406731404428619953e+03
2.406915805253360304e+03
2.407338273809535167e+03
2.408646179659197969e+03
2.408670046432609979e+03
2.408934547615602241e+03
2.409528550272304074e+03
2.410964823362761308e+03
2.414645439824471396e+03
2.416752782582982491e+03
2.417575119594251646e+03
2.419960263595241031e+03
2.421338836427631577e+03
2.421355936504111924e+03
2.421665204553993135e+03
2.421669304572330475e+03
2.423844914302835150e+03
2.423860047703853525e+03
2.423863614386472364e+03
2.423928848011565606e+03
2.423945314751880687e+03
2.424008181699722172e+03
2.424053481902329167e+03
2.424164649066195580e+03
2.424306483033887162e+03
2.424553150803785684e+03
2.425258453958283098e+03
2.425270387344989103e+03
2.425626122269361531e+03
2.426159024652789867e+03
2.426690960365227511e+03
2.426785760789226515e+03
2.427497530639313027e+03
2.427770831861664192e+03
2.428079833243685698e+03
2.429109137847293368e+03
2.429662573655891265e+03
2.429695307135626081e+03
2.429703707173195653e+03
2.429806607633422118e+03
2.430680944877265574e+03
2.430916279263141405e+03
2.430930579327099167e+03
2.431122046850112383e+03
2.431249547420363797e+03
2.431572815532860204e+03
2.431588248935220236e+03
2.431599715653172552e+03
2.432222585105648704e+03
2.432393619203938670e+03
2.432449652787884588e+03
2.432654587037794954e+03
2.433130889168076010e+03
2.433728625174808258e+03
2.433745125248605746e+03
2.434108060205180664e+03
2.434873896963750667e+03
2.436670504999154673e+03
2.436714438528982100e+03
2.436725005242908992e+03
2.436730671934920338e+03
2.436817238988761801e+03
2.436821939009782454e+03
2.436927672816014820e+03
2.436993706444686268e+03
2.438785681126033978e+03
2.439294116733366991e+03
2.440859257066854752e+03
2.450435533230480360e+03
2.450784301457027141e+03
2.450806901558106802e+03
2.451654805350392053e+03
2.452138140845463113e+03
2.452613676305648823e+03
2.454731019108885448e+03
2.454801186089377097e+03
2.454814486148861761e+03
2.455309821697604548e+03
2.455316155059264020e+03
2.455531056020417054e+03
2.458522302732225398e+03
2.458789670594705967e+03
2.458951637985778689e+03
2.460349210903147650e+03
2.460375777688635935e+03
2.467000340650601174e+03
2.469157983634082029e+03
2.469175617046281786e+03
2.469771219710139576e+03
2.471406360356706955e+03
2.472074530011790102e+03
2.473321768923451145e+03
2.473326868946261129e+03
2.473483136311840099e+03
2.475841613526893980e+03
2.477768022142836344e+03
2.478341058039095969e+03
2.478835093582024001e+03
2.479170161747297243e+03
2.479976832021829978e+03
2.481826673628656408e+03
2.482612510476677471e+03
2.483142612847582768e+03
2.483531914588750624e+03
2.483715415409466004e+03
2.485000087821882971e+03
2.485326289280832498e+03
2.487381265138463732e+03
2.487654499693850084e+03
2.487667399751546327e+03
2.488728137829074512e+03
2.489352273953882104e+03
2.490232544557596157e+03
2.492475787923928237e+03
2.492799422704731569e+03
2.492946023360409072e+03
2.494228795764328424e+03
2.494326062866026405e+03
2.495522434883516325e+03
2.495796536109445242e+03
2.497261275993888376e+03
2.497284542764616617e+03
2.497736478119249568e+03
2.500674324592223002e+03
2.500681291290048648e+03
2.501145793367553779e+03
2.501203660293032499e+03
2.501666329029004373e+03
2.501676329073729448e+03
2.501680829093856119e+03
2.502996568311887586e+03
2.503472870442169096e+03
2.503932672498652209e+03
2.504773442925699783e+03
2.505032710751952436e+03
2.505785747453273871e+03
2.506115782262701487e+03
2.507992990658593499e+03
2.509740765142254077e+03
2.509757731884805253e+03
2.509776165300582761e+03
2.509839965585932532e+03
2.513153347071834560e+03
2.516341761332149872e+03
2.520359312634147955e+03
2.523376526128760361e+03
2.526260139025838271e+03
2.528365615109334158e+03
2.529098018385038358e+03
2.529360386225155708e+03
2.531589262860565668e+03
2.533453971200550768e+03
2.534588976276907943e+03
2.542132710016569945e+03
2.542142643394330662e+03
2.542471711532768040e+03
2.542479211566312642e+03
2.542483344918132389e+03
2.544364853333256633e+03
2.551219983993112237e+03
2.551232017380265461e+03
2.551640352539895048e+03
2.551662719306597864e+03
2.552307622190952770e+03
2.552313122215551630e+03
2.554435365040704255e+03
2.555387669299924255e+03
2.555393469325865681e+03
2.556892242695858386e+03
2.557600912532079747e+03
2.558798184553595092e+03
2.558818517977870670e+03
2.559665021763893947e+03
2.560191024116460994e+03
2.562150899548752477e+03
2.563615372765335906e+03
2.563908674077138130e+03
2.565018312373374556e+03
2.565807015900883925e+03
2.570980305705303635e+03
2.570985939063832575e+03
2.570991739089773546e+03
2.572346845150540958e+03
2.572969514602122672e+03
2.572986981346909943e+03
2.574245786976970521e+03
2.575129390928926114e+03
2.576322462931656446e+03
2.576335296322387876e+03
2.577764969383326843e+03
2.581101117637721018e+03
2.581988954941943575e+03
2.583699229257882962e+03
2.584151464613857570e+03
2.585608604464309337e+03
2.585612604482199458e+03
2.586056273133192917e+03
2.589474321753890308e+03
2.589859023474484275e+03
2.590006724135081640e+03
2.590059924373022113e+03
2.590071457757939243e+03
2.590095491198762829e+03
2.590158558147498752e+03
2.590356225698242270e+03
2.590567293308917669e+03
2.591682264962340923e+03
2.591723065144821703e+03
2.591728031833701607e+03
2.591808732194637287e+03
2.592076700059801624e+03
2.592097266818454045e+03
2.592213634005577660e+03
2.592320801151553951e+03
2.593481539676338343e+03
2.593842207956108723e+03
2.593980341907251841e+03
2.594490444188705624e+03
2.595880783740390143e+03
2.597911426155855679e+03
2.597925959554190285e+03
2.598584729167231217e+03
2.602105344913331464e+03
2.602379179471401130e+03
2.602931881943386088e+03
2.603457450960681854e+03
2.604987624471112667e+03
2.605163425257389008e+03
2.605170358621732248e+03
2.605463059930851159e+03
2.605577093774205423e+03
2.605962895499719707e+03
2.606561498176994519e+03
2.606570798218589516e+03
2.608871475175129035e+03
2.609160576468146701e+03
2.609209476686854941e+03
2.610239847961899613e+03
2.610865950762170542e+03
2.611298852698342671e+03
2.611827388395573507e+03
2.612013055892645752e+03
2.612363924128585040e+03
2.614371866442523697e+03
2.615414737773475736e+03
2.616510776008885387e+03
2.617883782149712260e+03
2.617895415535076609e+03
2.617929915689379413e+03
2.618336217506581306e+03
2.623175705818060123e+03
2.623731808305251434e+03
2.627688192667011208e+03
2.627906426976406692e+03
2.628342728927785174e+03
2.628776697535394305e+03
2.628848264522147474e+03
2.629448500540061104e+03
2.630057136595544307e+03
2.630238204072043118e+03
2.630266970867370219e+03
2.631023607584792444e+03
2.631292375453534532e+03
2.631420376026022495e+03
2.631760744215000159e+03
2.631774377609309340e+03
2.631785644326366764e+03
2.632026312069429878e+03
2.633827586792372585e+03
2.635657694977607207e+03
2.635690528457789696e+03
2.635964496349788988e+03
2.636845666957527555e+03
2.636974334199663645e+03
2.639170310687926303e+03
2.640356682660691149e+03
2.640990585495847881e+03
2.641007252237056946e+03
2.641801589123094800e+03
2.644066065917728338e+03
2.644318500380084970e+03
2.644878836219543700e+03
2.645856807260226560e+03
2.646597310572157767e+03
2.646602377261485344e+03
2.647007112405013686e+03
2.647140346334241258e+03
2.647837282784651507e+03
2.648629052992543166e+03
2.648646453070366078e+03
2.648791187051027919e+03
2.649106555128191303e+03
2.649219122298319235e+03
2.649499656886355751e+03
2.650121726335253243e+03
2.650228326812028627e+03
2.650648395357468871e+03
2.651386365324737199e+03
2.651435632211751908e+03
2.651492099130969564e+03
2.651826667294005802e+03
2.651884034217248427e+03
2.651889834243189398e+03
2.651933234437298779e+03
2.651941967809691960e+03
2.651989268021244243e+03
2.652094735159617358e+03
2.652207235662780477e+03
2.652337136243766054e+03
2.652343836273732450e+03
2.652581504003377631e+03
2.652585237353408502e+03
2.653011205925237391e+03
2.653073206202536312e+03
2.653081139571351741e+03
2.653121506418560784e+03
2.654284978288903858e+03
2.654291211650115656e+03
2.654312411744934252e+03
2.654451012364831513e+03
2.657715826966850273e+03
2.659472701491210955e+03
2.659726169291522638e+03
2.660430539108512676e+03
2.660938208045749434e+03
2.661392310076739250e+03
2.661923112450775079e+03
2.662118679992125635e+03
2.662875150042136283e+03
2.663493052805732077e+03
2.663512752893841480e+03
2.663546653045460971e+03
2.663831454319246859e+03
2.663845454381862510e+03
2.663850354403778056e+03
2.663901721300185272e+03
2.663914088022162559e+03
2.663989388358946599e+03
2.664153455759411372e+03
2.664332689894376927e+03
2.664355556663315838e+03
2.664430123663486484e+03
2.665322560988282930e+03
2.665336894385723099e+03
2.665401528008133027e+03
2.665430394803907802e+03
2.665443294861603590e+03
2.665452228234891663e+03
2.665490228404849404e+03
2.665624229004172321e+03
2.665799129786423237e+03
2.668017673042283150e+03
2.668099406741173880e+03
2.668365441264357742e+03
2.669039377611899454e+03
2.669863414630772695e+03
2.670929952734241397e+03
2.673465130739596589e+03
2.673508830935048081e+03
2.673540431076381083e+03
2.673770332104622867e+03
2.673968366323671944e+03
2.675201838507094635e+03
2.677395881653376819e+03
2.677502315462739716e+03
2.677777316692694058e+03
2.677781283377102227e+03
2.679537191230472217e+03
2.680099027076640141e+03
2.680114527145964530e+03
2.680368394948065543e+03
2.680592929285638093e+03
2.680608362687997669e+03
2.680659562916993309e+03
2.680830163680011992e+03
2.680856697132017416e+03
2.680884197255012623e+03
2.680891430620697520e+03
2.680904897347594670e+03
2.681607767157875514e+03
2.681618500539214892e+03
2.681791101311178863e+03
2.681876068357863915e+03
2.681897101785270479e+03
2.681918035212229370e+03
2.681960402068383246e+03
2.682018635662168890e+03
2.684123145074674085e+03
2.684143011830195974e+03
2.684158978568274506e+03
2.684252278985564317e+03
2.685273350219014446e+03
2.686216421103604716e+03
2.686545922577313831e+03
2.686649289706294439e+03
2.688527931441930832e+03
2.688537931486655907e+03
2.693028918239447194e+03
2.693119685312073216e+03
2.693154085465929711e+03
2.693283919379950476e+03
2.694133856514662966e+03
2.694460891310672650e+03
2.694617792012417340e+03
2.694629158729922892e+03
2.694713259106064925e+03
2.694724492489639943e+03
2.694741992567909620e+03
2.694796192810322736e+03
2.694898393267418214e+03
2.694908359978661792e+03
2.695870264280818446e+03
2.695873030959859534e+03
2.697061402941568758e+03
2.697384071051382307e+03
2.697392737756811130e+03
2.697417504534247655e+03
2.697516638310961298e+03
2.697526971690510891e+03
2.698997711601789888e+03
2.699001011616549022e+03
2.700631818910402217e+03
2.701224921563078169e+03
2.701799490799529849e+03
2.702312493093953890e+03
2.702330426507495304e+03
