3.221287963361965545e+00
3.468589069426410099e+00
3.792690518983573345e+00
4.772928236470717067e+00
5.130963171130131784e+00
7.495873748290684091e+00
8.363410961720152415e+00
1.330439972716381369e+01
1.760135227879549191e+01
2.078033316358589389e+01
2.083740008548673472e+01
2.616042389293128423e+01
2.651492547845431602e+01
2.782349799776580213e+01
3.018254188202065791e+01
3.021217534789089498e+01
3.159198151913117059e+01
3.163031502391269356e+01
3.244208532125565370e+01
3.702247247389365725e+01
3.738770744075551988e+01
3.841967872295650466e+01
3.871808005756884086e+01
4.262069751218712099e+01
4.868205795520620427e+01
4.937922773999361681e+01
5.372768052196221333e+01
5.388154787680699798e+01
5.486148559295236993e+01
5.581995654642009441e+01
5.613172460748233306e+01
5.662939349999374627e+01
5.985927461243752390e+01
6.280705446317172402e+01
6.473929643853735172e+01
6.556036677747512442e+01
6.646163747511234021e+01
6.650243765759284997e+01
6.706384016848883789e+01
6.798377761628051985e+01
6.941248400622906445e+01
6.960118485020140611e+01
7.154579354754437759e+01
7.269549868964827510e+01
7.483564159485942469e+01
7.742045315553623652e+01
7.961726298085920916e+01
7.995119780772989770e+01
8.009056509772254628e+01
8.185300631364725632e+01
8.367428112604098089e+01
8.813423440670017328e+01
8.878497065047832848e+01
9.898978295859089371e+01
9.948805185378584781e+01
1.010378254518791437e+02
1.069965187690485919e+02
1.112313043759693585e+02
1.114282052566167067e+02
1.166069950856354893e+02
1.183567362447586504e+02
1.193732074576349476e+02
1.196187418891311864e+02
1.197951426780910253e+02
1.272190092149750740e+02
1.308109252799685294e+02
1.334729038524446878e+02
1.374847217954666689e+02
1.378064899012545084e+02
1.420246421004483466e+02
1.426354781657713033e+02
1.432862144095494443e+02
1.438657503348812270e+02
1.456425916152108186e+02
1.471755984716475041e+02
1.472128653049915954e+02
1.493333414555757486e+02
1.505228467756875546e+02
1.514415842181121832e+02
1.531590918997364383e+02
1.539021285563320305e+02
1.539974289825671292e+02
1.549127330763026293e+02
1.558563706300940055e+02
1.602655236835470873e+02
1.619751646633205269e+02
1.687426282644152593e+02
1.692979640815110542e+02
1.701146677342519808e+02
1.709279047048213442e+02
1.731324145645830583e+02
1.733922157265545252e+02
1.751536236045242561e+02
1.752939242320246080e+02
1.754316248478963303e+02
1.798978781567326735e+02
1.881531817455866928e+02
1.891240194210317611e+02
1.892336199112244799e+02
1.934648055020440438e+02
2.003269695266903057e+02
2.015121081606052940e+02
2.106366156370097826e+02
2.118027875194285059e+02
2.129873594841423596e+02
2.163976747369186455e+02
2.175811466967126933e+02
2.190557532919517882e+02
2.217448986525991756e+02
2.252482476548061072e+02
2.255172488579251251e+02
2.341544541548503844e+02
2.361888632538293962e+02
2.384264399281504438e+02
2.402069145580636871e+02
2.418162217557567999e+02
2.455279050230806774e+02
2.458411730908517541e+02
2.470743786064145411e+02
2.483867178092393431e+02
2.521826014531528699e+02
2.540324097264970362e+02
2.578858269610652769e+02
2.593736002818598081e+02
2.621546127200531942e+02
2.622918466671710007e+02
2.626452482477742478e+02
2.661096304090336844e+02
2.663992317042874447e+02
2.681851063583525274e+02
2.754919057049820026e+02
2.764170098425486231e+02
2.777175156591147811e+02
2.784212521399386446e+02
2.817772004828900094e+02
2.825714040349983520e+02
2.950077263236318004e+02
2.951921604818545575e+02
2.962671319563756356e+02
2.990680444835729759e+02
2.992128784646823192e+02
2.992140451365669378e+02
3.026685272535480635e+02
3.028158612458387324e+02
3.036733317475777767e+02
3.061254427147457022e+02
3.086556540312206494e+02
3.124784711289285042e+02
3.141483785976588479e+02
3.147840481073837395e+02
3.166955566566849711e+02
3.198237706477516440e+02
3.221444143602601571e+02
3.234296201083961364e+02
3.251208943393568234e+02
3.258995311551756231e+02
3.382913865782624612e+02
3.399263605574180360e+02
3.430084743422996780e+02
3.455943192409314406e+02
3.474672942845566013e+02
3.481001304482759338e+02
3.513373115933694066e+02
3.552905292742992742e+02
3.578688408059044264e+02
3.594840480299856722e+02
3.646752379144642191e+02
3.718394032898240198e+02
3.725328730580629895e+02
3.751187512901771584e+02
3.762653897518985673e+02
3.766872583053898325e+02
3.779320638728343056e+02
3.781588648872112230e+02
3.781964650553795195e+02
3.801072402680675282e+02
3.899016507406408891e+02
3.902467189506394334e+02
3.919583266058756408e+02
3.945383714785664893e+02
3.963146127562125685e+02
4.014205022591816601e+02
4.037964128855403487e+02
4.048021507170777795e+02
4.064978249677178042e+02
4.082662995439603151e+02
4.143592601283123713e+02
4.144383938155743863e+02
4.146718615264350092e+02
4.215435255935706778e+02
4.323063070638900740e+02
4.336199796060116682e+02
4.347868514915612081e+02
4.360141569807358906e+02
4.381798666669621412e+02
4.387013689994029164e+02
4.428833543701724693e+02
4.442296270580994815e+02
4.490093817690838591e+02
4.528081654259678430e+02
4.528414655749041344e+02
4.544979063167373283e+02
4.576392536998770311e+02
4.636986474674333749e+02
4.659136907076393754e+02
4.682157343369582350e+02
4.712756480225490350e+02
4.781315786859830155e+02
4.803620219950664136e+02
4.847552416439233980e+02
4.859389802715767814e+02
4.885376252274573403e+02
4.887115926722005952e+02
4.929109447873103136e+02
4.946930860913444690e+02
4.967421952560700902e+02
5.051233660745372163e+02
5.083977473860099963e+02
5.118414627881697925e+02
5.118540628445240941e+02
5.138213049764293601e+02
5.164167832514801830e+02
5.177475558700825786e+02
5.204808680949347490e+02
5.259000589991572951e+02
5.259042590179419676e+02
5.342098294982833977e+02
5.478315570886911701e+02
5.549800890607966721e+02
5.556789588531875097e+02
5.743961759000496841e+02
5.783266268124875751e+02
5.815295078041721126e+02
6.045716775278976911e+02
6.053026141303753320e+02
6.071377556714552384e+02
6.119859773553275772e+02
6.163335634667532759e+02
6.251975364445730747e+02
6.263181081230430891e+02
6.317375656951249994e+02
6.324387688312849605e+02
6.324814356887810618e+02
6.336190741102492439e+02
6.408902732976555399e+02
6.412520082488636035e+02
6.421479789227961419e+02
6.472632018008424666e+02
6.534515961453593036e+02
6.544355005459124186e+02
6.545262342850561481e+02
6.741825555321007641e+02
6.839118657135103376e+02
6.856364400934074865e+02
6.878314832441622002e+02
6.907090961144050425e+02
7.004519730231590984e+02
7.060439980337226871e+02
7.180583851018999439e+02
7.225643719217794114e+02
7.244181802130138976e+02
7.304341071194961614e+02
7.579850303421419540e+02
7.612907784605707775e+02
7.612935784730939304e+02
7.698025165296718342e+02
7.711251224450817290e+02
7.810264000622894400e+02
7.848787839589027726e+02
7.849572176430340278e+02
7.855005867399414683e+02
7.864971245303313481e+02
7.924185176806741993e+02
7.979572424528503234e+02
7.979699425096517871e+02
8.044393714444407806e+02
8.072557173739979817e+02
8.093985269578026873e+02
8.098041287718735930e+02
8.101747637628872099e+02
8.113866025162196820e+02
8.211515128568524915e+02
8.317119600888902369e+02
8.321016618318475366e+02
8.325048303017017588e+02
8.441996159404485525e+02
8.507758120194246203e+02
8.529266883059747215e+02
8.533156233788362215e+02
8.559187683548433370e+02
8.596446850191599651e+02
8.604715220505562456e+02
8.627201321075579017e+02
8.649764755324806629e+02
8.660418136305827375e+02
8.679720555970033047e+02
8.692874281467283026e+02
8.700757316724483417e+02
8.701636653990690320e+02
8.736142474986070283e+02
8.738168484047479296e+02
8.804096112244862979e+02
8.808534798763738536e+02
8.873199421312275490e+02
8.879486116096444448e+02
8.931551015625532273e+02
8.935911035125900526e+02
9.102817448288416244e+02
9.110038147249957774e+02
9.127752559811735864e+02
9.174530102359566399e+02
9.182802139356593898e+02
9.194901193470116141e+02
9.247103426946767968e+02
9.253327121449166270e+02
9.259435148767571491e+02
9.276741892839368120e+02
9.279247904047606426e+02
9.297801987031511999e+02
9.322797432158009769e+02
9.354309573097365273e+02
9.364356951368015416e+02
9.410704825327467233e+02
9.423309548369280719e+02
9.540679073309344176e+02
9.548682775772903142e+02
9.550494117207534828e+02
9.652953575461707487e+02
9.671013656236167435e+02
9.724985897629253486e+02
9.733715603339891231e+02
9.743696647980525540e+02
9.753415024779702662e+02
9.837308066661476005e+02
9.843052759021516067e+02
9.886374286112175014e+02
9.895132658617692414e+02
9.917684092813250345e+02
9.935899840950604585e+02
9.940856196451443338e+02
9.957290269953517736e+02
9.985866731096257354e+02
1.001268285103246512e+03
1.006001706273668901e+03
1.006028473060051169e+03
1.009207253943946967e+03
1.012031333241425386e+03
1.014093675798671256e+03
1.014494244256896877e+03
1.015794550072568541e+03
1.016606853705630328e+03
1.016730254257544289e+03
1.020355270470579512e+03
1.030661616566139401e+03
1.032646125441937784e+03
1.035876839891441932e+03
1.036968244772795515e+03
1.037452713606269072e+03
1.041779966293419420e+03
1.043318473174454994e+03
1.052274413230268237e+03
1.055665695064583360e+03
1.059449078652590060e+03
1.063148628532313296e+03
1.071687933391374827e+03
1.072960139081367515e+03
1.073450907943018137e+03
1.073564808452443003e+03
1.078247496062623895e+03
1.079130366677966094e+03
1.086795100958808007e+03
1.087942472757142468e+03
1.093779265529106624e+03
1.094251634308462371e+03
1.097408348426997009e+03
1.103647409664790302e+03
1.108669098791169517e+03
1.109149634273717766e+03
1.119533780717242962e+03
1.125465040578381831e+03
1.130525596545261351e+03
1.132373404809660542e+03
1.134993949863490116e+03
1.139185601944161135e+03
1.139939371982095508e+03
1.141363578351917340e+03
1.141386078452550009e+03
1.143115852855704361e+03
1.146014632487283052e+03
1.146042632612514808e+03
1.147342471759432783e+03
1.147448205565664921e+03
1.148721844595401535e+03
1.149787682695739932e+03
1.149977950213386066e+03
1.150021950410178533e+03
1.154742738190764385e+03
1.161153300195601787e+03
1.161315500921051125e+03
1.162546639760704011e+03
1.163011208505173727e+03
1.165392119153895237e+03
1.168406732636879042e+03
1.169874272533845442e+03
1.169899639313965963e+03
1.170128407003805705e+03
1.172322416816605482e+03
1.172338450221648827e+03
1.173062753461124885e+03
1.176523368938871272e+03
1.181398657410467649e+03
1.181632591790081960e+03
1.182730830035331337e+03
1.183448933247077775e+03
1.183979002284500211e+03
1.184810939338706703e+03
1.192106938637032272e+03
1.193226210309687986e+03
1.193360410909905795e+03
1.195048551793519209e+03
1.197776397327254472e+03
1.202268817419789684e+03
1.202400651342755737e+03
1.204099558941190480e+03
1.207502474160869497e+03
1.207888242552901374e+03
1.207957009527131049e+03
1.208322244493993139e+03
1.211150023808020023e+03
1.211422191691968692e+03
1.214496005439727924e+03
1.217471118746045704e+03
1.218603057142020361e+03
1.219397960697259350e+03
1.220930834219766439e+03
1.225840056176465168e+03
1.226592859543409304e+03
1.233258189354373144e+03
1.233660757821543939e+03
1.235726900395785606e+03
1.236661137907534794e+03
1.238249011676032751e+03
1.238623913352795853e+03
1.240094053261391082e+03
1.240393521267440747e+03
1.240728156097442252e+03
1.241141691280328814e+03
1.242438797081688335e+03
1.245544944307393735e+03
1.245805978808214832e+03
1.248632624783839219e+03
1.248852059098601558e+03
1.250658567178283874e+03
1.253717547526366843e+03
1.254763252203324555e+03
1.256311225793367157e+03
1.258580069274196831e+03
1.259175638604572214e+03
1.261140314058331114e+03
1.263166823121977131e+03
1.264503929102238999e+03
1.265826535017648666e+03
1.268915548833390858e+03
1.270958091302079993e+03
1.271667827809739265e+03
1.273151367778266604e+03
1.276258715009339085e+03
1.276521482851245992e+03
1.277139852283595474e+03
1.277463653731811064e+03
1.278205657050451464e+03
1.284095883394732937e+03
1.284156983668006433e+03
1.287491498581762471e+03
1.288022400956245519e+03
1.290741846452411437e+03
1.290910880541756796e+03
1.292035985573835660e+03
1.296310371357869826e+03
1.296811940267824184e+03
1.296819240300473894e+03
1.297073441437398969e+03
1.297727244361559769e+03
1.298770049025546768e+03
1.301815595980215221e+03
1.302685699871790803e+03
1.306246982466441295e+03
1.306681017741015467e+03
1.306749851382210181e+03
1.308496392527021271e+03
1.310841836350449057e+03
1.310978436961401030e+03
1.311191937916293000e+03
1.311197471274374266e+03
1.312033375012988472e+03
1.313482481494177364e+03
1.315224555952344190e+03
1.315907659007550819e+03
1.316848163213994894e+03
1.322261354091382145e+03
1.323716160598064334e+03
1.323811294356887629e+03
1.324887199168916140e+03
1.327195442825965074e+03
1.329274185456560872e+03
1.332079598003884939e+03
1.332548933436340349e+03
1.334277607834574837e+03
1.334972077607286337e+03
1.335213245352585773e+03
1.336335783706518441e+03
1.337110753839271183e+03
1.338362592771506115e+03
1.338887928454425037e+03
1.340655403026194790e+03
1.341416906432050382e+03
1.341566140432839120e+03
1.341671707571658999e+03
1.345483124618379861e+03
1.348038869382387247e+03
1.349143974325015051e+03
1.355735937141175100e+03
1.362195466031686010e+03
1.364428242684538645e+03
1.364853544586718954e+03
1.366823320063288065e+03
1.367116488041160665e+03
1.367341789048828787e+03
1.368010558706595475e+03
1.368700528459180532e+03
1.371528007771865532e+03
1.372688979631026996e+03
1.374459087547907757e+03
1.375420225179969293e+03
1.375450125313698891e+03
1.375927294114522510e+03
1.376306595810965291e+03
1.376661964067031022e+03
1.377930203072615768e+03
1.378959574343188251e+03
1.382117388466642979e+03
1.382648457508537831e+03
1.383989963508478922e+03
1.384520665882067306e+03
1.387547479419616138e+03
1.389104886385183590e+03
1.395441714726910732e+03
1.396097284325639748e+03
1.398830063214772963e+03
1.399685400373637322e+03
1.399976368341670423e+03
1.400027435236735755e+03
1.403970952874281920e+03
1.404986790750991986e+03
1.405647793707355277e+03
1.406818532276865426e+03
1.407519935413919939e+03
1.410232514212707883e+03
1.412613124860087510e+03
1.412891092769977149e+03
1.415615104953234550e+03
1.419103987224071716e+03
1.421366230675382667e+03
1.424088642851483883e+03
1.424134909725081116e+03
1.424492211323127322e+03
1.425797017158925428e+03
1.427544691642138559e+03
1.427886393170412703e+03
1.428337095186196393e+03
1.428922497804433760e+03
1.431599143109174292e+03
1.433191616898245684e+03
1.435012225040991098e+03
1.436915366886205447e+03
1.437358035532725808e+03
1.445395571480938315e+03
1.448530585502418717e+03
1.451979567594800528e+03
1.454821446971890509e+03
1.454954580900670862e+03
1.458210928798155237e+03
1.462559914915842228e+03
1.463485285721268383e+03
1.463904220928306813e+03
1.464522023691455161e+03
1.465683295551958281e+03
1.466488499153264684e+03
1.474069333058858774e+03
1.474242100498234777e+03
1.478037850808218764e+03
1.479469790545961814e+03
1.480454094948304146e+03
1.480913597003446057e+03
1.481441366030581548e+03
1.485133649211137708e+03
1.486698856211590964e+03
1.486739423059694673e+03
1.487870894786915187e+03
1.488153196049519465e+03
1.488925966172432481e+03
1.489329367976663661e+03
1.496817768135510505e+03
1.500037349201886855e+03
1.501177654301948678e+03
1.501563622694874994e+03
1.502288392603105194e+03
1.503694832226797871e+03
1.504362301878750259e+03
1.505296339389605009e+03
1.510775830563523186e+03
1.513280175097641177e+03
1.513470009280015802e+03
1.517591294379300734e+03
1.521349711188975562e+03
1.522755050807748603e+03
1.524650725952900984e+03
1.527315871206206793e+03
1.531486023190717788e+03
1.533288364585097725e+03
1.534141835068946421e+03
1.535142772879015638e+03
1.536581512647172303e+03
1.541549501533374951e+03
1.541664602048166671e+03
1.545457219010803328e+03
1.545913121049843994e+03
1.548716466921257961e+03
1.548939067916850036e+03
1.551060644072354080e+03
1.552676617966531012e+03
1.555653564614381594e+03
1.556922203621755443e+03
1.557256238449073408e+03
1.558152409123900497e+03
1.560048917606113264e+03
1.560199584946645928e+03
1.562187260503273819e+03
1.568033786652104254e+03
1.568302787855223187e+03
1.569340325828988171e+03
1.569350892542914835e+03
1.570355930371321620e+03
1.572082404759716610e+03
1.573862546054805534e+03
1.575030351277862792e+03
1.575256452289108893e+03
1.577053760327643431e+03
1.584198925618024759e+03
1.584937495587976173e+03
1.585968300198292582e+03
1.586960871304274860e+03
1.590178419028223516e+03
1.594208770387470395e+03
1.594432404721017519e+03
1.595020307350436269e+03
1.596274179625098668e+03
1.599675261503244883e+03
1.600173197063615817e+03
1.602381373606443503e+03
1.603073843370209943e+03
1.604851317986705453e+03
1.605150552658378274e+03
1.607109261418784172e+03
1.609443605192567020e+03
1.609826373571180966e+03
1.611795815712926014e+03
1.611957483102656852e+03
1.612277017865122616e+03
1.623215533454753540e+03
1.626557715069465985e+03
1.629218493636574976e+03
1.633828814256424948e+03
1.634972452704728767e+03
1.635864923363007392e+03
1.640891279176925309e+03
1.641995484115527688e+03
1.643859059117110746e+03
1.645394899319552906e+03
1.645423232779608952e+03
1.651622093837605235e+03
1.653675203020221034e+03
1.655478344418178949e+03
1.663745648060703843e+03
1.664890119846068046e+03
1.666433093413747883e+03
1.668597069758888438e+03
1.674206894849063474e+03
1.674849131054824738e+03
1.676841206631132081e+03
1.678282446410470129e+03
1.678875815731005787e+03
1.680624223550832085e+03
1.680743490750926185e+03
1.680778990909702088e+03
1.682126396936031597e+03
1.684843375754498538e+03
1.685416478317723431e+03
1.685832746846168448e+03
1.687798588971812251e+03
1.690436867438288573e+03
1.690813435789172672e+03
1.691460338682472639e+03
1.694739020013177651e+03
1.694767653474575127e+03
1.695082021547265867e+03
1.696407660809575873e+03
1.697283864728434310e+03
1.698252302393145101e+03
1.698537070333448128e+03
1.698587137224041044e+03
1.701093281766209884e+03
1.703610693025435921e+03
1.704055895016620298e+03
1.705156799940463088e+03
1.705187266743394048e+03
1.708425681227337009e+03
1.713254769492300966e+03
1.719559131022152542e+03
1.721268305333172066e+03
1.724174051662576176e+03
1.725610991422682218e+03
1.730788181244544830e+03
1.732010586711803853e+03
1.732075553669038072e+03
1.733203558714087421e+03
1.734363197233952178e+03
1.735164534151298085e+03
1.735758170139692766e+03
1.739064384926875391e+03
1.741481629071433417e+03
1.741610996316700493e+03
1.744403242138468840e+03
1.751839775398672145e+03
1.754661621352828206e+03
1.755695859311833601e+03
1.758783939790068189e+03
1.761548818822770954e+03
1.761629585850671674e+03
1.761882486981782222e+03
1.763804395577598143e+03
1.766317206816250518e+03
1.767567145739987609e+03
1.772309700284592736e+03
1.774865611716012381e+03
1.777475756723327322e+03
1.777617924025843195e+03
1.777730724530348425e+03
1.778363794028444545e+03
1.778560761576056620e+03
1.779713833399884834e+03
1.781018705902647753e+03
1.781371407480120070e+03
1.782601279647441061e+03
1.786097061949139061e+03
1.788409505624972553e+03
1.793140026782424457e+03
1.797717880590398636e+03
1.798938719383984107e+03
1.801235562990045537e+03
1.807320890206923650e+03
1.809727600971037191e+03
1.811185074156313249e+03
1.812910115204964086e+03
1.814170687509592653e+03
1.823146227653067854e+03
1.825024436053432964e+03
1.825839273031158200e+03
1.828124216583996258e+03
1.831536131843928615e+03
1.832266201775863465e+03
1.834081209893562573e+03
1.837558158777693507e+03
1.841301908855104330e+03
1.847822671352818134e+03
1.848847609270228759e+03
1.849307544660642179e+03
1.850655484022690189e+03
1.858807887151317573e+03
1.859078988363829239e+03
1.860051626047324817e+03
1.864084944086506766e+03
1.866660488939071229e+03
1.869635702245836001e+03
1.870728873801757800e+03
1.872017779566442186e+03
1.875028359698053464e+03
1.878253607456440932e+03
1.880146115920763350e+03
1.880777885413045169e+03
1.880976319633883804e+03
1.884948337398898047e+03
1.892891839593207351e+03
1.900345906265162739e+03
1.900850208520675551e+03
1.904081522972863468e+03
1.906041631739530885e+03
1.906734568172051240e+03
1.907985907102049850e+03
1.910764052860755100e+03
1.911967624910447512e+03
1.912935195904615512e+03
1.913039296370209286e+03
1.913045596398386351e+03
1.913553065334728899e+03
1.913654499121729032e+03
1.914245401764565713e+03
1.914530003037456709e+03
1.914898271351218682e+03
1.915091272214422816e+03
1.915943342692010219e+03
1.917505283011186293e+03
1.919504058617459805e+03
1.919507958634902707e+03
1.922461005175858872e+03
1.924971649738154156e+03
1.925394284961741050e+03
1.931809213652775270e+03
1.932071048157174573e+03
1.932978618882988712e+03
1.936685468795361885e+03
1.941072221748629545e+03
1.941916525524813096e+03
1.943369298689068046e+03
1.944037601678081046e+03
1.944882205455606254e+03
1.949119191072366903e+03
1.949504092793855534e+03
1.949972061553532058e+03
1.952865341160511662e+03
1.953362210049444911e+03
1.953630244581573834e+03
1.955591486686643748e+03
1.955904088084766499e+03
1.956642091385516778e+03
1.959000468600123440e+03
1.959114535776960111e+03
1.969027946781768151e+03
1.969040913506429206e+03
1.969590115962759910e+03
1.974684772082153813e+03
1.976337312806544105e+03
1.976818314957846042e+03
1.981265601515186290e+03
1.982011938186541329e+03
1.989879040039146957e+03
1.999046747708766134e+03
2.002302328936154481e+03
2.007508618888168940e+03
2.008621157197375851e+03
2.010769733473639008e+03
2.011510003451193825e+03
2.011665537480159401e+03
2.012828909350055028e+03
2.013634612953597980e+03
2.021753649266324146e+03
2.024026792766386052e+03
2.024147759974083556e+03
2.030369021132265289e+03
2.031715027152333050e+03
2.032085195474592638e+03
2.032461997159853809e+03
2.035910012581245837e+03
2.038642658136449654e+03
2.040148764872574247e+03
2.041046002218838794e+03
2.043025177737450122e+03
2.046035857869508163e+03
2.053431657614195956e+03
2.054284594762325469e+03
2.054883064105671565e+03
2.056769372542264136e+03
2.057585409525356681e+03
2.058413679896496888e+03
2.059175016634940221e+03
2.059220050169687966e+03
2.060432988927940187e+03
2.061235559184135582e+03
2.062147063260875711e+03
2.064465040294790469e+03
2.064735374837206109e+03
2.068180690246521863e+03
2.070281632976409128e+03
2.071954407124627323e+03
2.075582723352421908e+03
2.076285059826984252e+03
2.077988634112957698e+03
2.081094014668567524e+03
2.084066027961019699e+03
2.086185237439271987e+03
2.095235111248541216e+03
2.097403954282114682e+03
2.099975865785095266e+03
2.100524868240531760e+03
2.101130437615632218e+03
2.101157071068084861e+03
2.114506164105790049e+03
2.115067466616238562e+03
2.122232065326870270e+03
2.122623800412255150e+03
2.125212078655103142e+03
2.125222212033758296e+03
2.127324421435977456e+03
2.130647236297404561e+03
2.136488195754670869e+03
2.136518629224119195e+03
2.136601996263648743e+03
2.136721363464189835e+03
2.140664481099946897e+03
2.140888382101353727e+03
2.142753223775268452e+03
2.143735694836077528e+03
2.144087229741664942e+03
2.150619858959119938e+03
2.150815493167435761e+03
2.153318437695292232e+03
2.153683739329118907e+03
2.155691214974303875e+03
2.160726004159273543e+03
2.169838711582901396e+03
2.170959683263160514e+03
2.175281835927500651e+03
2.176865876345520519e+03
2.183055970697640532e+03
2.183550672910217145e+03
2.187782891838991418e+03
2.193587151132115196e+03
2.194521755312171081e+03
2.195743660777193782e+03
2.199365543642881221e+03
2.200565349009060810e+03
2.201355619210243731e+03
2.203576729144249839e+03
2.207342745987916260e+03
2.209431555330202627e+03
2.209890224048283926e+03
2.212237834548069259e+03
2.215823217250508606e+03
2.217305657214115854e+03
2.217606091891155756e+03
2.219220665779071169e+03
2.220791872806360061e+03
2.225562827477985593e+03
2.226147430092645209e+03
2.229562912035195950e+03
2.231241919544626853e+03
2.232923127063897027e+03
2.238216284071094833e+03
2.239916991677579972e+03
2.241555299004977314e+03
2.243085805850232646e+03
2.247424991924088772e+03
2.248439463128019725e+03
2.249350667203417743e+03
2.249770202413139941e+03
2.256019930365307118e+03
2.260470983606160189e+03
2.260936885689926839e+03
2.264035566215570725e+03
2.265005003884753933e+03
2.267181246951424328e+03
2.267851216614558325e+03
2.269877059008555534e+03
2.273907843703073922e+03
2.282134580497495335e+03
2.282365348196280138e+03
2.282648049460673064e+03
2.285088293708100082e+03
2.300964264714038109e+03
2.303618476585110784e+03
2.303919177930009937e+03
2.305798219667435205e+03
2.306369355555197671e+03
2.308477964986040661e+03
2.308789566379690768e+03
2.309022067419561608e+03
2.310490873988859221e+03
2.313359820153673809e+03
2.313932989383863514e+03
2.315402029287538426e+03
2.316717635171640268e+03
2.317420171647097504e+03
2.320883620470849110e+03
2.322897229476798657e+03
2.322996063252170188e+03
2.323063563554067969e+03
2.323450598618431286e+03
2.323658999550513272e+03
2.323897200615877864e+03
2.323898233953832914e+03
2.325801809134317864e+03
2.326284211291882002e+03
2.330414496431420048e+03
2.330624930705929273e+03
2.331810469341633052e+03
2.341117377633832803e+03
2.343584555335054119e+03
2.345381596705729407e+03
2.346143866781680572e+03
2.349629182369898899e+03
2.351366690140974697e+03
2.357195449543675750e+03
2.357379750367968882e+03
2.357454217367692308e+03
2.365060251385994434e+03
2.365680287492465141e+03
2.369403904146494824e+03
2.372417184290181922e+03
2.376463602387954325e+03
2.383610367685491838e+03
2.385396809008757828e+03
2.393153243699733594e+03
2.394026880940445608e+03
2.395766255386536614e+03
2.399622139298803631e+03
2.399743339840878434e+03
2.400574410224541680e+03
2.402711486449370113e+03
2.404244126637500358e+03
2.405085430400266432e+03
2.405791300223964754e+03
2.406500970064659214e+03
2.411677393216426026e+03
2.412701697797670931e+03
2.416538114956205845e+03
2.419888063272321688e+03
2.421212302528369946e+03
2.421286102858445247e+03
2.422094173139239501e+03
2.424170515759101363e+03
2.430116109017680174e+03
2.431911450380751830e+03
2.434915163814985135e+03
2.435404632670821229e+03
2.436698138456079505e+03
2.442430864095932520e+03
2.442796565731548071e+03
2.443729269903106342e+03
2.444347272667149355e+03
2.447092751613084602e+03
2.448798425908449644e+03
2.451442571067832432e+03
2.452827377261435231e+03
2.453273712591021649e+03
2.453806081638731030e+03
2.454157283209494835e+03
2.455100954096768419e+03
2.455247821420305172e+03
2.458394335493219842e+03
2.465044998571919223e+03
2.472945033905155015e+03
2.477573454605958432e+03
2.479177095111640028e+03
2.479635663829274563e+03
2.479744397648924405e+03
2.479948031893020016e+03
2.481319771361514995e+03
2.483090412614114939e+03
2.489043039237484209e+03
2.490832447240685269e+03
2.492468654558690559e+03
2.496175337803651473e+03
2.496479639164651871e+03
2.503475470453797243e+03
2.505400779064819744e+03
2.506048748629557394e+03
2.506844485521857223e+03
2.512236609638355731e+03
2.515398357112735539e+03
2.522078720324269852e+03
2.523205125362163471e+03
2.523215892076984346e+03
2.524347097136345837e+03
2.526128538437249063e+03
2.527923379798085080e+03
2.528448648814039188e+03
2.532676901058405747e+03
2.532964902346503550e+03
2.535421413333350756e+03
2.536121383130661343e+03
2.536440617891785223e+03
2.536696552369796336e+03
2.539956700284276394e+03
2.539982600400115643e+03
2.545885493467716060e+03
2.546172894753130095e+03
2.547316633201880904e+03
2.547527534145144273e+03
2.547675501473601344e+03
2.548942507140336602e+03
2.549029107527660472e+03
2.549216241697959049e+03
2.549319508826491983e+03
2.552169288238915215e+03
2.553880929227633715e+03
2.554354998014592638e+03
2.554400064882822790e+03
2.555238968634854700e+03
2.557005276534740005e+03
2.557361411460901309e+03
2.557414645032324188e+03
2.557593045830228675e+03
2.557607445894633656e+03
2.558530683357184898e+03
2.560313824665691754e+03
2.560415491787069186e+03
2.561251128857823460e+03
2.561336095904508966e+03
2.566465452179100794e+03
2.568875662958868361e+03
2.577680602339324651e+03
2.577681502343350076e+03
2.579561977420519270e+03
2.580144313358374347e+03
2.583753129498953967e+03
2.584063430886789774e+03
2.586117873408702508e+03
2.587718980569720770e+03
2.591195796119922306e+03
2.593364005817330053e+03
2.593563073374334181e+03
2.597032155556614725e+03
2.601843677076344193e+03
2.602561013617995286e+03
2.605065424819078089e+03
2.607238667872331007e+03
2.611504053616111833e+03
2.613187661146116170e+03
2.622061500834732215e+03
2.623319673128626619e+03
2.623690641454464640e+03
2.629228766223956882e+03
2.633717119631636706e+03
2.634596256896948034e+03
2.635327193499425903e+03
2.635743695362247308e+03
2.636670732841794234e+03
2.636794800063356888e+03
2.637531303357398428e+03
2.639618879360835308e+03
2.641029785671172249e+03
2.641324720323613292e+03
2.643621997264946003e+03
2.643721031041211972e+03
2.645028870223909962e+03
2.645789773627082468e+03
2.647917449809868685e+03
2.648371185172552032e+03
2.650670895458101768e+03
2.652460736796575020e+03
2.652742838058284178e+03
2.653489308063568842e+03
2.657340958623568895e+03
2.660260238346835195e+03
2.661868545540055493e+03
2.663023050703628087e+03
2.665463894953738418e+03
2.665586662169486317e+03
2.666223731685473012e+03
2.668069273273067665e+03
2.670157115944363341e+03
2.672152891537219602e+03
2.673069695637663699e+03
2.678076984699638160e+03
2.681655234036840284e+03
2.682672738587671574e+03
2.684327512655383543e+03
2.685193383194691705e+03
2.687830294988389142e+03
2.692381182009086842e+03
2.693982622504929168e+03
2.695126660955022089e+03
2.697947940239977015e+03
2.698891344459391348e+03
2.702201092595710634e+03
2.702279359612429289e+03
