3.926791118754062282e+00
6.319935155523266346e+00
6.505602652595507962e+00
8.646478894419878714e+00
9.105514280807998517e+00
9.118547672433715334e+00
9.130114390833009352e+00
9.216948112533762227e+00
9.244848237318224804e+00
9.279548392516106858e+00
1.295876484796416150e+01
1.296356486943245656e+01
1.321556599651793995e+01
1.470717266779058541e+01
1.685684894897349650e+01
1.690041581049475639e+01
1.690928251681813421e+01
1.889162471625910200e+01
1.935032676782303440e+01
1.967046153297236799e+01
1.968116158082877476e+01
2.001649641396104684e+01
2.002182977114804174e+01
2.102406758703153500e+01
2.102786760402727140e+01
2.632662463627099569e+01
3.190824960031993740e+01
3.233108482480133006e+01
3.234805156735245646e+01
3.235438492901201357e+01
3.255245248154401594e+01
3.414742628179709527e+01
3.911258182199432554e+01
4.057722170599023315e+01
4.112009080066142275e+01
4.112995751145736278e+01
4.397653690956834538e+01
4.583514522227103072e+01
4.909745981310822316e+01
5.650695961906980358e+01
6.047511070012328105e+01
6.049881080612298234e+01
6.054137766317168001e+01
6.060841129631572244e+01
6.064034477247285082e+01
6.238491924182111603e+01
6.253258656893602563e+01
6.256868673039549833e+01
6.262018696073241131e+01
6.267562054199473209e+01
6.268575392065002205e+01
7.818255656407531262e+01
9.091828019179364162e+01
9.214161899656048149e+01
1.113532049211746084e+02
1.187895381804832340e+02
1.266241732212131126e+02
1.276917113291548702e+02
1.364464504850885476e+02
1.401452670281987878e+02
1.422074429180325978e+02
1.551327007267837246e+02
1.581826143676488527e+02
1.583787485782005717e+02
1.632744704745196316e+02
1.637460059168147666e+02
1.638597730923098368e+02
1.647242436253567632e+02
1.647302769856745783e+02
1.650552117722922105e+02
1.743064531488525972e+02
1.753552911731574682e+02
1.782540374712537528e+02
1.856538372338314673e+02
1.904327586077553462e+02
1.906846597343935628e+02
1.933935051831504381e+02
1.934117052645510171e+02
1.934164386190545031e+02
1.934393387214761333e+02
1.964579188888676811e+02
1.964624189089942092e+02
1.964759523028562000e+02
1.964806856573596860e+02
1.987463624573597372e+02
2.071110332020295743e+02
2.071659001140907890e+02
2.072233003708158208e+02
2.072282670596961793e+02
2.088910411631889303e+02
2.094159101773540215e+02
2.094194435264903973e+02
2.112632184395167769e+02
2.145590665136671760e+02
2.161010400768744830e+02
2.167808097838393451e+02
2.168566767898243484e+02
2.186637182052252797e+02
2.206707938486209457e+02
2.279979932864907255e+02
2.297276343557154235e+02
2.326499474258816917e+02
2.348048570638043486e+02
2.348093237504484421e+02
2.395653116884682561e+02
2.435669295858700991e+02
2.471930458038251572e+02
2.473450131501720932e+02
2.473481464975194513e+02
2.480134494731145764e+02
2.539907762069560704e+02
2.550905811258791402e+02
2.799317922292251524e+02
2.823214362503404118e+02
2.836101753476127669e+02
2.837371092486631596e+02
2.882271626639465012e+02
2.899314702865329423e+02
2.914865772418132224e+02
2.926720825440348221e+02
2.950009262932183560e+02
2.970791355880955393e+02
3.002401497258622385e+02
3.061041092859977084e+02
3.061100426458682477e+02
3.207825082690786758e+02
3.251577278374295474e+02
3.307326194380299285e+02
3.375239164790540372e+02
3.449262495862955689e+02
3.449447496690379467e+02
3.455058188451097294e+02
3.475764614394778960e+02
3.488188336627057993e+02
3.488231336819378043e+02
3.570825372891293341e+02
3.598279829015820042e+02
3.601178841981775349e+02
3.601417509715893175e+02
3.602357180585276524e+02
3.604915858695737256e+02
3.620574262061928721e+02
3.643375030705977338e+02
3.643413030875935306e+02
3.645910042043921067e+02
3.646914046534372460e+02
3.647266048108714358e+02
3.651917402245421727e+02
3.651953069071610116e+02
3.657994762760001777e+02
3.725621731891090462e+02
3.725687065516631264e+02
3.765176575468433953e+02
3.777579964276437750e+02
3.791475693092327219e+02
3.844012594732463413e+02
3.847551943895683166e+02
3.863339681173658278e+02
3.903350860125314625e+02
3.916911254108072171e+02
3.930627648788548640e+02
3.931292985097626342e+02
3.931350318687386221e+02
3.935943339229860953e+02
3.943355039045662238e+02
4.000438961022535409e+02
4.000543628157329863e+02
4.064407580458169491e+02
4.064639914830628413e+02
4.065295251094980244e+02
4.091496701615386655e+02
4.123062842796260838e+02
4.123276843753389471e+02
4.153246644461231654e+02
4.197137507431601762e+02
4.211526905122112794e+02
4.211598238774488436e+02
4.227414642847344339e+02
4.227463309731675167e+02
4.227754977702839483e+02
4.246198060190289993e+02
4.282330221792880138e+02
4.282464222392202942e+02
4.351388863993852283e+02
4.364790257265472064e+02
4.374866635665825356e+02
4.401849756348951246e+02
4.408764453941889201e+02
4.528145987880747043e+02
4.540655377162841546e+02
4.679109329737215148e+02
4.679144996563403538e+02
4.679245330345483467e+02
4.679948666824518000e+02
4.702798769022547276e+02
4.702937102974584604e+02
4.703299437928476436e+02
4.708477794422224179e+02
4.708559128119325692e+02
4.736965921836554116e+02
4.737082922359844019e+02
4.745879295035318819e+02
4.756896677644351712e+02
4.778333440187827250e+02
4.808822909886577577e+02
4.840470051429729210e+02
4.848387420173822875e+02
4.848419753651768360e+02
4.849325757703909403e+02
4.926512102923036878e+02
4.926579436557522627e+02
4.934098136851887944e+02
4.934288804371322499e+02
4.934540805498408531e+02
4.994687074505088731e+02
5.009174805968734745e+02
5.036914930037589215e+02
5.052942668388979541e+02
5.053095669073281897e+02
5.066726730038766391e+02
5.066766396882844674e+02
5.071638752007988273e+02
5.071684085544077902e+02
5.072250088075547865e+02
5.072807757236412272e+02
5.082521467348050805e+02
5.082573467580623969e+02
5.090215168425114030e+02
5.090360835743283587e+02
5.090395502564999219e+02
5.090439836096616091e+02
5.140962395394188889e+02
5.148275094767207065e+02
5.191016619263780285e+02
5.191075286192836984e+02
5.204380679035091362e+02
5.282804696456424836e+02
5.282849029988041138e+02
5.303008453485232394e+02
5.303097120548466137e+02
5.303562122628206907e+02
5.303684123173859462e+02
5.304190125436974768e+02
5.321230201649423179e+02
5.343822302693530446e+02
5.343870302908213716e+02
5.344498972386630840e+02
5.344559305989808990e+02
5.345212642245215875e+02
5.349205326769329076e+02
5.349323327297091737e+02
5.405931913814673635e+02
5.406160581504065021e+02
5.412620277061988645e+02
5.412709277460046451e+02
5.428750015869580920e+02
5.454269130004875024e+02
5.473283215046159285e+02
5.490121623689972239e+02
5.496687319721986569e+02
5.506013361433094815e+02
5.510731715869463869e+02
5.516793076312483208e+02
5.517008743943732725e+02
5.538104838296889056e+02
5.545472871250721028e+02
5.787716288027775136e+02
5.787807288434777320e+02
5.806271704350975824e+02
5.834557497527024452e+02
5.842095864576016311e+02
5.850494902141060720e+02
5.887145066060437557e+02
5.900635126395291081e+02
5.904165142183433090e+02
5.923911230498631539e+02
5.927626913783846021e+02
5.955466038295483031e+02
5.973103450512872996e+02
5.974740457834457175e+02
6.026505022686951634e+02
6.026904024471502908e+02
6.046346111427043297e+02
6.046415111735649361e+02
6.049255457772547970e+02
6.050369462754981669e+02
6.120398775963985827e+02
6.212730855589705925e+02
6.233354614496988688e+02
6.245356001507022938e+02
6.255939382174965431e+02
6.255984715711053923e+02
6.318528328773288649e+02
6.322867014844908908e+02
6.339392088753986627e+02
6.374668246528063946e+02
6.383499952694902504e+02
6.463752311626902838e+02
6.471128344616515733e+02
6.471459346096933132e+02
6.474117357985002172e+02
6.474386359188122242e+02
6.474454359492256117e+02
6.481250056552958085e+02
6.494408782072570148e+02
6.511447524945721170e+02
6.512482529574821228e+02
6.555963057376617371e+02
6.606102281626375543e+02
6.652590489546812478e+02
6.660104189818814575e+02
6.660654525613547321e+02
6.660802526275487025e+02
6.663729872701497925e+02
6.673255581972293839e+02
6.770928685485963570e+02
6.770990685763263173e+02
6.771084019514034935e+02
6.771126686371530923e+02
6.771399687592539749e+02
6.786597422231704968e+02
6.826569601008931159e+02
6.826594934455569046e+02
6.847258360206930092e+02
6.847290360350051515e+02
6.868943457194425264e+02
6.890238885772445201e+02
6.987065985502326839e+02
6.989492996357233778e+02
6.989630996974448180e+02
6.992537676641359212e+02
7.021310138660720668e+02
7.031577851250158346e+02
7.031764518751701871e+02
7.034594864743876315e+02
7.035468868652894798e+02
7.039929888604991675e+02
7.041322561500445545e+02
7.094426799011347384e+02
7.133745641533166690e+02
7.145698694993693607e+02
7.146878700271316802e+02
7.146931033838714029e+02
7.146972700691737828e+02
7.147086701201609458e+02
7.153000727652338355e+02
7.153315729061193906e+02
7.153427729562121158e+02
7.156580743664106876e+02
7.191540233355207192e+02
7.226357389076378013e+02
7.226461389541524341e+02
7.247675151087620407e+02
7.265459230627651550e+02
7.283256976895476100e+02
7.283322977190665597e+02
7.283844646190518688e+02
7.299761050710631025e+02
7.299845717755974874e+02
7.303884069151001768e+02
7.303923735995080051e+02
7.324232826828330190e+02
7.352320952453635527e+02
7.353076955834892487e+02
7.353148289487268130e+02
7.353413624007321232e+02
7.353448957498684422e+02
7.355344965978662231e+02
7.375202721459962731e+02
7.375309721938525627e+02
7.385607767996964412e+02
7.385674101626976835e+02
7.407481532494948624e+02
7.415436568074176193e+02
7.415550235249222624e+02
7.415627568928434812e+02
7.415673235799347367e+02
7.417600577752797335e+02
7.417666911382812032e+02
7.417750245088858492e+02
7.435305323604674186e+02
7.435538324646780666e+02
7.464484120774720850e+02
7.549302500128436577e+02
7.554540856890537270e+02
7.582938317232689087e+02
7.642779251540414407e+02
7.650286285115931832e+02
7.651402623442136246e+02
7.670047706833042866e+02
7.670222374280917847e+02
7.670348041509636232e+02
7.694588483259349232e+02
7.694633150125791872e+02
7.695086485486684751e+02
7.696457158283742501e+02
7.732274318477476527e+02
7.747156718372959858e+02
7.773684170351421017e+02
7.801693628958217914e+02
7.836548118179699713e+02
7.856550207639872951e+02
7.924239843717908798e+02
7.930753872852174027e+02
7.948075950325883241e+02
7.964254022682982850e+02
7.980855430266799431e+02
7.981097764683983087e+02
7.981750434269741845e+02
7.981847768038404638e+02
7.988370463878097780e+02
8.018057596655029329e+02
8.085190230241848894e+02
8.089645250167109225e+02
8.089943918169582275e+02
8.133440112708115066e+02
8.144914164026283743e+02
8.155478877944071883e+02
8.158968560218486346e+02
8.183544003466508912e+02
8.236063571695787005e+02
8.254282986516208211e+02
8.255221990715944003e+02
8.268938718731244535e+02
8.269226720019341883e+02
8.277142088754490032e+02
8.277175088902084781e+02
8.277459090172292235e+02
8.308543229197391611e+02
8.321976622612133951e+02
8.326759310669571050e+02
8.326992645046501593e+02
8.327127312315473091e+02
8.379495546534570849e+02
8.424838749333924852e+02
8.429950438862834972e+02
8.477721652521566966e+02
8.516550159517007614e+02
8.544090949360997911e+02
8.544136949566735666e+02
8.545214287718508785e+02
8.549108305134661805e+02
8.549142971956376869e+02
8.598099190915095278e+02
8.598202858045417543e+02
8.605770558558938319e+02
8.635248023731456897e+02
8.635337357464338766e+02
8.635366690928866547e+02
8.635545358394631421e+02
8.637641034434295761e+02
8.645960071641534341e+02
8.645997071807018983e+02
8.692468612986247081e+02
8.740149159572799817e+02
8.740222493234120975e+02
8.740259493399605617e+02
8.875817099686616984e+02
8.875846766485969965e+02
8.876664770144525392e+02
8.879659783539847240e+02
8.893077510217851795e+02
8.925774656457192577e+02
8.995539635150618096e+02
8.995759636134581569e+02
8.997296643008909314e+02
9.026321772825003791e+02
9.048104870250809881e+02
9.106761465928198049e+02
9.128321895691447025e+02
9.140710951102010995e+02
9.140766618017649989e+02
9.197875206771514058e+02
9.197942207071174607e+02
9.223088986207852713e+02
9.246237423073529271e+02
9.246340423534203410e+02
9.249816772415650803e+02
9.250286441182930730e+02
9.250480775385431116e+02
9.349954220284536177e+02
9.451901676248756985e+02
9.451933343057054344e+02
9.451994676664705821e+02
9.452162344081272067e+02
9.464160731077888613e+02
9.464261731529617236e+02
9.465247735939562972e+02
9.484093486894630587e+02
9.525812006815773429e+02
9.534469378869562206e+02
9.534498045664441861e+02
9.536738055682980075e+02
9.543512752649759250e+02
9.543538086096397137e+02
9.543576086266355105e+02
9.543634086525763678e+02
9.543691753450348187e+02
9.543846754143595490e+02
9.543917087791498943e+02
9.560397828168959222e+02
9.601460011821277476e+02
9.613821733776256906e+02
9.654671583145567411e+02
9.677898020360104283e+02
9.717531530955956214e+02
9.717842199012098945e+02
9.718061866661238355e+02
9.742548309511201978e+02
9.748310335282100141e+02
9.761038058874038370e+02
9.761100059151337973e+02
9.909011720692371910e+02
9.910223392778292464e+02
9.910256726260711275e+02
9.918525429909498143e+02
9.918618430325445843e+02
9.976762357043234033e+02
9.976798357204246486e+02
9.977777028248060560e+02
9.985337728730273739e+02
9.998447120695905141e+02
1.004617333415337271e+03
1.011816932282508219e+03
1.017477824267748815e+03
1.017486624307107377e+03
1.020011202265053612e+03
1.022136011768352205e+03
1.022139078448734722e+03
1.022155811856908826e+03
1.022161445215437652e+03
1.022169678585594966e+03
1.025077824925733239e+03
1.030480082420887129e+03
1.033098360797912392e+03
1.036193674641831876e+03
1.038320084152286427e+03
1.038330150863976769e+03
1.038372317719236435e+03
1.038411684561973289e+03
1.043667674736273739e+03
1.043680841461829004e+03
1.043686341486428091e+03
1.045538249769164622e+03
1.045545749802708769e+03
1.045568016568964595e+03
1.050169170481149422e+03
1.059410945148702922e+03
1.062296224719901829e+03
1.062300358071721803e+03
1.062306191431145180e+03
1.062658693007723059e+03
1.063234362249094147e+03
1.063237328929029445e+03
1.068192384424053898e+03
1.068205251148267507e+03
1.068210751172866594e+03
1.068217184534973285e+03
1.072804238384095243e+03
1.072811871751569242e+03
1.073874376503665644e+03
1.073902176628002735e+03
1.076635422185890093e+03
1.078304096315771176e+03
1.079287900715876958e+03
1.080946841468891535e+03
1.084384123508944640e+03
1.084388890196930561e+03
1.086354732322574137e+03
1.086357565668579809e+03
1.086363565695415218e+03
1.086457166114046913e+03
1.086462866139540665e+03
1.086467399493149514e+03
1.086631833561920985e+03
1.086639966931631079e+03
1.098790887943795497e+03
1.098821288079761416e+03
1.117654905647229725e+03
1.117744706048865737e+03
1.121442255919644140e+03
1.129180690530113452e+03
1.137789062364746542e+03
1.142588150495533910e+03
1.145729331211261297e+03
1.145743964610043122e+03
1.146725569000309633e+03
1.147336505066079553e+03
1.147339405079050266e+03
1.147466505647512804e+03
1.147594506220000540e+03
1.147599672909775563e+03
1.147635806404717414e+03
1.147640139757431825e+03
1.149292213813067974e+03
1.150801453896540352e+03
1.150806453918903117e+03
1.150810953939029787e+03
1.152353427504473302e+03
1.152357960858082151e+03
1.152877596515507321e+03
1.153570866282851739e+03
1.153583799674030388e+03
1.156299245152306185e+03
1.156301911830899598e+03
1.156319711910511160e+03
1.156340778671399676e+03
1.156449679158462004e+03
1.156926147956154864e+03
1.156929614638326484e+03
1.157166482364393914e+03
1.157174315732762352e+03
1.157181549098447022e+03
1.157257249437019937e+03
1.157940819160980482e+03
1.158274053984720467e+03
1.159950794817346605e+03
1.160938832569719807e+03
1.162771607433548070e+03
1.162779740803258164e+03
1.163017575200315605e+03
1.163119708990446497e+03
1.163123842342266471e+03
1.163210742730931997e+03
1.163216909425179665e+03
1.164296847588581159e+03
1.168216831787539604e+03
1.168742300804388151e+03
1.169581871226068415e+03
1.170564942289561031e+03
1.171967681896705471e+03
1.172642784916131632e+03
1.174901595018753369e+03
1.175000295460195275e+03
1.175419497335093183e+03
1.175422697349405098e+03
1.177481839892338940e+03
1.178703745357361868e+03
1.178715178741831323e+03
1.180153785176058364e+03
1.180157818527430891e+03
1.181182823111806329e+03
1.181402190759603855e+03
1.181466257712812649e+03
1.181531491337906118e+03
1.188290221566606988e+03
1.190225630222802465e+03
1.190260497045412421e+03
1.190967600207960686e+03
1.193213176918062345e+03
1.194605483145209519e+03
1.197822764201298924e+03
1.203371022349447003e+03
1.203378322382096485e+03
1.206891871429923640e+03
1.208157110422090682e+03
1.208202577292109936e+03
1.208227444069994135e+03
1.209423449419177814e+03
1.209469949627151891e+03
1.209488149708552328e+03
1.210350520232207145e+03
1.210354853584921557e+03
1.210496220883859223e+03
1.210617021424144696e+03
1.210701155133769362e+03
1.210780722156303000e+03
1.214600072571839291e+03
1.217766253399380957e+03
1.218259322271318524e+03
1.218483656607996636e+03
1.218550156905421773e+03
1.219077892599074858e+03
1.222023205772110259e+03
1.222501441244371335e+03
1.226056890479598906e+03
1.226141924193248997e+03
1.227063561648644054e+03
1.227314529437774354e+03
1.228130566420867126e+03
1.228243966928055443e+03
1.229276371545528036e+03
1.229282038237539155e+03
1.229802907233813812e+03
1.229806373915985660e+03
1.232653653317227281e+03
1.234334160833366695e+03
1.234917263441317345e+03
1.234948663581755682e+03
1.236557104108906060e+03
1.241626960117380349e+03
1.241632093473672967e+03
1.241636993495588285e+03
1.243956670537106902e+03
1.244585706683830495e+03
1.244589606701273397e+03
1.244889908044383674e+03
1.244900874760099214e+03
1.244924308198239714e+03
1.244929108219708041e+03
1.245873612444042465e+03
1.245878979134711699e+03
1.246700449475438518e+03
1.246703982824574950e+03
1.248881125895270770e+03
1.248884859245301641e+03
1.248906026006637603e+03
1.249266660952925804e+03
1.249442095070895448e+03
1.249458495144245489e+03
1.249483428589094501e+03
1.249558628925431321e+03
1.249609829154426279e+03
1.250614533648009001e+03
1.250882368179243258e+03
1.253203911895777082e+03
1.254643285000099695e+03
1.255008653300891183e+03
1.257148529538242883e+03
1.258589235981861975e+03
1.258591969327420657e+03
1.258596236013170028e+03
1.258797136911707639e+03
1.258800903595221143e+03
1.258858337185428354e+03
1.259294672470289242e+03
1.259298372486837707e+03
1.259705440974135172e+03
1.262289752532575903e+03
1.262711654419549404e+03
1.265414633175400468e+03
1.265507533590901630e+03
1.270987958102327184e+03
1.278786226313738325e+03
1.282123607906982443e+03
1.282130007935606955e+03
1.285037054270825138e+03
1.285331522254512265e+03
1.290520278794774185e+03
1.290579079057760964e+03
1.290793513350160538e+03
1.290846280252829274e+03
1.292357753679623329e+03
1.293628026027635769e+03
1.294347729246538393e+03
1.300380256227265363e+03
1.300691557619573587e+03
1.300962525498155401e+03
1.301537994738632051e+03
1.302607932857308015e+03
1.303877238534330218e+03
1.306903218734818665e+03
1.307248920280983157e+03
1.307260853667688934e+03
1.309796631675728122e+03
1.309993299221998313e+03
1.309997232572923849e+03
1.310001132590366751e+03
1.310006099279247337e+03
1.310619568689681046e+03
1.310831469637416831e+03
1.312193975731282080e+03
1.312197042411664597e+03
1.313110713164761364e+03
1.313115046517475776e+03
1.313170846767044850e+03
1.313596015335295533e+03
1.314635953319794453e+03
1.317308331938785159e+03
1.318248169475580880e+03
1.318264636215895734e+03
1.319965577156757945e+03
1.320306712015831181e+03
1.320327845443684737e+03
1.320330878790584620e+03
1.320707013806197438e+03
1.320788080835439814e+03
1.323753794099715151e+03
1.326929908305017761e+03
1.330077822384193723e+03
1.331118260370929193e+03
1.332154931674151157e+03
1.333852105931499864e+03
1.333925906261575165e+03
1.334425241828207390e+03
1.334728643185182364e+03
1.337496922233091937e+03
1.338416593013024340e+03
1.338420526363949648e+03
1.338425593053277225e+03
1.338460159874545525e+03
1.338469626583552326e+03
1.338589960455083883e+03
1.338988495570882151e+03
1.338997562278100077e+03
1.339026829075663727e+03
1.339065862583576063e+03
1.339106129430337887e+03
1.340223134426189063e+03
1.340366068398800280e+03
1.340371635090364407e+03
1.340597902769022539e+03
1.340601236117264307e+03
1.342800379286356701e+03
1.343038713685650464e+03
1.343728850105647552e+03
1.343791950387866336e+03
1.343797650413359861e+03
1.343805083779939196e+03
1.343918117618821043e+03
1.344593887307895784e+03
1.344600020668660818e+03
1.345707458955057746e+03
1.345711492306430273e+03
1.345750192479518319e+03
1.346221094585647734e+03
1.346225527938809364e+03
1.346315095006068532e+03
1.346344695138456018e+03
1.346350828499221279e+03
1.346409462094795799e+03
1.346874164173195140e+03
1.350703181298632899e+03
1.350738981458750459e+03
1.350744348149419920e+03
1.351390051037352805e+03
1.351408151118306250e+03
1.351515318264282541e+03
1.355539369595352127e+03
1.356008771694772349e+03
1.357279410711091487e+03
1.357692779226565790e+03
1.361778297499215569e+03
1.362224899496661465e+03
1.362313666560342654e+03
1.364990478532494990e+03
1.365191846099786517e+03
1.365704648393315892e+03
1.365902015942717298e+03
1.365915249335237604e+03
1.366967254040372154e+03
1.368454194024106073e+03
1.369098963574531354e+03
1.369290297763614717e+03
1.369293797779268743e+03
1.369299831139586558e+03
1.369306597836517540e+03
1.370936005124109215e+03
1.370963405246657203e+03
1.370971205281543234e+03
1.370975738635152084e+03
1.376094661529747100e+03
1.380732548939557091e+03
1.380771415780057396e+03
1.381609552861993734e+03
1.381756820187319590e+03
1.381979621183806330e+03
1.384259598047764030e+03
1.384280731475617358e+03
1.384591399531759862e+03
1.384609099610924204e+03
1.384848234013795945e+03
1.385264935877512471e+03
1.385270035900322455e+03
1.385277702601278861e+03
1.385318736118136030e+03
1.386323640612613190e+03
1.387749646990485871e+03
1.387962147940905197e+03
1.388004948132330810e+03
1.390604759760095931e+03
1.390924894525245236e+03
1.391051895093260555e+03
1.391110128687046199e+03
1.391122295408129048e+03
1.391127228763526773e+03
1.391181195671562818e+03
1.391443763512574833e+03
1.391481763682532346e+03
1.391516930506484186e+03
1.391536763928523214e+03
1.392971670346201563e+03
1.393031570614107977e+03
1.393262171645480748e+03
1.396293251868779407e+03
1.400745238447140309e+03
1.400905672498021659e+03
1.401107806735408758e+03
1.401113840095726573e+03
1.401138306871821896e+03
1.401140940216932904e+03
1.401205507172378020e+03
1.401209140521961672e+03
1.401214940547902415e+03
1.401220140571159845e+03
1.402226411738415891e+03
1.402425779296762357e+03
1.404223987339322321e+03
1.408198838450342009e+03
1.408202438466443255e+03
1.408347739116306229e+03
1.408425972799543160e+03
1.408461039623047554e+03
1.409646278257409676e+03
1.409654478294084811e+03
1.409706045191386693e+03
1.410182113987290677e+03
1.410188314015020524e+03
1.413858863765039587e+03
1.413907730650265421e+03
1.415074102533578753e+03
1.415100369317724699e+03
1.415253503335956111e+03
1.416009906719001947e+03
1.416012840065454611e+03
1.416018106755676854e+03
1.416901810708079211e+03
1.417398912931389532e+03
1.418005482310962861e+03
1.418637151802797462e+03
1.418860219467143679e+03
1.418872952857427663e+03
1.418884986244580659e+03
1.419131954015821066e+03
1.419181654238107285e+03
1.419743756752134004e+03
1.421538164777698285e+03
1.421571064924845587e+03
1.421736432331124888e+03
1.421984933442556439e+03
1.422244301269256312e+03
1.422570402727758619e+03
1.423987775733684657e+03
1.424015275856680319e+03
1.424020442546455115e+03
1.424844846233634826e+03
1.425848984058016185e+03
1.426048384949844831e+03
1.426082918437630724e+03
1.426098451840437747e+03
1.426129585313017060e+03
1.426150352072563919e+03
1.426682887787685331e+03
1.427053489445216428e+03
1.427060889478313356e+03
1.427565925070439334e+03
1.427579825132607994e+03
1.431297475093284902e+03
1.431353575344195633e+03
1.431360908710327521e+03
1.431442275740911782e+03
1.431963244737633886e+03
1.432256079380682195e+03
1.434172521285381208e+03
1.434276555084010170e+03
1.434304488542277113e+03
1.434520856176656935e+03
1.435398660102671329e+03
1.435409960153211387e+03
1.436218863771066253e+03
1.436222130452343208e+03
1.436905300174514878e+03
1.436908966857580936e+03
1.436918700234447215e+03
1.440055947599249521e+03
1.440663416982848048e+03
1.443064261054056033e+03
1.444075132241885740e+03
1.445452638402839284e+03
1.445456338419387748e+03
1.445463571785072645e+03
1.445564538903318862e+03
1.445942807261806365e+03
1.445955273984230871e+03
1.448542852223948785e+03
1.449074287934150334e+03
1.450167459490071906e+03
1.451405898362374501e+03
1.451923967346126119e+03
1.453952576419164188e+03
1.453980309876536694e+03
1.453989776585543495e+03
1.454757346685199309e+03
1.454920247413779634e+03
1.455898451788839111e+03
1.458895531860070605e+03
1.459875502909698525e+03
1.459887802964710772e+03
1.459894769662536419e+03
1.459945469889295282e+03
1.461876611859741161e+03
1.462760682480450214e+03
1.463025083662995485e+03
1.463441018856616211e+03
1.464082588392729122e+03
1.464093955110233992e+03
1.464328389492084852e+03
1.464416289885223023e+03
1.464420923239279091e+03
1.464544057123333914e+03
1.465793129376527986e+03
1.467884638730890174e+03
1.468089006311599405e+03
1.468130706498105155e+03
1.469842514154235914e+03
1.469846280837749191e+03
1.470172648964110749e+03
1.471828456369777996e+03
1.471834256395718739e+03
1.472217191441744944e+03
1.474071399734768420e+03
1.474075066417834478e+03
1.476662111321833663e+03
1.478581719907362412e+03
1.478637353489519228e+03
1.478640286835972120e+03
1.478671220307656768e+03
1.478873254544596421e+03
1.484365612442728207e+03
1.484751547502171888e+03
1.484756647524982100e+03
1.485003048627021144e+03
1.486706889580853613e+03
1.487092324638061427e+03
1.487740327536281256e+03
1.488543497795160192e+03
1.488589564667862760e+03
1.488841265793606453e+03
1.489199034060406575e+03
1.489725469748245132e+03
1.491038008951964684e+03
1.491043008974327449e+03
1.491098842557378703e+03
1.493736621021618930e+03
1.493765354483463852e+03
1.493807121336934642e+03
1.493821288066962552e+03
1.493832954785809079e+03
1.493861521580241970e+03
1.493866388268675109e+03
1.493917921832494358e+03
1.493921021846359281e+03
1.496708234312282684e+03
1.500836652776805067e+03
1.503683765510634885e+03
1.503724432359185585e+03
1.503990366881922228e+03
1.503994533567224380e+03
1.504589969563669911e+03
1.504593336245394539e+03
1.505217539037167171e+03
1.505223005728283852e+03
1.505468440159332886e+03
1.506897579884552897e+03
1.506900646564935414e+03
1.506905113251579451e+03
1.506920213319115192e+03
1.509269957161774983e+03
1.512868639923699675e+03
1.513070074157956014e+03
1.513112607681522150e+03
1.513116174364140988e+03
1.513220941499383116e+03
1.513279241760133345e+03
1.513282875109716997e+03
1.518426764782643204e+03
1.518864900075554942e+03
1.519455202715708083e+03
1.519571003233630563e+03
1.519598570023590810e+03
1.523864922438362100e+03
1.524963194017093883e+03
1.527719606345262264e+03
1.527896440469493655e+03
1.531638223871441596e+03
1.531643357227734214e+03
1.531654590611309004e+03
1.531987958768978615e+03
1.532411493996590934e+03
1.532416160684129636e+03
1.533345964842717194e+03
1.534081468132286091e+03
1.534453903131350444e+03
1.536588612678927120e+03
1.536591179357073543e+03
1.539757693519439499e+03
1.540403496407819603e+03
1.541965970062714177e+03
1.541969603412298056e+03
1.542008503586280767e+03
1.542204404462455386e+03
1.542213671170567977e+03
1.542225037888072620e+03
1.542249937999439453e+03
1.549799305097629940e+03
1.553695755858000666e+03
1.553731689352048079e+03
1.553756622796897318e+03
1.554594659878386210e+03
1.554598793230206184e+03
1.556274300723982833e+03
1.558587811071253554e+03
1.558842545543897586e+03
1.559479115057647732e+03
1.560197418270288608e+03
1.561035922020531416e+03
1.564068768918398291e+03
1.564353870193525609e+03
1.564572937839981250e+03
1.564752171974946577e+03
1.566963048529850312e+03
1.567742518682729497e+03
1.570217096417047514e+03
1.572516240033396116e+03
1.572558140220796304e+03
1.572562173572169058e+03
1.575699387603488958e+03
1.578002364570315422e+03
1.578643834105981341e+03
1.578719234443212372e+03
1.578806634834113993e+03
1.579252336827534691e+03
1.579261003532963741e+03
1.580841777269706199e+03
1.580847243960823107e+03
1.580943577725013256e+03
1.580999577975476541e+03
1.581011411361735099e+03
1.581034578132016122e+03
1.583136454199410537e+03
1.584164792132027969e+03
1.584381326433819822e+03
1.584437326684283335e+03
1.586014833739749065e+03
1.588783212788105857e+03
1.589397848870424468e+03
1.590280152816565533e+03
1.592685930243171242e+03
1.592691963603489057e+03
1.592736297135106042e+03
1.592743063832037024e+03
1.592748697190565736e+03
1.593000364982827023e+03
1.593243499403589340e+03
1.594354637706534731e+03
1.597948620447438088e+03
1.599853928969009303e+03
1.599935696001382439e+03
1.600457831669989218e+03
1.601057801020043598e+03
1.603769946483560034e+03
1.603773146497872176e+03
1.603778779856400888e+03
1.604712484032431576e+03
1.605286353265752041e+03
1.606675559479034291e+03
1.607283328863974930e+03
1.612028850088515128e+03
1.612944187515733120e+03
1.612952687553749684e+03
1.613118388294853276e+03
1.613123621651592885e+03
1.613136755043665971e+03
1.615127863948983077e+03
1.617931576488703740e+03
1.619696284381432861e+03
1.619708617769927741e+03
1.619711751117275071e+03
1.620475487866452568e+03
1.620478687880764937e+03
1.620483987904469586e+03
1.620511988029701115e+03
1.622026928138666790e+03
1.622308729399034519e+03
1.622734264635592126e+03
1.623184933317893183e+03
1.625263475947594543e+03
1.625271775984716669e+03
1.626830082954309091e+03
1.627205884635097618e+03
1.629165193398187284e+03
1.629206826917728449e+03
1.630138531084813849e+03
1.630141464431266741e+03
1.630146097785322809e+03
1.630151564476439717e+03
1.630300331808474311e+03
1.630544332899779192e+03
1.630623399920076508e+03
1.630628699943781157e+03
1.631640537802601102e+03
1.631700104735683453e+03
1.631705738094212165e+03
1.631711571453635315e+03
1.632855676570693049e+03
1.633209911488356738e+03
1.633567946423016110e+03
1.633585046499496912e+03
1.635057253084001786e+03
1.635066219790772493e+03
1.636863694496719290e+03
1.638745502913185419e+03
1.638748536260085302e+03
1.645134331487485952e+03
1.645709967395374861e+03
1.645713234076651815e+03
1.645727534140609350e+03
1.647255640975130518e+03
1.647699576293983000e+03
1.649299650117045985e+03
1.649304016803243030e+03
1.649335083608857303e+03
1.649365083743034120e+03
1.652461664259285271e+03
1.652942666410587435e+03
1.657434386499991660e+03
1.657442153201395058e+03
1.657486153398187980e+03
1.657510920175624960e+03
1.659644863053106292e+03
1.659736063461004051e+03
1.659742363489181116e+03
1.659756430218761807e+03
1.659821930511714527e+03
1.659837363914074331e+03
1.659841630599823930e+03
1.659901930869519219e+03
1.659907264226706502e+03
1.659912897585234987e+03
1.659944131058261519e+03
1.659956297779344368e+03
1.660981669032026502e+03
1.661078702799347184e+03
1.662317141671649779e+03
1.662325541709219351e+03
1.662587642881477450e+03
1.662613342996422489e+03
1.663840148483360736e+03
1.663970582400065496e+03
1.664303717223358035e+03
1.665455289040477282e+03
1.665459455725779662e+03
1.665465689086991915e+03
1.665561289514568898e+03
1.666681561191696801e+03
1.666774228272820892e+03
1.667235897004320123e+03
1.667240930360165294e+03
1.668563736276469626e+03
1.668572669649757927e+03
1.668581136354292312e+03
1.668588369719976981e+03
1.668686503492217753e+03
1.670896880044885165e+03
1.671131747762007535e+03
1.671676350197764350e+03
1.671742550493848057e+03
1.671925117977055152e+03
1.671935684690982043e+03
1.672149452313733264e+03
1.672675354665853320e+03
1.672692788077158184e+03
1.675060965335595938e+03
1.675950869315728369e+03
1.676855806696431500e+03
1.676986607281442730e+03
1.676991040634604360e+03
1.677017507419644744e+03
1.677163174737814415e+03
1.678857848983981967e+03
1.680307388800442368e+03
1.680331955576984683e+03
1.680418622631273593e+03
1.681738161866300743e+03
1.682282730968575379e+03
1.685206877380274591e+03
1.685234710838094088e+03
1.685452945147489572e+03
1.688461825271497219e+03
1.688484625373471545e+03
1.688526092225600678e+03
1.688604025907495497e+03
1.689333062501475069e+03
1.689434529621957836e+03
1.689488296529099216e+03
1.689491263209034514e+03
1.689556263499750912e+03
1.689560730186394949e+03
1.690856702649352201e+03
1.690862202673951288e+03
1.691134370557900183e+03
1.691144503936555338e+03
1.691161504012588921e+03
1.691166937370223195e+03
1.691203204199094671e+03
1.691218804268866506e+03
1.691289871253383581e+03
1.691294204606097992e+03
1.695419223055413795e+03
1.696350060551956403e+03
1.696789995852918537e+03
1.696865729524974086e+03
1.696896029660492559e+03
1.701143981992968747e+03
1.701150048686768741e+03
1.701154082038141496e+03
1.701183148834810709e+03
1.701200848913975051e+03
1.701221315672180026e+03
1.701227915701698976e+03
1.703172124397253128e+03
1.703217791268166593e+03
1.704842465201254754e+03
1.704853798585277218e+03
1.704863365294731238e+03
1.706092704126333274e+03
1.706105970852336213e+03
1.708764216074781416e+03
1.711116993264341545e+03
1.715088944362390748e+03
1.715121744509090831e+03
1.715150044635664244e+03
1.716064182057514927e+03
1.716168015855249223e+03
1.716189049282655560e+03
1.716944419327745891e+03
1.718534826440907636e+03
1.719324996641643338e+03
1.720649002563314752e+03
1.721027570923144140e+03
1.722310576661440336e+03
1.722583811216826689e+03
1.722598877950879796e+03
1.723092580158983310e+03
1.724398986001937828e+03
1.724708220718336179e+03
1.724969321886122088e+03
1.724972188565609940e+03
1.724981655274616742e+03
1.725010988739145205e+03
1.725017888770006039e+03
1.725237289751285971e+03
1.725241256435693913e+03
1.725257156506807632e+03
1.725270223231915679e+03
1.725278023266801483e+03
1.725319123450623920e+03
1.725374257030544413e+03
1.725648524923885589e+03
1.726715129694319785e+03
1.726757596550921107e+03
1.726795063385159665e+03
1.726799230070462272e+03
1.726824996852371896e+03
1.726841763594028407e+03
1.731512417817056303e+03
1.731815919174478722e+03
1.732605589372977875e+03
1.732613122740004655e+03
1.732618756098533368e+03
1.733867195015561492e+03
1.735182267563944833e+03
1.735283568017015114e+03
1.735344301621982140e+03
1.738062980448052485e+03
1.738081913866066316e+03
1.738245981266531089e+03
1.738292248140128322e+03
1.739044484837871323e+03
1.740937726638807135e+03
1.741714463446128093e+03
1.742496866945460397e+03
1.743416004389673844e+03
1.744091040742135192e+03
1.744111540833822801e+03
1.744150907676559200e+03
1.744870977563768520e+03
1.746506151543818305e+03
1.752044342980275587e+03
1.752050609674970474e+03
1.753201514822441368e+03
1.761175917154952913e+03
1.761183517188944279e+03
1.762635123681314553e+03
1.762716957380652502e+03
1.762732324116047494e+03
1.767704846355859445e+03
1.771152695109838987e+03
1.771157561798272127e+03
1.771926131902400584e+03
1.772669268559443253e+03
1.772673968580464589e+03
1.772698135355218028e+03
1.772889769545643276e+03
1.777252989060323216e+03
1.777264655779169743e+03
1.777264789113099596e+03
1.785497292599979119e+03
1.789941145808629926e+03
1.792852292162186131e+03
1.792886992317384056e+03
1.795429703689765802e+03
1.797980048429621775e+03
1.797996981838690544e+03
1.797999181848530043e+03
1.798074382184866636e+03
1.798185416014803423e+03
1.798191049373332362e+03
1.801015095337328148e+03
1.801124095824837241e+03
1.803917208317148834e+03
1.807633224937186924e+03
1.808971530922816100e+03
1.815048791436948704e+03
1.816345663903931381e+03
1.816451597711057957e+03
1.816463297763386890e+03
1.816476764490284268e+03
1.819147843103460673e+03
1.819440177744272660e+03
1.820354515167018008e+03
1.821386753117078342e+03
1.821393586480974363e+03
1.821397419831452225e+03
1.821484353553600386e+03
1.821539587133968325e+03
1.829759023895739801e+03
1.829765190589987242e+03
1.829861991022931306e+03
1.829894791169631162e+03
1.833833242117849522e+03
1.834341744392146893e+03
1.834347777752464708e+03
1.834538811940206642e+03
1.834844946642740069e+03
1.834849413329384106e+03
1.835819384334286269e+03
1.841774610969284140e+03
1.848970009817670416e+03
1.853470063277679174e+03
1.853476129971479395e+03
1.853655364106444949e+03
1.856749744612856603e+03
1.860511194769431540e+03
1.863327840700330626e+03
1.863510574850949979e+03
1.869804069665532779e+03
1.871760745083511438e+03
1.872739816129114161e+03
1.874861025616311508e+03
1.877743338507575345e+03
1.880192016126054114e+03
1.886275676668811002e+03
1.886280843358586253e+03
1.886380710471912607e+03
1.888100751498200680e+03
1.888105751520563445e+03
1.895051549252598306e+03
1.895465717771650816e+03
1.897577227215464291e+03
1.897579593892716048e+03
1.897586793924918311e+03
1.897863161827651993e+03
1.897867528513849038e+03
1.898608665161946647e+03
1.899801903832089465e+03
1.899820403914831559e+03
1.904098056380142907e+03
1.906211965834690545e+03
1.911521489581755759e+03
1.918960589520105032e+03
1.918973356243871422e+03
1.920607030217212468e+03
1.920618930270436067e+03
1.920622363619125053e+03
1.920712564022550168e+03
1.920717864046254817e+03
1.923199241810986450e+03
1.923825577945633995e+03
1.923828111290297784e+03
1.923832311309082343e+03
1.925440185167031586e+03
1.925857553700396238e+03
1.926154855030089038e+03
1.932382082881623546e+03
1.944505503770792302e+03
1.944508303783315569e+03
1.944607670894405828e+03
1.945312474046667148e+03
1.946829680832437361e+03
1.952743840617095202e+03
1.956711091694123525e+03
1.960056606657077737e+03
1.964027057748418201e+03
1.978016020314632897e+03
1.978292088216024695e+03
1.978295788232573159e+03
1.978301154923242620e+03
1.979642594256218899e+03
1.979649360953149881e+03
1.979658460993850213e+03
1.979710094558116680e+03
1.979720127936324843e+03
1.979724127954215191e+03
1.984313848481930336e+03
1.985289219510984367e+03
1.987726097076686983e+03
1.987741197144222497e+03
1.993485522835957227e+03
1.995983600675380785e+03
1.999757184219555938e+03
2.003703835204449661e+03
2.003707168552691428e+03
2.008678257452758999e+03
2.008683324142086803e+03
2.008687957496142872e+03
2.010141797331835278e+03
2.012407240797458371e+03
2.012410174143911036e+03
2.015401254188307121e+03
2.015408887555781121e+03
2.021166446640036156e+03
2.021171846664188024e+03
2.022030417170846704e+03
2.022037083867330466e+03
2.024128859889552132e+03
2.026723671494954488e+03
2.027938176926880487e+03
2.027946510297485020e+03
2.027950176980551078e+03
2.028029544002190050e+03
2.030319854245697570e+03
2.034938308235257864e+03
2.042133207081407818e+03
2.043137278238824138e+03
2.043141944926362839e+03
2.047940666388843283e+03
2.047950599766604228e+03
2.047976533215925883e+03
2.049716574331665015e+03
2.052374052884014873e+03
2.052549087000195414e+03
2.054746330160789967e+03
2.059904986566427851e+03
2.059912553266936811e+03
2.067783521803502936e+03
2.083104656994582001e+03
2.089027783486010321e+03
2.091424794206740444e+03
2.098254191418169285e+03
2.101677106727299815e+03
2.103055379558348704e+03
2.103064612932978434e+03
2.107140064493938098e+03
2.114265529696209342e+03
2.118881417007623440e+03
2.118884217020146480e+03
2.118892617057716507e+03
2.128071358110015808e+03
2.130507402338658267e+03
2.130532902452708186e+03
2.130542469162162433e+03
2.133775216954094049e+03
2.136637063087152910e+03
2.136684996634870913e+03
2.138178669982053634e+03
2.138194036717448853e+03
2.141313384002191924e+03
2.150979360567006097e+03
2.151326995455150609e+03
2.151443162641379786e+03
2.151504429582065768e+03
2.151507496262448512e+03
2.152301499813661849e+03
2.152305933166823706e+03
2.152319233226308370e+03
2.153102303395289255e+03
2.153105003407365075e+03
2.153108970091772790e+03
2.154202341648589027e+03
2.154317108828557139e+03
2.178554717232264466e+03
2.178558083913989321e+03
2.184130775504749636e+03
2.185333114215593014e+03
2.186711220379229871e+03
2.187089088735928271e+03
2.190762271831058570e+03
2.190768571859235635e+03
2.192025377480350926e+03
2.192029244164311422e+03
2.195029357582443026e+03
2.202692791857470183e+03
2.209475388859583290e+03
2.214410444265156002e+03
2.215956484513219038e+03
2.217400624305527344e+03
2.226406031249249281e+03
2.228490573905786277e+03
2.246428520800663591e+03
2.254139621955549956e+03
2.254700757798586437e+03
2.255622361920499316e+03
2.264104999859448526e+03
2.264111999890756579e+03
2.268731887220061253e+03
2.268751387307275763e+03
2.268755987327849653e+03
2.270495661775282315e+03
2.271302032048473393e+03
2.273033773127090171e+03
2.273036539806131259e+03
2.274659980400369932e+03
2.275063448871565924e+03
2.279931303976582967e+03
2.281171009521217456e+03
2.282014213292481600e+03
2.285035326804536908e+03
2.285998397778578237e+03
2.286005364476403429e+03
2.286440866424204160e+03
2.292499126853358575e+03
2.297181814463539467e+03
2.300376028749795296e+03
2.301520200533817388e+03
2.301543567304992848e+03
2.304738181593038007e+03
2.311903513640282199e+03
2.314498925248368323e+03
2.316015165363148299e+03
2.316625568093199945e+03
2.316636468141950900e+03
2.319368347027058917e+03
2.322518027780803550e+03
2.328846322751031494e+03
2.329051123667011780e+03
2.336704057895077312e+03
2.338726266939491325e+03
2.342175515699732841e+03
2.342527350606661912e+03
2.342531450624999707e+03
2.342647851145605728e+03
2.343579388645279323e+03
2.346140866768262640e+03
2.346960737101833729e+03
2.346969870476016240e+03
2.350120717901645094e+03
2.351221789492899916e+03
2.354559504420968551e+03
2.354566537785759010e+03
2.355725942971246695e+03
2.358383754858420161e+03
2.358406388292982683e+03
2.358410154976495960e+03
2.359639860476404920e+03
2.363414510692017757e+03
2.369213736629295909e+03
2.378752012622964230e+03
2.385023040670396767e+03
2.385034240720489379e+03
2.389426193697014241e+03
2.389435993740845788e+03
2.391519269725050435e+03
2.391526069755464050e+03
2.391547403184211817e+03
2.391554503215967088e+03
2.393426211587260241e+03
2.401026412246138989e+03
2.411555759339080396e+03
2.411578692774984574e+03
2.412548063777202970e+03
2.412552030461610684e+03
2.412572597220263560e+03
2.412579663918536426e+03
2.417390685436028889e+03
2.417393485448552383e+03
2.418783458331930433e+03
2.418791791702534738e+03
2.418800358407516796e+03
2.423320778625283310e+03
2.424662151291294776e+03
2.425216153769094035e+03
2.425401487931341762e+03
2.425404621278689774e+03
2.425409687968017352e+03
2.425447454803597338e+03
2.427868732299527892e+03
2.431947483875246689e+03
2.431998817438171500e+03
2.434413961573337019e+03
2.434416861586307277e+03
2.434579828981852643e+03
2.435801067777226763e+03
2.440734723176538864e+03
2.448863092864341979e+03
2.451332770576744679e+03
2.451382037463759843e+03
2.452185807725322320e+03
2.453186578867979279e+03
2.455558522809929855e+03
2.455569189524304420e+03
2.457033029404722129e+03
2.458154934422489077e+03
2.458158934440379198e+03
2.458163334460058195e+03
2.465123765590874882e+03
2.465291266340028869e+03
2.465301633053061323e+03
2.466388137912499133e+03
2.466989540602297438e+03
2.473885338110704197e+03
2.477425920612773098e+03
2.477428787292261404e+03
2.477498120935691531e+03
2.479458063034947372e+03
2.485586590445040201e+03
2.485598223830404550e+03
2.485603157185802047e+03
2.485825758181394576e+03
2.487702233240673650e+03
2.489023672484198869e+03
2.489822642724293019e+03
2.491070048303366093e+03
2.493003890285887792e+03
2.493006790298858050e+03
2.493382091977410710e+03
2.494954399009619010e+03
2.495876269799390684e+03
2.495885436507056056e+03
2.501936830238832044e+03
2.501945930279532149e+03
2.501950396966176413e+03
2.503203702571637677e+03
2.506271616293008719e+03
2.511221005096022054e+03
2.520232578733991886e+03
2.520237045420636150e+03
2.520262612201651336e+03
2.522707356469204569e+03
2.522712989827733054e+03
2.522719756524664263e+03
2.522730023237249497e+03
2.526053904770114059e+03
2.526071938184102237e+03
2.526075971535474764e+03
2.530373124088001077e+03
2.531003093572232501e+03
2.532054798276025394e+03
2.532627067502189675e+03
2.532630367516949264e+03
2.535305179480156767e+03
2.535875082029069290e+03
2.535914115536982081e+03
2.535917082216917152e+03
2.542046242963175700e+03
2.542049642978382508e+03
2.542127776661171993e+03
2.543830250942225575e+03
2.544072185357620583e+03
2.544076652044264392e+03
2.552020654240810472e+03
2.552130754733238973e+03
2.552134888085059174e+03
2.552139054770361327e+03
2.558977752023384710e+03
2.558985752059165407e+03
2.561654997330808783e+03
2.563192170872548104e+03
2.569645399734881266e+03
2.569650166422867187e+03
2.570209068922581537e+03
2.570735104608631445e+03
2.572770680379494934e+03
2.572776313738024328e+03
2.576169862249143989e+03
2.576195895698912864e+03
2.576208929090538277e+03
2.585882905691132692e+03
2.587059810954890509e+03
2.592461701781737702e+03
2.592528802081846607e+03
2.592533335435455683e+03
2.592538568792195292e+03
2.592549168839604590e+03
2.592573568948734646e+03
2.592652235967243087e+03
2.592656802654334570e+03
2.596008817646360512e+03
2.596422352829246847e+03
2.596532419988193396e+03
2.606921199785775116e+03
2.611431653292298506e+03
2.612039356010274332e+03
2.613734330257783768e+03
2.614061598388170296e+03
2.617876615450992176e+03
2.618756219385057193e+03
2.618797886238080537e+03
2.618802286257759988e+03
2.618811252964530468e+03
2.620214725908288528e+03
2.620417360147911950e+03
2.621724765995338203e+03
2.628354862315385162e+03
2.628358695665863706e+03
2.628789930927914611e+03
2.628817064382603348e+03
2.628820731065669406e+03
2.631008374183327305e+03
2.631011240862815157e+03
2.631017707558404254e+03
2.631686543883135982e+03
2.633540085506511332e+03
2.634269855437104070e+03
2.638862875979578803e+03
2.659831803097307784e+03
2.659966170364937625e+03
2.659972137058290627e+03
2.665214027169527981e+03
2.665806729820414603e+03
2.666070097665005051e+03
2.666079997709283361e+03
2.666095064443336923e+03
2.672071957841907079e+03
2.673963899637028589e+03
2.673995233110501886e+03
2.674084500176419169e+03
2.676532411124802366e+03
2.676933612919193820e+03
2.679157722866617860e+03
2.679245423258861138e+03
2.683820377053865286e+03
2.685828786036557631e+03
2.685845886113038432e+03
2.686360521748100837e+03
2.687817528264622979e+03
2.687890895259426543e+03
2.689055700469066323e+03
2.689074300552255863e+03
2.691644845382457333e+03
2.691829879543363859e+03
2.692135947578932246e+03
2.692554416117216988e+03
2.696536867262228043e+03
2.697600138684420017e+03
2.702203925941716079e+03
