2.644385383141270474e+00
3.061053913375204161e+00
5.122196465254010178e+00
5.605665294255047115e+00
7.066871829561826246e+00
7.315072939651575012e+00
8.174110115064271653e+00
8.622878788867428312e+00
8.743179326916569849e+00
8.878613265983807068e+00
9.862951001808452745e+00
1.327433292602213299e+01
1.468470590064037218e+01
1.486844005573232685e+01
1.691068252307972131e+01
1.753061862910297819e+01
1.805615431291643347e+01
1.827295528256775370e+01
1.918989271694175969e+01
1.967559488926485045e+01
2.055433215278700843e+01
2.121973512882939161e+01
2.129923548439802516e+01
2.206880559299889200e+01
2.233420678001669657e+01
2.274147526820855703e+01
2.293757614527785549e+01
2.328104434812028956e+01
2.355514557404938003e+01
2.409398131734790383e+01
2.500668539945473157e+01
2.592375616775841252e+01
2.612722374444224727e+01
2.950260550764371459e+01
2.973413987652410739e+01
3.014984173576789672e+01
3.053324345054795685e+01
3.191161628204422485e+01
3.220011757237820404e+01
3.220691760279161997e+01
3.268961976169702410e+01
3.437066061355523061e+01
3.546309883286376419e+01
3.708473941905182159e+01
3.726850690762618967e+01
3.801497691291088898e+01
3.815347753236065387e+01
3.883338057325516957e+01
3.898818126560768604e+01
4.057962171672438245e+01
4.074862247258726455e+01
4.156349278379516221e+01
4.175512697422035302e+01
4.229652939566512515e+01
4.273893137432630596e+01
4.320880014250050749e+01
4.455607283490011383e+01
4.474200699983170182e+01
4.610547976468681242e+01
4.623614701576817509e+01
4.716991785876362542e+01
4.760135312170905308e+01
4.791368785197240499e+01
4.804698844816485348e+01
4.830338959492960527e+01
4.998169710122947151e+01
5.039549895197539087e+01
5.053613291429994803e+01
5.146457040010841411e+01
5.206713976179152326e+01
5.281754311800162327e+01
5.289754347580653615e+01
5.332284537798692270e+01
5.368721367430589453e+01
5.466125136406315477e+01
5.547458833507979392e+01
5.572508945545643400e+01
5.592945703616557296e+01
5.889890365047193654e+01
5.904873765394405893e+01
5.962687357301425095e+01
5.988947474750888489e+01
6.115901375890805269e+01
6.291808829310846107e+01
6.468412952513438086e+01
6.745857526729125198e+01
6.909748259737220621e+01
6.964855172871838818e+01
7.044742196836530468e+01
7.053765570527276907e+01
7.367983642547291367e+01
7.397150439663667498e+01
7.546484440899507717e+01
7.634664835289977702e+01
7.708111830451372271e+01
7.895149333651022516e+01
7.903339370281300091e+01
7.997423124408123840e+01
8.032536614787996143e+01
8.272867689678687952e+01
8.308437848767698597e+01
8.340117990458445263e+01
8.435265082674425230e+01
8.473611920848914281e+01
8.600402487924979766e+01
8.707002964700028258e+01
8.766496564120950552e+01
8.860583651596014931e+01
8.969484138657955441e+01
9.004980964085645212e+01
9.061001214638537249e+01
9.092894690616763853e+01
9.130684859634860118e+01
9.143444916704744685e+01
9.441972918550268901e+01
9.455386311875560068e+01
9.517879924714166862e+01
9.600356960262791972e+01
9.637943795038134454e+01
9.855391434248379312e+01
9.866508150635020513e+01
9.911651685874684858e+01
9.933051781587501239e+01
1.000419209976552111e+02
1.018427623853262673e+02
1.026824328074536936e+02
1.027310663583025985e+02
1.031961351050084943e+02
1.035341032832518522e+02
1.044956075836196874e+02
1.048100423232754110e+02
1.055853124573698807e+02
1.063565492400916952e+02
1.063887160506257459e+02
1.065527501176082410e+02
1.077434554430871430e+02
1.078597226297636240e+02
1.090878281225163420e+02
1.092534288631725161e+02
1.097478644078893097e+02
1.111116371740861837e+02
1.112477377828017922e+02
1.113118380694929783e+02
1.125102767628930280e+02
1.142171510636257352e+02
1.145120190491016814e+02
1.151928554275039289e+02
1.160505259301374679e+02
1.163238938194533318e+02
1.171734642858591258e+02
1.174425321559429847e+02
1.187056378052353409e+02
1.188315717018132460e+02
1.193887741939244904e+02
1.198811430627313115e+02
1.205913462391444426e+02
1.207214468210246991e+02
1.214356166818456586e+02
1.217247513083455885e+02
1.221562865717382778e+02
1.230923574250206087e+02
1.241359620925857286e+02
1.244009299443320913e+02
1.250971663916117933e+02
1.251320998811866048e+02
1.266154065153369856e+02
1.267377403958136881e+02
1.268332741564257020e+02
1.279167790024460345e+02
1.279965793593564314e+02
1.284932482473952859e+02
1.287996162843056993e+02
1.289313168733420412e+02
1.292191848275100767e+02
1.298024207693902952e+02
1.305655575158843646e+02
1.310863931786767864e+02
1.312625939667421164e+02
1.318819634035642707e+02
1.333864034655681223e+02
1.334878372525682551e+02
1.337580717945367894e+02
1.346926093076278619e+02
1.348826434908969532e+02
1.350189107670246642e+02
1.355215463484164502e+02
1.363455500338070863e+02
1.364941840319121411e+02
1.366509513997273473e+02
1.379235237580266187e+02
1.382871920512148165e+02
1.386116935025609962e+02
1.392425963242999956e+02
1.396493314767731704e+02
1.397807320644677134e+02
1.404002681687019845e+02
1.411762716394096344e+02
1.419734085379707835e+02
1.421006757738454098e+02
1.429094793912531429e+02
1.446036869686667217e+02
1.450802891002894910e+02
1.454759575365996511e+02
1.463403614026817650e+02
1.468823304933276290e+02
1.470692646627317970e+02
1.486780385247062100e+02
1.492197076140103320e+02
1.492738411894583237e+02
1.497678767323860995e+02
1.504001795603867038e+02
1.517677523435793034e+02
1.522838546518682676e+02
1.527555234280930847e+02
1.539140286095555155e+02
1.549067997164320900e+02
1.555342025225171199e+02
1.568472083949903322e+02
1.570810427741575950e+02
1.572741436378092033e+02
1.590317514987831942e+02
1.596116207589391536e+02
1.598130883266778710e+02
1.612741615280549752e+02
1.624054665878637422e+02
1.625057337029791995e+02
1.638901398947932648e+02
1.646396432469780962e+02
1.656419810633088332e+02
1.673910555527836266e+02
1.675781897230822892e+02
1.687787950928395730e+02
1.698567665807783555e+02
1.704940694311417815e+02
1.706077699396720107e+02
1.708766711423437812e+02
1.715913076719186279e+02
1.725604120062779145e+02
1.734776827754760973e+02
1.736490835420731287e+02
1.739084847022555778e+02
1.743136198475726246e+02
1.752558907285848591e+02
1.754743917058395368e+02
1.756654258935811868e+02
1.771914993856748026e+02
1.781950372073725930e+02
1.782287373580979306e+02
1.802360796693529039e+02
1.813052844514156163e+02
1.821381881766120614e+02
1.828349579596104491e+02
1.830555922797398978e+02
1.832198596810993365e+02
1.841254637314509921e+02
1.846626994675933986e+02
1.849476674087909771e+02
1.856833373657720188e+02
1.864913409796016595e+02
1.876570128597841176e+02
1.877624466646745418e+02
1.881555484228384216e+02
1.908571271724279939e+02
1.922335333284615899e+02
1.923205003840919858e+02
1.924837677809788374e+02
1.926247350781275998e+02
1.932922380635623654e+02
1.937036065700916936e+02
1.947205111182394432e+02
1.951835465225178154e+02
1.960393503501358907e+02
1.978823585930666411e+02
1.981040595846335179e+02
1.987611958570360287e+02
1.991728976983895905e+02
2.001359686724311189e+02
2.006785710992429301e+02
2.011175063957325619e+02
2.018715097680438930e+02
2.023108783998049773e+02
2.025880796395989876e+02
2.041635200191547028e+02
2.045904219284911960e+02
2.053893588351029678e+02
2.054249589943261469e+02
2.064661969846395380e+02
2.069113323088590448e+02
2.076553356364447609e+02
2.081291044220619710e+02
2.090821753513778276e+02
2.094973105414205179e+02
2.102261138010232742e+02
2.109039501660078599e+02
2.110343840827122790e+02
2.137036626878381469e+02
2.147070338421238773e+02
2.164039747650957963e+02
2.171127446017649163e+02
2.182961165611117167e+02
2.186420847751355439e+02
2.186780182691829282e+02
2.202103251224888254e+02
2.203390923650723039e+02
2.205498933078882544e+02
2.207506275390137773e+02
2.207713609650782018e+02
2.224775019291977003e+02
2.227976366943470339e+02
2.230485378165126917e+02
2.240168421472939428e+02
2.244076772286533696e+02
2.248048790051547599e+02
2.264863198588019770e+02
2.270028888358448285e+02
2.271190560220740338e+02
2.271670895702393977e+02
2.280401601417503912e+02
2.295847337165863848e+02
2.295968004372219298e+02
2.311220739257375101e+02
2.315021089587932579e+02
2.321349451225125620e+02
2.322870124693067169e+02
2.326363806985372662e+02
2.328032481115253631e+02
2.349970245899482393e+02
2.351608919895186602e+02
2.358160615864584599e+02
2.362925637176340103e+02
2.365028646582136673e+02
2.365619982560244807e+02
2.378116038449372809e+02
2.384053731672618142e+02
2.391866433281916784e+02
2.399144799168042823e+02
2.412284857937500249e+02
2.413189195315519839e+02
2.418563552685889135e+02
2.420599561792024588e+02
2.428196262435249366e+02
2.432923616911871534e+02
2.438570642168426161e+02
2.439909314822361637e+02
2.442259992002529430e+02
2.462699083417212762e+02
2.465695430151830863e+02
2.471532122923348140e+02
2.471588789843459892e+02
2.479887160291598889e+02
2.491532212374577000e+02
2.497174237608768408e+02
2.501588257350654487e+02
2.504319602900044117e+02
2.506490945944799194e+02
2.520969677368192094e+02
2.525853699212182164e+02
2.534824072665882397e+02
2.537095749492717971e+02
2.551064811969928599e+02
2.552358484422599076e+02
2.557231172882566739e+02
2.564643872702840213e+02
2.568402889515198808e+02
2.570260564490393449e+02
2.580087941777078981e+02
2.581035946017067317e+02
2.589659651253613220e+02
2.591205991503017003e+02
2.616609105119495666e+02
2.632348508847964581e+02
2.636971862859439852e+02
2.639749208614567806e+02
2.656820618300487808e+02
2.661560639500428920e+02
2.665551324015597743e+02
2.669743342764575118e+02
2.674918365910081093e+02
2.684361074809654042e+02
2.687196754159014631e+02
2.694221118909110260e+02
2.707834179794089096e+02
2.712893535755601420e+02
2.718348226818600324e+02
2.721008238715613174e+02
2.724164586165841797e+02
2.745150013357367698e+02
2.747390023375905344e+02
2.753353383380613195e+02
2.769988791116497282e+02
2.771197796523823627e+02
2.778344495154396441e+02
2.784966524771697891e+02
2.788649207909317624e+02
2.796718243998416256e+02
2.804484612067151943e+02
2.809072965922088656e+02
2.809133299525266239e+02
2.817349002937007185e+02
2.818645008733446389e+02
2.829845058826134618e+02
2.835921419336242479e+02
2.850724485543569244e+02
2.858656521019926231e+02
2.867179559139567573e+02
2.868120563348248311e+02
2.870205906008362717e+02
2.881417289485073070e+02
2.882070292405655891e+02
2.882125959321295454e+02
2.891620001783793441e+02
2.907193738104641056e+02
2.913385765798742000e+02
2.914852439025165154e+02
2.930424508671891886e+02
2.937758874808481551e+02
2.938717545762843883e+02
2.947517918456208577e+02
2.950520598552486717e+02
2.959722306374172831e+02
2.964386327234199712e+02
2.967832675981470061e+02
2.968745346730094639e+02
2.975010374750692108e+02
2.977949721230374394e+02
2.979263393772495760e+02
2.980108397551810526e+02
2.986400425693166767e+02
2.990896779136627401e+02
3.000487488698140055e+02
3.008381857339363705e+02
3.012046207061653718e+02
3.031164292568082601e+02
3.033919304889989803e+02
3.038636325987062037e+02
3.041006003252208529e+02
3.044771353426226597e+02
3.046620361695992756e+02
3.055750402530479164e+02
3.056507072581383113e+02
3.060396756644823313e+02
3.069824798812132371e+02
3.076518162081810601e+02
3.078692505139983382e+02
3.080190845174704464e+02
3.082016520006777682e+02
3.082643189476249290e+02
3.098603260858329804e+02
3.104737621627845670e+02
3.114461665119033000e+02
3.129868400692963633e+02
3.133416083226787237e+02
3.140737115970409832e+02
3.144355465486960952e+02
3.156191518424198534e+02
3.164755223392390349e+02
3.179884957727420556e+02
3.180059625175294968e+02
3.205301404736866289e+02
3.210063426035204088e+02
3.211343431760083149e+02
3.212704771182063155e+02
3.212826438392891077e+02
3.220783473981062457e+02
3.222219147068836946e+02
3.228497175147577423e+02
3.234437868384240460e+02
3.236227543055301226e+02
3.242557904701439497e+02
3.247659260850799683e+02
3.261178987985006188e+02
3.262189659171941685e+02
3.264200001496614050e+02
3.276174055051064897e+02
3.277747395421228589e+02
3.288914778701146133e+02
3.289364447378974319e+02
3.296366478695849764e+02
3.302867174437147924e+02
3.304540181919742849e+02
3.306984192850683257e+02
3.310455541709767999e+02
3.311659213759907630e+02
3.318653245041002720e+02
3.320000251065542329e+02
3.325793610309915493e+02
3.339747672720037599e+02
3.340644343397101466e+02
3.343102354390657069e+02
3.349966718425143313e+02
3.354428071712063684e+02
3.356362747031645881e+02
3.371751149190245656e+02
3.372982154695968688e+02
3.375208164651890570e+02
3.382728864955201402e+02
3.392731909694232968e+02
3.393931248391658642e+02
3.397772598905591508e+02
3.402897288492644066e+02
3.404577629341371789e+02
3.407463642249184090e+02
3.411923995531632272e+02
3.414742008135310698e+02
3.416287015045418229e+02
3.422351708836678768e+02
3.423383046782713564e+02
3.441741462224821362e+02
3.444973476680139584e+02
3.449202162259777538e+02
3.449820165023820664e+02
3.450854836318097796e+02
3.456727862585451021e+02
3.467556911018818937e+02
3.468393248092704653e+02
3.475356279235149941e+02
3.476033948932722524e+02
3.493599360828088152e+02
3.496037371732192582e+02
3.498281715103444753e+02
3.505139745776270956e+02
3.509449431718186929e+02
3.521719486596516049e+02
3.526586175029647734e+02
3.531803531697825633e+02
3.546885265818172570e+02
3.548248271914274028e+02
3.549442610589336482e+02
3.559413321850422562e+02
3.564933679873785763e+02
3.567444357769563226e+02
3.575855728723101947e+02
3.582088089930929300e+02
3.586235108478641109e+02
3.601247175620733287e+02
3.602911849732724363e+02
3.611079219594957976e+02
3.615110237623852640e+02
3.617233913788749646e+02
3.619522257356793489e+02
3.631780978851101054e+02
3.638958344285497901e+02
3.645798374877818446e+02
3.647234381300416430e+02
3.653932744592457311e+02
3.657793095191368593e+02
3.661805446470109473e+02
3.665689130506713695e+02
3.678055185814408787e+02
3.683379876295974213e+02
3.687896563163709516e+02
3.689347902988221222e+02
3.692341249709421618e+02
3.712098004738993495e+02
3.714521682245658099e+02
3.717267694527312187e+02
3.723218721143525158e+02
3.725697398896181198e+02
3.730200419036124799e+02
3.734968107026473376e+02
3.738747123928283145e+02
3.745901155924987620e+02
3.748733835260930505e+02
3.768370256418971280e+02
3.769436927856370403e+02
3.772760609388340072e+02
3.778664635794342530e+02
3.781678649274642794e+02
3.791864361497329696e+02
3.809568440679557284e+02
3.816265470632301344e+02
3.821604827846130661e+02
3.833255213286296339e+02
3.841503250175982771e+02
3.844071261661520680e+02
3.844771598127137509e+02
3.855901647906746348e+02
3.857730322752237271e+02
3.858993995070730421e+02
3.862971346192931605e+02
3.871575051340026334e+02
3.881648096392137290e+02
3.882618100730522315e+02
3.888046458342410006e+02
3.893585149781103496e+02
3.901446518274733535e+02
3.908089547985958916e+02
3.910418225067730305e+02
3.920613604000318446e+02
3.927083299602966804e+02
3.930687982391726791e+02
3.951823076919312712e+02
3.955788094653018447e+02
3.961419453172836143e+02
3.963949464488417220e+02
3.967243479221033908e+02
3.977526525212383604e+02
3.985226226316282236e+02
3.998127284016797489e+02
3.999996625710838885e+02
4.003548308262552951e+02
4.006380654263671204e+02
4.018458041613620253e+02
4.020623051296715857e+02
4.036732123345208265e+02
4.040413139808706546e+02
4.049735514836748393e+02
4.052276859536351594e+02
4.053632198931496191e+02
4.062597239028009994e+02
4.064951249556419270e+02
4.070092605884681802e+02
4.084949672333527246e+02
4.086805347299776940e+02
4.096021388518903450e+02
4.104350759105691395e+02
4.120344830639839415e+02
4.121345501782049041e+02
4.126298857269470091e+02
4.128640201074560991e+02
4.141875593603735410e+02
4.143221266288979336e+02
4.158390000798439132e+02
4.159242004609061496e+02
4.162721020169102530e+02
4.165227364712165468e+02
4.174238405014417026e+02
4.179981764035161405e+02
4.181477770726113476e+02
4.183992448639781401e+02
4.189025471150183648e+02
4.192234152167808361e+02
4.195217832179108086e+02
4.201716194576636667e+02
4.223623625891863753e+02
4.224388629313373258e+02
4.226440638491069421e+02
4.228080312491246104e+02
4.231806995825658078e+02
4.235502012351772692e+02
4.239047694876651349e+02
4.246443727955715985e+02
4.247403065579726444e+02
4.254689098166809345e+02
4.257164775906047112e+02
4.262057464455465947e+02
4.281481884665323605e+02
4.284880899867559947e+02
4.288220248136266832e+02
4.290945260323996990e+02
4.293386604576343757e+02
4.302008976473592270e+02
4.302835980172400809e+02
4.308514005567604954e+02
4.309205008658144607e+02
4.313130359547772059e+02
4.318640050856761832e+02
4.324956412440284339e+02
4.329923767990321153e+02
4.332372445608800149e+02
4.341982821924939344e+02
4.348367850482244421e+02
4.360155903204798165e+02
4.367357935416185910e+02
4.368136938900311748e+02
4.371289286332649340e+02
4.375033969747567539e+02
4.377082645577021935e+02
4.385815684635900880e+02
4.396884067473034747e+02
4.398506741397177962e+02
4.401705422370077940e+02
4.403693764596354185e+02
4.406484443744449209e+02
4.408719120405800140e+02
4.413941477096339554e+02
4.422782516638255288e+02
4.423935855129943207e+02
4.431679556430634648e+02
4.433220896657675780e+02
4.450547640818923583e+02
4.452046314188469296e+02
4.454853993412597220e+02
4.461646023790235063e+02
4.464315702397149721e+02
4.466922380722293155e+02
4.470522396823514555e+02
4.485021128336358629e+02
4.494767838595590774e+02
4.500003195344273763e+02
4.509302236934623238e+02
4.511147245186498367e+02
4.513258587962899924e+02
4.525617309904462786e+02
4.532943676005272096e+02
4.534439016026576041e+02
4.541934049548423218e+02
4.543887391618160336e+02
4.549195082023692294e+02
4.551568759306729248e+02
4.554977441218866829e+02
4.559314793951189699e+02
4.562309140676862853e+02
4.567691164748188726e+02
4.578293545501109065e+02
4.579625884793385353e+02
4.588189923096401799e+02
4.601818984052941346e+02
4.607567676430873007e+02
4.609383017883395723e+02
4.611713361639288564e+02
4.617686055019073592e+02
4.623480747602743577e+02
4.628036101310084973e+02
4.632161453094225294e+02
4.637401143195622808e+02
4.642282165026195457e+02
4.651585206634434257e+02
4.653898216979468430e+02
4.654961555068625785e+02
4.663298259021545960e+02
4.664434930772024472e+02
4.672947968846939943e+02
4.678022324875540789e+02
4.679088329643291218e+02
4.697246077521238021e+02
4.705026778987414104e+02
4.714273487010365784e+02
4.719121175358519054e+02
4.722521857234876848e+02
4.724072530836995156e+02
4.735684916107202866e+02
4.737965926309115616e+02
4.756969011301200680e+02
4.770918407023784766e+02
4.774846091257181797e+02
4.776387098149398298e+02
4.778699441824784913e+02
4.791341831701730598e+02
4.791744500169349408e+02
4.792590503953135794e+02
4.796860189716148852e+02
4.813860599084517844e+02
4.819688958485430135e+02
4.824213312054121729e+02
4.826872990616311654e+02
4.844173067991624180e+02
4.847364748933215992e+02
4.854262113115296984e+02
4.858928800653916937e+02
4.862412149566672497e+02
4.875800876114973903e+02
4.876820880676986008e+02
4.879373558760611331e+02
4.883007241679075037e+02
4.892836285639882021e+02
4.895999299786593610e+02
4.899771983326743907e+02
4.901341657013841200e+02
4.907811352616489557e+02
4.920079074151049099e+02
4.930986456268100824e+02
4.935335809054094511e+02
4.936623148145105802e+02
4.939342826975648109e+02
4.946590192723125483e+02
4.954358227465982623e+02
4.958255578230378546e+02
4.959223915894642687e+02
4.961962261475339346e+02
4.980993679927480571e+02
4.986060702589949756e+02
4.991109058502264020e+02
5.005273455186448359e+02
5.008779137532424670e+02
5.025705879904647873e+02
5.026271549101293203e+02
5.041376283324509586e+02
5.051611329101176580e+02
5.053625338108914775e+02
5.069931744373325841e+02
5.079957455880402790e+02
5.096182528447711775e+02
5.100807882468133130e+02
5.107074577162851483e+02
5.108532583683846156e+02
5.110908260975828057e+02
5.116718953631058184e+02
5.120571637529013742e+02
5.122945648146874191e+02
5.125098657776298978e+02
5.134742034240033490e+02
5.135451370745903432e+02
5.144194409849507110e+02
5.145384415171855608e+02
5.151420775503061122e+02
5.154947124608137301e+02
5.164813502069251854e+02
5.165679505942490550e+02
5.170867529146139532e+02
5.176793555650538110e+02
5.180235571045094503e+02
5.184724924457246971e+02
5.185217926662220407e+02
5.200789996308946002e+02
5.201217664888379204e+02
5.206657022549464955e+02
5.218032406759675723e+02
5.220543417990277248e+02
5.226005442419408382e+02
5.229328123946905862e+02
5.238443498049126674e+02
5.241701845955556109e+02
5.260222928791865797e+02
5.261319267028618469e+02
5.264554281497355532e+02
5.270105306324543335e+02
5.273700655738225578e+02
5.281564357575624626e+02
5.282703696004697349e+02
5.293593078041242279e+02
5.295107751482348704e+02
5.297745096611316740e+02
5.305337797236652477e+02
5.308093476228207237e+02
5.321102201076935216e+02
5.326022556416761518e+02
5.330714910736843422e+02
5.331188912856837305e+02
5.340069619242831322e+02
5.345138641914245454e+02
5.351686004530929495e+02
5.354857018713422576e+02
5.356588026455425506e+02
5.371480759730459340e+02
5.375755445515835618e+02
5.378165456294708520e+02
5.383175478702240753e+02
5.387925499946908303e+02
5.392784855013908327e+02
5.405927913796783741e+02
5.408037923233888478e+02
5.409538596612378569e+02
5.413256946576186692e+02
5.426227004585308578e+02
5.439330396524105709e+02
5.452466788610496451e+02
5.453570460213379647e+02
5.454045795672669783e+02
5.458310814748144821e+02
5.459637820683234395e+02
5.464353175106185745e+02
5.468503527002139890e+02
5.469954200157002333e+02
5.477320899771539189e+02
5.482485589537493524e+02
5.484209597248189993e+02
5.490090623551323006e+02
5.504170019855340570e+02
5.504983356826356840e+02
5.508103370780748946e+02
5.510569048475260843e+02
5.516893743429387769e+02
5.517234078284882344e+02
5.522999437404023411e+02
5.525429448272349191e+02
5.529982468635920441e+02
5.534024820048838365e+02
5.539526511322046645e+02
5.545240536878262674e+02
5.553303572940525328e+02
5.560170603653605212e+02
5.560803939819560355e+02
5.566172630497919727e+02
5.571354987009556226e+02
5.577913683010262957e+02
5.579087354926225544e+02
5.592258747169156550e+02
5.600141449091534014e+02
5.605629140302127098e+02
5.608573153469347972e+02
5.613197174150471938e+02
5.615176849671320269e+02
5.628694243461757196e+02
5.636729279398788321e+02
5.641984302902097852e+02
5.645590985699802786e+02
5.649971005289622781e+02
5.654956694254989316e+02
5.661200722181663423e+02
5.662319727186459204e+02
5.679067468758094037e+02
5.684310492207733887e+02
5.690642187193168411e+02
5.694061202484856494e+02
5.700548564833186447e+02
5.706652592133701773e+02
5.726045345535261504e+02
5.730967700884033320e+02
5.735129719498834220e+02
5.775765901245840723e+02
5.793805648596024866e+02
5.795293655251196014e+02
5.797168663637248756e+02
5.805822369007971702e+02
5.809452385243370145e+02
5.814386073976163516e+02
5.824805787245429656e+02
5.833530826268528244e+02
5.838963183898306397e+02
5.839653853654021987e+02
5.841585195625361848e+02
5.848204558564069657e+02
5.863788628264467206e+02
5.865329301821860781e+02
5.872890668973722086e+02
5.873460004853433247e+02
5.883663717156626944e+02
5.886935398456023449e+02
5.893392760670177495e+02
5.900688793301985697e+02
5.903894474306192706e+02
5.910302836301191292e+02
5.917320534354802248e+02
5.920179213807032284e+02
5.921569553358716576e+02
5.933190938669176830e+02
5.941058307189641710e+02
5.944925991154685789e+02
5.951033018468618820e+02
5.952449691471414326e+02
5.960761061977696045e+02
5.966024085516787636e+02
5.970242104382051593e+02
5.988190851325231279e+02
5.989275522843137196e+02
5.992619204464558607e+02
6.005210927448227949e+02
6.009682280779874191e+02
6.011096620438900118e+02
6.018925655454584103e+02
6.026240688171370721e+02
6.035559729851171369e+02
6.038829411141622359e+02
6.041147754843844950e+02
6.059825838382347456e+02
6.064503525970164901e+02
6.083101275816038651e+02
6.085833288035076976e+02
6.090585975958337031e+02
6.095927666515935925e+02
6.108086387562985919e+02
6.108327388640873323e+02
6.115352753395441141e+02
6.127601474845022267e+02
6.130494487784143303e+02
6.136414180926882409e+02
6.139358527428927346e+02
6.140093530716260375e+02
6.153435590389174195e+02
6.156891272511523994e+02
6.164062971253908927e+02
6.177388030850790983e+02
6.180370044187968688e+02
6.190406089074596139e+02
6.191480093878126354e+02
6.196405782575139938e+02
6.203727481988411228e+02
6.208185835261913326e+02
6.214673530945068478e+02
6.216066537175346411e+02
6.219663553263150106e+02
6.223252569315172877e+02
6.234423952612980884e+02
6.238059968875213599e+02
6.240739980861678760e+02
6.256055716028605502e+02
6.265100756482923998e+02
6.266156427871125061e+02
6.267465100390883208e+02
6.272762457416865800e+02
6.277181143846290752e+02
6.281521496592031326e+02
6.286027850080217831e+02
6.289916867474009905e+02
6.297756235869242118e+02
6.307699280339920733e+02
6.312446968240817569e+02
6.313134304648292527e+02
6.313903308087691357e+02
6.318890330392356418e+02
6.322856014795710280e+02
6.325384359437168769e+02
6.330811050374936713e+02
6.332370057347659440e+02
6.336749743602655371e+02
6.340806428413012554e+02
6.346767455073951396e+02
6.372354236178556448e+02
6.374756913591297689e+02
6.380224271377614969e+02
6.383564952985618675e+02
6.397827683442937996e+02
6.400259027650558892e+02
6.404809381335538774e+02
6.409991071177527147e+02
6.411394077452531519e+02
6.417962440163138353e+02
6.423507464963491884e+02
6.424433469105083532e+02
6.429898160212808307e+02
6.434910182629284918e+02
6.441706546359638423e+02
6.443525887830051033e+02
6.446918569670626766e+02
6.459920961157695274e+02
6.473493021859300143e+02
6.483587400340159093e+02
6.486727081049177741e+02
6.491142767465184988e+02
6.491751103519326307e+02
6.497040793844352038e+02
6.497229128020018152e+02
6.498800468381235760e+02
6.511331857761728088e+02
6.525935256409367184e+02
6.535312298348575268e+02
6.536710971270864547e+02
6.546507681753724910e+02
6.551072035501318851e+02
6.552538375392919079e+02
6.566780439091138533e+02
6.571062791577471671e+02
6.573602469602952851e+02
6.578746825944632519e+02
6.596297904442559457e+02
6.599261584364406872e+02
6.602902600649002807e+02
6.607424620873925960e+02
6.612309642722387935e+02
6.618562004019667029e+02
6.626544039719652801e+02
6.636736418638822670e+02
6.656727174714974353e+02
6.663477204904764903e+02
6.668812895435527253e+02
6.673644917046945011e+02
6.692837336219167810e+02
6.719031453373441991e+02
6.725472815516035325e+02
6.742403557906148990e+02
6.743816564225878665e+02
6.752832604550491169e+02
6.764980992217991798e+02
6.769599679541928481e+02
6.784540413031645585e+02
6.799291479006400323e+02
6.802669160779888671e+02
6.804704836551198923e+02
6.820761575032292967e+02
6.826628934607634847e+02
6.843819011490967341e+02
6.848835700594983109e+02
6.853705389041533635e+02
6.855290729465367576e+02
6.862763096219171075e+02
6.864148769083317347e+02
6.871759469789158175e+02
6.872791807739664591e+02
6.875738487585479106e+02
6.877104160360174774e+02
6.877179827365264373e+02
6.882834185987951514e+02
6.885785199186479986e+02
6.894066569558585797e+02
6.901438269195484736e+02
6.904615283404813226e+02
6.914443994030793874e+02
6.920559021380507829e+02
6.936676093464780024e+02
6.939254438329868435e+02
6.945792800906298226e+02
6.948436146062103944e+02
6.951483493024821882e+02
6.960097531551466545e+02
6.972108585271402035e+02
6.975251265993837251e+02
6.976827939712243278e+02
6.979936286947788631e+02
6.985580978860574533e+02
6.995449022995809401e+02
7.006261404687968479e+02
7.010094421831296359e+02
7.011816096198223249e+02
7.019680464705270424e+02
7.021363472232591221e+02
7.027239165178538087e+02
7.028397837027413289e+02
7.036636540542021976e+02
7.039259885608374816e+02
7.049399930960148595e+02
7.053360282006315174e+02
7.056537296215643664e+02
7.059011307280760548e+02
7.063997329580952282e+02
7.065873337971477213e+02
7.068746017486322444e+02
7.071537029969240393e+02
7.075331046938139252e+02
7.078581394808787763e+02
7.079743066671080669e+02
7.085393425275875643e+02
7.089253442539962862e+02
7.096029472846039425e+02
7.107659524861928730e+02
7.109342865724074727e+02
7.113803885676171603e+02
7.115403226162620740e+02
7.121196585406993336e+02
7.123346928357824481e+02
7.132770970507244783e+02
7.137747659432358205e+02
7.141515009615320650e+02
7.143604352293325519e+02
7.146898033691119281e+02
7.150269715437772220e+02
7.156393409492914088e+02
7.157863082732756084e+02
7.178139840088059600e+02
7.191697234057398873e+02
7.195047915710129018e+02
7.208057973898152113e+02
7.215338673128048868e+02
7.217506349489736976e+02
7.227286726566212565e+02
7.230562407883500100e+02
7.237696106455928202e+02
7.239927783103861429e+02
7.247783484905479554e+02
7.252828507469552051e+02
7.261995881804347164e+02
7.265411563747793480e+02
7.266596569047778758e+02
7.270210918546440553e+02
7.272340928072995894e+02
7.277253950046690534e+02
7.284589649522577020e+02
7.287412995483441591e+02
7.291418013396049673e+02
7.294272692830388678e+02
7.311067434612234592e+02
7.312583108057813206e+02
7.315118119395756366e+02
7.318594468277204896e+02
7.328436845630977814e+02
7.331805527364214186e+02
7.341299569826711604e+02
7.345816923364095601e+02
7.351511615500509151e+02
7.353052289057901589e+02
7.355269632308394421e+02
7.358203312096065929e+02
7.370508367130934175e+02
7.371677039024534679e+02
7.378100401086621787e+02
7.387250108675733600e+02
7.391492794317987318e+02
7.393736471019591363e+02
7.394746808871702797e+02
7.400397834146148170e+02
7.403671182119664991e+02
7.407827200707631619e+02
7.415312234184752924e+02
7.421801263207204329e+02
7.422815267742381593e+02
7.438420004201879010e+02
7.445910037701364672e+02
7.450092056405616177e+02
7.453703739225684330e+02
7.461370440181988215e+02
7.465293124393022026e+02
7.469772144425625129e+02
7.470905482827861306e+02
7.472066821355329012e+02
7.481574863880443900e+02
7.484683877785637378e+02
7.490030568365599493e+02
7.491136239977428204e+02
7.497455601574367847e+02
7.500732616230951635e+02
7.509397988320520199e+02
7.512013000016269189e+02
7.514998013366865734e+02
7.517594024977634035e+02
7.526929733398643521e+02
7.527496735934586241e+02
7.537079112125494476e+02
7.542704470618476762e+02
7.554295855794759973e+02
7.564551568330526834e+02
7.569623591015358670e+02
7.571494599383520381e+02
7.578536964214122236e+02
7.588924677340265816e+02
7.589877681602617940e+02
7.592619027196732304e+02
7.598964055575135035e+02
7.609920104576518725e+02
7.617517471889391345e+02
7.618215475011239732e+02
7.623158497119110280e+02
7.624382169258701651e+02
7.628027852230835606e+02
7.629577525828482294e+02
7.635578219333499419e+02
7.650241951584315530e+02
7.664817683441548297e+02
7.673118387233455451e+02
7.674261725680418067e+02
7.678873079638223089e+02
7.680805754948860340e+02
7.684037102734530436e+02
7.689067791901162536e+02
7.694921818083537346e+02
7.706652870551155274e+02
7.708014876642783975e+02
7.713278233516698492e+02
7.717282251424834385e+02
7.718516590278800322e+02
7.723478279136826359e+02
7.725723289177725519e+02
7.726421292299573906e+02
7.730142642276799734e+02
7.730883978925791098e+02
7.734227327212388445e+02
7.749186727452259902e+02
7.750116398276917380e+02
7.755578756040872577e+02
7.758469435636224034e+02
7.766109136471768579e+02
7.780550867729676838e+02
7.785849558094955682e+02
7.789438907481802516e+02
7.798845616220364718e+02
7.803714304662441918e+02
7.804433974547861226e+02
7.807839323111758176e+02
7.813316347607976695e+02
7.817810701042491246e+02
7.819177373821659103e+02
7.826144071647170222e+02
7.829988422174520792e+02
7.834577442699104495e+02
7.853617194521850706e+02
7.854802199821835984e+02
7.859262886439108797e+02
7.861498896439755981e+02
7.868421260733649660e+02
7.869584599270064018e+02
7.877308633816127212e+02
7.878930307735798806e+02
7.888852685447376416e+02
7.889038019609625962e+02
7.897578391140124268e+02
7.900204402885070749e+02
7.903204082967930617e+02
7.906406430623896995e+02
7.911109118323528264e+02
7.913244461207270888e+02
7.915386470787498183e+02
7.922526502721586894e+02
7.930479204957043748e+02
7.937546569899459428e+02
7.939121243608919940e+02
7.943143928267211322e+02
7.945740606547627749e+02
7.957677659936593955e+02
7.962372014265621374e+02
7.964309689598621844e+02
7.967214369256588498e+02
7.980742096426574790e+02
7.984474779787823309e+02
7.988383130601417861e+02
7.988682798608361963e+02
7.990579473757986761e+02
8.007991551634227108e+02
8.008991222771963976e+02
8.012279904147393381e+02
8.032903329719853218e+02
8.036959014525737075e+02
8.040259695954839572e+02
8.047353394348365327e+02
8.062829463565726655e+02
8.069245492261680965e+02
8.071003166789619172e+02
8.075969189000360302e+02
8.080773877156193521e+02
8.091270257435022586e+02
8.100915967242525539e+02
8.105525321191386183e+02
8.112100683933300616e+02
8.119814718434640781e+02
8.124723740390444391e+02
8.136799127731447925e+02
8.136862794682867843e+02
8.151955195517589345e+02
8.155914879894107798e+02
8.159051227254885816e+02
8.164778252869244852e+02
8.173718626188767757e+02
8.183336335871040319e+02
8.186673017461152995e+02
8.198507070389445062e+02
8.204752431655415421e+02
8.210359123398243355e+02
8.216078815646470730e+02
8.225861859401538823e+02
8.227849201623342879e+02
8.243298604054768930e+02
8.247056620862655336e+02
8.258588339105409659e+02
8.264834700375851071e+02
8.272841402852827741e+02
8.277366089756343399e+02
8.281697442461831997e+02
8.286996132827109705e+02
8.290195813804482441e+02
8.295797172190124229e+02
8.296580175692139392e+02
8.305610216079368229e+02
8.321704621395597314e+02
8.322476291513589786e+02
8.327643314623314836e+02
8.328625319015370678e+02
8.332230668473779360e+02
8.339580701347106242e+02
8.348928409821785408e+02
8.353019428119034728e+02
8.354464767916709889e+02
8.359459123587505474e+02
8.361089797547430180e+02
8.369601168948224768e+02
8.376996535357640141e+02
8.379025544432466859e+02
8.388639587431672453e+02
8.394004944761788920e+02
8.395506284809928275e+02
8.400194972446944348e+02
8.401963313689257120e+02
8.406621334522449160e+02
8.417824051293730463e+02
8.419662059514298562e+02
8.420743731018785638e+02
8.431729780154345235e+02
8.436128466494319582e+02
8.438235475918005477e+02
8.446954181579445731e+02
8.448186187089640953e+02
8.449922528188832302e+02
8.453882545900174819e+02
8.460832243649653037e+02
8.462937586399218617e+02
8.473144965385478145e+02
8.485363353366057027e+02
8.525693533744459955e+02
8.529070882183125377e+02
8.558396346675813220e+02
8.564194372607723835e+02
8.565621378990069843e+02
8.569437062722539622e+02
8.578125434914977632e+02
8.583124123938487173e+02
8.590577823942137456e+02
8.592817167291026408e+02
8.619884955019496147e+02
8.623594971612698146e+02
8.626879652970237657e+02
8.630255668069605690e+02
8.646082072187186895e+02
8.652546434432648539e+02
8.653698772919863131e+02
8.657618457117480375e+02
8.666314829345699309e+02
8.668326838344491989e+02
8.676327540794632114e+02
8.682020566256925349e+02
8.684296576436473742e+02
8.687487924043242629e+02
8.697751303279964077e+02
8.708422017671844060e+02
8.717173390146052725e+02
8.721830410974771439e+02
8.730106114654865905e+02
8.732397458236328021e+02
8.738428151875522190e+02
8.740451160923513498e+02
8.746824189427147758e+02
8.751001874778685306e+02
8.752420214455602263e+02
8.753753553752350172e+02
8.758835909816731373e+02
8.766087608916923273e+02
8.768616286893206961e+02
8.771142964860545135e+02
8.778563664716599533e+02
8.783161018611788222e+02
8.788832710645332327e+02
8.794583736367034135e+02
8.798449420323132699e+02
8.799871760017938414e+02
8.804119112347731289e+02
8.808170463800901189e+02
8.813690821824266095e+02
8.818384509483644251e+02
8.819385513960678509e+02
8.820848520504035832e+02
8.826356545138904721e+02
8.832295571701446306e+02
8.833205909106302443e+02
8.839281602946759904e+02
8.842439617071109978e+02
8.876785104016056493e+02
8.878277444023942735e+02
8.887620152476259818e+02
8.893625846003640163e+02
8.910474921361827683e+02
8.914229271486647121e+02
8.916315614151235422e+02
8.920401299091296323e+02
8.923041644233683201e+02
8.946527749276261829e+02
8.949710096842775329e+02
8.957456131487235780e+02
8.958915804682352473e+02
8.960464478275525835e+02
8.967054174414881800e+02
8.971385527120369261e+02
8.975446545283440400e+02
8.976026881212351327e+02
8.997076642024944704e+02
8.998207313748588376e+02
9.002483332873260906e+02
9.008694360652340265e+02
9.010419035032684860e+02
9.013943050793990324e+02
9.016600396012410101e+02
9.022070087142496959e+02
9.024822766120634014e+02
9.037431489180338531e+02
9.038772161843218100e+02
9.044952189483648226e+02
9.046136528113985378e+02
9.052812891307629570e+02
9.054987901035450477e+02
9.062039932575953571e+02
9.066946954522812803e+02
9.071536308382221705e+02
9.072832980848310171e+02
9.080985017308630631e+02
9.084466032877617181e+02
9.090261392130935292e+02
9.097995093386900862e+02
9.100079102707718448e+02
9.106681465570393357e+02
9.109655812206615337e+02
9.119317855420504202e+02
9.121514865246721229e+02
9.123034205375365673e+02
9.128529229952091555e+02
9.129614901474469661e+02
9.130582239134259908e+02
9.131817244657873971e+02
9.148618986471027483e+02
9.149995325960095442e+02
9.156070686465731114e+02
9.159713702759272564e+02
9.168049406707719982e+02
9.172554426856609098e+02
9.176954446535879697e+02
9.186881157600172401e+02
9.193397186743383145e+02
9.199637881321814348e+02
9.210847931459228448e+02
9.215979954412413235e+02
9.230501686028127324e+02
9.231182689073940537e+02
9.233583366477737400e+02
9.241466401734938927e+02
9.253573789219063883e+02
9.254998462257640313e+02
9.255272130148298402e+02
9.259718150033306756e+02
9.272491540496157540e+02
9.274032214053549978e+02
9.283200255057994355e+02
9.284624928096569647e+02
9.287786275569160352e+02
9.293993969999997944e+02
9.304776018223155916e+02
9.316087068812297503e+02
9.322185429420801484e+02
9.329614129312636805e+02
9.338818170478091361e+02
9.347653876662820949e+02
9.349773886144650987e+02
9.356614916741443722e+02
9.367997967652611351e+02
9.374984998902397137e+02
9.381344694013064327e+02
9.385859380871854682e+02
9.397795434256347562e+02
9.399819776643636260e+02
9.402192120587377531e+02
9.413601504949654100e+02
9.414263841245314097e+02
9.417687523224541337e+02
9.420541202654407016e+02
9.441066294453730734e+02
9.448514661100191461e+02
9.451974009905605953e+02
9.467976748145182455e+02
9.482790147732059722e+02
9.487773503353657816e+02
9.494945202096043886e+02
9.498085216139886597e+02
9.499529555933090705e+02
9.503094238542946641e+02
9.514558956486040415e+02
9.517373635741477074e+02
9.524042998903812531e+02
9.531777700164251428e+02
9.537180057659851400e+02
9.538067394961838090e+02
9.539882403079537880e+02
9.547168769001443707e+02
9.551154453494250447e+02
9.570084871494661911e+02
9.575632229638785020e+02
9.576805568219923543e+02
9.577479571234429159e+02
9.589249957211302444e+02
9.592039636354924141e+02
9.593095307743124067e+02
9.605865031522910158e+02
9.621240100288542862e+02
9.629134468929767081e+02
9.633294154200798403e+02
9.635549830956072128e+02
9.639318847813156026e+02
9.641947859571521349e+02
9.643055197857470375e+02
9.648558889139624171e+02
9.649969228780760204e+02
9.655975588977788675e+02
9.662787286110053628e+02
9.676554014348981809e+02
9.678330688961899568e+02
9.679176692745686523e+02
9.683831713565459722e+02
9.689005403371669445e+02
9.705781478403359870e+02
9.706778816197328297e+02
9.708429156911878408e+02
9.713398845805684232e+02
9.717063195527973676e+02
9.723930892910701687e+02
9.726595238160429062e+02
9.728969582113114711e+02
9.732821266006595806e+02
9.733915604234402963e+02
9.759106383567874445e+02
9.761111392535359528e+02
9.782667155611070484e+02
9.791543861979173471e+02
9.792730200618456138e+02
9.814420297628313392e+02
9.821281328314557868e+02
9.822904335573524577e+02
9.829042363026106841e+02
9.831269372986500912e+02
9.844824433612071743e+02
9.849311120345630570e+02
9.861661508916588446e+02
9.868844207708173144e+02
9.870330881024046903e+02
9.873477561764375423e+02
9.876877243636259891e+02
9.881234929792857429e+02
9.882592935866596235e+02
9.886374286112175014e+02
9.890885306287900676e+02
9.896565331692049767e+02
9.900728683646146919e+02
9.905157703455121236e+02
9.924100788178852781e+02
9.924387789462476803e+02
9.931777822514706031e+02
9.934677835485135802e+02
9.942058868497110780e+02
9.947310225317354480e+02
9.950800574261419342e+02
9.953706920593506311e+02
9.955067593345838759e+02
9.959210945210484169e+02
9.961065620172261106e+02
9.965127971674630771e+02
9.967532649096316391e+02
9.970020660224049607e+02
9.976185687797391211e+02
9.979830370765052976e+02
9.984213390368290675e+02
9.991009087428992643e+02
9.998176786153488820e+02
1.000934983612541828e+03
1.001352952148590134e+03
1.001463985978526807e+03
1.002536424108384153e+03
1.002875658958959434e+03
1.003455261551255944e+03
1.004507599591214898e+03
1.004657666929063907e+03
1.004959968281119245e+03
1.005400070249493524e+03
1.005459470515163730e+03
1.006003572948684337e+03
1.006633942434704636e+03
1.006857376767357323e+03
1.007196778285344749e+03
1.007541713161413554e+03
1.008582117814666390e+03
1.010003657505895035e+03
1.011041795482343332e+03
1.011164262696749688e+03
1.012044066631709370e+03
1.012232367473892737e+03
1.012410668271350346e+03
1.013283305507589944e+03
1.015496915408051791e+03
1.015938417382687703e+03
1.016265652179592280e+03
1.016532620040283746e+03
1.016915388418897919e+03
1.017497857690682508e+03
1.018442161914122266e+03
1.018550862400289702e+03
1.018973164289052306e+03
1.019781901239495255e+03
1.019959668701234250e+03
1.020346703765597908e+03
1.020352937126810161e+03
1.021493175559907286e+03
1.021951477609682115e+03
1.022545013597629804e+03
1.023663818601531489e+03
1.023935453149761656e+03
1.024372821772577481e+03
1.024691089862711351e+03
1.025544760347454712e+03
1.025779494730647230e+03
1.026944933276452730e+03
1.027446068851135806e+03
1.028429639916864744e+03
1.028644607544983046e+03
1.029160409851930353e+03
1.029744379130423795e+03
1.029942813351262430e+03
1.030299448279660282e+03
1.030504715864394711e+03
1.031342919613295635e+03
1.032386824282202497e+03
1.033766963788267049e+03
1.034576434075323050e+03
1.035152769986342719e+03
1.035392704392792439e+03
1.035968573635058192e+03
1.036646743334867097e+03
1.037578747503294380e+03
1.038068483026990179e+03
1.038092449800849181e+03
1.038838419803897523e+03
1.039291021828178827e+03
1.039566556393851897e+03
1.040297759664188789e+03
1.040651427912651570e+03
1.040896395674946689e+03
1.041778266285816017e+03
1.042119134477029775e+03
1.042733603891936355e+03
1.042977838317618307e+03
1.043501640660345856e+03
1.044587078848346664e+03
1.044910713629149996e+03
1.045417149227537493e+03
1.045768850800537166e+03
1.046143419142476432e+03
1.046565221029002714e+03
1.047316957724509621e+03
1.047439124937574206e+03
1.048225528454796631e+03
1.048879431379404423e+03
1.049368566900416681e+03
1.049769435359984300e+03
1.049970202924592058e+03
1.050783006559890055e+03
1.051096641295967856e+03
1.052399113787996612e+03
1.052928049487016779e+03
1.053497185365833730e+03
1.053554185620769886e+03
1.053938987341811526e+03
1.055091259162061760e+03
1.055152559436229694e+03
1.055474260875052778e+03
1.056253731027931963e+03
1.057047501244768910e+03
1.058641841708855964e+03
1.059884780601285001e+03
1.060209215385666312e+03
1.060869618339345834e+03
1.060980985504106684e+03
1.061826655953069576e+03
1.061905956307743736e+03
1.063399729655373676e+03
1.063514263500964262e+03
1.064348933900728980e+03
1.065912707561438083e+03
1.066428343200973131e+03
1.066483476780893625e+03
1.067157979797636472e+03
1.067501848002267707e+03
1.067801449342247224e+03
1.068520685892395704e+03
1.069057888295056046e+03
1.069393523129529740e+03
1.069679091073410973e+03
1.070536128239878735e+03
1.071156531014655684e+03
1.071813133951339751e+03
1.072455203489688756e+03
1.073656408862129638e+03
1.074135777672793211e+03
1.074173077839619737e+03
1.075305982906584632e+03
1.075614184285027932e+03
1.075700418004045332e+03
1.076193720210359743e+03
1.076866656553428811e+03
1.077471159257092268e+03
1.077524326161549880e+03
1.077697393602267994e+03
1.078250762743901078e+03
1.079249833878954860e+03
1.080112271069574263e+03
1.080410805738116323e+03
1.080868841120031902e+03
1.081213209326899687e+03
1.081603211071198530e+03
1.081993479483356850e+03
1.083296851979411031e+03
1.083765820743559971e+03
1.084543224220529055e+03
1.084762025199125446e+03
1.085612595670003884e+03
1.085744196258592865e+03
1.086174031514382250e+03
1.086606200113940986e+03
1.088271507562097668e+03
1.089268345353829091e+03
1.089362212440320263e+03
1.090040282139681722e+03
1.090424417191075008e+03
1.091098353538616720e+03
1.091936157285728768e+03
1.093657931653102423e+03
1.093805565646735204e+03
1.094011333233705727e+03
1.094715303048906435e+03
1.094738703153564529e+03
1.095913708408824050e+03
1.096141776095533032e+03
1.096455577499022866e+03
1.097379448297740055e+03
1.097754516641915188e+03
1.099473490996766031e+03
1.100199594244292712e+03
1.100899064039366976e+03
1.101667600810013028e+03
1.102521571296098273e+03
1.102641105164051623e+03
1.103520442430257390e+03
1.103919210880432502e+03
1.104489580098098941e+03
1.105100049495115400e+03
1.105599251727818000e+03
1.105721652275259430e+03
1.106710156696386321e+03
1.106810157143642755e+03
1.107409259823154116e+03
1.108392897555848094e+03
1.109232967979764680e+03
1.111496344769477673e+03
1.112125580917095704e+03
1.115738097074223788e+03
1.117232403757572456e+03
1.118245474955242116e+03
1.118642410063884199e+03
1.120561118645387751e+03
1.120812719770684225e+03
1.123569065431887793e+03
1.124622970145520185e+03
1.125485140668280337e+03
1.126244677398673275e+03
1.126797479871104997e+03
1.127321548881692024e+03
1.127391249193429530e+03
1.128038585422001006e+03
1.128389720325799772e+03
1.128738988554583329e+03
1.129678126088248064e+03
1.129943227273924094e+03
1.130934798375433729e+03
1.131492134201474528e+03
1.132469338572061588e+03
1.132952840734544907e+03
1.133007940980983221e+03
1.135523985567430145e+03
1.135783720062436714e+03
1.140328473722369154e+03
1.141784680235313090e+03
1.142694250970072517e+03
1.142717917742589862e+03
1.142983752264879286e+03
1.144067090443487359e+03
1.144672593151623232e+03
1.144825527168960434e+03
1.145112528452585366e+03
1.145112561786067999e+03
1.145308795997066909e+03
1.146519134743690302e+03
1.146543501519338406e+03
1.146554968237290495e+03
1.146982970151546851e+03
1.148029774833423971e+03
1.149293047150128587e+03
1.150040183825061604e+03
1.151990959216652072e+03
1.152028459384373264e+03
1.152070359571773452e+03
1.152857963094362731e+03
1.152876296509693248e+03
1.153152197743673014e+03
1.153411565570372886e+03
1.153834200793959781e+03
1.154109035356502091e+03
1.154914205624326087e+03
1.155438741303667030e+03
1.156047044024326169e+03
1.156132111071458667e+03
1.156993414923675800e+03
1.157013315012679868e+03
1.157995119403840590e+03
1.158926323568689895e+03
1.159165491305044270e+03
1.162572839877885144e+03
1.164433248198638466e+03
1.164438681556272741e+03
1.165219818383272923e+03
1.166145189188698851e+03
1.167325394467215801e+03
1.167702029485064941e+03
1.168134631419894959e+03
1.169340703480768980e+03
1.171247145340742463e+03
1.172387850442593162e+03
1.172649784947439684e+03
1.173680422890343834e+03
1.174002790998815271e+03
1.174712127504685441e+03
1.174754427693874959e+03
1.175442764105821198e+03
1.176144767245559478e+03
1.177186671905521052e+03
1.177203371980212978e+03
1.179261681186086207e+03
1.179840550441769665e+03
1.180384186206536242e+03
1.181096789393683594e+03
1.181242656712747930e+03
1.182424361997973847e+03
1.182486128940895696e+03
1.183126898473430629e+03
1.183746701245524036e+03
1.184563504898712381e+03
1.184792572589893780e+03
1.184798105947975273e+03
1.186028578117979805e+03
1.187134683065079798e+03
1.188150954277061828e+03
1.188574489504673920e+03
1.190021562643435118e+03
1.190033529363623529e+03
1.190082529582778989e+03
1.191221934678815387e+03
1.191491569218100494e+03
1.191986371431123871e+03
1.192028338285488871e+03
1.193175910084718225e+03
1.193857179798391826e+03
1.193860546480116000e+03
1.193864879832830411e+03
1.194723950341725640e+03
1.195556320731203414e+03
1.196169090138506590e+03
1.197055094101196119e+03
1.198261666164306234e+03
1.199709872641469929e+03
1.200331742089473437e+03
1.202624319009785268e+03
1.202663252517250385e+03
1.203369755677115108e+03
1.204084992209373468e+03
1.204902929200963626e+03
1.206268368641281540e+03
1.206381635814540459e+03
1.207089138978877600e+03
1.207476974046819350e+03
1.209140548153889995e+03
1.209325682315243512e+03
1.210218152973522365e+03
1.210670921665215701e+03
1.211060156739419199e+03
1.211069123446189678e+03
1.211085090184268438e+03
1.212115628126725369e+03
1.212122461490620935e+03
1.212924665078509861e+03
1.214399205006784086e+03
1.214544038987893600e+03
1.214695806333345899e+03
1.214719273104968579e+03
1.215411142866051478e+03
1.215914278449679614e+03
1.217434685249761969e+03
1.217612686045878036e+03
1.218022087876944624e+03
1.218914258533881366e+03
1.219082192618306863e+03
1.219626828387546311e+03
1.219809129202894383e+03
1.220515399028382035e+03
1.221779804683488692e+03
1.222332340488061163e+03
1.223291611445107037e+03
1.223298478142485237e+03
1.224707517777806743e+03
1.224962752252686869e+03
1.225048119301161250e+03
1.225935289935735227e+03
1.225999356888944249e+03
1.227036961529673817e+03
1.227048428247625907e+03
1.227529463732410250e+03
1.227989832458095179e+03
1.228973836859095627e+03
1.229625373106451889e+03
1.229963441285142608e+03
1.230354976369632595e+03
1.230359876391548369e+03
1.231975916952689886e+03
1.232130550977630264e+03
1.232656386662785508e+03
1.233248389310542052e+03
1.233469523632907794e+03
1.235104797613405026e+03
1.235323365257624573e+03
1.236108668769927135e+03
1.237792109632519441e+03
1.238411445735859161e+03
1.239443717019401902e+03
1.240845856623862801e+03
1.240852089985075054e+03
1.241088091040599465e+03
1.241554993128838532e+03
1.242587764414617595e+03
1.243338234437792380e+03
1.245273443093093192e+03
1.245372110201052692e+03
1.246525848694529259e+03
1.247943321700902743e+03
1.248052488855824095e+03
1.248319756717857217e+03
1.248800192199958246e+03
1.250477199700443862e+03
1.250624433692287084e+03
1.250957001846378716e+03
1.251858639212322487e+03
1.252308974559799253e+03
1.252857343679069800e+03
1.252940810719045885e+03
1.253235545370592263e+03
1.254305583489715673e+03
1.254433650729168221e+03
1.256809061353290645e+03
1.257242029956427359e+03
1.257533131258389858e+03
1.257860699390118725e+03
1.258597069350230413e+03
1.258600336031507368e+03
1.259505406746140352e+03
1.260398344073172893e+03
1.260555978111531203e+03
1.261788383623515756e+03
1.261811617060761591e+03
1.263369257360705660e+03
1.264184727674597070e+03
1.265176732111377987e+03
1.266609005183945555e+03
1.266916506559258323e+03
1.267065907227458865e+03
1.267931211097566347e+03
1.268009211446425979e+03
1.268598347414694445e+03
1.268626314206443567e+03
1.269423451105004915e+03
1.270220654670530848e+03
1.270821257356751175e+03
1.270832224072467170e+03
1.270867257562489158e+03
1.273380768804272293e+03
1.273716570306158246e+03
1.273721636995486051e+03
1.273723970339255402e+03
1.273729237029477417e+03
1.274524340585611071e+03
1.275171476813288109e+03
1.276400182308724197e+03
1.277372619991325337e+03
1.277469353757304589e+03
1.279035594095712895e+03
1.279196661482759964e+03
1.280370900067924140e+03
1.280661468034167910e+03
1.281110703376724814e+03
1.281250070666717647e+03
1.281743606207409130e+03
1.282356742283018775e+03
1.283229712854082663e+03
1.284013883027982956e+03
1.284175383750301762e+03
1.285475622899008386e+03
1.285525756456566114e+03
1.285538256512473254e+03
1.285544623207614904e+03
1.285577623355209653e+03
1.286673194921865615e+03
1.286997763040176551e+03
1.287195163923060136e+03
1.287863733579932386e+03
1.288422469412234932e+03
1.289128839238169803e+03
1.289338173507759393e+03
1.289708175162606949e+03
1.290391111550401774e+03
1.290409544966179283e+03
1.291794217825852684e+03
1.291952251865999642e+03
1.292391320496419212e+03
1.293342024748483254e+03
1.294131428279123384e+03
1.294140828321165372e+03
1.294348062581362456e+03
1.294870631585240744e+03
1.295796569059867807e+03
1.296485905476286689e+03
1.297607343825299495e+03
1.298199179805643780e+03
1.299809487007809594e+03
1.299911687464905526e+03
1.300506090123395779e+03
1.301541061419014568e+03
1.301808062613188440e+03
1.302712966660409393e+03
1.303323969393144125e+03
1.303358736215307090e+03
1.304850742888368814e+03
1.305029777022439703e+03
1.305060710494124123e+03
1.306683517752197076e+03
1.308475459100062153e+03
1.308985361380621271e+03
1.309157228815972303e+03
1.310058366179679751e+03
1.311897107736860789e+03
1.311938607922472102e+03
1.312795445088045199e+03
1.314383785525296844e+03
1.314786587326844710e+03
1.314852954290340449e+03
1.315060655219291448e+03
1.315632724444561291e+03
1.316233960466947565e+03
1.316773129545070333e+03
1.317252165020909615e+03
1.317510132841348195e+03
1.317819700892570609e+03
1.320127744548725104e+03
1.320485746149902070e+03
1.321035881943740605e+03
1.322170453684826271e+03
1.323547226509166649e+03
1.323940161599918383e+03
1.325693336107730602e+03
1.325969304008674953e+03
1.326240138553327142e+03
1.326776040950172728e+03
1.328542515517470292e+03
1.329446886228972289e+03
1.329497686456178371e+03
1.330949826284267374e+03
1.330957926320495289e+03
1.331621362621074695e+03
1.332723667551179233e+03
1.337181787490305396e+03
1.337201120910108330e+03
1.337405688491711771e+03
1.337497788903634955e+03
1.338794661370617177e+03
1.339467931048510536e+03
1.339686665360142115e+03
1.340018100175831478e+03
1.340048033643043482e+03
1.341014704633186284e+03
1.342129842954021797e+03
1.342359010645650642e+03
1.342901379738085325e+03
1.343268581380409842e+03
1.343439415477805824e+03
1.344172018754404462e+03
1.344588653951155720e+03
1.345220890112191682e+03
1.345373657462116626e+03
1.346015693666983452e+03
1.346652896516899773e+03
1.346753830301663356e+03
1.347570433953957263e+03
1.348125436436228938e+03
1.348511971498356161e+03
1.349545742788607868e+03
1.350211312432062186e+03
1.350224312490205648e+03
1.350401113280954405e+03
1.351213550247945705e+03
1.351237083686533424e+03
1.351392484381569375e+03
1.352316921849487699e+03
1.353335293070861781e+03
1.354499398277370574e+03
1.354615232128775688e+03
1.355307701892541900e+03
1.357083143166610171e+03
1.357110976624429668e+03
1.357878046721848932e+03
1.358082314302110944e+03
1.358594916594745882e+03
1.358599549948802178e+03
1.360433691485409554e+03
1.360573492110673442e+03
1.361491362882555222e+03
1.364230541800313176e+03
1.364760810838630050e+03
1.364981478492241877e+03
1.365702081715169925e+03
1.366758553106948511e+03
1.366764053131547598e+03
1.368572061217938653e+03
1.368883962612930645e+03
1.368957629609075866e+03
1.369982534193004312e+03
1.370926905083408883e+03
1.370938938470562107e+03
1.371141839378044779e+03
1.372625746014878587e+03
1.373108714841643405e+03
1.374496454381699323e+03
1.374650755071815638e+03
1.374754788870444372e+03
1.374756922213319058e+03
1.374758788888334493e+03
1.376739431080172153e+03
1.378514705686828165e+03
1.379056841444886231e+03
1.379253175656332360e+03
1.379257342341634740e+03
1.380581814932059842e+03
1.380873149568399413e+03
1.382762824686716385e+03
1.383505728009382437e+03
1.383777095889753127e+03
1.384779033704294534e+03
1.384806033825053873e+03
1.385868605244115315e+03
1.386092306244627252e+03
1.387004943659769197e+03
1.387517179284097665e+03
1.390419858933119258e+03
1.390925961196682692e+03
1.393588273103983056e+03
1.394022175044627375e+03
1.394121475488752594e+03
1.395611415485904445e+03
1.395949850332901860e+03
1.396106251032410228e+03
1.397223322695226216e+03
1.398087159892107138e+03
1.399102331099169305e+03
1.399324698760384535e+03
1.400135669054149503e+03
1.400178769246916772e+03
1.400546770892819495e+03
1.400893839111762873e+03
1.403252982996465107e+03
1.403824052217262533e+03
1.404862056859781205e+03
1.404887556973831579e+03
1.405715694011042160e+03
1.406454530648853051e+03
1.406772965406398953e+03
1.406996099737709983e+03
1.407493835297186024e+03
1.407496835310603956e+03
1.407505768683892029e+03
1.407693769524733625e+03
1.409482410857839568e+03
1.412084422495444187e+03
1.412468924215144170e+03
1.413265761112363634e+03
1.413773263382188361e+03
1.413820030258021916e+03
1.414771901181970861e+03
1.415755772249041684e+03
1.416700543141235130e+03
1.417192878676559531e+03
1.417822748160343508e+03
1.417917348583448074e+03
1.419390088503671450e+03
1.420466593318383957e+03
1.421201163270445250e+03
1.421324130487087587e+03
1.422202701083197780e+03
1.423134171915906336e+03
1.423298372650300962e+03
1.423597207320184907e+03
1.423878675245728346e+03
1.424501844699546382e+03
1.425339115110939701e+03
1.425844950706643431e+03
1.427837826286528752e+03
1.429128765393640833e+03
1.429423833380011274e+03
1.429617667580276020e+03
1.431188807940599645e+03
1.431803444022918484e+03
1.431864044293955658e+03
1.433160783427008482e+03
1.434548222965722744e+03
1.434790424048977002e+03
1.436294230774815105e+03
1.438711374918925458e+03
1.438893075731589988e+03
1.439371911206534833e+03
1.439921146996348170e+03
1.440330748828309197e+03
1.440678917052172665e+03
1.440938484879767202e+03
1.441304919851996146e+03
1.441315419898958226e+03
1.441567154358184325e+03
1.442594092284540011e+03
1.443443896085322649e+03
1.444175732691825488e+03
1.444208566172007977e+03
1.445252704175291683e+03
1.446169341608323975e+03
1.446791577724634180e+03
1.447326980119243672e+03
1.447895282661000238e+03
1.449676857295833315e+03
1.450142259377363189e+03
1.453605408199773365e+03
1.453797142390645831e+03
1.453917342928247763e+03
1.454690279718572810e+03
1.456179419712146455e+03
1.456486187750845829e+03
1.458915998618275808e+03
1.460117937327329855e+03
1.460549439257240010e+03
1.461661344230281202e+03
1.462325713868368439e+03
1.463010116929389596e+03
1.463710553395453871e+03
1.463979954600362134e+03
1.464559123857387249e+03
1.465333660654868481e+03
1.465450894512535115e+03
1.466227797987267877e+03
1.467528103802939768e+03
1.467834871841639142e+03
1.469771447169719295e+03
1.471053119568718785e+03
1.471222086991099331e+03
1.471374021003963662e+03
1.471450154677808086e+03
1.471967556991911351e+03
1.472501626047224136e+03
1.472980561522616199e+03
1.473181662422048248e+03
1.474712869270434112e+03
1.476269009563669670e+03
1.476461010422401387e+03
1.477313847570084135e+03
1.477986417244846734e+03
1.478275285203487101e+03
1.479894959114212497e+03
1.480688062661401091e+03
1.480818763245964874e+03
1.482072335519285161e+03
1.482869005749092821e+03
1.484087477865426308e+03
1.484124178029569293e+03
1.484213611762898836e+03
1.484554146619288304e+03
1.485174382726653221e+03
1.486125020311752678e+03
1.486129353664467089e+03
1.486167620502283853e+03
1.486662189380930386e+03
1.487520359885800190e+03
1.489516802148304123e+03
1.490188471819041297e+03
1.490519006630705235e+03
1.491263209959185360e+03
1.491358310384526021e+03
1.495290427971084910e+03
1.496495800028828171e+03
1.497440104252267702e+03
1.497754738992818147e+03
1.497937739811296751e+03
1.497956606562345996e+03
1.500199683261266046e+03
1.500643985248424997e+03
1.501053153745114741e+03
1.501656923112165032e+03
1.502588627279250431e+03
1.503298130452532860e+03
1.503788132644087909e+03
1.504397035367430590e+03
1.504731936865291345e+03
1.505730674665520837e+03
1.505794608284799779e+03
1.506716179073230023e+03
1.508779721635843089e+03
1.509221623612268104e+03
1.510908231155690146e+03
1.511270232774757233e+03
1.511761168303820341e+03
1.512881439980948244e+03
1.514206679241469374e+03
1.514431846915207643e+03
1.514741681634289534e+03
1.514985982726936300e+03
1.515645619010520477e+03
1.516143421236961331e+03
1.517114325579371325e+03
1.517228659424067700e+03
1.517847195523829214e+03
1.518219863857270411e+03
1.518537531944720740e+03
1.518540165289831748e+03
1.518546465318008813e+03
1.519219268327148257e+03
1.519773937474595641e+03
1.520670308150317169e+03
1.521483911789193371e+03
1.521768379728154514e+03
1.522611216831111733e+03
1.523643621448584327e+03
1.523999589707333826e+03
1.524351891283017267e+03
1.525110894677691249e+03
1.525502629763075902e+03
1.526415300511700480e+03
1.527359238066833541e+03
1.527589839098206312e+03
1.528453842962499266e+03
1.528720777489708325e+03
1.528923345062366934e+03
1.529378147096487965e+03
1.531639657211185749e+03
1.532569694704150152e+03
1.532662061783932359e+03
1.533149830632165276e+03
1.534738604404688658e+03
1.535164406309105289e+03
1.535450640922634648e+03
1.536383078426333441e+03
1.538120686197856458e+03
1.538694488764212110e+03
1.538987723409049522e+03
1.539408925292892263e+03
1.539744226792542122e+03
1.541292933719198118e+03
1.541759735806989738e+03
1.542212971167436990e+03
1.543104041819454096e+03
1.544054246069281817e+03
1.544121213035461096e+03
1.544263380337977196e+03
1.544502081405577428e+03
1.545292518274172380e+03
1.547188793422008303e+03
1.547610528641569772e+03
1.548734867003553063e+03
1.549635471031542011e+03
1.551235111519333486e+03
1.551404312276090877e+03
1.551829614178271413e+03
1.552084715319221687e+03
1.552846385392489537e+03
1.553136220022120142e+03
1.555457397070347497e+03
1.555718098236344076e+03
1.556752736197138574e+03
1.558071608762517599e+03
1.558561744288002274e+03
1.558818078767802035e+03
1.560052850957038572e+03
1.561005755218942340e+03
1.561817625516732733e+03
1.562150927007437303e+03
1.562700429465109892e+03
1.563126664704798031e+03
1.564073168938077515e+03
1.564323370057112243e+03
1.566276645459884094e+03
1.566362012508358475e+03
1.566681047268587918e+03
1.566924081688902788e+03
1.567708518530662332e+03
1.568653656091162702e+03
1.569068891281652668e+03
1.570169362870223949e+03
1.570708931950135820e+03
1.571588669218130462e+03
1.572294739042723904e+03
1.572395939495346965e+03
1.572924475192578029e+03
1.574529649038451225e+03
1.575008551180361110e+03
1.575058418070059361e+03
1.576269723487673218e+03
1.577463628827464163e+03
1.577639929615976598e+03
1.578626167360299178e+03
1.578647067453775662e+03
1.579581871634725985e+03
1.580256174650574394e+03
1.581088778374429012e+03
1.581106311786181323e+03
1.582507784720993868e+03
1.584176992186593225e+03
1.584270792606119585e+03
1.584713994588358673e+03
1.586124000894670417e+03
1.587754074851910445e+03
1.588425244520411297e+03
1.588784946129191667e+03
1.588792679497112658e+03
1.591391591120852581e+03
1.591934660216418251e+03
1.594054069695564976e+03
1.594575005358804901e+03
1.594587838749535877e+03
1.595147474585863620e+03
1.597703886019519814e+03
1.597710986051274858e+03
1.601768104196904005e+03
1.602795408791566388e+03
1.604117581371704773e+03
1.604422582735836158e+03
1.604461316242406610e+03
1.606482591949312564e+03
1.606715059655700543e+03
1.607041861117333838e+03
1.607158028303563015e+03
1.607866431471925580e+03
1.609599705890733730e+03
1.609752906575930183e+03
1.609755539921041191e+03
1.610523810023827764e+03
1.610533410066764418e+03
1.610754377721717901e+03
1.611559681323471750e+03
1.611991649922135821e+03
1.612405918441635777e+03
1.612569052504592946e+03
1.612915487387370604e+03
1.612925487432096133e+03
1.613429623020196686e+03
1.615383265091275234e+03
1.615842600479005114e+03
1.617063672606967657e+03
1.617717008862374314e+03
1.618723813365349315e+03
1.619223882268594707e+03
1.619928218752102111e+03
1.620274353633538112e+03
1.620293920387717890e+03
1.621438858841835781e+03
1.622044061548630225e+03
1.622319762781715326e+03
1.622717764561794638e+03
1.623897003169321806e+03
1.624687106703092468e+03
1.625849211900656201e+03
1.626336114078346100e+03
1.626352714152590806e+03
1.627615753134918123e+03
1.628500590425723203e+03
1.628782358352608298e+03
1.629172226762977743e+03
1.630995568251281611e+03
1.631219069250898883e+03
1.631676837964954984e+03
1.631901738970834231e+03
1.632386407805202225e+03
1.632496808298973065e+03
1.633051344112490824e+03
1.633892747875704117e+03
1.633896714560111832e+03
1.634831885409368851e+03
1.635331487643860555e+03
1.635570155377978608e+03
1.635828823201547948e+03
1.636753860672149585e+03
1.639518006368238957e+03
1.640252342985923178e+03
1.642040284315898361e+03
1.642512919763113359e+03
1.642698520593220792e+03
1.643311856669725103e+03
1.644376261430319346e+03
1.645785434399570704e+03
1.646619904798440530e+03
1.646734071975724873e+03
1.648850981443690216e+03
1.649051615674368350e+03
1.650352688160135585e+03
1.650966124237087342e+03
1.651376426072179356e+03
1.652110896023793202e+03
1.652214963155904570e+03
1.652654265120700757e+03
1.654558906972623618e+03
1.654813874779644266e+03
1.655960079906094279e+03
1.657135985165379452e+03
1.657782821391714378e+03
1.658476857829154369e+03
1.658764259114568631e+03
1.659195661044031567e+03
1.659643396379879960e+03
1.659753063537037406e+03
1.660614434056219352e+03
1.662148007581857200e+03
1.662850244055972098e+03
1.663091345134306948e+03
1.663163812125085087e+03
1.665124587561401313e+03
1.665318255094254027e+03
1.666001224815531032e+03
1.666186625644743799e+03
1.666904695523007831e+03
1.668222634750879024e+03
1.668628503232809180e+03
1.668879771023281592e+03
1.670213343654407026e+03
1.670533545086521144e+03
1.671068214144517242e+03
1.671466149257631969e+03
1.671958518126438776e+03
1.673756792835963552e+03
1.674116161109919858e+03
1.674564829783275854e+03
1.674832364313168227e+03
1.676445638195269339e+03
1.677581376608239680e+03
1.677942444889799162e+03
1.677954778278294043e+03
1.678565681010582011e+03
1.679695752731541234e+03
1.679766386380786344e+03
1.680067687728369265e+03
1.680307522134371766e+03
1.681494027441066009e+03
1.682187930544576375e+03
1.682993334146777443e+03
1.683259902005679805e+03
1.683816371161177813e+03
1.684692808414413093e+03
1.684710308492682771e+03
1.684944142871850318e+03
1.686559850098167772e+03
1.686578750182699196e+03
1.687463987475292925e+03
1.688939627408487240e+03
1.689086394731576547e+03
1.689092061423587893e+03
1.689100028125885956e+03
1.690092399230973570e+03
1.690973336504335293e+03
1.691905607340622055e+03
1.692364242725220947e+03
1.692742711084603116e+03
1.693569181447692699e+03
1.694368218354751662e+03
1.694514085673815998e+03
1.695207355441160416e+03
1.695453056540068701e+03
1.695570323731217968e+03
1.696655328583946812e+03
1.699011772456573226e+03
1.699582175007722299e+03
1.700391411960401456e+03
1.702852356300410293e+03
1.703027790418379936e+03
1.705241266984912272e+03
1.705530268277482492e+03
1.705682402291241715e+03
1.707412076693948620e+03
1.707751011543182130e+03
1.708543615088134175e+03
1.709622553247063252e+03
1.709743087119489246e+03
1.710203222510797104e+03
1.710288922894095776e+03
1.710296356260675338e+03
1.711261993912862863e+03
1.711277927317458989e+03
1.714160040207828388e+03
1.714849309957282458e+03
1.714921976948955262e+03
1.716764851857956273e+03
1.717230687274757884e+03
1.717421521461605153e+03
1.719666298168128606e+03
1.720427168237818250e+03
1.720689269410076577e+03
1.722731278543046983e+03
1.722818278932159728e+03
1.723795183301405132e+03
1.727091831379133737e+03
1.728461804173060273e+03
1.728472637554846415e+03
1.728482470932159913e+03
1.728719905327428478e+03
1.729571775804121216e+03
1.729663609548184695e+03
1.730640513917429871e+03
1.730877348310014895e+03
1.731624951653701828e+03
1.733008191173631303e+03
1.733924661939251337e+03
1.734051195838512740e+03
1.734237863340057629e+03
1.735026766868461436e+03
1.736730341154434655e+03
1.736978675598454174e+03
1.737235876748796954e+03
1.737618611793928721e+03
1.739821788314393643e+03
1.742284065993699187e+03
1.743137769811924727e+03
1.743815806177804006e+03
1.744456375709444274e+03
1.744739976977862852e+03
1.745164545543429767e+03
1.746310017333266842e+03
1.746316950697609855e+03
1.747344621960578706e+03
1.748121492101829290e+03
1.749367831009464908e+03
1.749541965121620478e+03
1.751663841278465952e+03
1.751782741810253583e+03
1.753467549345625002e+03
1.755106356675258894e+03
1.755324657651619191e+03
1.755773726326763835e+03
1.757001565151657360e+03
1.757253399611330678e+03
1.757638134665407279e+03
1.758330271094349655e+03
1.759608243476800681e+03
1.760144945877224472e+03
1.760797848797359848e+03
1.760805715499210692e+03
1.761345351246087148e+03
1.761977387406228445e+03
1.761992120805457716e+03
1.763064558935314835e+03
1.763710128489318322e+03
1.764244897547761639e+03
1.764728166375868113e+03
1.765020667684092359e+03
1.766020138820935017e+03
1.766560107902635991e+03
1.766955643005016327e+03
1.767650612779963922e+03
1.768101381462712425e+03
1.768522350012178322e+03
1.769212186430833526e+03
1.769700021946031484e+03
1.770080490314358713e+03
1.770289624583053637e+03
1.770617459382641755e+03
1.771445863087711814e+03
1.771751431121044106e+03
1.772088399294814735e+03
1.772704702051254571e+03
1.773556839195806560e+03
1.774440609815173730e+03
1.775034679138840147e+03
1.775835716054844170e+03
1.776267217984754552e+03
1.778243760158254645e+03
1.778300927080602833e+03
1.778498361296968824e+03
1.779826367236530359e+03
1.780105968487058590e+03
1.780515870320361500e+03
1.781200706716653940e+03
1.782413045472222620e+03
1.783855551923892563e+03
1.783973219116830705e+03
1.785082090742971559e+03
1.785365425343530660e+03
1.785993061483992506e+03
1.787035132811366339e+03
1.788959274750504392e+03
1.789440610236630619e+03
1.789812611900423462e+03
1.790591848718925803e+03
1.790805249673370326e+03
1.791314685285175528e+03
1.791737320508762423e+03
1.792402756818287344e+03
1.792793058563928071e+03
1.793621028933726620e+03
1.794829334337922546e+03
1.794896801306337920e+03
1.795731071704313308e+03
1.796118506770466411e+03
1.796693976010943061e+03
1.797275945280491442e+03
1.797544946483610374e+03
1.798717351727241294e+03
1.798980352903524818e+03
1.799742222977687106e+03
1.800991395231328397e+03
1.802043899938699496e+03
1.802323934524499009e+03
1.802589802380270612e+03
1.802962204045852559e+03
1.803692740646541097e+03
1.804716145223760350e+03
1.804820079021941865e+03
1.806447752968447958e+03
1.806763387713470820e+03
1.807228456460176631e+03
1.808199127468209554e+03
1.808617796007388733e+03
1.809880168320067696e+03
1.810652038438955515e+03
1.813357783873847438e+03
1.814005286769830946e+03
1.815006991249995735e+03
1.815208725485593732e+03
1.815622627336786991e+03
1.816876832946273680e+03
1.817149434165493858e+03
1.818431973235036367e+03
1.818917408739499933e+03
1.819341977305067303e+03
1.819469311207906685e+03
1.819773979237213780e+03
1.820316748331437793e+03
1.821359952997213668e+03
1.821539320466108848e+03
1.822207256786815151e+03
1.822986460271834858e+03
1.824526233825202780e+03
1.824756301520856596e+03
1.826616143172408783e+03
1.828109183183425330e+03
1.828665485671511533e+03
1.828940253567089030e+03
1.830159659020930349e+03
1.831270630656463709e+03
1.831793566328648467e+03
1.832432802520992254e+03
1.832739770560586066e+03
1.833666908040580211e+03
1.834074509863596177e+03
1.834294577514524690e+03
1.834690579285658941e+03
1.835181281480344978e+03
1.836602121168442636e+03
1.839436667179400274e+03
1.839927936043287218e+03
1.841519243160474389e+03
1.841765844263407871e+03
1.844930358416828767e+03
1.849093943705302991e+03
1.851356353824026201e+03
1.854077532661277928e+03
1.859737124640704224e+03
1.861526232642563855e+03
1.867642526664609022e+03
1.870110271035031246e+03
1.874541490853845517e+03
1.876197664927819460e+03
1.877550570978747828e+03
1.877921805972444872e+03
1.879953815060689976e+03
1.880224416270964866e+03
1.881318021162158175e+03
1.882783061047942965e+03
1.882985661954083980e+03
1.887226980923559040e+03
1.888499286613998720e+03
1.888686654118674369e+03
1.889345890400469443e+03
1.890869197213522057e+03
1.897546793746015965e+03
1.898623765229482387e+03
1.899307801622196621e+03
1.899785737093116268e+03
1.902217281301631829e+03
1.902595782994496403e+03
1.903195685677585971e+03
1.903976555836726675e+03
1.906163465617771180e+03
1.909881982248991108e+03
1.910336317614357995e+03
1.910609185501437651e+03
1.910901053473495949e+03
1.912617527817165410e+03
1.913073829857995179e+03
1.913878200122240969e+03
1.914108301151377418e+03
1.916802046532598752e+03
1.917537383154755616e+03
1.918501187465410339e+03
1.918898989244595214e+03
1.918973322910388788e+03
1.919131723618842670e+03
1.919417991565854663e+03
1.920451329520834634e+03
1.921719801860796451e+03
1.923417742788240957e+03
1.923977178623674263e+03
1.924229746419960748e+03
1.924566447925872353e+03
1.925321584636585840e+03
1.925706753025934177e+03
1.926764457756562479e+03
1.927279526726896393e+03
1.927545861251421684e+03
1.929847338211539636e+03
1.931936514222132473e+03
1.932721184398269088e+03
1.933422254200499538e+03
1.933841356074949999e+03
1.935657230863191899e+03
1.935722064486496492e+03
1.935743097913902375e+03
1.936427500974923532e+03
1.936673868743480170e+03
1.938515276979254850e+03
1.938886645306881746e+03
1.939821149486490640e+03
1.940025483733717010e+03
1.940761887027311332e+03
1.940881220894370472e+03
1.942172126668000146e+03
1.942514294865027978e+03
1.943573099600576143e+03
1.944313702912955250e+03
1.944662337805572633e+03
1.945496374869171177e+03
1.946039810633043317e+03
1.947740584906493723e+03
1.947882518874632524e+03
1.948285354009662569e+03
1.950698531469365435e+03
1.950911632422468301e+03
1.951130833402853796e+03
1.951133400080999991e+03
1.951780436308229810e+03
1.952554373103027501e+03
1.952714640486496592e+03
1.953722311660014157e+03
1.955313552110236515e+03
1.955664753681000093e+03
1.955885488001576732e+03
1.957137626935153548e+03
1.957285827597987009e+03
1.958155164819467245e+03
1.959065202222980588e+03
1.960221174059778832e+03
1.963070686804342813e+03
1.963789556686185051e+03
1.966170400667941522e+03
1.967112771549401032e+03
1.968367710495500887e+03
1.969245347754103022e+03
1.969743516648850800e+03
1.971796892499326077e+03
1.972206260996910260e+03
1.972330128217578249e+03
1.973134365147894641e+03
1.973456966590742923e+03
1.974112402855542086e+03
1.975117874019220380e+03
1.976600780651581545e+03
1.977177349896978058e+03
1.977873186342468671e+03
1.978312088305475982e+03
1.979072625040341336e+03
1.979630827536925153e+03
1.980190563373700343e+03
1.980298830524596269e+03
1.981972438009874850e+03
1.982041004983210314e+03
1.982538807209651395e+03
1.984868984298131636e+03
1.984995218196051383e+03
1.986686625760941752e+03
1.986965627008786214e+03
1.987681063541939466e+03
1.989263203951461264e+03
1.991370980045243641e+03
1.993774957463798955e+03
1.994140825766826993e+03
1.996160868134883458e+03
1.998500578599335313e+03
1.999202915073897657e+03
1.999208948434215472e+03
2.001813226748624629e+03
2.001907660504316937e+03
2.003889002699285584e+03
2.008730491019709234e+03
2.009514127857890799e+03
2.010154097386847752e+03
2.012247773417567032e+03
2.012390640723213892e+03
2.012715475509384305e+03
2.013135244053483120e+03
2.015254553532182399e+03
2.018039899323090367e+03
2.018462567880159668e+03
2.018742102463723086e+03
2.018986103555027967e+03
2.020769744865770917e+03
2.021294413879041713e+03
2.022707853534042215e+03
2.023350389741145364e+03
2.023443656824952996e+03
2.023916958941816347e+03
2.024667362298026546e+03
2.025268298319070936e+03
2.026180769066800849e+03
2.026331736408675397e+03
2.026991172691364682e+03
2.027217107035198751e+03
2.028024810647686763e+03
2.028243178291011645e+03
2.028420279083102287e+03
2.028633146701828309e+03
2.029078582027389530e+03
2.031835561024758817e+03
2.032010761808351617e+03
2.032456030466501034e+03
2.032522730764820608e+03
2.033166100308984369e+03
2.033734536184670560e+03
2.033918370340209776e+03
2.035103508974124907e+03
2.035301176524867742e+03
2.036667415968763862e+03
2.038524224273415939e+03
2.039610129130170208e+03
2.039787529923602506e+03
2.041166402757335163e+03
2.041819239010505726e+03
2.042918110591921049e+03
2.043583246900104086e+03
2.044257516582469862e+03
2.044621851545306299e+03
2.045870957131982777e+03
2.047060629119506757e+03
2.047932499685650782e+03
2.049421806346636458e+03
2.049519040114851578e+03
2.051095213831020828e+03
2.052434786488981445e+03
2.052495653427878096e+03
2.053141389649293615e+03
2.053292856993404257e+03
2.054372061820192357e+03
2.054753196858167939e+03
2.056516904746424643e+03
2.057145407557429735e+03
2.057410342075693734e+03
2.058874915292724836e+03
2.063182334557835929e+03
2.064060005149920471e+03
2.064841075309956068e+03
2.064874608793269090e+03
2.064882642162532193e+03
2.065547745137232596e+03
2.068933793614808110e+03
2.068986393850064815e+03
2.070202332621734513e+03
2.071421838076023505e+03
2.071613972268684847e+03
2.072069240971559339e+03
2.072397375772489340e+03
2.074042649797712329e+03
2.076920229334472879e+03
2.077602732386995740e+03
2.079740508614955161e+03
2.081094681338215651e+03
2.082649454958671413e+03
2.083001923201767113e+03
2.083787360047999300e+03
2.084986732078907153e+03
2.087395542852413200e+03
2.088488581074405374e+03
2.089945854258786767e+03
2.090888258473728456e+03
2.091752362338469084e+03
2.092126564012101426e+03
2.092134297380022417e+03
2.092139964072033763e+03
2.094438807687040480e+03
2.094858509564174710e+03
2.096484916838348454e+03
2.096988119088940948e+03
2.097850556279560806e+03
2.100059966161237753e+03
2.100443801211289156e+03
2.102880278775203351e+03
2.103264480493561223e+03
2.103767282742364841e+03
2.104632053276753595e+03
2.105586890880637839e+03
2.106602128754664591e+03
2.106919596841220482e+03
2.107375098878472272e+03
2.107946901435882864e+03
2.108513370636106174e+03
2.110030544088394436e+03
2.111689151506584494e+03
2.115005866340728971e+03
2.116278372032063544e+03
2.116302438806369992e+03
2.117497410817598393e+03
2.119679520577174571e+03
2.119688020615191817e+03
2.121061493424771925e+03
2.123065502387785273e+03
2.126191616369459553e+03
2.127553222459299377e+03
2.128652927377775541e+03
2.129340230451766729e+03
2.130182667552935072e+03
2.131477006675253506e+03
2.133956784432828499e+03
2.134256285772361025e+03
2.136134460839243729e+03
2.136591462883204258e+03
2.137380466412055284e+03
2.137783001545743900e+03
2.139173907766629327e+03
2.140035678287600149e+03
2.140554480607965161e+03
2.140900048820199572e+03
2.142811990704772597e+03
2.142966758063642828e+03
2.143128525453820657e+03
2.144138396637178175e+03
2.145253234956671804e+03
2.153717239478949523e+03
2.159396698213897253e+03
2.163032014472999890e+03
2.163497649888907290e+03
2.164945623031693685e+03
2.166000094414527211e+03
2.166511230033936044e+03
2.166672464088394918e+03
2.168000870029745784e+03
2.168765906784737581e+03
2.178375516430781772e+03
2.180744560359762090e+03
2.184616044341801171e+03
2.187086255389922826e+03
2.187704191487001026e+03
2.188168360229681639e+03
2.188410661313383116e+03
2.189105431087436045e+03
2.189586799907045133e+03
2.193211682786150504e+03
2.194988490732997889e+03
2.195314192189710866e+03
2.196695298366765655e+03
2.197390601476537086e+03
2.200166680559332690e+03
2.200305414513159576e+03
2.201243152040563018e+03
2.201776954428015870e+03
2.202649858332115400e+03
2.204666800686306942e+03
2.205493804385114800e+03
2.207090744860830455e+03
2.207182811939271232e+03
2.209973057752094519e+03
2.210613627283734786e+03
2.211048095893580921e+03
2.212138634104391258e+03
2.212525135833036074e+03
2.212684569879445007e+03
2.212853203967000809e+03
2.213146005276567394e+03
2.213335206122776071e+03
2.216180818849896696e+03
2.217395257614857655e+03
2.218699196780112743e+03
2.219248232569031643e+03
2.220533004981896283e+03
2.221219308051415283e+03
2.221860144250914800e+03
2.223492984887195689e+03
2.226531165142249392e+03
2.228034238531473875e+03
2.229944347074513644e+03
2.230084214366742799e+03
2.231842288896470109e+03
2.232514791904267895e+03
2.232571825492686457e+03
2.233100827858671437e+03
2.233319795504679860e+03
2.233892364732186252e+03
2.234676034903849995e+03
2.234978269588940748e+03
2.235708539521770035e+03
2.236236008547563415e+03
2.236282742089914791e+03
2.237308280010008730e+03
2.237869149185185961e+03
2.238210184043812205e+03
2.238702652913066231e+03
2.238819653436356020e+03
2.239547256690591439e+03
2.240713261905598301e+03
2.241336064691109641e+03
2.242037501161646560e+03
2.242646670552848263e+03
2.243195839675696789e+03
2.245594450403582414e+03
2.245753084446413595e+03
2.245875084992065695e+03
2.246302720238015354e+03
2.246578421471100683e+03
2.246832822608920196e+03
2.249568634844953976e+03
2.250101237227040201e+03
2.251912811996049641e+03
2.253231951229287915e+03
2.253846287310265325e+03
2.254124921889803318e+03
2.254623257451963127e+03
2.255828496175776309e+03
2.256312331673083918e+03
2.256823900627764033e+03
2.257421369966637030e+03
2.257735338037538895e+03
2.258353374135064314e+03
2.259058810623491809e+03
2.259317611780990774e+03
2.259640013222944617e+03
2.260457083543991757e+03
2.261371820968526208e+03
2.262868994331362956e+03
2.263323629698071727e+03
2.263601464274031969e+03
2.266510877286502364e+03
2.267055579722706170e+03
2.268485719452398826e+03
2.268981021667658297e+03
2.269660591373728948e+03
2.270009426267240542e+03
2.270241493971839645e+03
2.271825634390306732e+03
2.272122169049903277e+03
2.273642075847749766e+03
2.274016110853970076e+03
2.274179911586575599e+03
2.274851314589453068e+03
2.275650884832231441e+03
2.276708456228929663e+03
2.277921794988971214e+03
2.278012362060702344e+03
2.278828732378619407e+03
2.279580169072784429e+03
2.280614773700096521e+03
2.280708507452657614e+03
2.281325976880982125e+03
2.281547644539066368e+03
2.282894183894852631e+03
2.283129884949035841e+03
2.283854821524677845e+03
2.284229889868853206e+03
2.285135193917863035e+03
2.285451461999051844e+03
2.285797096878251523e+03
2.287016368998163671e+03
2.287735972216618848e+03
2.289357346134947420e+03
2.291070487130374659e+03
2.291588822781985982e+03
2.292051024849203714e+03
2.293142496397522336e+03
2.293415197617189733e+03
2.295628307515415145e+03
2.295925308843765833e+03
2.296017242588276531e+03
2.296656278779726108e+03
2.296840246269194722e+03
2.297794450536912791e+03
2.298004218141773890e+03
2.298262652630966386e+03
2.301638401062474259e+03
2.304003278306152424e+03
2.304837848705469696e+03
2.305447151430601480e+03
2.305954653700426206e+03
2.308510231797022243e+03
2.308926200324125148e+03
2.311903780308141904e+03
2.313747521887685707e+03
2.314091590093211380e+03
2.315445596149059838e+03
2.315808964440906038e+03
2.316388400365790403e+03
2.317428938352973091e+03
2.318354375825364059e+03
2.318644243788477525e+03
2.319748715394939154e+03
2.320946420751725782e+03
2.322406727283007058e+03
2.322736828759399941e+03
2.322962396434927086e+03
2.323536165667800560e+03
2.324057167998004843e+03
2.324507470011999430e+03
2.324877938335600902e+03
2.325411140720370440e+03
2.325480341029872307e+03
2.325826875913096956e+03
2.326471612130039830e+03
2.326826213716009988e+03
2.327216015459414393e+03
2.327793584709284005e+03
2.328852522778761340e+03
2.329257291255771634e+03
2.329684059831178274e+03
2.330001294583357776e+03
2.331971070059926660e+03
2.332789140385446899e+03
2.334925016604908251e+03
2.335085983991508328e+03
2.335324551725178935e+03
2.336892392070743426e+03
2.337993630329410280e+03
2.340407974460997593e+03
2.341267944973918475e+03
2.342451250266300576e+03
2.343458754772405882e+03
2.344578326446403025e+03
2.348296609743245881e+03
2.350121251237364049e+03
2.352601562330657998e+03
2.353170698209475631e+03
2.353372799113380097e+03
2.354348770145117214e+03
2.354827138951308370e+03
2.355148640389236789e+03
2.355868710276446109e+03
2.356129911444679237e+03
2.356405479343834486e+03
2.358935290658520898e+03
2.359959561906282488e+03
2.360679265125185339e+03
2.362329505839288686e+03
2.362390139443808494e+03
2.364669816306424309e+03
2.365282552380244852e+03
2.367072260384788478e+03
2.368138398486468304e+03
2.368439366499227162e+03
2.369611571741963417e+03
2.369611605075445823e+03
2.371025011396964146e+03
2.374886462000795291e+03
2.376304101674581034e+03
2.378014142656143576e+03
2.378332844081548501e+03
2.378650412168551611e+03
2.379538216139292217e+03
2.379793650615066781e+03
2.381656092278247343e+03
2.382934231328110400e+03
2.384399071213001207e+03
2.385758910628272588e+03
2.386683748097979333e+03
2.387336951019456592e+03
2.387580852110314481e+03
2.388858624491871069e+03
2.389267992989455252e+03
2.390104996732989093e+03
2.391146101389372689e+03
2.393064776637394516e+03
2.393580378943446703e+03
2.394643250363849802e+03
2.395566487826401044e+03
2.395642488166315616e+03
2.395890122607204376e+03
2.397325962362390783e+03
2.398100832494696078e+03
2.398594068034045904e+03
2.398720735267236705e+03
2.399143070489481943e+03
2.399643939396305541e+03
2.399832940241619326e+03
2.401017212204991665e+03
2.402208984201908152e+03
2.402430785193922020e+03
2.403585690359283035e+03
2.403936658595669996e+03
2.404296160203555701e+03
2.406183601978550996e+03
2.408784180276411462e+03
2.409345149452036367e+03
2.410345587259868807e+03
2.410495621264235524e+03
2.413276933703770737e+03
2.413424001028202383e+03
2.414469139035958506e+03
2.416578881805203764e+03
2.418468156921731861e+03
2.419383494348950080e+03
2.419616795392398217e+03
2.420511432727034389e+03
2.420747067114251877e+03
2.421545337351215494e+03
2.421729738175955845e+03
2.421859738757389096e+03
2.422190440236464838e+03
2.423075744196023606e+03
2.423265045042679503e+03
2.423488012706578502e+03
2.425945223696556241e+03
2.426315192017921618e+03
2.427766131840643538e+03
2.428382467930565326e+03
2.429561406536750383e+03
2.430453743861099156e+03
2.430838578915623657e+03
2.431500548542976503e+03
2.432989055200384428e+03
2.434315527799754818e+03
2.435913534946907930e+03
2.436472970782341235e+03
2.437258940964292378e+03
2.438288478902276893e+03
2.438745847614543891e+03
2.440399955012607279e+03
2.441092291442444093e+03
2.442658765115229471e+03
2.443545069079260429e+03
2.443666202954369965e+03
2.446075047061358418e+03
2.446442048702788725e+03
2.447593253851601276e+03
2.449046427017644874e+03
2.449298928146966773e+03
2.451432871024448559e+03
2.451507538025065969e+03
2.452928944382364989e+03
2.453471513475694337e+03
2.454391750924827647e+03
2.456396359890524764e+03
2.456654527711857554e+03
2.456989195875341011e+03
2.457257230407470615e+03
2.458841770827726577e+03
2.458959171352805242e+03
2.459274272762108922e+03
2.460046976218057353e+03
2.460453011367399540e+03
2.460461244737557081e+03
2.461883251097539414e+03
2.463075556430174856e+03
2.463192456953016972e+03
2.464888097870174533e+03
2.465118132232345943e+03
2.466745339510097892e+03
2.467515242953523284e+03
2.468392780211678200e+03
2.469293217572254889e+03
2.470443722717936907e+03
2.472523498686487528e+03
2.474094272378504684e+03
2.477106185849412668e+03
2.481229004288888973e+03
2.482082708107114740e+03
2.483766082302742234e+03
2.483849282674859296e+03
2.485022187920726537e+03
2.485554323634059074e+03
2.486716095496798062e+03
2.489978943423354394e+03
2.490693179951139882e+03
2.492432087728477200e+03
2.494707697906238081e+03
2.497969345827426878e+03
2.499775020570048582e+03
2.502748633869657624e+03
2.503189569175092402e+03
2.504521808466920902e+03
2.505668846930431300e+03
2.505770147383501808e+03
2.507321587655716030e+03
2.510211500580971006e+03
2.510846970089801289e+03
2.511605740150098882e+03
2.511861707961591947e+03
2.512557044404846692e+03
2.515029455462807618e+03
2.515561724510069780e+03
2.521368783815716142e+03
2.524153096268669287e+03
2.524585864870910882e+03
2.524810299208036668e+03
2.525996271179011728e+03
2.527314077072953296e+03
2.529353852862601798e+03
2.529847721738117343e+03
2.530644925303643504e+03
2.531223161223161242e+03
2.531903130931020314e+03
2.533985906912988867e+03
2.534602676338182391e+03
2.536258650411261442e+03
2.537045687264649587e+03
2.538104792001539408e+03
2.538786661717897005e+03
2.539111896505856294e+03
2.539802599595054289e+03
2.542215843721722194e+03
2.543731783835160513e+03
2.546634296816770075e+03
2.548883006874219063e+03
2.549243808487919068e+03
2.550481980692362413e+03
2.550897682551606067e+03
2.551554252154807273e+03
2.551812919978376613e+03
2.552719857368025259e+03
2.553324160070794278e+03
2.554221797418847473e+03
2.555816037882487763e+03
2.557913613930649717e+03
2.557922947305727121e+03
2.557925680651285347e+03
2.558599450331415028e+03
2.562811302502431772e+03
2.563097637116408350e+03
2.563679006383273190e+03
2.564713844344962126e+03
2.564777611296829036e+03
2.566296151421896411e+03
2.568168426462390471e+03
2.568220560028893487e+03
2.569579966108893586e+03
2.570391736406236760e+03
2.570394969754030626e+03
2.570556870478138535e+03
2.571338707308269477e+03
2.572127810837567722e+03
2.572502445846471801e+03
2.573130615322652829e+03
2.574951990135493361e+03
2.576107961972292287e+03
2.577031299435290293e+03
2.577909670030506277e+03
2.578490439294687349e+03
2.578909907837444280e+03
2.580541448467910413e+03
2.580575548620425252e+03
2.581132317777265143e+03
2.581647153413221986e+03
2.582286122937706295e+03
2.582317489744662453e+03
2.583816963117785690e+03
2.585267169603894672e+03
2.585308136453787029e+03
2.586444441535958504e+03
2.586913743634931507e+03
2.587963314995849487e+03
2.588377083513113575e+03
2.589217920607125507e+03
2.590338725619972138e+03
2.591613331320698762e+03
2.592558235546822289e+03
2.592915537144868267e+03
2.593123604742126190e+03
2.593521173186934448e+03
2.593595940187999531e+03
2.594529311029205928e+03
2.594938312858483187e+03
2.595391948220719769e+03
2.595906750523194205e+03
2.596543886706145713e+03
2.596623953730915218e+03
2.597624258204818489e+03
2.597868025961746753e+03
2.599330999171621897e+03
2.599803034616152672e+03
2.600557937992489769e+03
2.600806905772675236e+03
2.601219307617159302e+03
2.601510275585192630e+03
2.602790947979719476e+03
2.603455217617359267e+03
2.604245887820331518e+03
2.605099391637662848e+03
2.606308697046331417e+03
2.607197934356815495e+03
2.607447802141025932e+03
2.607688436550606639e+03
2.609157909789553287e+03
2.609762445826699150e+03
2.609886246380402099e+03
2.609892046406343070e+03
2.610141280854387787e+03
2.611027218150112276e+03
2.612760659236332685e+03
2.614607700830636077e+03
2.614612167517280341e+03
2.615091869662768204e+03
2.615563771773369808e+03
2.615862806444148191e+03
2.618015149403924624e+03
2.618799886247025825e+03
2.619877724401034811e+03
2.620497693840540705e+03
2.620912429028794122e+03
2.622415635751948685e+03
2.622678203592960926e+03
2.623320939800958513e+03
2.625384015694817663e+03
2.625393649071236723e+03
2.629112599037727705e+03
2.630025136452422430e+03
2.630135236944851385e+03
2.632918482726366619e+03
2.633537252160505432e+03
2.634382489274197269e+03
2.635892329360352505e+03
2.636891500495853961e+03
2.637238235379973048e+03
2.638572508014229243e+03
2.639342611458549072e+03
2.639591412571322053e+03
2.640039314574582477e+03
2.640551750199805156e+03
2.640850484869241882e+03
2.641155786234714924e+03
2.641725822117557527e+03
2.641865089407102914e+03
2.641899956229712643e+03
2.641913822958398669e+03
2.642709159848909167e+03
2.642755426722506400e+03
2.642937394203030181e+03
2.643095928245413688e+03
2.643319895913785331e+03
2.644389634031566402e+03
2.645137037374358897e+03
2.645325471550472230e+03
2.645697706548641690e+03
2.646180375374064624e+03
2.646576243811269251e+03
2.647057612630878339e+03
2.648253284645237272e+03
2.648489619035585747e+03
2.650218726769091973e+03
2.650562428306311176e+03
2.651126830830625295e+03
2.651369231914773991e+03
2.652102401860573536e+03
2.652208335667699885e+03
2.652948538978290344e+03
2.654313211748512003e+03
2.655601150842206607e+03
2.655819885153838186e+03
2.657008390469477490e+03
2.657336525270407492e+03
2.658110562065652175e+03
2.658988332658184390e+03
2.659092566457707562e+03
2.661654711250339460e+03
2.661811211950295728e+03
2.662434148069736693e+03
2.662637548979455460e+03
2.663552653072296835e+03
2.663866787810610731e+03
2.664001188411722978e+03
2.664462890476704160e+03
2.665460894940320486e+03
2.666952268277216263e+03
2.667032968638151942e+03
2.667805072091417060e+03
2.667903839199823324e+03
2.668879876898525708e+03
2.669357179033279408e+03
2.669511279722501058e+03
2.670430783835021430e+03
2.671217620687515137e+03
2.671659555997422558e+03
2.672073691182992661e+03
2.672313158920688693e+03
2.673512830952938202e+03
2.673823599009528152e+03
2.674189733980414985e+03
2.674375268143557150e+03
2.674797903367144499e+03
2.675809941226859337e+03
2.676134742679546889e+03
2.676184076233526866e+03
2.676524677756881374e+03
2.677817683539903101e+03
2.678156551722171571e+03
2.678463019759529743e+03
2.678713054211152212e+03
2.678828254726391151e+03
2.679020222251640462e+03
2.679958893116551735e+03
2.680583862578419939e+03
2.680912564048550848e+03
2.681164965177425529e+03
2.681889235083419408e+03
2.682834505977849403e+03
2.683551642518605149e+03
2.684222212184422460e+03
2.684835714928339257e+03
2.685501751240547492e+03
2.686213121088845583e+03
2.687394259704870365e+03
2.688523398088321755e+03
2.688751699109407582e+03
2.688965233397781958e+03
2.690115505209086677e+03
2.690616040781086213e+03
2.690821408366267860e+03
2.691186343331788066e+03
2.691473311281930364e+03
2.692123047521236458e+03
2.693413853294418459e+03
2.693959522401612958e+03
2.695310128442254154e+03
2.696454666894583625e+03
2.696998269325868023e+03
2.697388437737578897e+03
2.697571905224811417e+03
2.697977307037987885e+03
2.698206574730063494e+03
2.698270508349342890e+03
2.699810015234851562e+03
2.700425517987712738e+03
2.700616618842419484e+03
2.700845553199671031e+03
2.701047454102681058e+03
2.701341955419850365e+03
2.701907257948189454e+03
