2.606218545771842088e+00
2.675985524474211896e+00
2.821686176126414036e+00
2.904419879489663625e+00
3.105720779816282029e+00
3.162921035646796497e+00
3.531456017268105985e+00
3.957757923921048526e+00
4.169125535938118077e+00
4.643060988967404157e+00
5.042129440484256264e+00
5.177263378209726596e+00
5.400564376932695865e+00
6.073500720001709041e+00
6.410035558501052222e+00
6.500702630679956684e+00
6.699436852860333858e+00
6.861004242143842191e+00
7.185672360902124467e+00
7.543473961184608001e+00
8.255777146990123327e+00
9.275381707213767868e+00
9.471982586519347436e+00
9.535549537491837313e+00
9.684250202561722531e+00
9.821650817091665431e+00
9.877484400143012877e+00
1.021641924937650359e+01
1.031635302966781076e+01
1.096998928641638571e+01
1.145265811183937466e+01
1.158585870758455982e+01
1.223456160893516653e+01
1.511597449617370259e+01
1.541437583078603701e+01
1.558640993354902271e+01
1.629984645775677521e+01
1.703311640400366045e+01
1.748471842381241004e+01
1.794388714413020480e+01
2.075799973036535562e+01
2.096496732270315633e+01
2.112886805575597648e+01
2.128993544280320549e+01
2.144046944940611965e+01
2.158933678188810035e+01
2.179280435857193510e+01
2.206687225101860506e+01
2.216557269246042239e+01
2.233707345950471179e+01
2.251507425562064313e+01
2.258580790531315685e+01
2.269760840534552671e+01
2.305684334537201607e+01
2.316144381320194157e+01
2.324837753534994889e+01
2.334237795577072561e+01
2.335197799870731572e+01
2.345974514736701977e+01
2.366967941964008659e+01
2.377121320708749153e+01
2.392348055477617663e+01
2.417841502831450740e+01
2.428224882604880719e+01
2.429014886138203977e+01
2.457948348877648570e+01
2.468141727801291196e+01
2.498155195371102266e+01
2.532635349585020634e+01
2.570612186104662200e+01
2.702242774827924876e+01
2.928733787818365641e+01
2.943360519903697536e+01
2.975567330616659945e+01
3.032910920421574730e+01
3.050020996947101182e+01
3.067824409906936367e+01
3.088497835703023142e+01
3.127931345404362773e+01
3.235991828709352092e+01
3.271851989095405600e+01
3.288025394764965625e+01
3.355405696126155846e+01
3.463086177731571524e+01
3.477086240347431811e+01
3.489006293660364832e+01
3.515646412809400800e+01
3.562199954355378395e+01
3.597916780767030787e+01
3.726007353657426080e+01
3.746860780258573698e+01
3.776990915016850181e+01
3.810937733512069059e+01
3.825027796530459767e+01
3.839044525887529602e+01
3.856647937952852345e+01
3.872248007724811458e+01
3.904671486073495146e+01
3.958105058390694353e+01
3.976131805682735632e+01
4.010541959583574112e+01
4.031385386139996996e+01
4.100535695417620730e+01
4.106759056585194401e+01
4.297196574991553319e+01
4.364626876576371473e+01
4.417240445226071444e+01
4.446243908278594859e+01
4.456310619969045916e+01
4.478247384748802062e+01
4.569561126486629377e+01
4.665311554734388011e+01
4.683991638281835179e+01
4.764585332073804125e+01
4.783282082362460841e+01
4.798008814895048602e+01
4.813798885516794002e+01
4.835912317753368939e+01
4.847375702357165750e+01
4.879319178559019576e+01
4.939622781602716373e+01
4.981212967616546905e+01
5.033856536400422499e+01
5.147577045020109665e+01
5.213640673825760530e+01
5.230664083296998967e+01
5.254770857782212801e+01
5.272177602301265864e+01
5.502965301175478885e+01
5.534185440808846579e+01
5.547548833910509813e+01
5.582712324514012181e+01
5.608915775043363539e+01
5.628795863957884649e+01
5.651595965932285992e+01
5.678822754371892501e+01
5.692959484265668380e+01
5.720116272392196066e+01
5.733229664375718215e+01
5.762636462565508566e+01
5.782093216253311851e+01
5.832730109395581053e+01
5.858233556794140640e+01
5.877403642533143113e+01
5.897980401230216074e+01
5.920680502757360131e+01
5.941080593997613590e+01
5.954457320492243610e+01
6.133814789342622475e+01
6.161221578587289116e+01
6.162351583641283526e+01
6.179868328652318610e+01
6.212835142764427587e+01
6.225101864294514087e+01
6.250925313124292160e+01
6.297215520159161883e+01
6.299728864733532419e+01
6.303495548246847591e+01
6.304078884189175369e+01
6.305392223396472673e+01
6.308408903555366010e+01
6.313702260563457713e+01
6.314385596953041357e+01
6.318728949712199494e+01
6.323045635685424060e+01
6.329018995734857356e+01
6.329742332303343488e+01
6.337319032857117662e+01
6.338352370812097547e+01
6.344212397021307481e+01
6.347742412809449064e+01
6.349185752598179988e+01
6.356642452615245986e+01
6.357405789362634607e+01
6.365602492689396996e+01
6.378149215471800915e+01
6.379595888608773180e+01
6.381129228800033815e+01
6.392819281084277350e+01
6.404245998857412303e+01
6.415049380509317700e+01
6.428109438920969865e+01
6.448622864001447397e+01
6.470959630570227716e+01
6.481926346285985119e+01
6.494439735585970652e+01
6.495366406397211279e+01
6.495893075419425600e+01
6.518176508416337356e+01
6.519269846639670618e+01
6.531913236521090482e+01
6.542586617591561549e+01
6.554483337466801629e+01
6.572786752662918275e+01
6.595133519276423328e+01
6.673197201752810770e+01
6.707350687839027614e+01
6.765890949662772869e+01
6.779047675173440268e+01
6.800434437493287021e+01
6.817281179507706668e+01
6.846847978413106262e+01
6.870121415837851941e+01
6.886968157852271588e+01
6.904248235138132372e+01
6.916994958815048733e+01
6.939205058150638195e+01
6.953161787239353941e+01
6.976395224485199265e+01
6.977491896056774578e+01
7.029702129569206193e+01
7.053065567396484425e+01
7.065325622230086822e+01
7.078579014839769457e+01
7.091815740708238991e+01
7.124019218072960768e+01
7.139072618733253250e+01
7.156852698255394785e+01
7.175216113719864097e+01
7.188432839498885585e+01
7.202086233897590262e+01
7.218542974167709758e+01
7.247453103469460700e+01
7.261069831037505651e+01
7.278209907697208791e+01
7.298106663352940870e+01
7.313876733885233250e+01
7.345236874144761430e+01
7.385873722561414922e+01
7.407773820510512053e+01
7.422343885675731201e+01
7.439147294163005597e+01
7.458677381512130466e+01
7.475407456338083989e+01
7.490047521816383380e+01
7.502794245493299741e+01
7.515524302429007264e+01
7.526394351045749431e+01
7.538117736812411351e+01
7.555681148698832317e+01
7.575054568680589284e+01
7.593041315793728074e+01
7.614824746554357660e+01
7.635751506816826861e+01
7.650161571266437477e+01
7.687115069875824247e+01
7.808802280793584316e+01
7.830895712940709075e+01
7.878635926460790984e+01
7.903672705105488205e+01
7.920152778813300642e+01
7.935396180323380122e+01
7.936066183319995559e+01
7.961736298130647072e+01
7.991203096588790800e+01
8.004869824380465104e+01
8.015483205182583504e+01
8.034789958199502280e+01
8.047443348125646878e+01
8.070556784834782604e+01
8.093636888061500656e+01
8.117480328035607329e+01
8.139277092189205121e+01
8.167213883804329555e+01
8.209377405715761711e+01
8.225337477097843930e+01
8.241557549642790548e+01
8.249797586496696056e+01
8.262940978614395249e+01
8.279247718213629526e+01
8.319857899844350868e+01
8.334251297552751225e+01
8.354878056473451409e+01
8.399124921036055014e+01
8.447185135987356830e+01
8.476568600739454951e+01
8.504848727223490812e+01
8.538542211252328684e+01
8.539855550459624567e+01
8.556435624614694291e+01
8.561235646082990058e+01
8.586189091021638831e+01
8.597119139906736507e+01
8.616912561766967826e+01
8.638502658329569783e+01
8.667832789509797919e+01
8.707249632469927292e+01
8.729059730016493290e+01
8.785483315706650842e+01
8.806726744052096478e+01
8.820953474348405621e+01
8.847733594123599232e+01
8.857406970721510220e+01
8.867130347543050561e+01
8.876280388466987858e+01
8.879400402421379113e+01
8.898607154991043444e+01
8.919270580742403354e+01
8.947060705034886041e+01
8.975154164017379799e+01
8.986780882685026484e+01
8.997957599340021773e+01
9.006920972762414124e+01
9.020237698988691477e+01
9.031697750244245526e+01
9.056611195003992520e+01
9.072644600047394192e+01
9.094241363306478831e+01
9.106674752248660809e+01
9.131814864688854527e+01
9.144984923592488713e+01
9.160488326265434011e+01
9.180055080445218607e+01
9.268608809838775642e+01
9.287878896025036113e+01
9.294805593671644317e+01
9.310375663309424965e+01
9.319589037849958402e+01
9.328565744665317538e+01
9.343619145325610020e+01
9.354489193942353609e+01
9.364449238489063987e+01
9.365092574699745853e+01
9.366019245510985058e+01
9.367159250609707044e+01
9.388196011364156846e+01
9.407996099920873689e+01
9.410226109894685464e+01
9.430646201224391234e+01
9.465799691783165315e+01
9.485593113643399477e+01
9.489719798766836334e+01
9.490606469399173761e+01
9.506706541407413624e+01
9.522853280291039368e+01
9.542766702687978864e+01
9.557550102140677950e+01
9.576763521406824964e+01
9.598686952793615035e+01
9.625103737610446331e+01
9.646703834217774443e+01
9.659040556060938343e+01
9.670377273431545007e+01
9.755574321145536487e+01
9.757404329330324799e+01
9.785891123405357916e+01
9.839444696259265299e+01
9.880058211238227273e+01
9.913301693254412328e+01
9.951318529952955316e+01
9.965761927884983606e+01
9.991865377967080519e+01
1.000620877545185436e+02
1.002224884719173872e+02
1.005076564140094888e+02
1.005753567168019060e+02
1.007862576600651039e+02
1.009150915696134376e+02
1.014274605278715029e+02
1.019948630656028712e+02
1.025190320766371599e+02
1.029015337873919123e+02
1.031111013913583605e+02
1.032978022263855848e+02
1.034080360527442650e+02
1.035220365626162788e+02
1.035341366167342727e+02
1.039273050418630078e+02
1.041148058804682819e+02
1.043358402023867768e+02
1.044906408947393004e+02
1.046859751017129554e+02
1.048512758410273733e+02
1.050127765633460371e+02
1.051998774001622934e+02
1.054538452027104682e+02
1.056385460287925753e+02
1.057993134144980303e+02
1.059812475615393765e+02
1.069369851694487608e+02
1.069373518377553722e+02
1.072483198952395611e+02
1.078587892922559064e+02
1.080865903111053967e+02
1.083052579557721771e+02
1.085066921900284598e+02
1.087473932665740080e+02
1.089311607551483831e+02
1.094762965266240258e+02
1.096200971697783615e+02
1.097634311441788384e+02
1.099651320462944852e+02
1.101304327856088889e+02
1.101401328289927335e+02
1.101454661861797319e+02
1.101548328947393856e+02
1.104071006896842277e+02
1.106657351797710334e+02
1.110237701144304481e+02
1.112749712379378764e+02
1.112849046156986503e+02
1.114332052789795142e+02
1.115966393432784827e+02
1.117680067763930936e+02
1.121146416600653026e+02
1.121222750275391888e+02
1.121436751232519953e+02
1.125436769122765810e+02
1.129517787375288975e+02
1.133161470338478694e+02
1.136118816898667063e+02
1.140045167792767415e+02
1.144289853443966649e+02
1.148229871065858703e+02
1.152134221861562793e+02
1.154806233812246887e+02
1.157325578413453542e+02
1.159529921605803082e+02
1.162835603057266951e+02
1.165577281986206231e+02
1.173953986118029178e+02
1.176524997616984791e+02
1.181802021218691436e+02
1.186449708672332832e+02
1.188717718816102149e+02
1.190147058542216598e+02
1.191681065403125928e+02
1.194191743298903532e+02
1.198064760621134042e+02
1.201562442931329713e+02
1.206441464752956989e+02
1.220536861128534554e+02
1.222459203059621871e+02
1.225068548063358946e+02
1.226232219934596230e+02
1.226306886935214209e+02
1.226395887333272157e+02
1.228363229465624613e+02
1.229321900419986946e+02
1.229382234023164813e+02
1.229505901242938251e+02
1.229696235427549169e+02
1.229849236111850956e+02
1.232657915340451922e+02
1.233823920555458642e+02
1.235792262692283714e+02
1.236940267826784208e+02
1.237297936093137025e+02
1.237354603013248777e+02
1.237551603894343373e+02
1.238574608469773750e+02
1.238668275555370286e+02
1.238930943396829889e+02
1.239959614664271328e+02
1.244602302095549931e+02
1.246926645824606936e+02
1.251433665982441283e+02
1.257830694593416894e+02
1.259852036967287603e+02
1.264650391761461776e+02
1.268472742190415801e+02
1.272860428481191235e+02
1.280225128086781865e+02
1.285082149810012879e+02
1.287438827017016081e+02
1.291213843900935387e+02
1.293667521541777035e+02
1.300126883764875743e+02
1.313638610863301608e+02
1.327944341512941548e+02
1.331703691660124207e+02
1.333231365159373922e+02
1.335713709595095793e+02
1.345336085964906090e+02
1.358571145159256730e+02
1.367149850194537066e+02
1.368739190636261185e+02
1.370858200113619034e+02
1.385382931742749690e+02
1.394664639922240781e+02
1.402235340449179262e+02
1.404420683556550387e+02
1.406722693852386783e+02
1.409100704488137694e+02
1.418938748489197224e+02
1.422180096319592906e+02
1.424540773544486569e+02
1.427103785007661259e+02
1.428936126536218012e+02
1.433338479559257905e+02
1.434654818779972913e+02
1.436019824885019318e+02
1.447196208205190260e+02
1.452374564698937434e+02
1.455563912296759952e+02
1.457707588551107563e+02
1.459161261719387710e+02
1.462350942652034576e+02
1.464454952062303903e+02
1.466950629890992843e+02
1.473873327519711722e+02
1.475494001434909421e+02
1.480651024499908885e+02
1.484689709229760410e+02
1.489012395229819106e+02
1.490363401272250030e+02
1.503829461499762203e+02
1.506229138899085740e+02
1.511011826956522839e+02
1.512943502262687048e+02
1.515387846528451519e+02
1.517430188996246159e+02
1.519815532998129584e+02
1.521217539268660630e+02
1.528175237053918920e+02
1.531346917906059559e+02
1.533862262489375894e+02
1.539238619868690421e+02
1.542176633009075886e+02
1.543722639923655606e+02
1.545217979944959552e+02
1.546914320865247987e+02
1.548295327041855103e+02
1.550032668145518358e+02
1.551696675587860739e+02
1.554135686496438211e+02
1.556063695119536590e+02
1.563442728122567473e+02
1.573451106218786606e+02
1.576269785492113158e+02
1.578720463119537101e+02
1.581533142366027960e+02
1.584966157720331523e+02
1.594256865940075727e+02
1.601667232416579907e+02
1.605106581132543226e+02
1.608706597233764342e+02
1.610708272853007941e+02
1.612747948642209224e+02
1.615066959014079089e+02
1.616068630160761472e+02
1.616136297130071569e+02
1.616186630688524133e+02
1.617172968433293647e+02
1.623010661209283114e+02
1.624963336609371254e+02
1.629398689780005611e+02
1.631046697150786997e+02
1.632846705201397697e+02
1.634556046179829139e+02
1.638813398554347600e+02
1.641172075770295748e+02
1.643196751492408509e+02
1.648735442931102000e+02
1.651622789178211121e+02
1.653186796173297353e+02
1.654845470258452451e+02
1.658224818706061683e+02
1.659144156151169796e+02
1.660722163208871791e+02
1.663372175061159624e+02
1.666118854012461554e+02
1.667553527095763286e+02
1.667673527632470609e+02
1.669543869330984478e+02
1.672029213780124053e+02
1.673372219786774053e+02
1.676507900477902524e+02
1.678690910241504071e+02
1.680586918721480743e+02
1.682513594005282584e+02
1.684414269172797560e+02
1.686211610544814619e+02
1.690533963210049535e+02
1.693071641226586053e+02
1.696025987773356576e+02
1.700215006508916531e+02
1.702805684762498970e+02
1.709286713749169735e+02
1.712622395334810790e+02
1.716234411489702723e+02
1.720221095986980799e+02
1.723375776763087970e+02
1.725229451720392717e+02
1.727294460956232172e+02
1.732102482460307726e+02
1.734310492335723382e+02
1.738724845412433524e+02
1.740818521443153202e+02
1.743040531381184621e+02
1.745777543622585029e+02
1.748845557344403687e+02
1.751001900322070242e+02
1.752252239247596322e+02
1.752580907384244995e+02
1.752880575391189097e+02
1.757137927765707275e+02
1.759078269777300818e+02
1.761115612222732523e+02
1.766647970299766826e+02
1.785122719595515264e+02
1.786998394651216415e+02
1.794780096121865256e+02
1.796811105205637489e+02
1.799314449735282722e+02
1.801767460706476243e+02
1.804357472290410271e+02
1.807532486490792678e+02
1.813326845739638031e+02
1.814843852524513750e+02
1.818801203557263477e+02
1.822432886466782520e+02
1.824065227100826974e+02
1.828171912134812658e+02
1.837705288106564865e+02
1.840076632045832241e+02
1.842946644882083831e+02
1.845346322281407083e+02
1.848927004962825436e+02
1.855376367141198273e+02
1.869092428486850963e+02
1.870296433871814941e+02
1.879760476200136452e+02
1.886267838637917862e+02
1.888168847140257185e+02
1.893466870835887619e+02
1.893765538838359248e+02
1.896671218500798659e+02
1.897835223706860290e+02
1.901136571805610060e+02
1.907480600179539749e+02
1.913043625060398938e+02
1.917348310979951691e+02
1.919387320099504564e+02
1.921021994077318311e+02
1.922689001533078113e+02
1.925293346514452253e+02
1.927629356962355871e+02
1.930909704967181710e+02
1.930981371954381984e+02
1.931192039563267997e+02
1.939862411675199780e+02
1.942801424820058003e+02
1.944844100622676990e+02
1.946434107734049803e+02
1.948239782476671280e+02
1.950555792835123441e+02
1.953670473432328549e+02
1.960588837708332619e+02
1.973006226578952180e+02
1.976611242702536231e+02
1.977592580424943378e+02
1.979525589070404408e+02
1.982733936753205626e+02
1.988293961620647394e+02
1.990663638885793887e+02
1.992583314138287562e+02
1.996070663068933300e+02
1.999392344591958306e+02
2.007390713698328852e+02
2.009360055839626682e+02
2.014087076981424502e+02
2.015820751402021926e+02
2.017665092984249497e+02
2.019994103400844949e+02
2.022222780035360472e+02
2.025289793752706089e+02
2.027322136175775142e+02
2.029241478093444755e+02
2.030700151284087838e+02
2.031773489417970495e+02
2.033545830678173445e+02
2.035209838120515826e+02
2.037036179622237171e+02
2.038884521222354920e+02
2.041958868305833050e+02
2.043916543728284125e+02
2.046083553420324677e+02
2.047476892985426957e+02
2.049194233999639039e+02
2.052564582406995441e+02
2.058441942027062908e+02
2.062466293359474605e+02
2.064869637441863972e+02
2.066997646959474650e+02
2.070921331174981503e+02
2.072436671285736338e+02
2.077781361856753222e+02
2.082019714146292415e+02
2.084378391362240848e+02
2.085536063206643007e+02
2.089091079106598841e+02
2.097241782227623048e+02
2.104040812636567921e+02
2.112919185678792644e+02
2.116799536367155383e+02
2.118043541931021707e+02
2.119355881133846822e+02
2.120229218373216895e+02
2.123108564584545377e+02
2.125075240047249849e+02
2.127120582528462194e+02
2.128352588038657700e+02
2.130373930412528694e+02
2.131752269910542452e+02
2.133859946003877894e+02
2.135289619064816407e+02
2.138014631252546280e+02
2.138103298315780023e+02
2.140997311259372964e+02
2.143195321090063032e+02
2.144043658217619281e+02
2.146085667350589858e+02
2.148099343023504275e+02
2.149421015601406282e+02
2.152443029117486901e+02
2.153645034493505932e+02
2.153756034989960142e+02
2.153847035396963179e+02
2.154944373638187471e+02
2.155432375820797404e+02
2.155741710537643030e+02
2.155887377855812872e+02
2.156364379989224460e+02
2.160259397409851374e+02
2.162994409642307119e+02
2.164591416784987530e+02
2.166826093446338177e+02
2.170431776239570638e+02
2.173631790551767153e+02
2.184852840738379314e+02
2.186886849835568967e+02
2.189189860135878121e+02
2.190699533554621610e+02
2.193033210658755934e+02
2.195715222654165757e+02
2.197755231778191103e+02
2.200318576576190139e+02
2.202099251206997792e+02
2.203656591505600204e+02
2.208369279249958197e+02
2.215540311322696141e+02
2.217435653133024402e+02
2.218979660038659460e+02
2.222685009944323724e+02
2.225937024489093403e+02
2.229502707103423518e+02
2.236383071209470188e+02
2.238251746233863457e+02
2.248462125233539837e+02
2.251999807722638138e+02
2.254390151746884214e+02
2.256384493999995868e+02
2.259120839571747865e+02
2.263107857403850289e+02
2.265259533693978540e+02
2.276761251802556103e+02
2.279215929447870224e+02
2.281000937431392401e+02
2.282983946300481648e+02
2.285636624831363122e+02
2.288969306403586188e+02
2.291286650101335169e+02
2.294329997046163783e+02
2.296166005257786651e+02
2.298637349644310177e+02
2.301230694576486258e+02
2.304781377123727566e+02
2.306637718759625670e+02
2.309745732660346675e+02
2.316939764835953781e+02
2.317651768020417649e+02
2.319066774349091986e+02
2.321463451734997818e+02
2.323044125471293171e+02
2.324428798330966401e+02
2.325669803881415021e+02
2.332131166113458960e+02
2.336723186651460935e+02
2.348340571944031296e+02
2.349803245152564557e+02
2.352264922829186844e+02
2.353945263677914284e+02
2.359059953220241539e+02
2.360937294950063858e+02
2.362646969263319647e+02
2.364761312053138624e+02
2.366545320032188329e+02
2.368617662634159728e+02
2.370017002226097702e+02
2.372784014601674869e+02
2.375615027263496586e+02
2.377536035855286798e+02
2.379544711505838848e+02
2.389728090384755887e+02
2.393706108176605483e+02
2.395345448841957818e+02
2.398794464267822093e+02
2.401685143863173266e+02
2.410019514472324431e+02
2.413327195932733389e+02
2.416720544442958669e+02
2.418405218644400634e+02
2.421346231798203519e+02
2.423839909617947797e+02
2.426405921094540190e+02
2.429002932709782385e+02
2.431926612452728023e+02
2.439940648295835217e+02
2.462082413992466456e+02
2.465304095068235313e+02
2.466412766693481728e+02
2.467538438394761613e+02
2.469482113754596924e+02
2.473151130164424956e+02
2.475584807715815145e+02
2.479444491645078017e+02
2.490426540762748004e+02
2.500413252095394796e+02
2.502889263169456910e+02
2.506447279082830732e+02
2.509685960234632773e+02
2.511420967994527302e+02
2.513156642424069673e+02
2.517506328544887708e+02
2.519858005729527974e+02
2.521638013690687217e+02
2.523608022501633457e+02
2.525839365814742337e+02
2.528494044354568757e+02
2.531235056613859342e+02
2.533833401568398358e+02
2.536225078931941255e+02
2.538189421050875865e+02
2.539654094268354356e+02
2.545611454246226799e+02
2.548448466934883925e+02
2.551440146981963153e+02
2.554342159961336449e+02
2.556674837060998300e+02
2.558692846086627242e+02
2.560353186845903224e+02
2.563950869603355045e+02
2.566362213721525336e+02
2.567693886344152929e+02
2.569323226964779678e+02
2.571979238843902635e+02
2.574912251961925449e+02
2.585958301365839134e+02
2.587760976095043475e+02
2.593069666505047621e+02
2.597257685236135103e+02
2.601380703676505846e+02
2.615909768658351027e+02
2.619775785949273654e+02
2.622774799362485396e+02
2.624318472933296107e+02
2.625533145032633797e+02
2.629747497214832492e+02
2.632020840715788381e+02
2.639311539990409869e+02
2.644759564356924670e+02
2.648819582515524189e+02
2.652603266104871977e+02
2.654590941661500665e+02
2.655406945311110576e+02
2.656330949443757277e+02
2.657494954649818624e+02
2.659562297229427372e+02
2.662537643870122110e+02
2.663654982200797008e+02
2.666069659667208498e+02
2.670570679798207721e+02
2.672010019569048040e+02
2.673208024927176893e+02
2.674410363638019703e+02
2.676228705103960692e+02
2.679292718807889173e+02
2.680596057970460606e+02
2.682608400304078486e+02
2.684264074375815881e+02
2.686269750012950226e+02
2.688525760103048583e+02
2.690064100316672580e+02
2.692327777107727229e+02
2.692609111699341042e+02
2.693911784192264349e+02
2.694076451595412891e+02
2.697595800669180903e+02
2.700103478551540661e+02
2.702865157569931398e+02
2.708942184749686817e+02
2.710546858593323805e+02
2.714509876318084594e+02
2.716778553131503031e+02
2.716998554115466504e+02
2.719491565265561803e+02
2.722007243183702485e+02
2.731072617062295649e+02
2.732736624504638030e+02
2.735370969620189499e+02
2.738666651026927639e+02
2.740023990431017182e+02
2.743273671632018136e+02
2.744377343234901900e+02
2.747862025486954280e+02
2.751117373379966011e+02
2.753302716487336852e+02
2.755675393765900481e+02
2.756947399454999186e+02
2.758421072712730506e+02
2.760850416911406455e+02
2.765852772617982964e+02
2.767422779639904320e+02
2.771892132962605615e+02
2.774835812795002425e+02
2.776311152726854630e+02
2.778448162284718137e+02
2.781320175129915242e+02
2.783467184732504620e+02
2.784938857981290425e+02
2.786382864439669333e+02
2.788000205006625833e+02
2.789699212605507341e+02
2.790780884109994417e+02
2.793148228031371900e+02
2.795597905654322517e+02
2.812509981294282397e+02
2.815858662938065891e+02
2.817682337761194162e+02
2.819619679759370001e+02
2.820740351438287234e+02
2.821694689039934474e+02
2.827024046209038488e+02
2.828088050967843969e+02
2.829555390863915818e+02
2.831264398507523765e+02
2.833000739606714546e+02
2.834495746293193861e+02
2.835775085348424227e+02
2.836902090389000364e+02
2.838486430808362115e+02
2.839561102281542162e+02
2.841383110430548413e+02
2.843167118409598402e+02
2.848592476008068388e+02
2.851485155612364224e+02
2.856043842667947956e+02
2.858410853254500807e+02
2.860394528793238464e+02
2.863819210776937325e+02
2.866498556093753223e+02
2.868191897000623953e+02
2.870315906500344454e+02
2.871733579507612717e+02
2.874750593001330117e+02
2.879945282901462633e+02
2.884376302719383034e+02
2.887606317165755740e+02
2.890675664226871504e+02
2.893816344940362910e+02
2.896278355951808976e+02
2.897648362079218032e+02
2.899635370966197456e+02
2.901602046428901645e+02
2.903085719731358836e+02
2.904471059260680477e+02
2.906258733922796296e+02
2.907354405489899705e+02
2.909568082057326137e+02
2.911266756321384150e+02
2.913357765673509903e+02
2.914976772914586718e+02
2.917668118285074002e+02
2.918651456016426096e+02
2.920897799396623213e+02
2.924328148072332851e+02
2.926095489310173434e+02
2.928358499431579958e+02
2.937250205866772035e+02
2.938324877339951513e+02
2.942672896786648948e+02
2.945095574288840794e+02
2.947747919484897920e+02
2.950365931194063478e+02
2.951106267838583221e+02
2.957518629851471132e+02
2.959673639489841435e+02
2.961393313847822810e+02
2.966008001153870168e+02
2.967946009821693565e+02
2.976611048576438634e+02
2.978106388597742580e+02
2.980165064471922278e+02
2.981936739062476818e+02
2.982956410289665428e+02
2.985988423850471349e+02
2.988291100815956725e+02
2.990773111916853964e+02
2.991464448342217679e+02
2.991575448838672173e+02
2.992642120276071296e+02
2.994586128970730670e+02
2.996804138890872196e+02
3.000161487240084739e+02
3.002181162939834849e+02
3.003466502021900055e+02
3.005184176370937053e+02
3.007659854110174820e+02
3.011158869759667596e+02
3.016018224826667620e+02
3.018401235484781182e+02
3.020178576767347636e+02
3.022401586709851244e+02
3.024304595221136083e+02
3.025721268223931020e+02
3.028244946177852057e+02
3.029734286172320026e+02
3.031345626712441117e+02
3.032974300663419740e+02
3.034599307931331396e+02
3.037098985777911366e+02
3.039297328943425214e+02
3.047284698000598269e+02
3.061663428976734735e+02
3.063268769490019849e+02
3.064967110419253231e+02
3.066525117387503769e+02
3.069475797251208746e+02
3.071118471264803134e+02
3.072716811746780081e+02
3.074213151772556216e+02
3.077378165928213321e+02
3.080939848524653257e+02
3.081645851682281432e+02
3.082080186958197032e+02
3.082990524363052600e+02
3.083923195201127783e+02
3.085101200469805462e+02
3.087387210694080864e+02
3.088448215439468640e+02
3.088534215824109310e+02
3.090692558810720811e+02
3.093016902539777675e+02
3.094558909436467502e+02
3.097122254234466254e+02
3.099491264829964621e+02
3.101174939026933544e+02
3.102057276306557014e+02
3.103948618098995098e+02
3.105486624977794463e+02
3.107753635117091449e+02
3.110221312820548860e+02
3.112800324355284260e+02
3.114161330442440772e+02
3.115652670445853687e+02
3.119701021885607020e+02
3.121525030043559354e+02
3.124043041305469046e+02
3.126694386497053415e+02
3.126779053542396696e+02
3.130358069549694733e+02
3.133233415743133037e+02
3.135459759033878413e+02
3.137645102141249254e+02
3.145184802529539070e+02
3.148294483104380674e+02
3.149178153723300397e+02
3.150358492335747087e+02
3.151346163419813706e+02
3.152755169721652919e+02
3.152890503660272543e+02
3.152967837339484731e+02
3.153100504599510714e+02
3.153564506674779295e+02
3.153871174713031564e+02
3.159349865883371535e+02
3.161677876295494229e+02
3.167521235763495042e+02
3.171564587180885724e+02
3.172977926835438893e+02
3.175494604758051764e+02
3.178382617674809012e+02
3.180217959216783470e+02
3.181402964516769316e+02
3.184958647086372707e+02
3.186087318801070865e+02
3.190857673470013083e+02
3.193334351213723608e+02
3.197069034583916505e+02
3.206394742960200688e+02
3.208110750635115664e+02
3.211072097213194070e+02
3.212572770591684730e+02
3.214051777206603333e+02
3.216689789005220632e+02
3.219490468198040389e+02
3.221433810223051637e+02
3.222985483829643272e+02
3.225522161841706748e+02
3.227719838337573037e+02
3.228689842675957493e+02
3.230957852819727236e+02
3.234359868035381282e+02
3.236711211885197486e+02
3.251743612451564900e+02
3.253487620251711974e+02
3.254609291935101396e+02
3.257472638074869451e+02
3.259612647646150663e+02
3.262865662195393384e+02
3.265011338458685941e+02
3.266725346124656539e+02
3.269743359622846128e+02
3.271049365464011771e+02
3.272797706616873938e+02
3.275304384494760939e+02
3.277650728322214491e+02
3.282879751709238008e+02
3.285634764031144641e+02
3.286907103055067410e+02
3.289473447866483866e+02
3.291372456359878242e+02
3.292903463207369441e+02
3.294590137417756068e+02
3.296610146452330241e+02
3.298847489792274814e+02
3.302588506524127183e+02
3.303708844868220353e+02
3.310033539822347279e+02
3.312430550543076606e+02
3.316949904089406118e+02
3.328245621276636257e+02
3.332012304789950576e+02
3.337126660997454337e+02
3.339528671740546883e+02
3.341301013000750117e+02
3.343399355719007531e+02
3.349187714941018044e+02
3.350767388672840639e+02
3.352319395614256337e+02
3.357998087679108039e+02
3.366840460560320594e+02
3.380936523605546995e+02
3.383998203965705898e+02
3.385232542819670698e+02
3.387479886204340573e+02
3.391609904676019482e+02
3.393964915208900948e+02
3.396827928013844939e+02
3.398070600238414158e+02
3.400433610807077116e+02
3.411921328853038631e+02
3.427784066466456920e+02
3.429955409511211997e+02
3.438755448869752627e+02
3.443802804777594133e+02
3.449864831890261598e+02
3.453498181473901809e+02
3.455161855581420127e+02
3.459045206283200287e+02
3.460400879013168947e+02
3.461703551506092253e+02
3.463968228301620229e+02
3.465450901599604094e+02
3.467230909560763621e+02
3.467335910030382706e+02
3.469249585256040973e+02
3.470728258536135513e+02
3.471678262785068796e+02
3.474124940394602277e+02
3.478448959733958077e+02
3.480145633989070575e+02
3.481897641824998573e+02
3.492167354423380061e+02
3.498976051542226742e+02
3.501985398334988417e+02
3.504338075524101441e+02
3.508653428158028191e+02
3.512180110597927865e+02
3.513983118661956269e+02
3.515706126368179980e+02
3.516792131225381013e+02
3.523288826948788710e+02
3.533272871602842429e+02
3.535283213927514794e+02
3.536721887028706419e+02
3.542202911542815968e+02
3.545906928109183696e+02
3.547284934272373675e+02
3.549382610320982963e+02
3.552619958133488467e+02
3.557743314381244772e+02
3.561174996396251231e+02
3.562916337517805232e+02
3.572002044820674769e+02
3.574507722694089011e+02
3.578298072979921471e+02
3.579839413206962604e+02
3.592569803477493906e+02
3.597428158540021741e+02
3.603981521183540622e+02
3.604138521885732871e+02
3.606730533478612415e+02
3.608526541511332653e+02
3.610731218038505972e+02
3.612086224098827074e+02
3.614138899946171932e+02
3.620038926334283929e+02
3.621798600871168219e+02
3.628138962562031793e+02
3.631462644094002030e+02
3.634732992054101715e+02
3.641174020861870417e+02
3.643036362524603646e+02
3.649781726026854471e+02
3.652856406445157518e+02
3.655739419339551546e+02
3.675104505950704379e+02
3.679052523608376646e+02
3.680837198257074760e+02
3.682763540206052539e+02
3.685015216943436371e+02
3.686265222534138388e+02
3.688073563955353507e+02
3.690184906731754495e+02
3.693086919711128076e+02
3.695139262223648302e+02
3.701527624129195146e+02
3.709665993861723905e+02
3.713599344787132281e+02
3.716380690560150128e+02
3.717912364077290022e+02
3.721118711751146293e+02
3.723641389700594573e+02
3.727859075231034467e+02
3.731621425391634830e+02
3.733620767667109135e+02
3.735523776178393973e+02
3.737035116271258062e+02
3.739482127215616174e+02
3.741631136827150499e+02
3.744458482805906101e+02
3.749514838754000721e+02
3.752402185001109842e+02
3.755637532804670400e+02
3.758032210181631285e+02
3.766823916169566928e+02
3.769556595058253379e+02
3.771245269277584953e+02
3.773817280781013324e+02
3.775051619634978692e+02
3.776280291796932147e+02
3.777623631138405926e+02
3.779142637932226876e+02
3.780830978816734955e+02
3.782742987368272338e+02
3.784694996098712068e+02
3.786035002091944648e+02
3.788710347390870652e+02
3.790948690735287414e+02
3.794392372803964690e+02
3.796057380250779261e+02
3.797112718304156260e+02
3.799454728778895287e+02
3.803026411420060526e+02
3.805342088443688340e+02
3.812182785705657579e+02
3.815939469174246028e+02
3.818481147208673292e+02
3.820514489636215103e+02
3.822162163672172142e+02
3.823604836791254229e+02
3.825056176615764798e+02
3.826531849882441065e+02
3.830646534952207389e+02
3.832854211492798413e+02
3.833910549550647602e+02
3.848140613195196806e+02
3.858723327193490604e+02
3.859986666177159691e+02
3.862308343227623482e+02
3.864322352235362246e+02
3.867883034827329425e+02
3.869420708371304158e+02
3.871922052892005013e+02
3.874338397032537955e+02
3.878308748123430405e+02
3.881248094603113259e+02
3.882914435389224650e+02
3.894812488603760698e+02
3.898619505630801996e+02
3.902034520904599049e+02
3.903376526906776576e+02
3.903485194059462060e+02
3.904978200736995859e+02
3.906956209583722170e+02
3.908812551219621128e+02
3.915132246151384834e+02
3.917351589410822612e+02
3.918868596195698615e+02
3.921575274968097915e+02
3.922795280424623456e+02
3.925176957743440198e+02
3.928961641337261312e+02
3.933169660157799967e+02
3.936122673365273954e+02
3.946428719459491958e+02
3.948021059914634066e+02
3.949979735341557898e+02
3.951613742649722667e+02
3.954540089071261946e+02
3.957008100109543420e+02
3.959641778555446763e+02
3.962165789844191295e+02
3.963489795765862596e+02
3.966111807492919183e+02
3.967556813955770281e+02
3.969565156271497699e+02
3.970908495612972047e+02
3.973283839570129317e+02
3.976958189337144631e+02
3.979584867751738670e+02
3.983744219687946497e+02
3.997862949501217145e+02
4.004880647554829238e+02
4.006606988609294149e+02
4.008276996078471939e+02
4.013494019411825207e+02
4.014865025543706452e+02
4.017097368861287805e+02
4.019534713095744678e+02
4.021023053085739889e+02
4.045776497129877498e+02
4.047886506566982234e+02
4.049284846154446882e+02
4.051327855291890501e+02
4.053739532744884286e+02
4.055601541072794021e+02
4.058483220627891797e+02
4.059689226021800437e+02
4.061696568333055666e+02
4.064627914776957596e+02
4.066706590740589036e+02
4.071391945029363342e+02
4.072979285462142229e+02
4.078949645498158247e+02
4.085407341047135787e+02
4.088583355251990952e+02
4.090855698748475220e+02
4.093021708436043014e+02
4.098044397566894759e+02
4.103879423664291153e+02
4.106894103814239543e+02
4.108771112209237231e+02
4.110528453402351943e+02
4.112014793383402775e+02
4.114572804824214245e+02
4.117261483516107887e+02
4.121012166957862064e+02
4.123012175902984495e+02
4.133936558096070257e+02
4.136125567886506929e+02
4.141086923409708902e+02
4.143284266570749992e+02
4.145662277206501471e+02
4.147032950003559222e+02
4.148682957383285270e+02
4.151166635158303961e+02
4.152983976619771624e+02
4.155113986146328102e+02
4.157171995350859675e+02
4.158618001818182961e+02
4.163722357980960851e+02
4.168289378407149570e+02
4.171178391328379007e+02
4.174149737951183283e+02
4.177083417738854223e+02
4.179864096842223944e+02
4.181797772157333384e+02
4.183976115233396627e+02
4.185750789837368870e+02
4.187455464128261724e+02
4.190262810017565585e+02
4.193211489872325046e+02
4.195520833534293956e+02
4.196842506112196247e+02
4.197787843673590373e+02
4.199242183511519215e+02
4.201185858871354526e+02
4.203889870965160753e+02
4.206682550122200723e+02
4.212549576362718540e+02
4.215674257004648666e+02
4.217659599217507207e+02
4.222389287037898953e+02
4.229177317397645766e+02
4.230102654869589287e+02
4.234301673649875397e+02
4.238229024548447796e+02
4.239737364627894749e+02
4.243655382151390540e+02
4.247602733139414681e+02
4.255019432977578617e+02
4.267551822362543135e+02
4.268826828065058976e+02
4.270645502865824028e+02
4.272894179589790156e+02
4.274730521136236803e+02
4.278851872902487230e+02
4.283281226046286179e+02
4.288616583242225602e+02
4.292851602183523596e+02
4.293008269550891214e+02
4.295216279426306869e+02
4.300161968212771058e+02
4.307651335042608594e+02
4.309780011229867682e+02
4.313705362119495135e+02
4.321501063652760308e+02
4.334263787401237664e+02
4.337893470301811476e+02
4.340343814594410787e+02
4.341861821383759548e+02
4.342750825359866553e+02
4.345193836286334204e+02
4.347169845124115568e+02
4.349298521311374657e+02
4.351866199462088503e+02
4.355328214946096068e+02
4.357848892886598833e+02
4.361883577598560464e+02
4.364864924266090611e+02
4.366747266018275013e+02
4.374515300761132721e+02
4.375865306799090604e+02
4.379797324385201591e+02
4.381149330432104989e+02
4.383382007084510406e+02
4.386207019719496429e+02
4.388223028736180709e+02
4.391408042981288418e+02
4.412145802398443379e+02
4.420842507961486376e+02
4.426213865318437684e+02
4.428109207128765661e+02
4.430214883213156440e+02
4.437830250606535856e+02
4.439833926234725254e+02
4.441480266931384904e+02
4.442979940305403375e+02
4.450011638421631233e+02
4.457739006315937331e+02
4.462565694570167238e+02
4.463833700241374913e+02
4.465470374228133892e+02
4.470588063783878852e+02
4.472571739322617077e+02
4.475268084715467012e+02
4.478573432832106391e+02
4.480431107807301601e+02
4.483102786423161774e+02
4.485479463719615865e+02
4.488945479221513892e+02
4.492378827910641803e+02
4.494168502581702569e+02
4.501840536895193736e+02
4.503791212286336645e+02
4.507817896962517921e+02
4.510722576620484574e+02
4.512766585762400382e+02
4.516199934451527156e+02
4.519253948110730335e+02
4.522648629960252151e+02
4.524841973103403916e+02
4.526536647349571467e+02
4.527699652551160057e+02
4.530428664756780108e+02
4.536934360520440919e+02
4.539194703963253801e+02
4.540752377596680276e+02
4.545185064088720992e+02
4.548541079098637283e+02
4.550882422903727615e+02
4.553309767093458618e+02
4.555786778171993205e+02
4.558992792511024845e+02
4.563447812436286313e+02
4.568074166461179857e+02
4.570733845023369213e+02
4.573310856549159666e+02
4.576003868593767834e+02
4.597630965321854433e+02
4.600891979906876941e+02
4.603966660325178850e+02
4.605802001867153876e+02
4.607649676797623215e+02
4.615140376966756435e+02
4.616571716701816399e+02
4.617419053824899606e+02
4.619354395814130498e+02
4.620482400859179961e+02
4.623167412868007204e+02
4.624427085168610461e+02
4.629520107947366228e+02
4.642864167629226131e+02
4.645056177433080506e+02
4.647416521323149254e+02
4.650276867449499605e+02
4.654010884150044376e+02
4.655636558087604726e+02
4.657061897795828713e+02
4.658833572386383821e+02
4.667824945934007701e+02
4.674940977760754777e+02
4.678697661229344362e+02
4.680416002248028917e+02
4.682332344152280825e+02
4.685136690028166981e+02
4.686930364717118209e+02
4.689665376949573670e+02
4.693219059510233251e+02
4.697332744575526249e+02
4.704740111038613577e+02
4.713240149055385473e+02
4.717708169038789947e+02
4.719158508858828327e+02
4.722362856523739083e+02
4.730436225965552239e+02
4.732052566528035413e+02
4.734119909107644162e+02
4.739561600112499491e+02
4.741864277077984298e+02
4.746596298242145053e+02
4.750810317089519117e+02
4.763146038928212533e+02
4.764806046352664453e+02
4.766098052131214331e+02
4.771156741423077960e+02
4.772903415901818676e+02
4.777514103189975572e+02
4.778451107380765848e+02
4.780953451905938323e+02
4.788110150581236439e+02
4.798495530363611579e+02
4.801489543754460101e+02
4.803026550628787277e+02
4.806459899317914619e+02
4.809692913777706167e+02
4.811435254903732357e+02
4.814702269515590274e+02
4.816606944700995427e+02
4.823218974273572144e+02
4.830110005093993095e+02
4.833303686044529854e+02
4.838615043133128211e+02
4.845202405928714029e+02
4.846995413948017131e+02
4.848527087465157024e+02
4.849969760584239111e+02
4.851094432281046238e+02
4.854131112529391316e+02
4.857444794016635683e+02
4.859867471518827529e+02
4.862844151498819087e+02
4.870408518664098096e+02
4.877024881589388769e+02
4.879481225908823490e+02
4.883896912324830737e+02
4.886582924338130738e+02
4.887831263254711871e+02
4.889713938341720905e+02
4.892247283005543181e+02
4.893633289204513517e+02
4.897401972726773351e+02
4.902574662528509748e+02
4.906383679564495992e+02
4.908321688232319389e+02
4.911120700751018830e+02
4.916381390946340844e+02
4.918693067952078763e+02
4.920048407347223929e+02
4.920127074365731801e+02
4.920206741388712430e+02
4.920889077773824170e+02
4.925120096697231133e+02
4.926464102708353607e+02
4.927953776037646207e+02
4.929531449760523856e+02
4.932256128613429382e+02
4.932440129436380403e+02
4.942197506409987113e+02
4.944503516723713687e+02
4.949856874000159337e+02
4.951513214741545426e+02
4.955812233969087401e+02
4.957467574706000164e+02
4.959570250776972671e+02
4.961188258013577297e+02
4.964126271153962762e+02
4.968440290448592691e+02
4.972945977267130502e+02
4.974622318097967764e+02
4.977391330482490162e+02
4.979156005041737103e+02
4.983985359974560652e+02
4.985989702272397608e+02
4.994393406524980037e+02
4.998689759073927803e+02
5.005715790498144884e+02
5.008358135649476139e+02
5.010203143901351837e+02
5.012825822298056551e+02
5.015843502461422645e+02
5.018157179476106080e+02
5.020998525517477447e+02
5.025216877717565467e+02
5.037720933642473824e+02
5.039047939577562829e+02
5.043058624182182257e+02
5.044640297922950367e+02
5.047168309229585930e+02
5.053587004604133313e+02
5.056859685908003144e+02
5.065733725597513057e+02
5.070131411933014078e+02
5.072272421508768048e+02
5.073971429107650124e+02
5.075727770296292078e+02
5.077107109798778311e+02
5.085740815080050083e+02
5.088321159954082873e+02
5.095835860230557728e+02
5.101768886766265041e+02
5.106360240634618890e+02
5.108515583607812687e+02
5.115334614106208733e+02
5.117027955013079463e+02
5.119121297708974794e+02
5.122535979647947215e+02
5.125355325590923030e+02
5.127308667660659012e+02
5.132543691074517938e+02
5.138471717587863168e+02
5.140366392728542451e+02
5.146402419724923902e+02
5.149546433786656507e+02
5.152151445437679058e+02
5.157473802575475474e+02
5.160649816780331776e+02
5.165215837202046032e+02
5.171661866032177386e+02
5.175590883604870669e+02
5.179261566688819585e+02
5.180945240885788508e+02
5.185587928317067963e+02
5.191804956122982730e+02
5.194863969804547423e+02
5.211618044737841728e+02
5.213282052180185246e+02
5.215159727244831629e+02
5.216337399178684109e+02
5.220528751258012790e+02
5.222795428062486280e+02
5.225686440992660664e+02
5.229110456306710830e+02
5.231725801337282746e+02
5.235958153599988236e+02
5.238230830431295999e+02
5.255880576037180845e+02
5.260380262828883815e+02
5.262188270915273733e+02
5.264528281381068382e+02
5.266117955157616279e+02
5.267936963293205963e+02
5.272831318516745114e+02
5.274111324241624743e+02
5.278156342333135171e+02
5.280355352168297713e+02
5.281921359172329176e+02
5.283838701081053841e+02
5.291556735600282764e+02
5.299438770853012102e+02
5.301460113226883095e+02
5.303753790152114789e+02
5.306289801494530138e+02
5.308306810515687175e+02
5.316629514405991586e+02
5.318503522787571001e+02
5.321646203510008490e+02
5.324205214955293286e+02
5.326115223497885154e+02
5.327793231002843868e+02
5.330634243709390603e+02
5.334132592689234116e+02
5.341851293878112301e+02
5.343625301812436419e+02
5.344897307501535124e+02
5.349182326666460767e+02
5.354280349467577480e+02
5.355723689256309399e+02
5.357877698890205238e+02
5.360827712084262657e+02
5.362111384492206980e+02
5.364163393669902007e+02
5.366306736589425554e+02
5.368469412928752718e+02
5.370083086812642250e+02
5.372755098763326487e+02
5.375345777016908642e+02
5.378864459421027959e+02
5.381939139839331574e+02
5.382737476743259322e+02
5.388644169827855421e+02
5.394546196224912364e+02
5.397113541040803284e+02
5.403050234259575291e+02
5.405761579719513747e+02
5.407589921230180607e+02
5.411068936790221642e+02
5.413253279893119725e+02
5.416617294938816940e+02
5.421731984481143627e+02
5.423733326765564016e+02
5.426675006589016448e+02
5.428132346440361289e+02
5.430319022887028950e+02
5.431753695970330682e+02
5.433631037700153001e+02
5.438849727707627153e+02
5.439879065644717002e+02
5.442611077863754190e+02
5.444783420912982592e+02
5.445675424902507302e+02
5.446741763005081793e+02
5.449479108581307401e+02
5.450845114690824857e+02
5.456588140376745741e+02
5.460583158244629658e+02
5.466221183460929751e+02
5.469035196046718283e+02
5.471235872556002278e+02
5.473848550907980552e+02
5.476935231379953848e+02
5.480506247351471529e+02
5.482528256394989512e+02
5.485925604923105539e+02
5.489021618770154873e+02
5.514300731832036035e+02
5.517982081630358380e+02
5.529233131951148152e+02
5.536830499264020773e+02
5.541431853177099356e+02
5.544741534646454966e+02
5.552300568454546692e+02
5.554467244811762612e+02
5.564269288651810257e+02
5.566641299260725191e+02
5.573884664990312103e+02
5.575251671104304023e+02
5.579419023076292206e+02
5.586483721340114244e+02
5.589515734900920734e+02
5.610994830967067628e+02
5.612879172728197545e+02
5.615680518590665997e+02
5.617112191660551161e+02
5.620014537974747100e+02
5.623335886162948327e+02
5.624996560257048941e+02
5.641076632175837631e+02
5.646108321346941921e+02
5.656116699443160769e+02
5.657632372888739383e+02
5.659445714332317721e+02
5.662146059743057549e+02
5.664887738671997113e+02
5.666155077673557798e+02
5.667752751485886620e+02
5.668829422968010476e+02
5.671693435777426657e+02
5.673249776071555743e+02
5.675109784390519962e+02
5.688149509377898312e+02
5.691842525895066274e+02
5.693504533328464277e+02
5.696063544773749072e+02
5.698550555897008962e+02
5.700245230143176514e+02
5.701550569314694030e+02
5.703026242581370298e+02
5.704075247273086688e+02
5.705681587790844560e+02
5.711106278719666989e+02
5.715631298958006710e+02
5.717477973884003859e+02
5.720553987641602589e+02
5.722735997400732231e+02
5.725849011323815603e+02
5.729153026101158730e+02
5.733137043919842881e+02
5.737543396960772952e+02
5.739675073161449745e+02
5.746429103369129052e+02
5.750923790138468803e+02
5.754826474260052009e+02
5.756737149472293140e+02
5.766270858778869979e+02
5.770678878493920365e+02
5.772434886347738257e+02
5.774164894085270134e+02
5.775479233297039627e+02
5.776664905266674168e+02
5.778953248834718579e+02
5.785324277329406186e+02
5.788481958118932198e+02
5.793037978495922289e+02
5.795600656624272915e+02
5.808137046027127326e+02
5.815852080532938544e+02
5.836858841153213007e+02
5.839379519093715771e+02
5.847799556752682975e+02
5.862407622087860091e+02
5.863845295184579527e+02
5.865620636458201034e+02
5.867267310489685315e+02
5.867365310927996234e+02
5.870105989852463608e+02
5.873392671218948635e+02
5.878632361320345581e+02
5.886740730918697864e+02
5.888341404744445526e+02
5.894171097484653501e+02
5.911771176201734761e+02
5.913512517323289330e+02
5.915286858592437511e+02
5.917141200219390385e+02
5.920714882869500570e+02
5.923023226526996723e+02
5.924908568292598829e+02
5.927427579558981279e+02
5.929805256859907558e+02
5.937418624244343164e+02
5.939938302180373739e+02
5.944527656039782642e+02
5.946317997380491533e+02
5.950426682423421880e+02
5.958107050107518035e+02
5.959592390084095541e+02
5.960244726335030236e+02
5.962049067738355461e+02
5.965238415336177695e+02
5.966923756207268070e+02
5.967732426490746320e+02
5.970407771789672324e+02
5.973030783521201101e+02
5.975804129258438024e+02
5.978640141942621540e+02
5.980564817217479003e+02
5.982570826189437412e+02
5.985971508065794069e+02
5.988713520329557696e+02
6.004043922228748897e+02
6.006741267626071021e+02
6.009965282045609456e+02
6.012455959851935177e+02
6.015740974544299888e+02
6.020015326994852103e+02
6.022589338507224284e+02
6.024804348413947537e+02
6.025909353356128122e+02
6.033380720105459432e+02
6.037292070932471688e+02
6.047665783996000073e+02
6.049672126302781408e+02
6.052510472330735638e+02
6.072308560878507251e+02
6.073824567658909928e+02
6.075752242947185096e+02
6.077511250814419554e+02
6.083087942423071581e+02
6.085423286201325936e+02
6.090337974849142029e+02
6.093183654243226783e+02
6.122433785065649090e+02
6.126040801198178087e+02
6.127663141787497807e+02
6.132266162374696705e+02
6.148094899836048626e+02
6.149651573465002912e+02
6.156398936976198684e+02
6.158242611888778129e+02
6.160046953292103353e+02
6.163059966767930291e+02
6.165955313050819768e+02
6.172761676825897439e+02
6.177216696751158906e+02
6.178939037787733923e+02
6.181252381467593295e+02
6.183024722727795961e+02
6.187700410306667891e+02
6.189544418554071399e+02
6.192085763253674031e+02
6.194318773240904648e+02
6.198919460484335104e+02
6.202550810059029800e+02
6.204971154217453204e+02
6.211655184112054258e+02
6.217315209426751608e+02
6.221299893915085022e+02
6.224561241834931025e+02
6.231401272427252707e+02
6.232914612529061742e+02
6.234705620539418760e+02
6.234837954464621816e+02
6.239401641542567631e+02
6.241816319008978553e+02
6.244877666034313961e+02
6.248307014705551410e+02
6.252161698612451346e+02
6.254854710657059513e+02
6.261928742295959864e+02
6.266256761653204421e+02
6.273340793336831211e+02
6.281891164912054819e+02
6.285216513118145940e+02
6.289255531182822097e+02
6.294600221753837559e+02
6.296392229768667903e+02
6.298326905088249532e+02
6.313393639141510221e+02
6.315208647259208874e+02
6.319317998971787347e+02
6.323340350295253529e+02
6.328968708801654657e+02
6.332282723623721949e+02
6.340989429231491386e+02
6.342634769923678277e+02
6.344314444102757307e+02
6.345544782938832213e+02
6.347125123340304071e+02
6.349990802823840568e+02
6.351921144790708240e+02
6.352046145349778499e+02
6.354301822105053361e+02
6.360071847911732448e+02
6.364356200407009965e+02
6.368790220238347501e+02
6.373753909105317916e+02
6.396813345572936669e+02
6.399558357850118000e+02
6.416282765984060461e+02
6.425516473948867997e+02
6.433464842831609758e+02
6.442185881836818453e+02
6.445981232145013564e+02
6.457017614839024873e+02
6.469656338032905296e+02
6.472700351647382604e+02
6.487757418990739779e+02
6.495415786576440951e+02
6.499000802610572691e+02
6.502045816229522188e+02
6.504053825210426112e+02
6.507763841803628111e+02
6.522478907617370396e+02
6.524351915994478759e+02
6.546483014976735149e+02
6.549901363598775106e+02
6.563996759974351107e+02
6.567603442772057178e+02
6.570251787950223843e+02
6.579941164619696110e+02
6.585401522374705792e+02
6.604118939422461381e+02
6.611910974272660724e+02
6.614864987484606900e+02
6.617245664798952021e+02
6.617375665380385499e+02
6.617454999068540928e+02
6.617559332868512456e+02
6.621152015603601058e+02
6.622774022858095577e+02
6.629874721282931205e+02
6.638901761656742337e+02
6.640277767810987370e+02
6.642557444673602731e+02
6.650041478146252985e+02
6.662082532000364381e+02
6.664866877786801069e+02
6.667099554439205349e+02
6.676898598265835290e+02
6.680724282043031508e+02
6.684571632583799783e+02
6.696337351873132775e+02
6.700694371360083323e+02
6.702471712642649209e+02
6.704509721757729039e+02
6.707148400225994465e+02
6.717682114005132235e+02
6.719897457246680688e+02
6.721991466612224713e+02
6.726881821817873970e+02
6.729091498367409940e+02
6.733230516879342531e+02
6.738687874620934508e+02
6.741465887045709451e+02
6.745849573318594139e+02
6.753353940215520197e+02
6.756676288408193614e+02
6.759271633349314925e+02
6.762161646275017119e+02
6.765193326500999547e+02
6.768194006588332741e+02
6.772414025462541076e+02
6.778596386446740780e+02
6.782678738038559914e+02
6.791475777383683408e+02
6.816633223234736079e+02
6.835448974055627787e+02
6.852153382100118506e+02
6.854562726209342145e+02
6.858042075104208379e+02
6.859615748809195566e+02
6.862283760741989909e+02
6.871322134499824870e+02
6.874906483864308484e+02
6.885815865990305156e+02
6.896463246944491630e+02
6.924227371120687167e+02
6.926115379564882915e+02
6.929672062138960200e+02
6.951253158661309044e+02
6.954447506281494498e+02
6.968362235182362383e+02
6.976060602946964764e+02
6.979530951801576748e+02
6.982569965393691973e+02
6.984754975166238182e+02
6.989032327630206964e+02
6.990976336324865770e+02
6.995997692116421831e+02
6.998287369023763631e+02
7.002132052885938265e+02
7.011019092633591754e+02
7.012647433249745745e+02
7.015357778705212013e+02
7.019463130399900592e+02
7.028749171932105355e+02
7.034489197604608535e+02
7.037004542187924017e+02
7.039994555560883782e+02
7.041431228653129892e+02
7.043505904598871439e+02
7.049505931434239301e+02
7.058326970886704430e+02
7.063828662159912710e+02
7.065119001264341705e+02
7.067577012257896740e+02
7.069236019677877039e+02
7.072005032062398868e+02
7.078962396512833948e+02
7.080003734503594615e+02
7.098093148742582343e+02
7.100626826741228115e+02
7.102232833924163060e+02
7.103830841071315945e+02
7.130538293854838230e+02
7.132401635522044216e+02
7.134730312603816174e+02
7.137080656449159051e+02
7.142318346541611618e+02
7.147235701868021351e+02
7.149427045002227032e+02
7.159190422002668583e+02
7.165100448435507587e+02
7.168457796784720131e+02
7.178960510425208668e+02
7.181989190637773390e+02
7.184780869790340603e+02
7.222960707217911249e+02
7.232107081458782432e+02
7.247020481492916133e+02
7.253752844937023383e+02
7.260027206332698597e+02
7.269785583310776929e+02
7.272335594715808611e+02
7.338281222993697384e+02
7.342147240284618874e+02
7.348253600928903779e+02
7.362587665038599880e+02
7.365331343976483822e+02
7.400312167096330995e+02
7.404831853977485707e+02
7.413585893130289151e+02
7.433966317615913795e+02
7.437059664784371762e+02
7.443918695461669586e+02
7.446392706526787606e+02
7.453003402760067502e+02
7.456446418159096083e+02
7.465589459051725498e+02
7.468468805263053127e+02
7.472207821985961118e+02
7.474175164118313432e+02
7.475349502703925282e+02
7.477990847850783211e+02
7.481566530509838913e+02
7.484044208258022763e+02
7.485851216339940493e+02
7.497897936886064372e+02
7.501735620716931408e+02
7.503506628637837821e+02
7.505023968757536750e+02
7.506675642811384250e+02
7.508295316722109192e+02
7.510531326722757512e+02
7.532778426223831048e+02
7.534641767891037034e+02
7.539424122613651207e+02
7.542907471526406198e+02
7.544588479044782616e+02
7.546890489340618160e+02
7.560654217566129773e+02
7.569766258320109955e+02
7.619957149467617228e+02
7.632629872813563452e+02
7.650352285411122466e+02
7.652890963432131457e+02
7.654795971952361242e+02
7.656070644320052452e+02
7.658118653479858722e+02
7.666301356744004352e+02
7.672889719544062928e+02
7.679529749241871741e+02
7.682375761970780559e+02
7.684060436172222808e+02
7.685843777481624102e+02
7.688169787884802417e+02
7.691175467994497694e+02
7.699037836492599354e+02
7.714811907042783332e+02
7.726867294294336261e+02
7.732374652259555887e+02
7.743660036067236661e+02
7.746473715318201130e+02
7.758042767061264158e+02
7.763370790891070783e+02
7.770891824529205678e+02
7.775998514035752578e+02
7.779472196238606330e+02
7.784267217684539446e+02
7.789170239613508784e+02
7.790459912048288516e+02
7.792112252771783005e+02
7.794036261376991206e+02
7.803134302068356192e+02
7.805998314877771236e+02
7.807670989025542667e+02
7.810958337061675820e+02
7.812819678719937428e+02
7.814536353064501100e+02
7.817703700563927214e+02
7.821712051824778200e+02
7.832746434509845130e+02
7.844994155954954067e+02
7.850334513173256710e+02
7.860825226760073292e+02
7.866085250285747179e+02
7.868451927537475967e+02
7.886847676479892471e+02
7.893146704652555172e+02
7.914225132260030477e+02
7.917478813478920756e+02
7.920487493602034874e+02
7.936421564867828238e+02
7.954940981030018747e+02
7.958323996160693241e+02
7.963722353638403320e+02
7.967058701893693069e+02
7.971100719971786930e+02
7.989735469983145322e+02
7.997817506130386391e+02
8.007874551110936636e+02
8.011823568773081661e+02
8.015304584342068210e+02
8.016907258176760251e+02
8.020217272980938787e+02
8.032649328583822808e+02
8.045645053374406643e+02
8.051281078581763495e+02
8.053586422225840806e+02
8.055498097442555263e+02
8.066000144413395674e+02
8.081333212991179380e+02
8.082811552936449289e+02
8.083075220782382075e+02
8.085417231257119965e+02
8.085710565902404596e+02
8.086837237608157238e+02
8.117102039635404935e+02
8.118414045503405987e+02
8.121277058308348842e+02
8.123556735170965339e+02
8.125072075281719890e+02
8.127449085912999180e+02
8.129332761004479835e+02
8.131436770414750299e+02
8.134799452121148988e+02
8.137730131895402792e+02
8.151284192516501435e+02
8.160942235712499269e+02
8.166142592304643131e+02
8.172575621076630341e+02
8.185661012934920109e+02
8.204695764735304238e+02
8.207774778506320672e+02
8.212526799759932601e+02
8.220008833223637339e+02
8.221425506226432844e+02
8.240729925899582895e+02
8.242730934849179221e+02
8.245048278546927349e+02
8.246336617642410829e+02
8.249701632692580233e+02
8.254604654621548434e+02
8.260072012407866850e+02
8.266042705778705795e+02
8.271960732247324586e+02
8.276441085619225078e+02
8.282153777836144855e+02
8.284868123309499879e+02
8.290540815347516173e+02
8.293240827423433075e+02
8.295525170973587592e+02
8.301469864228140523e+02
8.304483877708440787e+02
8.330232992872424802e+02
8.335965351843972257e+02
8.338121694821638812e+02
8.347337736040764185e+02
8.352467092315356467e+02
8.357542115013606008e+02
8.359631124356785676e+02
8.367084824360435960e+02
8.378832876904086788e+02
8.380470884230143156e+02
8.381854557085343913e+02
8.382909228469071650e+02
8.384129900595245317e+02
8.386345243836792633e+02
8.389084256087138556e+02
8.392778939278429107e+02
8.399828970809986686e+02
8.401817313036262931e+02
8.407930007042207308e+02
8.412184692738131844e+02
8.412285359855036404e+02
8.412348360136808196e+02
8.412451693932306398e+02
8.430013772479430827e+02
8.447587184410575674e+02
8.453770212064424641e+02
8.456921559492288907e+02
8.481268668385743013e+02
8.483007342828702804e+02
8.484303015290319081e+02
8.487254028488846416e+02
8.488457033869339057e+02
8.489686372700940638e+02
8.491014711975326463e+02
8.491955049514358507e+02
8.493694057292142361e+02
8.495167397215050187e+02
8.496269735478637131e+02
8.497065739038795300e+02
8.498139743842326652e+02
8.498971747563498411e+02
8.500677755193687517e+02
8.501631759460510693e+02
8.503216766549520571e+02
8.504560772560644182e+02
8.505657777467043843e+02
8.507228784493437388e+02
8.508529790312239811e+02
8.510529132587714685e+02
8.511792138236559140e+02
8.512940143371060913e+02
8.514546150553993584e+02
8.516447492391157539e+02
8.519300838486199154e+02
8.521783182921921025e+02
8.524461194899439533e+02
8.525392199063395537e+02
8.527040206434177207e+02
8.528467546151346141e+02
8.530463555078578111e+02
8.531638226999014023e+02
8.532476897416669317e+02
8.533932903928717906e+02
8.539399928380211122e+02
8.541332603690848373e+02
8.543287279099881744e+02
8.546757627954494865e+02
8.549025638098264608e+02
8.558688014646976399e+02
8.560396022286112157e+02
8.581290449070634168e+02
8.596442516838885695e+02
8.598280858394277857e+02
8.602506210625673475e+02
8.607563233243417926e+02
8.609598909014728179e+02
8.612158587129661100e+02
8.614446597362881448e+02
8.615983270902385129e+02
8.617561277960086272e+02
8.622962302116391129e+02
8.623959306575534356e+02
8.625011644615493651e+02
8.625790314764794857e+02
8.627130987427674427e+02
8.629066662751729382e+02
8.630797337158910523e+02
8.634719688035119134e+02
8.654347109152907933e+02
8.657812791319980761e+02
8.660835471505710075e+02
8.663346482736311600e+02
8.666998832404931363e+02
8.670472181272961052e+02
8.672407523262190807e+02
8.674460865779184360e+02
8.677580879733575330e+02
8.685280247502651036e+02
8.690217602918511375e+02
8.697423301812964382e+02
8.700697649790954529e+02
8.703079993779419965e+02
8.704485000063368716e+02
8.707122011857513826e+02
8.709051353819908172e+02
8.712229034698884789e+02
8.715961718060132171e+02
8.719230732680936171e+02
8.719941735860927565e+02
8.720718072666459193e+02
8.758477908215554635e+02
8.760405250169004603e+02
8.773026306617201726e+02
8.781470344383511701e+02
8.808142130340845597e+02
8.818235842152056421e+02
8.827155215377656532e+02
8.829003223642949933e+02
8.833020574944054033e+02
8.835935587981571189e+02
8.856599680402579224e+02
8.859637693990221123e+02
8.861890704066903481e+02
8.863575711603168656e+02
8.865205385558620037e+02
8.883318799904949401e+02
8.888849157973038473e+02
8.898947869806612516e+02
8.900852878326841164e+02
8.913299933996813706e+02
8.990554946189723751e+02
8.992461288049249788e+02
8.997521977350058933e+02
9.013171714010821916e+02
9.019689743162977038e+02
9.028354781917721539e+02
9.051969554202436257e+02
9.053726562060727474e+02
9.070200969076528281e+02
9.092124733798141278e+02
9.094641411720754149e+02
9.096243752220620991e+02
9.098603762775867381e+02
9.100065102645103252e+02
9.105560127221827997e+02
9.123901875922725822e+02
9.126058885570041639e+02
9.133799586857314807e+02
9.135308926941233949e+02
9.139546945895949648e+02
9.141923289857579675e+02
9.154672346878265898e+02
9.162812716619739604e+02
9.169581413559684506e+02
9.186347155211824429e+02
9.196380200085033039e+02
9.217360627254197425e+02
9.231390690004233193e+02
9.235262707321991229e+02
9.244596082399232273e+02
9.259920484271588066e+02
9.280659910362863911e+02
9.338277834728083917e+02
9.370265977796379957e+02
9.398799105411975461e+02
9.401783785427747944e+02
9.406484473118434835e+02
9.418316192702957323e+02
9.421501206948065601e+02
9.422959880138707831e+02
9.426414228921760241e+02
9.428259570508460001e+02
9.430444913615830274e+02
9.434701599320700325e+02
9.436760941864529286e+02
9.439187952719436225e+02
9.440720626241047739e+02
9.445022312147182220e+02
9.446968320850787677e+02
9.449026663390143312e+02
9.449279331186876334e+02
9.450963005383846394e+02
9.452744013349479246e+02
9.454189686481977333e+02
9.458778040336914046e+02
9.460413047649551572e+02
9.461972054622275436e+02
9.464055730608270096e+02
9.465472403611064465e+02
9.467818747438518585e+02
9.469639088913403384e+02
9.471329429806856979e+02
9.488728840959777244e+02
9.493802530318730533e+02
9.494757867924851098e+02
9.501048229392085887e+02
9.528294684586319363e+02
9.530967696541475789e+02
9.537148057516729978e+02
9.541343076279125626e+02
9.551301120816891626e+02
9.559471824027367575e+02
9.561458166244698305e+02
9.562344503542211669e+02
9.563805843411448677e+02
9.566197854109816490e+02
9.568270196711787321e+02
9.572254214530472609e+02
9.579094245122792017e+02
9.582374593127617572e+02
9.585392939960632930e+02
9.586938946875212650e+02
9.588415620146362244e+02
9.590063294182318714e+02
9.590152294580377657e+02
9.596442989382436508e+02
9.598339664532061306e+02
9.601048676648230185e+02
9.602804684502048076e+02
9.606069699104961046e+02
9.609115712728382732e+02
9.612823395977816290e+02
9.617150081995766868e+02
9.620689764493810117e+02
9.622935441204358540e+02
9.624976116998032012e+02
9.628639800050673330e+02
9.635390830244936069e+02
9.637745840777818103e+02
9.646530213399621516e+02
9.650204563166636262e+02
9.662601951947805219e+02
9.670188319211480348e+02
9.680175363878951202e+02
9.689500072250762059e+02
9.692996754556486394e+02
9.695984434585675444e+02
9.701669793347011819e+02
9.703312800695429132e+02
9.721668216124119226e+02
9.723904226124766410e+02
9.725712900880805591e+02
9.727727909893017113e+02
9.729678251949335390e+02
9.732922933127973693e+02
9.738075622840258347e+02
9.742258308214159115e+02
9.744633318836492890e+02
9.754512029686102323e+02
9.755927702684425640e+02
9.757448709487191536e+02
9.759146717081600855e+02
9.760978725275333545e+02
9.762725733088898323e+02
9.768015756748748117e+02
9.770116099475950477e+02
9.773021445803567531e+02
9.774558786012718201e+02
9.780489812539478862e+02
9.785001166050028587e+02
9.791737862846850931e+02
9.803297581214836782e+02
9.807545933549101846e+02
9.856928487747956069e+02
9.860509837099021979e+02
9.885341614826843397e+02
9.906220041539805834e+02
9.910302726466450167e+02
9.919897769380676209e+02
9.922474114236819105e+02
9.927606803859652018e+02
9.932908827573173767e+02
9.935719173475895332e+02
9.949464234951252593e+02
9.987585405449766540e+02
9.992083092232525132e+02
1.001765020658250251e+03
1.002771491826400847e+03
1.003275827415396179e+03
1.004700667121384072e+03
1.009821723358853546e+03
1.011513430925085800e+03
1.012859703613012812e+03
1.013220571893677743e+03
1.015274047744600352e+03
1.015771116634428267e+03
1.015969717522678934e+03
1.016653953916287946e+03
1.019305265774390023e+03
1.021092007098998010e+03
1.030183247759948472e+03
1.031404453221840640e+03
1.031687554488022670e+03
1.039061554135208553e+03
1.041558731970606232e+03
1.042914071365751397e+03
1.047133123568970404e+03
1.047662892605051184e+03
1.048797397679172036e+03
1.049130799170324053e+03
1.049554634399278029e+03
1.049864169117018037e+03
1.050942873941570042e+03
1.051794677751298195e+03
1.056185464055938382e+03
1.056411431733254858e+03
1.058968243168700155e+03
1.059538412385472157e+03
1.061674821940652237e+03
1.062436658681332119e+03
1.064232733381017169e+03
1.064437167628691213e+03
1.064711368855067576e+03
1.064893269668626544e+03
1.065810440437377338e+03
1.066107841767517129e+03
1.066421476503594931e+03
1.066546810397489253e+03
1.066739777927211207e+03
1.066867911833628796e+03
1.066884611908320721e+03
1.066892678611065776e+03
1.067679582130524523e+03
1.067961550058304283e+03
1.068364018525027859e+03
1.069268789238318959e+03
1.069661724329070694e+03
1.069874958616103413e+03
1.070230193538239746e+03
1.070564195032075077e+03
1.071714766844721908e+03
1.071877200904548317e+03
1.072333369611448461e+03
1.073071939581399874e+03
1.073893743256950984e+03
1.074190844585749119e+03
1.074612079803074266e+03
1.074919681178834253e+03
1.076436121294508666e+03
1.078569997505025185e+03
1.079730036026679045e+03
1.079960237056262486e+03
1.080302771921597241e+03
1.081338276552934531e+03
1.082462581581435416e+03
1.083617386746349212e+03
1.084594991118725375e+03
1.084895059127458808e+03
1.086789800935103358e+03
1.087096502306837692e+03
1.087336536713735086e+03
1.087454203906673001e+03
1.087569271087982543e+03
1.087684838271528179e+03
1.087863305736397933e+03
1.088457708394888414e+03
1.088558075510451317e+03
1.088730109613214154e+03
1.088890510330613097e+03
1.089128278060705725e+03
1.089462079553646845e+03
1.089473879606422997e+03
1.089604680191433999e+03
1.089915781582848012e+03
1.090040315473164128e+03
1.090206716217398480e+03
1.090462984030233656e+03
1.090843252397666220e+03
1.090952452886069977e+03
1.091042086620293958e+03
1.091231087465607970e+03
1.091494921978952107e+03
1.091900823794364669e+03
1.092164858308603471e+03
1.092402692705660911e+03
1.092604793609565604e+03
1.092850861376780585e+03
1.093474530832834716e+03
1.093602231403980795e+03
1.093786965563545436e+03
1.094192167375827239e+03
1.094428368432246316e+03
1.094619169285610951e+03
1.094819436847982615e+03
1.094988770938669632e+03
1.095135104926487884e+03
1.095467073077895975e+03
1.095615673742518538e+03
1.095850341458746243e+03
1.096045975667061612e+03
1.096279310043992609e+03
1.096646911688106229e+03
1.096923479591734349e+03
1.097142480571225178e+03
1.097268314467356049e+03
1.097574982505608205e+03
1.097713916460329301e+03
1.097934750781353387e+03
1.097946350833235101e+03
1.098398252854385419e+03
1.098575220312546662e+03
1.098751254433199620e+03
1.098954188674164925e+03
1.099098622653485108e+03
1.099235689933190770e+03
1.099399790667138404e+03
1.099549524670163009e+03
1.099780425702877437e+03
1.099959726504807804e+03
1.100147394010825110e+03
1.102566738164775415e+03
1.102794105848353638e+03
1.103237874499793861e+03
1.104119478442804166e+03
1.104976248941412223e+03
1.105635951891961213e+03
1.105969520050525034e+03
1.106826723884404828e+03
1.106974591212414225e+03
1.107205892246917529e+03
1.108496431352240506e+03
1.108786165981423892e+03
1.109118500801138680e+03
1.109682203322321584e+03
1.109907270995612635e+03
1.110177005535344961e+03
1.110413973261859383e+03
1.110806508350822241e+03
1.111242710301753732e+03
1.111879913151669825e+03
1.112683316744925605e+03
1.113031818303613363e+03
1.113553853971772924e+03
1.113733054773255844e+03
1.114131523222089072e+03
1.114392591056392575e+03
1.115120760979829356e+03
1.115668430095968915e+03
1.116010764960409006e+03
1.116242732664560890e+03
1.116375866593341243e+03
1.116581900848171244e+03
1.116883902198884698e+03
1.117059769652126079e+03
1.117474604840826714e+03
1.117801106301118352e+03
1.118706810351917284e+03
1.120065216427444511e+03
1.120587752097840394e+03
1.121494089484805272e+03
1.121633390107832838e+03
1.122032191891490584e+03
1.122427993661730397e+03
1.122760061813585708e+03
1.122917029182295437e+03
1.123170996984843441e+03
1.123374664562421685e+03
1.123544631989274876e+03
1.123906866942719034e+03
1.124148968025526074e+03
1.124802870950134093e+03
1.125172939271946689e+03
1.125617341259553086e+03
1.126419844848783441e+03
1.126702579446659001e+03
1.127015180844781753e+03
1.128633888084516911e+03
1.129148357052167285e+03
1.129480358537057782e+03
1.129750859746885681e+03
1.129978194096981497e+03
1.130648497094939330e+03
1.130854398015839706e+03
1.131210666275930862e+03
1.131573501232058561e+03
1.131609901394859889e+03
1.131711168514447763e+03
1.133015441014527369e+03
1.133078607963710738e+03
1.133188008453008933e+03
1.133292742254768655e+03
1.133433176216198717e+03
1.133619977051673231e+03
1.133783811117761161e+03
1.133953811878096758e+03
1.134070879068351132e+03
1.134292380059023344e+03
1.135205517476401837e+03
1.135458585274924644e+03
1.135848920354047777e+03
1.140198439807453724e+03
1.140800209165558954e+03
1.142477916669175102e+03
1.142587383825438110e+03
1.143051652568566169e+03
1.143532321385043815e+03
1.144277124716207709e+03
1.144580059404428994e+03
1.144765460233641988e+03
1.146412467599950560e+03
1.146621968536952181e+03
1.146764469174292344e+03
1.146938203284658584e+03
1.147018270309428317e+03
1.147083237266662309e+03
1.147241071305915057e+03
1.147395938665232279e+03
1.147469838995754571e+03
1.147646539786056110e+03
1.148186008865520535e+03
1.148317442786697711e+03
1.148474843490678722e+03
1.148678511068257194e+03
1.148890812017781855e+03
1.148981045754689376e+03
1.149070812822842981e+03
1.149230180202286874e+03
1.149313380574404164e+03
1.149567348376952395e+03
1.150040917161674770e+03
1.150186851147704147e+03
1.150335185144467459e+03
1.150342285176222276e+03
1.150956954592023749e+03
1.150979954694892513e+03
1.151147022108774991e+03
1.151286089397425940e+03
1.151554357263931706e+03
1.151662624414827633e+03
1.151787091638179163e+03
1.152068592897205235e+03
1.152295460578546908e+03
1.152402294389699136e+03
1.152562861774510111e+03
1.152945530152676838e+03
1.153265098248625009e+03
1.153465299144031860e+03
1.153625833195360428e+03
1.154083235241110060e+03
1.154453336896404835e+03
1.154627471008560406e+03
1.155428374590634803e+03
1.155612208746174019e+03
1.155796876238773621e+03
1.156011677199479891e+03
1.156244644908104419e+03
1.156295711803169752e+03
1.156378278839120867e+03
1.156563446333957017e+03
1.156800747395295730e+03
1.156966148135057210e+03
1.157886485584638194e+03
1.158056219677114314e+03
1.158217620398985673e+03
1.158320220857870481e+03
1.158357121022907904e+03
1.158507355028169059e+03
1.158891656746974377e+03
1.159113057737199597e+03
1.159272391783161083e+03
1.159896427907521684e+03
1.160430063627562959e+03
1.160717864914766096e+03
1.161037566344643892e+03
1.161153233528636974e+03
1.161413901361151375e+03
1.161501901754736764e+03
1.161785803024497000e+03
1.161884270131561834e+03
1.162114371160698283e+03
1.162320772083834981e+03
1.162442839296452121e+03
1.162490972845064789e+03
1.162615540068863538e+03
1.162659173597349763e+03
1.162749474001221870e+03
1.162839407736787734e+03
1.162909708051208554e+03
1.162942241530049387e+03
1.163005775147539453e+03
1.163137675737470317e+03
1.163214442747480462e+03
1.163279009702925578e+03
1.163364943420601094e+03
1.163526677477296744e+03
1.163895312459365414e+03
1.163910745861725218e+03
1.164114446772785868e+03
1.164173713704526335e+03
1.164559648763970245e+03
1.164925650400927680e+03
1.165806321006430153e+03
1.166214156163823191e+03
1.166645924761592823e+03
1.166831858926524319e+03
1.167581062277367437e+03
1.168254131954366130e+03
1.168443266133609995e+03
1.168946835052509414e+03
1.169161569346250872e+03
1.169656504893203874e+03
1.170161940487118727e+03
1.170575142335181226e+03
1.170723642999356571e+03
1.171029177699206684e+03
1.171327179032029790e+03
1.171563546755860898e+03
1.171770981016952646e+03
1.171897014913977728e+03
1.172096882474560289e+03
1.172444317361810590e+03
1.172712818562693428e+03
1.172790918912000507e+03
1.173081753546103528e+03
1.173358221449284429e+03
1.173676022870664610e+03
1.175390597205836002e+03
1.175683498515849124e+03
1.176205200849184621e+03
1.176572102490167254e+03
1.176741369913889685e+03
1.177127904976017135e+03
1.177592840388793093e+03
1.178336643715484342e+03
1.179072447006395123e+03
1.179183680837226348e+03
1.179585915969572852e+03
1.181418224164647199e+03
1.181554824775599172e+03
1.182213261053816041e+03
1.182544462535128559e+03
1.182825563792365529e+03
1.184160536429752710e+03
1.185243641273983712e+03
1.185553875994854707e+03
1.185900744212904101e+03
1.186143811966701378e+03
1.186772081443329171e+03
1.186986249067869494e+03
1.186992049093810465e+03
1.187247983571821123e+03
1.187547718245730266e+03
1.188209687873083567e+03
1.189119591942667284e+03
1.189312792806766083e+03
1.189494993621666708e+03
1.189900628769220020e+03
1.189903695449602537e+03
1.190710132389758655e+03
1.192514540460048465e+03
1.192729308087272329e+03
1.193010442677991705e+03
1.193169776723953191e+03
1.193296810625450689e+03
1.193443611282022857e+03
1.193551445097647502e+03
1.194376882122781808e+03
1.194534516161140118e+03
1.195210252516732226e+03
1.195240652652698145e+03
1.197003993872648152e+03
1.198068931968961351e+03
1.198076165334646021e+03
1.198678801363294042e+03
1.199280237386574981e+03
1.199483571629329163e+03
1.199572638694352008e+03
1.200178974739548494e+03
1.200184074762358250e+03
1.200585009888890681e+03
1.201184812571533030e+03
1.201210612686925288e+03
1.201606481124129914e+03
1.201763015157568134e+03
1.202184850377577050e+03
1.203179621493398599e+03
1.203364122318586169e+03
1.203634756862343693e+03
1.203962424994519779e+03
1.204163992562705744e+03
1.204880062432024488e+03
1.205918200408473012e+03
1.206265268627416617e+03
1.206270235316297203e+03
1.207198806136035046e+03
1.208206310642140807e+03
1.208352077960757697e+03
1.209034147678009504e+03
1.210200286226945991e+03
1.210483887495364343e+03
1.210676555023744413e+03
1.210676921692051110e+03
1.210808122278851215e+03
1.211114156980937196e+03
1.211477558606266030e+03
1.212097061377018008e+03
1.212664697249126220e+03
1.213327466880057727e+03
1.213658468360475354e+03
1.213722701981096179e+03
1.214050570114166703e+03
1.214237337616158811e+03
1.215170808457812427e+03
1.215378476053281020e+03
1.215508709969090887e+03
1.215684944090638737e+03
1.216452547523776957e+03
1.216668215155026019e+03
1.217045983511277427e+03
1.217278184549805928e+03
1.217393018396738398e+03
1.217552985778866059e+03
1.217609319364153635e+03
1.217796086866145743e+03
1.218024321220266529e+03
1.218647924009355847e+03
1.218844258220802203e+03
1.219086259303162024e+03
1.219206693175140799e+03
1.219286993534287603e+03
1.219373827255988317e+03
1.219651161829712009e+03
1.219831295968702761e+03
1.219980996638245188e+03
1.220297264719433997e+03
1.220367065031618722e+03
1.220552099192525020e+03
1.221472769976929840e+03
1.222330540480010541e+03
1.222477974472748656e+03
1.223634879647054959e+03
1.223815480454799626e+03
1.226489859082735393e+03
1.226851594033943456e+03
1.227138295316226959e+03
1.227652030947263938e+03
1.227884265319275300e+03
1.228436134454199419e+03
1.228857769673313669e+03
1.229446372305863406e+03
1.230505877044542331e+03
1.233791091737801025e+03
1.234038026175559025e+03
1.234183293491939821e+03
1.234282193934275938e+03
1.234284227276703632e+03
1.234438327965925282e+03
1.234650162246696254e+03
1.235653733401876480e+03
1.235987468227852560e+03
1.237043739618736709e+03
1.237211473702267995e+03
1.238905847947093434e+03
1.239281549627434970e+03
1.241106891124683671e+03
1.241379959012657764e+03
1.241532193026864206e+03
1.241697493766178468e+03
1.242128195692510644e+03
1.242338829967914535e+03
1.243171033689980050e+03
1.243515935232566562e+03
1.243862803450615729e+03
1.244220705051345476e+03
1.244412472575700349e+03
1.244635573573528745e+03
1.244782574230995351e+03
1.245274209763188992e+03
1.246058379937089057e+03
1.246233880722023741e+03
1.246390848090733471e+03
1.246538448750883617e+03
1.246885116968038119e+03
1.247049517703327410e+03
1.247394752580737759e+03
1.247501019722688625e+03
1.247658087091845573e+03
1.247923188277521831e+03
1.248292056593967345e+03
1.248527724314667694e+03
1.248809125573246320e+03
1.248952659548541305e+03
1.249078360110742324e+03
1.249170427189182874e+03
1.249395728196850996e+03
1.249715829628517668e+03
1.250205398484801435e+03
1.251277269945457647e+03
1.251395837142420987e+03
1.251560037876815613e+03
1.252057573435397444e+03
1.252942844061473579e+03
1.253271378864192457e+03
1.253758681043671686e+03
1.254124516013217089e+03
1.254353983706187364e+03
1.254627651596845226e+03
1.255163587327173218e+03
1.255427088505693291e+03
1.255666056241152774e+03
1.255999957734541113e+03
1.256015124469041666e+03
1.257595564870960288e+03
1.257712732061662109e+03
1.258347801568703289e+03
1.259033604635985967e+03
1.259779074636798214e+03
1.261286214710877857e+03
1.261443082079140368e+03
1.262120551775818285e+03
1.262304352597875095e+03
1.262416586433178963e+03
1.262705887727090840e+03
1.263322390484425114e+03
1.263645125261203248e+03
1.264209961120788194e+03
1.264665996493758485e+03
1.265756034702332954e+03
1.265877435245301967e+03
1.266517304773811702e+03
1.268236112461250286e+03
1.269015149278857962e+03
1.270733323630130826e+03
1.271673361167820985e+03
1.271784528331687170e+03
1.272137729911396036e+03
1.272245763727915119e+03
1.272679232333287928e+03
1.272874699874191265e+03
1.273108134251569481e+03
1.277750088346234861e+03
1.279298828606373263e+03
1.279675430290739769e+03
1.281862873407503457e+03
1.282205374939355579e+03
1.283565047687214928e+03
1.285033354254276674e+03
1.285299522111390388e+03
1.286991896347270995e+03
1.287324997837081128e+03
1.288042267711766954e+03
1.288764904277122241e+03
1.289296673322148081e+03
1.289565141189548285e+03
1.290046476675674739e+03
1.292251819872496753e+03
1.292610721477699144e+03
1.292708055246361710e+03
1.292780222235798192e+03
1.292967923075297904e+03
1.293804426816595651e+03
1.294204528606067697e+03
1.294733130970263346e+03
1.296125070529104050e+03
1.296679373008244966e+03
1.296924607438399335e+03
1.300209955465588109e+03
1.300223288858555634e+03
1.302698133260732902e+03
1.303080134969251503e+03
1.303488436795398229e+03
1.303640037473438497e+03
1.303698637735530838e+03
1.303846238395680757e+03
1.303945672173735829e+03
1.304040205929875356e+03
1.304976976786288333e+03
1.305360245167138828e+03
1.305364111851099324e+03
1.305522445892588166e+03
1.309130162028248151e+03
1.317277465134065551e+03
1.317830400940427126e+03
1.318690104785488302e+03
1.318880705637958499e+03
1.319022306271273237e+03
1.325543502104258323e+03
1.326212905098190959e+03
1.326311238871326168e+03
1.328141847058797339e+03
1.329597386902092694e+03
1.329669753892423842e+03
1.331501428751332242e+03
1.331639029366756631e+03
1.331694496281501415e+03
1.331778196655854799e+03
1.331819830175395737e+03
1.331870063733400912e+03
1.331890797159465137e+03
1.331949830756828987e+03
1.332130164896713950e+03
1.333121102662057410e+03
1.333390970535719589e+03
1.335013177791108774e+03
1.339512564581469178e+03
1.340656436364149840e+03
1.340840337186653869e+03
1.341058671496496572e+03
1.343650416421516184e+03
1.343834150576608408e+03
1.345583658401354569e+03
1.347302732756652404e+03
1.347445700062746482e+03
1.347728201326244971e+03
1.347816235053312766e+03
1.348048069423535026e+03
1.348760305942375680e+03
1.349146374335749215e+03
1.349471109121472409e+03
1.350193545685933032e+03
1.351902186661234055e+03
1.353006691601178090e+03
1.353156458937685329e+03
1.353444960228019227e+03
1.353890428887063081e+03
1.353969495907360397e+03
1.354140696673062848e+03
1.354289997340816399e+03
1.354723699280566279e+03
1.356712241507736962e+03
1.357404111268819861e+03
1.357616478885309562e+03
1.357666679109831875e+03
1.357941247004514935e+03
1.359051351969505504e+03
1.359606521119189210e+03
1.360492391747948886e+03
1.360930760375237242e+03
1.362670868157941413e+03
1.362713335014542963e+03
1.363541572052200991e+03
1.363900240323026082e+03
1.363979007341981514e+03
1.364423109328246028e+03
1.364468742865677314e+03
1.364594710095737810e+03
1.364866311310485571e+03
1.365524480920842961e+03
1.365620948018962736e+03
1.365743448566851384e+03
1.365750048596370334e+03
1.365799982153033625e+03
1.366258084201914016e+03
1.366613152456638090e+03
1.367121554730488469e+03
1.368020858752662889e+03
1.369570165682002425e+03
1.371733475357494399e+03
1.372663046181705113e+03
1.373645450575549603e+03
1.374529754530635728e+03
1.375801426884909688e+03
1.376061494714740320e+03
1.376076894783617718e+03
1.376092894855178884e+03
1.376097161540928255e+03
1.376101894895431997e+03
1.376116194959389532e+03
1.376177595234004912e+03
1.376279629023688358e+03
1.376452763131371285e+03
1.376705930930341310e+03
1.377243300000413456e+03
1.379665877502158310e+03
1.380407214151150583e+03
1.380552348133601754e+03
1.380899749687369649e+03
1.381093083885398073e+03
1.381259717964009269e+03
1.381479418946631085e+03
1.381506452400872604e+03
1.381700686602926453e+03
1.382024421384177003e+03
1.382410123109243841e+03
1.384787833743653209e+03
1.387665346613448946e+03
1.389848356377050550e+03
1.394571044166133788e+03
1.395081246448034790e+03
1.395369881072298540e+03
1.399034464128964601e+03
1.399376932327334544e+03
1.399541466396553460e+03
1.399847134430332972e+03
1.399864234506813773e+03
1.400031335254178657e+03
1.400873939022759032e+03
1.400896039121602598e+03
1.400919439226260693e+03
1.400925639253990539e+03
1.400953239377433192e+03
1.401394108015902930e+03
1.401737676219192736e+03
1.401874076829250271e+03
1.402917914831192320e+03
1.403334750028838243e+03
1.403444017184206814e+03
1.403671818203056318e+03
1.405252558606316370e+03
1.407988037507525860e+03
1.408123304779181126e+03
1.408258605384318571e+03
1.408406339378398570e+03
1.408503839814473395e+03
1.408533673281237952e+03
1.409404077174155418e+03
1.410332281325586791e+03
1.410654382766198978e+03
1.410746683179016372e+03
1.410846350291448516e+03
1.410871983739428288e+03
1.410907050562932909e+03
1.410945684069056142e+03
1.410996684297156662e+03
1.411051651209665124e+03
1.411096984745754753e+03
1.411122018191051211e+03
1.411237718708526472e+03
1.411315685723903925e+03
1.411371152638648482e+03
1.411409552810394871e+03
1.411434219587384632e+03
1.411727487565704678e+03
1.414197831947755503e+03
1.415008802241520470e+03
1.415555671354082051e+03
1.418930353114152695e+03
1.419656756363021259e+03
1.420687394305925409e+03
1.422694836617627743e+03
1.427190690058851715e+03
1.428384828733019958e+03
1.429369733138045603e+03
1.429586600774661747e+03
1.429720701374432338e+03
1.429834235215550507e+03
1.429959502442480016e+03
1.430358437560067159e+03
1.431376408779652138e+03
1.432381413274576516e+03
1.436341264318507911e+03
1.436789799657933827e+03
1.437440902570018807e+03
1.439306110912240229e+03
1.439779413029103807e+03
1.443557263259028787e+03
1.450844295850583876e+03
1.454263044474412027e+03
1.454931580797801871e+03
1.456817155897781277e+03
1.458286329135386268e+03
1.459366967301918521e+03
1.459591601639938062e+03
1.459951669917025356e+03
1.461708644441833258e+03
1.462211846692426207e+03
1.465221393486082206e+03
1.465841762927376976e+03
1.466164164369330820e+03
1.467074635108115444e+03
1.470216849161798109e+03
1.470532850575127668e+03
1.488103229159373768e+03
1.490791741183855038e+03
1.491305443481409839e+03
1.504112967430258323e+03
1.507169281099747877e+03
1.507426382249643439e+03
1.510265494947692559e+03
1.514061611925983016e+03
1.515212950408725419e+03
1.518683065928960787e+03
1.520485173988963879e+03
1.527853373610208564e+03
1.528660110551706339e+03
1.529220446391165069e+03
1.530509352155849456e+03
1.531680290726254043e+03
1.538536088055758228e+03
1.540837865017217837e+03
1.545120717505786388e+03
1.547959963537765134e+03
1.549129135433601732e+03
1.552357749873713374e+03
1.552735518229964782e+03
1.562241827413993178e+03
1.562986364077297594e+03
1.563616466895458416e+03
1.563869134692192347e+03
1.565011039799410355e+03
1.566612346961323055e+03
1.566704214038869168e+03
1.567055448943115152e+03
1.567168749449856250e+03
1.569410492809479592e+03
1.576654158540407934e+03
1.577336561592484031e+03
1.579575204938242450e+03
1.583913857676380076e+03
1.584580860659578320e+03
1.593428466897530598e+03
1.593815568628859182e+03
1.594278070697418798e+03
1.597487885053446462e+03
1.599295293137153976e+03
1.604279448762330048e+03
1.607140628225740556e+03
1.610072041336607072e+03
1.611016612227906080e+03
1.611044345685278358e+03
1.611137546102121178e+03
1.611589381456306683e+03
1.611735015440994175e+03
1.612878620555815587e+03
1.612883820579072790e+03
1.612913954047179232e+03
1.612986521038404817e+03
1.613271655647014541e+03
1.613500556670783908e+03
1.613881891709653928e+03
1.613916925199675916e+03
1.614205359823045228e+03
1.616291135818431258e+03
1.618868447345564164e+03
1.618893280789965957e+03
1.621415958739414236e+03
1.630042563988930397e+03
1.630970001470266425e+03
1.631617971035003848e+03
1.633274178442459970e+03
1.633764080633567801e+03
1.634038315193426570e+03
1.639518873038781976e+03
1.640559211025069999e+03
1.640848812320323987e+03
1.641147680323689883e+03
1.642945288363566533e+03
1.643964692922895665e+03
1.644060326683954827e+03
1.644555695566179566e+03
1.644626329215424676e+03
1.644810263371411111e+03
1.644926963893359016e+03
1.644942230628307016e+03
1.644956697359676582e+03
1.644978130788871795e+03
1.644985064153214807e+03
1.645011564271737825e+03
1.645164631623004425e+03
1.645178798353032562e+03
1.645188998398652529e+03
1.645198098439352862e+03
1.645211698500179864e+03
1.645254965360359165e+03
1.645362132506335229e+03
1.645367932532276427e+03
1.645741600870190041e+03
1.645772701009286720e+03
1.645803134478735046e+03
1.645818267879752966e+03
1.645900234913020540e+03
1.645961301852811630e+03
1.645988435307500595e+03
1.653453902030443260e+03
1.690154099506930606e+03
1.692008041132094604e+03
1.698660770886704086e+03
1.713965672671844914e+03
1.722641644808823003e+03
1.724859288060657718e+03
1.725292456664689098e+03
1.725623091476800255e+03
1.732632389492842776e+03
1.733537393540510720e+03
1.734056629196147242e+03
1.734889499587861110e+03
1.735613602826442730e+03
1.743027535985566146e+03
1.749300964043733075e+03
1.749909633432698683e+03
1.753304215281773395e+03
1.753335048753010824e+03
1.759087774482314899e+03
1.762132854768229436e+03
1.762143688150015578e+03
1.762765457597571867e+03
1.762952225099563748e+03
1.776625786255132653e+03
1.776751686818228109e+03
1.777505923524916398e+03
1.777791958137551319e+03
1.777933392103454025e+03
1.778160859787479467e+03
1.778295927058239840e+03
1.778500861308150206e+03
1.778713395592051938e+03
1.778889829714494226e+03
1.780514136979275690e+03
1.781551841620452706e+03
1.786274462742571586e+03
1.787134733256833670e+03
1.790906183458134137e+03
1.794033430778210914e+03
1.794409799128200575e+03
1.814390821827485752e+03
1.821538987131284557e+03
1.829576323078602627e+03
1.835270481879297222e+03
1.835302048687147817e+03
1.835329382142731220e+03
1.835345548881704190e+03
1.835357382267962748e+03
1.835432382603404903e+03
1.835490849531567392e+03
1.835579849929625198e+03
1.835693150436366523e+03
1.835838884421501234e+03
1.836068518781883540e+03
1.836163685874189014e+03
1.836617654571249659e+03
1.836971356153194620e+03
1.837587958910975885e+03
1.837791026485870816e+03
1.837972993966394597e+03
1.838638896944673206e+03
1.838778230901183406e+03
1.838888231393165142e+03
1.839098932335533846e+03
1.839507867497846746e+03
1.839789568757767256e+03
1.839995636346079664e+03
1.840120603571667516e+03
1.840288604323057825e+03
1.840500538604276016e+03
1.840678772734768927e+03
1.841126474737134686e+03
1.841305975539959491e+03
1.841523276511847143e+03
1.841767744271905713e+03
1.842267646507739300e+03
1.842682015027686248e+03
1.842855715804570309e+03
1.843197083998020389e+03
1.844019954345008728e+03
1.845170026155419237e+03
1.845406227211838313e+03
1.845633428228004277e+03
1.845835462464943930e+03
1.846638732724270312e+03
1.848479240956019794e+03
1.848853309295722283e+03
1.849407811775757636e+03
1.850231215458464703e+03
1.850385316147686353e+03
1.850809251377087776e+03
1.851299786904361554e+03
1.852241791117514595e+03
1.852692726467674902e+03
1.852956127645747529e+03
1.853250628962916835e+03
1.853400329632459261e+03
1.853551830310052310e+03
1.854254466785956311e+03
1.854835569384961900e+03
1.855304871483934903e+03
1.855458972173156553e+03
1.855722306684264595e+03
1.855923774252003113e+03
1.856962612231582398e+03
1.857336647237802936e+03
1.860346027364046904e+03
1.860541961573703929e+03
1.861337731799486164e+03
1.863304173927813281e+03
1.863490974763287795e+03
1.864245744805694812e+03
1.866633388817864670e+03
1.866996890443640950e+03
1.867269724997237972e+03
1.868432863532756755e+03
1.868759064991706282e+03
1.868999399399945105e+03
1.869503801655905136e+03
1.870546139651138446e+03
1.870760973945327123e+03
1.871241442760910331e+03
1.871878912278685902e+03
1.872820849824873903e+03
1.873795554184279581e+03
1.874483423927472131e+03
1.874992326203558832e+03
1.875567495442693598e+03
1.875755929618806704e+03
1.876181931524117772e+03
1.876833667772368472e+03
1.877091002256640877e+03
1.878236840714784194e+03
1.878504575245571232e+03
1.879435079407289777e+03
1.881385654797985808e+03
1.881812156705533198e+03
1.888645353933957495e+03
1.889551624653957560e+03
1.890975364355025704e+03
1.896318121584062283e+03
1.896556122648531755e+03
1.898579131696523518e+03
1.899551836046984135e+03
1.900828508423620860e+03
1.900947742290232554e+03
1.906023131656788564e+03
1.909337179812339627e+03
1.910096049873084212e+03
1.916363544571380316e+03
1.916610645676550348e+03
1.918182419373039920e+03
1.923223775254046359e+03
1.926644023884583476e+03
1.927902629513749389e+03
1.928525198964883657e+03
1.930717942105351540e+03
1.937017970282488704e+03
1.937096970635820981e+03
1.939817216135565104e+03
1.940554252765325373e+03
1.940681786669059193e+03
1.943666533351795806e+03
1.944515503815518059e+03
1.947056948515567910e+03
1.948238187132040139e+03
1.949287591825546087e+03
1.952396139061985878e+03
1.952546806402518541e+03
1.956820958852175636e+03
1.957545995428265087e+03
1.961124711434220671e+03
1.961739914185740417e+03
1.961895848216495324e+03
1.964087124683736874e+03
1.964797461194079460e+03
1.967801141294829904e+03
1.968099109294170830e+03
1.968459544239564366e+03
1.968898646203466114e+03
1.976475613425099255e+03
1.976706447790848870e+03
1.984829584121912831e+03
1.989630605594680219e+03
1.992125550086756220e+03
1.994994529585052533e+03
1.997488207404796640e+03
1.998187477198976239e+03
1.998565878891393595e+03
2.000211919586712156e+03
2.011825271527909990e+03
2.012053639215960629e+03
2.012621408421998467e+03
2.017440529975719301e+03
2.019668373273174211e+03
2.020423543317370331e+03
2.020781544918547297e+03
2.021253513696113714e+03
2.021524248240318684e+03
2.021796749459091643e+03
2.021861649749360822e+03
2.023047821721230548e+03
2.025748900468583997e+03
2.026363603217867649e+03
2.033356801161901785e+03
2.062190596788913808e+03
2.068275490670521322e+03
2.086946807512092164e+03
2.098480859098616293e+03
2.098647093175438386e+03
2.100086799614584834e+03
2.103145213293466895e+03
2.103649148880672783e+03
2.103872849881184720e+03
2.105609024312963811e+03
2.112891123549120948e+03
2.113479926182565123e+03
2.117572211152145883e+03
2.126770785626484667e+03
2.128547626906814457e+03
2.128953428721779801e+03
2.129004362282915736e+03
2.137540833795971594e+03
2.138678138882615713e+03
2.140205279046146643e+03
2.143820095213561672e+03
2.143983895946167650e+03
2.144181696830839883e+03
2.149301553062942276e+03
2.149502620628892146e+03
2.149811388676536808e+03
2.151337162167288625e+03
2.151907498051472430e+03
2.154075674415398225e+03
2.154318942170089940e+03
2.155470180652384897e+03
2.156695552799579673e+03
2.156944453912799872e+03
2.160220501898393650e+03
2.161217373023607706e+03
2.162281777784201950e+03
2.175258702490702490e+03
2.175735171288395122e+03
2.178943952306467963e+03
2.183540039529324986e+03
2.185455281428657599e+03
2.189854434437384953e+03
2.210283359139930326e+03
2.212083367190540685e+03
2.221874144313530451e+03
2.229501511760580797e+03
2.232493558475967347e+03
2.234776568686824703e+03
2.236631243648602776e+03
2.245894618412763521e+03
2.248947065398292125e+03
2.253166584270265048e+03
2.255613961882929743e+03
2.255764729223909399e+03
2.255771562587805420e+03
2.255819996137759517e+03
2.258261807058860086e+03
2.259568046234402118e+03
2.264547235170697604e+03
2.264808603006343219e+03
2.267146780130603929e+03
2.267344681015723836e+03
2.268942154827157992e+03
2.269092122164560351e+03
2.271371532359316461e+03
2.276658922674055248e+03
2.282428181810639217e+03
2.284595858172328462e+03
2.299690925685642924e+03
2.301514367174394010e+03
2.305422884655400594e+03
2.315486596332435056e+03
2.315677497186246455e+03
2.315948131730004206e+03
2.316119232495259439e+03
2.317587605729286224e+03
2.317852940249339099e+03
2.321030454460903456e+03
2.322921762919858793e+03
2.323159197315127585e+03
2.323183197422468766e+03
2.323196030813199741e+03
2.323213497557987466e+03
2.323223964271466684e+03
2.323281431195156529e+03
2.324056734662733561e+03
2.325889176191737533e+03
2.326072177010216365e+03
2.326604712725337777e+03
2.326673046364295715e+03
2.326688213098796950e+03
2.327982118885843647e+03
2.328151719644390141e+03
2.329055457019726418e+03
2.329197824323136956e+03
2.329199857665564195e+03
2.329888760746711796e+03
2.329899594128497938e+03
2.329912927521465463e+03
2.330124795135718614e+03
2.332937241047833140e+03
2.335387885341774563e+03
2.337792862764802067e+03
2.339955772438505846e+03
2.341072410766049870e+03
2.341345611987953816e+03
2.341575346348784024e+03
2.341770847223169312e+03
2.341946648009445653e+03
2.342010581628724594e+03
2.342354916502110427e+03
2.342638317769633886e+03
2.343207320314521439e+03
2.343549221843690248e+03
2.345834332063940110e+03
2.347698140399900240e+03
2.348755078460432742e+03
2.357175782789048753e+03
2.367276127963261388e+03
2.382864564349855300e+03
2.386627881181445900e+03
2.388508256258167876e+03
2.393851713490335442e+03
2.394253315286515772e+03
2.394632983651265022e+03
2.396044389963838057e+03
2.396061556707284126e+03
2.396713026287675348e+03
2.401523547802932171e+03
2.407286373577409449e+03
2.413276467035016594e+03
2.420644333321437898e+03
2.420678033472162952e+03
2.421608137632092621e+03
2.421721671473210336e+03
2.423444045843268214e+03
2.424551984131901008e+03
2.434191260577297726e+03
2.436605071373166538e+03
2.451141703055520793e+03
2.453636980882421085e+03
2.458765670487364332e+03
2.462851988763592544e+03
2.468871982354929514e+03
2.479361262602003535e+03
2.487589732737510531e+03
2.489304140405269663e+03
2.490823913869186526e+03
2.498539115042410231e+03
2.523703427590840420e+03
2.534241308055281024e+03
2.549822477742707633e+03
2.552135521421224894e+03
2.560494225472541984e+03
2.567322989347804651e+03
2.570100401769896962e+03
2.574009852588410922e+03
2.574052019443670360e+03
2.574183020029576255e+03
2.579297776238868664e+03
2.580668582369855812e+03
2.581929788010650100e+03
2.583358127732292360e+03
2.584601899961781783e+03
2.584712467122964881e+03
2.584741567253116045e+03
2.584821400943509161e+03
2.584922934730956058e+03
2.585542837503497140e+03
2.585862738934269601e+03
2.585884672365701135e+03
2.585935405925942632e+03
2.585995906196532360e+03
2.586056173132745243e+03
2.586137840164671161e+03
2.586157273584921313e+03
2.586216073847907865e+03
2.586222673877426587e+03
2.586445441540431148e+03
2.586585742167931585e+03
2.587617213447896120e+03
2.588807552105068680e+03
2.589119420166578038e+03
2.590251558563447361e+03
2.590710127281081441e+03
2.591043028769997363e+03
2.591054628821878850e+03
2.591841999010091513e+03
2.592028699845118354e+03
2.593255938667328337e+03
2.595050746694681948e+03
2.595688149545492706e+03
2.596660320560234140e+03
2.596854521428805583e+03
2.597054788991177247e+03
2.597573957979849183e+03
2.598164193953037284e+03
2.598549129008008549e+03
2.598831330270164926e+03
2.599122231571233442e+03
2.600501437739790163e+03
2.601178374100749352e+03
2.601450408650768168e+03
2.605650060767219657e+03
2.616232308096759425e+03
2.634594256888002747e+03
2.637068767955356179e+03
2.641494687750465800e+03
2.641982156597357516e+03
2.643977232187081881e+03
2.650234260171898768e+03
2.654812213980320394e+03
2.661534710713632194e+03
2.662670282459190730e+03
2.663486686110589744e+03
2.669594313427206089e+03
2.671639889242795562e+03
2.684856581688333335e+03
2.685092916078682265e+03
2.685635385171563939e+03
2.685779719150437359e+03
2.686287754755980586e+03
2.689251668012205755e+03
2.690021771456525130e+03
2.694582091852746998e+03
2.695944797947506686e+03
2.702362593318028757e+03
2.702491527228024552e+03
