1.064458783104489292e+01
1.940512701291940090e+01
2.060939906574272484e+01
1.492012408647503605e+02
1.555511359315858329e+02
2.440219316208855673e+02
2.616369770715729146e+02
3.769197926787427946e+02
4.199950853347741599e+02
4.474071412696634980e+02
5.185353593935664094e+02
5.715368297781723186e+02
5.896222773327526738e+02
6.030640374515817257e+02
6.362719193085426923e+02
6.497395462097287009e+02
7.140947007074906878e+02
7.571698266961099080e+02
7.726156957783992993e+02
7.726311291807592170e+02
9.000043655295035023e+02
9.132567914681943648e+02
9.402362121347712218e+02
9.784858498745276165e+02
1.004655200251364931e+03
1.105527151405346331e+03
1.140922643046482790e+03
1.146296333747203562e+03
1.146997470216399051e+03
1.147482972387827658e+03
1.150143950955831087e+03
1.150186151144573387e+03
1.156133344410308155e+03
1.156153511167171473e+03
1.156279511730714148e+03
1.156377978837778983e+03
1.156565013007630569e+03
1.156568179688460305e+03
1.161215167138970855e+03
1.161657169115843089e+03
1.161671002511046936e+03
1.162604740020559802e+03
1.162743173973044804e+03
1.162822540994683777e+03
1.169341703485241396e+03
1.169345336834825048e+03
1.169353136869711079e+03
1.169951039543855586e+03
1.173390421593300971e+03
1.176160133980954470e+03
1.176194367467398479e+03
1.177145505054734031e+03
1.177156105102143329e+03
1.177205871991394361e+03
1.177451106421548729e+03
1.186245079086289252e+03
1.187276750367148452e+03
1.190035562706051223e+03
1.193010842679780581e+03
1.193117809824862434e+03
1.193125809860642903e+03
1.193161043351559329e+03
1.193252910429105441e+03
1.193258443787186707e+03
1.193613912043699884e+03
1.193620678740631092e+03
1.193670145628540467e+03
1.194692183532980835e+03
1.197219861504791879e+03
1.197499529422284695e+03
1.197511596142920325e+03
1.200421342490214784e+03
1.203611223423756201e+03
1.210338786846395806e+03
1.211057590061272776e+03
1.211065656764018286e+03
1.211081756836026443e+03
1.211210757412986823e+03
1.211227357487231302e+03
1.216353547080993394e+03
1.217536585705516018e+03
1.225941256629088457e+03
1.225948556661737939e+03
1.226185791056112066e+03
1.227049361585133511e+03
1.227998299162629564e+03
1.231283247188029009e+03
1.232129484306192808e+03
1.232401685523624110e+03
1.237798509661143726e+03
1.237806309696029757e+03
1.238510879513914006e+03
1.238744547225669294e+03
1.242708198286596371e+03
1.243027899716474167e+03
1.243127100160152168e+03
1.243362301212098600e+03
1.248520957617736713e+03
1.249031893236250653e+03
1.249135727033984949e+03
1.249256060905516506e+03
1.249412528271989913e+03
1.249458695145139927e+03
1.249596995763695077e+03
1.253877581575459089e+03
1.253885214942933089e+03
1.260773045749041785e+03
1.262032551382233123e+03
1.262077818251357485e+03
1.264426462089097640e+03
1.264431095443153936e+03
1.268223912406685031e+03
1.268239879144763563e+03
1.271504593746334876e+03
1.271512360447738502e+03
1.271570160706252636e+03
1.271598894168097559e+03
1.277470653763118889e+03
1.277521987326043700e+03
1.281637172398046005e+03
1.282331342169415848e+03
1.285489456294212232e+03
1.285503023021556601e+03
1.285843524544463662e+03
1.285852057915962860e+03
1.286007125276174747e+03
1.286013225303457375e+03
1.290523278808191890e+03
1.290527278826082238e+03
1.290885547095118454e+03
1.298574148149372149e+03
1.299064817010575553e+03
1.299123750607491729e+03
1.299647852951561163e+03
1.300756257908948328e+03
1.301818795994527136e+03
1.306271382575571806e+03
1.308347325193644792e+03
1.309288596070184212e+03
1.309385496503575496e+03
1.309799465021733567e+03
1.309801298363266369e+03
1.310630335404502375e+03
1.310723702488757226e+03
1.313165780077717045e+03
1.314399252261139281e+03
1.314744253804173013e+03
1.314748553823404791e+03
1.315037421782045385e+03
1.315050655174565691e+03
1.322189720437664391e+03
1.322911690333371325e+03
1.323141858029472360e+03
1.323908528125102748e+03
1.323915328155516363e+03
1.326693207246362135e+03
1.326699773942398679e+03
1.333676138477811492e+03
1.333683838512250304e+03
1.333848439248434033e+03
1.337196954224805950e+03
1.337248554455590011e+03
1.337424221907936726e+03
1.351394384390067216e+03
1.352509756045280028e+03
1.352520822761443014e+03
1.352763123845144491e+03
1.359598654417338366e+03
1.359703688220439744e+03
1.360070023192221470e+03
1.360444691534607728e+03
1.361502596266130467e+03
1.362140132450870851e+03
1.363030503099757198e+03
1.363036769794451629e+03
1.374755722207951976e+03
1.374816022477647493e+03
1.375889760613319140e+03
1.376532563488281539e+03
1.378391205134466645e+03
1.379548010308325729e+03
1.381092350548784907e+03
1.381844187244739032e+03
1.381850687273810536e+03
1.386089539565586392e+03
1.388410216611577425e+03
1.388421783329976734e+03
1.396076084230821380e+03
1.396078350907625918e+03
1.400889772426907939e+03
1.400910772520831642e+03
1.401661442544901320e+03
1.401690176006746242e+03
1.402256611873487373e+03
1.402474646181988192e+03
1.403840318956682950e+03
1.407554668902600270e+03
1.409452077388838461e+03
1.413866830467337877e+03
1.415067935839331312e+03
1.421790465906125746e+03
1.423889308626620050e+03
1.426684554461806101e+03
1.426766054826319760e+03
1.428275528244168981e+03
1.428600629698198645e+03
1.431824444116842187e+03
1.433803219633664412e+03
1.441284986429509900e+03
1.441566087686746869e+03
1.445591105688806692e+03
1.447933349497922563e+03
1.451464298623571949e+03
1.451587599175038804e+03
1.451598899225578862e+03
1.451750499903619129e+03
1.451796200108015228e+03
1.454420745179735150e+03
1.457066290345379002e+03
1.457095723810354457e+03
1.457188057556654485e+03
1.457233224425331628e+03
1.457289758011513868e+03
1.458013861250095488e+03
1.458287029138517028e+03
1.458294595839026215e+03
1.459845069440250199e+03
1.459875536243180704e+03
1.459934536507061921e+03
1.459936636516454428e+03
1.459946469893767926e+03
1.460645473020088502e+03
1.462574714982036312e+03
1.465702795639173246e+03
1.466256664783042652e+03
1.466433698908168481e+03
1.466443598952446791e+03
1.466583032909404210e+03
1.466658833248424571e+03
1.471357854264990465e+03
1.484783780979670837e+03
1.484876048059006052e+03
1.486097420188310025e+03
1.487852661372032344e+03
1.488337563540777182e+03
1.493404686203693245e+03
1.495276927910705353e+03
1.499275712462101637e+03
1.501658256451461739e+03
1.501663523141683754e+03
1.501781790337305438e+03
1.501834890574798465e+03
1.501842157273965768e+03
1.507782817177146626e+03
1.508923722279891990e+03
1.508965355799432928e+03
1.512078569723411192e+03
1.514049345204452948e+03
1.518325664330467589e+03
1.518388231276967190e+03
1.522112381266715829e+03
1.539758226855158227e+03
1.539763260211003399e+03
1.539923427594025270e+03
1.544537348229976487e+03
1.544582181763829794e+03
1.545336251803105824e+03
1.547475661371703836e+03
1.547482394735152184e+03
1.548501265958762815e+03
1.559345281125736619e+03
1.559349681145415843e+03
1.560243851811297873e+03
1.561923025988140807e+03
1.562646562557521293e+03
1.562704329482552794e+03
1.566694447328520255e+03
1.569339725826304630e+03
1.570679598485607357e+03
1.571828336956721159e+03
1.572438006350159185e+03
1.576276523518086378e+03
1.576286823564153792e+03
1.577473795539601952e+03
1.581106211785734104e+03
1.581128078550200598e+03
1.584182758879051789e+03
1.585736932496824238e+03
1.588553745095135355e+03
1.588559745121970536e+03
1.588778212765742865e+03
1.590359719839098943e+03
1.590372186561523677e+03
1.591396991145004449e+03
1.592944398065845917e+03
1.597724286110759977e+03
1.599168725904410167e+03
1.603244577467158479e+03
1.604993718623598170e+03
1.608520101062156300e+03
1.609608939265363915e+03
1.609660439495700530e+03
1.613932458602483166e+03
1.613936191952514037e+03
1.613939525300755804e+03
1.614094859328827170e+03
1.622323896133535300e+03
1.622665064326090715e+03
1.624666973279711556e+03
1.627365718683295427e+03
1.633046210756198434e+03
1.636985895043266282e+03
1.638494901792361588e+03
1.640316643273509044e+03
1.649339683629430965e+03
1.651351059292058608e+03
1.651372092719464945e+03
1.666243225897890852e+03
1.666263192653859733e+03
1.666268059342292872e+03
1.682137596986124208e+03
1.684913876069814023e+03
1.684987143064170368e+03
1.689101094797323412e+03
1.689113361518853480e+03
1.689368929328557897e+03
1.689692630776325814e+03
1.689705130832232953e+03
1.690454200849146218e+03
1.690461500881795928e+03
1.692525176778338391e+03
1.692543643527598533e+03
1.692794511316281842e+03
1.698146201918606494e+03
1.699811342699350917e+03
1.701357149613036427e+03
1.703029557092947925e+03
1.703169791053483777e+03
1.705998270370641194e+03
1.708783149492795246e+03
1.708785949505318285e+03
1.710302356287510520e+03
1.715653713555010881e+03
1.715665113605998158e+03
1.715822114308190294e+03
1.720551802128581812e+03
1.725079022376761941e+03
1.725497524248528862e+03
1.730975515415738073e+03
1.731569884740746147e+03
1.731587584819910489e+03
1.735258501238236249e+03
1.735543835847740411e+03
1.738150014170647637e+03
1.740698925570759457e+03
1.753127147823165387e+03
1.769460520874853046e+03
1.875166160314372291e+03
1.903988355889503055e+03
1.906249499335894143e+03
1.914544969771062597e+03
1.914553369808632169e+03
1.924146512714361279e+03
1.941228422447243702e+03
1.941239122495100219e+03
1.941434290034661899e+03
1.959052902167967886e+03
1.972269527946541075e+03
1.972312094803589616e+03
2.029151782354780835e+03
2.032473930546559586e+03
2.032516330736196323e+03
2.034128271279000501e+03
2.064881942159401206e+03
2.064891942204126735e+03
2.067011218349343835e+03
2.067021485061928615e+03
2.098181591093461066e+03
2.108960839304095316e+03
2.108989439432010386e+03
2.125813414677937089e+03
2.131580473804680878e+03
2.136630396390668921e+03
2.136650096478778778e+03
2.138154303206405530e+03
2.138903306556353982e+03
2.195419692661566387e+03
2.231198086015246645e+03
2.232367891247248735e+03
2.233347462295087553e+03
2.240562227896758941e+03
2.247105757162964892e+03
2.250728606699643024e+03
2.250735273396126559e+03
2.256099297386946091e+03
2.282766016654953091e+03
2.299199223486484698e+03
2.300639029926078820e+03
2.315527563182327413e+03
2.325825042571563699e+03
2.327104181625899855e+03
2.327109414982639464e+03
2.327639350686132275e+03
2.381801692929452201e+03
2.388128987895207501e+03
2.388720923875999688e+03
2.388731890591715455e+03
2.394447716155982107e+03
2.394751117512957080e+03
2.394778684302917100e+03
2.394969418489316922e+03
2.395537554363661457e+03
2.395541087712797889e+03
2.397753397607446004e+03
2.416440681187095834e+03
2.589989024055917525e+03
2.590003924122558601e+03
2.590022057536994453e+03
2.595468581896800515e+03
2.599710800870300318e+03
2.600301970180996250e+03
2.625404782454364522e+03
2.635675828392043059e+03
2.635705495191395585e+03
2.635802828960058378e+03
2.635885229328597688e+03
