1.311003219118028795e+01
2.281534226524842879e+01
2.288324256893534780e+01
2.302257652544557587e+01
2.360744580796434278e+01
3.047437652059650404e+01
3.883071389466167744e+01
4.183149398244162853e+01
4.367113554364807726e+01
5.077330064170910617e+01
5.082596754393067329e+01
6.291208826627308781e+01
6.292082163866679423e+01
6.292455498869769315e+01
6.293855505131355699e+01
6.294165506517849451e+01
6.294632175271711105e+01
6.294885509738092821e+01
6.296138848677037458e+01
6.296555517207270469e+01
6.298605526376022112e+01
6.655543789463860094e+01
6.680507234447236442e+01
6.691380616412220661e+01
6.731980797998214427e+01
6.748880873584502638e+01
6.752467556292756967e+01
6.754687566221844008e+01
6.756287573377940703e+01
6.764367609516239099e+01
6.773290982759728251e+01
7.305560030021763396e+01
7.639564857205527915e+01
7.710838509313222744e+01
7.711221844361038791e+01
7.719601881841103364e+01
7.736425290417828649e+01
7.739558637765188109e+01
7.756302045984108418e+01
7.772782119691920855e+01
7.815875645762835688e+01
8.706369628534073968e+01
8.771373252598807824e+01
8.779439955344138014e+01
1.113084713877686909e+02
1.124570098579879129e+02
1.127850779919529174e+02
1.299850882530448644e+02
1.310392263010542990e+02
1.310980265640409073e+02
1.312981607924828893e+02
1.319642971051384848e+02
1.347005426764435185e+02
1.347227427757343889e+02
1.347423428633965727e+02
1.349197436568289845e+02
1.350129440736717186e+02
1.351105778436761398e+02
1.351282112558756126e+02
1.353733790190652826e+02
1.354882461994801588e+02
1.356266468184826692e+02
1.356896804337364415e+02
1.357117805325800646e+02
1.382291251248413744e+02
1.383535590147104699e+02
1.386661604128331646e+02
1.387995276759904471e+02
1.438259168233908554e+02
1.439905842265393119e+02
1.441055514074014638e+02
1.441274515053505354e+02
1.442664521270365867e+02
1.443961527071277828e+02
1.444935864762377093e+02
1.448354880054064608e+02
1.448978882844942859e+02
1.510460824492141398e+02
1.576484119784065570e+02
1.577133789356406055e+02
1.616431298449477367e+02
1.617113634834588254e+02
1.626156675279961519e+02
1.632155368776033129e+02
1.632877372005222583e+02
1.633398374335427263e+02
1.633532708269574698e+02
1.633701709025437481e+02
1.634142710997837185e+02
1.634521712692937854e+02
1.634867047570795933e+02
1.635570050715006687e+02
1.635871718730895736e+02
1.636089386371090200e+02
1.636685722371560701e+02
1.639151400066073165e+02
1.646843767803840137e+02
1.647471770612608566e+02
1.672365548617729019e+02
1.781910705229647931e+02
1.792171751122600938e+02
1.793405089972093265e+02
1.872357109754939870e+02
1.911460284645509944e+02
1.933001380988956157e+02
1.943882762989721300e+02
1.961511508501682783e+02
1.992904648908804006e+02
1.992950649114541761e+02
2.002117690114512527e+02
2.002762026329666298e+02
2.004624034657575748e+02
2.007672714959591360e+02
2.008865720295357278e+02
2.010886729334403924e+02
2.011741733158443992e+02
2.013803409046041395e+02
2.046138553666315545e+02
2.129165258340025844e+02
2.132354605937848362e+02
2.138930968684236689e+02
2.139632638489150622e+02
2.168707768528874453e+02
2.169807773448692387e+02
2.171063779066229245e+02
2.178525479105658746e+02
2.231222714796228956e+02
2.231362048752739042e+02
2.232430053529434986e+02
2.234245394981957986e+02
2.235094065444338298e+02
2.237745410635923236e+02
2.241568094399701181e+02
2.241758761919136305e+02
2.295927670858492888e+02
2.312819746409000743e+02
2.318616772336439453e+02
2.319840444476030257e+02
2.326014138754800626e+02
2.326427473936792580e+02
2.326866809235071116e+02
2.326987809776251197e+02
2.327219477479061140e+02
2.327424145061112029e+02
2.327791813372190575e+02
2.328127481540146846e+02
2.328606483682503949e+02
2.328934151814679865e+02
2.329347486996672103e+02
2.330260491080120460e+02
2.330614825998231652e+02
2.333532505714341596e+02
2.340051868205793824e+02
2.403615819164865002e+02
2.450287694573428610e+02
2.451125364986610862e+02
2.452837705978460008e+02
2.453462042104162606e+02
2.455008715688391305e+02
2.458978066774811566e+02
2.461499078050138962e+02
2.488853200392584881e+02
2.491244211086479083e+02
2.491805213595586110e+02
2.492702550942297819e+02
2.596541682033781058e+02
2.753444717122440579e+02
2.754291387575875660e+02
2.798574585634314644e+02
2.799481923025751939e+02
2.799682923924736428e+02
2.800149592678598651e+02
2.802192935150865765e+02
2.803380940464268747e+02
2.803901942794473712e+02
2.810316638151130633e+02
2.831126397890309931e+02
2.835710418392531551e+02
2.835865419085778854e+02
2.835926419358605131e+02
2.840796441139979152e+02
2.908991079476658115e+02
2.951268935232786816e+02
2.952115272351397834e+02
2.954940284986383858e+02
2.955281286511527696e+02
2.955684288313970001e+02
2.957179295000448747e+02
2.958757302058151026e+02
2.967875009504141985e+02
2.991469448364580899e+02
3.002113162635700974e+02
3.002531164505231231e+02
3.003671169603951512e+02
3.004180171880485091e+02
3.004590507049059624e+02
3.010824201596183229e+02
3.015047220483810406e+02
3.046832695978999936e+02
3.047187030897110844e+02
3.047292364701553993e+02
3.048572703761256548e+02
3.048795038088989600e+02
3.057550743915913358e+02
3.057968412450620121e+02
3.082628522743985400e+02
3.084271196757579219e+02
3.085248867796919967e+02
3.150471492841147096e+02
3.151523164211457129e+02
3.166317563713355412e+02
3.171522586993037862e+02
3.188549996482165625e+02
3.188642330228465767e+02
3.189804002090757535e+02
3.199380378254830362e+02
3.228017506335572193e+02
3.228492508460038835e+02
3.230550850999394470e+02
3.231879856943428990e+02
3.232730194079930470e+02
3.234448868433439088e+02
3.236960212998865245e+02
3.237874217086786075e+02
3.238232885357611508e+02
3.238795887875663766e+02
3.238901888349755041e+02
3.239202889695996532e+02
3.240013893323243792e+02
3.242068902514357092e+02
3.244303912510532086e+02
3.311605213518389519e+02
3.311841214573913703e+02
3.312013548678018537e+02
3.312258216438972340e+02
3.312744885282285168e+02
3.318146909443062214e+02
3.318612578192451679e+02
3.320228252085286726e+02
3.323049931372030983e+02
3.323984935553876312e+02
3.329022624751816011e+02
3.336676992319626152e+02
3.345315364288435944e+02
3.347354706742813164e+02
3.354795740023142230e+02
3.361202102009195301e+02
3.362021439007046979e+02
3.382943532581977593e+02
3.397932266286376830e+02
3.401137947290584407e+02
3.407906310895704678e+02
3.408440646618876713e+02
3.409930986617817439e+02
3.411902662102884278e+02
3.413449669021937325e+02
3.416185347924040911e+02
3.417787355089084258e+02
3.418207690302384663e+02
3.481500306714567046e+02
3.482160643001282097e+02
3.482220643269635616e+02
3.482399977405048617e+02
3.482464977695764787e+02
3.482716312153202125e+02
3.483596316089056018e+02
3.484381319600016695e+02
3.485172989807460908e+02
3.491199016759116489e+02
3.496099372009491617e+02
3.648655720990750524e+02
3.649428057778392258e+02
3.650009060376950742e+02
3.659768437359501831e+02
3.660193439260340256e+02
3.661841446631121926e+02
3.663460787207022804e+02
3.663582454417850727e+02
3.669308813362561636e+02
3.669689148396959695e+02
3.671146821583129736e+02
3.672962829705301715e+02
3.692579584108714812e+02
3.693317920744289609e+02
3.707556984429092495e+02
3.707634318108303546e+02
3.745355486817794031e+02
3.746926493844188144e+02
3.751415513921515981e+02
3.753492523211025969e+02
3.753813191311894002e+02
3.754762528891179159e+02
3.757245206661725092e+02
3.764976241239097590e+02
3.765198908901654704e+02
3.796158380702508452e+02
3.833295213465198117e+02
3.844134928612940598e+02
3.844665264318222171e+02
3.844948265583956868e+02
3.845060932754532246e+02
3.845451601168479669e+02
3.845706602308982269e+02
3.845911269891033157e+02
3.846213271241747407e+02
3.846393272046807965e+02
3.846573939521517786e+02
3.857619988925431471e+02
3.858590659933464053e+02
3.861899674733169832e+02
3.881538762569804248e+02
3.885303446074174190e+02
3.885493446923960619e+02
3.933972330414442808e+02
3.934557333030890618e+02
3.936370007804820261e+02
3.940324025489328506e+02
3.941052362080177431e+02
3.941620364620592341e+02
3.942103366780839337e+02
3.942345367863199499e+02
3.943081371155004717e+02
3.947702391822710979e+02
3.985707561802408918e+02
3.986022896546089669e+02
4.028114418135497203e+02
4.029102755889212517e+02
4.029158422804851512e+02
4.031342765907749595e+02
4.032286770129848037e+02
4.119650494201057427e+02
4.122760841445547726e+02
4.128611200944856137e+02
4.132608552156508495e+02
4.163942692299748387e+02
4.165219698011209744e+02
4.166256369314431822e+02
4.167364040935206049e+02
4.169944719144062333e+02
4.171927394678327801e+02
4.173805736412622309e+02
4.177627086837104002e+02
4.199764852515844495e+02
4.207800888457348378e+02
4.208737225978489960e+02
4.209291561791113168e+02
4.209715230352655340e+02
4.210007898328291844e+02
4.212377575593437768e+02
4.223435625051022271e+02
4.350345859328970732e+02
4.350473193231810569e+02
4.350644193996618014e+02
4.351087529312786728e+02
4.351348530480125874e+02
4.351594531580375360e+02
4.353789208062823946e+02
4.359891902024042452e+02
4.362327246249553241e+02
4.363278583837783913e+02
4.367766270575814929e+02
4.446698623604034992e+02
4.446829290855116028e+02
4.447322293060089464e+02
4.447721628179464801e+02
4.448256630572285530e+02
4.449096634329237645e+02
4.449973638251673833e+02
4.450364640000445320e+02
4.450540307452791922e+02
4.451147643502460483e+02
4.452232981690013958e+02
4.452934984829752239e+02
4.454986660672624339e+02
4.456456333912465197e+02
4.456612667945009321e+02
4.457213003963369715e+02
4.464655703917820233e+02
4.496742180759251255e+02
4.497742185231812755e+02
4.506809892454176065e+02
4.508641900647908187e+02
4.527387984490545136e+02
4.527870319981143439e+02
4.528267988426399029e+02
4.533368011236462394e+02
4.534273015284130111e+02
4.536987027422662209e+02
4.541807715650056707e+02
4.543687724058472099e+02
4.580885223759164546e+02
4.581408226098313889e+02
4.582021895509642491e+02
4.582683231800829731e+02
4.584040571204919843e+02
4.584793241237934467e+02
4.585433910770022408e+02
4.591436604283984479e+02
4.615868046887957235e+02
4.624039416768080741e+02
4.626010092248675392e+02
4.626729762134095267e+02
4.628657770757193930e+02
4.634957465599506463e+02
4.637573477299727642e+02
4.654732887379233262e+02
4.655013555301198949e+02
4.657392232606598554e+02
4.659139907089812027e+02
4.660057577860798688e+02
4.660230578634552216e+02
4.660811914567934195e+02
4.661289916705818541e+02
4.662760923284956789e+02
4.663130924939804345e+02
4.663817261342805409e+02
4.665368601614572981e+02
4.667352610488134701e+02
4.668401615179851092e+02
4.670025289108467064e+02
4.692243055145012818e+02
4.692813391029197305e+02
4.697634745926240498e+02
4.697763746503200082e+02
4.698242081975909059e+02
4.698556083380293558e+02
4.698867418106084415e+02
4.699525754383853950e+02
4.700122090384324451e+02
4.701230095339922741e+02
4.702859435960549490e+02
4.703243437678012810e+02
4.780827118007571244e+02
4.784966136519503266e+02
4.885877587850150690e+02
4.994799408340839477e+02
4.995173743348402127e+02
4.996724750285345067e+02
4.997737088146400879e+02
4.998070422970588425e+02
4.999488429312680751e+02
5.003128778927628559e+02
5.005015120697703424e+02
5.005333455454801879e+02
5.005870457856567555e+02
5.006225126109502526e+02
5.029040561485816170e+02
5.031601239605221281e+02
5.033492914732483428e+02
5.034302251685610372e+02
5.048404314757672182e+02
5.052550666635735865e+02
5.053040668827290460e+02
5.053848005771471890e+02
5.064303052532101788e+02
5.096851531439855876e+02
5.098375871590863539e+02
5.103291226908327189e+02
5.103461561003487077e+02
5.104912234158349520e+02
5.105381569590805384e+02
5.106910243094527004e+02
5.108618917403310888e+02
5.110201924483375251e+02
5.113214937959202757e+02
5.116878621011844075e+02
5.201332332067900097e+02
5.238716499270135500e+02
5.242489182810287502e+02
5.242917851394191757e+02
5.243206186017113168e+02
5.243780188584363486e+02
5.244341191093469661e+02
5.247548205436975195e+02
5.251601223564266547e+02
5.253422231708801746e+02
5.256867247116774706e+02
5.256992914345493091e+02
5.284112368971711930e+02
5.285243707365002592e+02
5.286288378704005027e+02
5.288251054148819321e+02
5.288444388346847518e+02
5.290908399367237962e+02
5.295381086038181593e+02
5.320842866583717523e+02
5.321701870425647485e+02
5.331162912740551292e+02
5.333316589039624205e+02
5.333792924503387667e+02
5.334926929575271970e+02
5.336423936270697368e+02
5.337246606616790814e+02
5.338660279606168615e+02
5.339904618504859855e+02
5.341297291400313725e+02
5.341794293623175918e+02
5.344025970271109145e+02
5.382578476032120989e+02
5.383135811858162469e+02
5.391391182113982268e+02
5.391798183934314466e+02
5.391923184493384724e+02
5.392054851748938518e+02
5.392851188643921887e+02
5.393477191443744232e+02
5.394864864316836019e+02
5.395895202258398058e+02
5.397332208685469368e+02
5.398699881469109414e+02
5.400086221002903812e+02
5.401152559105478304e+02
5.406373915791544960e+02
5.434883043299799965e+02
5.435717047029916102e+02
5.449284107709157752e+02
5.466173183246247618e+02
5.498086325979099911e+02
5.500163668603435099e+02
5.501533008061196597e+02
5.504455021130020214e+02
5.595478428235981028e+02
5.598282774111866047e+02
5.605558806654223645e+02
5.608444819562035946e+02
5.643623643567450472e+02
5.644827648952415302e+02
5.661795058173189545e+02
5.661905725334819408e+02
5.679862805648605217e+02
5.680678809298215128e+02
5.819071428264937822e+02
5.850583569204294463e+02
5.854342919351475985e+02
5.854544253585285105e+02
5.860230945685917732e+02
5.861058616054374397e+02
5.886610730337264386e+02
5.887276399981167287e+02
5.896529108030954376e+02
5.896799442573369561e+02
5.896913109748417128e+02
5.897488112320140772e+02
5.898467116698777772e+02
5.899396787523435250e+02
5.899491121278680339e+02
5.899853456232572171e+02
5.902362467454229318e+02
5.904665811089362251e+02
5.905223480250226658e+02
5.906604153092010847e+02
5.906778487205060628e+02
5.947144334409651947e+02
5.947586669721347334e+02
5.951340353176518647e+02
5.952756359509666026e+02
5.954395700175017510e+02
5.955512038501221923e+02
5.957413380338384741e+02
6.054435814275241228e+02
6.054675482013831243e+02
6.055026816918524446e+02
6.063836522986966884e+02
6.064936194571960186e+02
6.071761558432015136e+02
6.090452975363485848e+02
6.148476901544566999e+02
6.171051002508168040e+02
6.217108875170579267e+02
6.269483776086160560e+02
6.271235783922088558e+02
6.271281117458177050e+02
6.272028454134004960e+02
6.273212459429519186e+02
6.280673826134124056e+02
6.283919840652057474e+02
6.306617942170257720e+02
6.383964621439819211e+02
6.460284296116060432e+02
6.508099843306408729e+02
6.569121782896229433e+02
6.588563536516944623e+02
6.588706203821697045e+02
6.590790879812163894e+02
6.591431882679074761e+02
6.592531554264068063e+02
6.592710221729832938e+02
6.593207223952696268e+02
6.594138894786299261e+02
6.595047898851858008e+02
6.597544910019843201e+02
6.598711248569674126e+02
6.673181248306500493e+02
6.673360249107089430e+02
6.673564916689139181e+02
6.677050265610840825e+02
6.682161955139750944e+02
6.682904625128039697e+02
6.683625961687580457e+02
6.684568965905206142e+02
6.685982972229408006e+02
6.687500645683932134e+02
6.690802660452329746e+02
6.692474001260803789e+02
6.694145008734453768e+02
6.715100769126628393e+02
6.717815114599983417e+02
6.720378792732806232e+02
6.734621856435499012e+02
6.736129529845297839e+02
6.740650550065747666e+02
6.784904081324833669e+02
6.798828476935602794e+02
6.854223058023495696e+02
6.855819731831352328e+02
6.857255404919126249e+02
6.858423743477902690e+02
6.863003430627410353e+02
6.864427103661513456e+02
6.865950110473223731e+02
6.867048448718920781e+02
6.869130791365618052e+02
6.872949141776681472e+02
6.877514162193924676e+02
6.950866490265251514e+02
6.951104824664545276e+02
6.951424826095765184e+02
6.951860828045802236e+02
6.956485848731398391e+02
6.957450186377772070e+02
6.958021855601252810e+02
6.959766530071048010e+02
6.966481226769474233e+02
6.998536370137431959e+02
6.998649370642831400e+02
6.999398040657954425e+02
7.000071710337637114e+02
7.001831384874520836e+02
7.027187831615614186e+02
7.027217498414964894e+02
7.039689887531576460e+02
7.040216556553792771e+02
7.042256565677816980e+02
7.042412233040713545e+02
7.043165903078200927e+02
7.045607247330545988e+02
7.046158916464576123e+02
7.046754252460575572e+02
7.047304588255308317e+02
7.048243592455042972e+02
7.049098262944258977e+02
7.049439931139050941e+02
7.053446282390955275e+02
7.053829950773595101e+02
7.055988293760206034e+02
7.056310628535195519e+02
7.056515962786894534e+02
7.058950640342758334e+02
7.060668314691795331e+02
7.060741315018291289e+02
7.081632408454572669e+02
7.082132410690853703e+02
7.082820747102799714e+02
7.092158788867577641e+02
7.101700498209936541e+02
7.118716574315041044e+02
7.118812574744407584e+02
7.119382910628592072e+02
7.120763250135549924e+02
7.121360919475317814e+02
7.121833921590839509e+02
7.122957926617998510e+02
7.124650934190045746e+02
7.125642605292001690e+02
7.125712938939905143e+02
7.126690943314069955e+02
7.127148945362503127e+02
7.128714952366534590e+02
7.141256341791752220e+02
7.171927812304508052e+02
7.201422610887882456e+02
7.201603611697416909e+02
7.201857612833448457e+02
7.204028289208554270e+02
7.205078960574392113e+02
7.205737630186986280e+02
7.206392299781689417e+02
7.207818639494387298e+02
7.209053978352824288e+02
7.211268988259547541e+02
7.212425326764653164e+02
7.212563660716690492e+02
7.230489407557003005e+02
7.230614408116072127e+02
7.233775755588663969e+02
7.234070090238421926e+02
7.234623759381395303e+02
7.234717426466992265e+02
7.235165761805524198e+02
7.235550763527460276e+02
7.235727430984279636e+02
7.235785764578512271e+02
7.237509772289207604e+02
7.239612448360180679e+02
7.242078126054693712e+02
7.243672133183956703e+02
7.243994801293769115e+02
7.321366480675145567e+02
7.321584481650163525e+02
7.321935483220031529e+02
7.322348818402024335e+02
7.401729840103599827e+02
7.421550595419416823e+02
7.425993948625830399e+02
7.427119953661934915e+02
7.428042624455284795e+02
7.432417310687916370e+02
7.448861050899893144e+02
7.453923406874823741e+02
7.455115412206116616e+02
7.455669748018739256e+02
7.458529427475441480e+02
7.459906766968982765e+02
7.462228444019445988e+02
7.481056861563656639e+02
7.481287195927170615e+02
7.482110866277736250e+02
7.483582539526522623e+02
7.492322911951533797e+02
7.518127694031157944e+02
7.518247694567864983e+02
7.518593362780546840e+02
7.519139365222566767e+02
7.520054702649783849e+02
7.520619038507132927e+02
7.522548047134704348e+02
7.524849057426067702e+02
7.525808061715252961e+02
7.529030409460671081e+02
7.529750746015739651e+02
7.654675638080829003e+02
7.664684349511873052e+02
7.664926683929056708e+02
7.665559020090539661e+02
7.666420690611064401e+02
7.667097693638987721e+02
7.667537695606914667e+02
7.668266698867411151e+02
7.669370037135470284e+02
7.677488073443724943e+02
7.679859750717816951e+02
7.680929088833809146e+02
7.709082881419478781e+02
7.758426768778726910e+02
7.771486160520731801e+02
7.772722832718465042e+02
7.772781832982345804e+02
7.788951905303665626e+02
7.789227906538092157e+02
7.789872576088069991e+02
7.794301929231868371e+02
7.795581601621923937e+02
7.795709602194410763e+02
7.795998270152157374e+02
7.796397938606357911e+02
7.796834940560867153e+02
7.797349942864236709e+02
7.798070946088952269e+02
7.798208946706166671e+02
7.798699948902194592e+02
7.799190951098221376e+02
7.799441618886010019e+02
7.800351622956040956e+02
7.802432298928617911e+02
7.804449307949773811e+02
7.805606313124527560e+02
7.805827314112963222e+02
7.808758993891689215e+02
7.827360743755453996e+02
7.834953444380787460e+02
7.835825114946037502e+02
7.845223490313993580e+02
7.846035160610890671e+02
7.850119178876830119e+02
7.873869285100164461e+02
7.874882289630869536e+02
7.877085966153571235e+02
7.880149646522675084e+02
7.881348985220100758e+02
7.946692277470682484e+02
7.946794944596532559e+02
7.947059279112112335e+02
7.947863282708052566e+02
7.948178950786557380e+02
7.948358618256794443e+02
7.949168288544744883e+02
7.950906296318056548e+02
7.951912634152276951e+02
7.953048305898282706e+02
7.956005652458471786e+02
7.997662172102315026e+02
8.006788879588559666e+02
8.095657610390974241e+02
8.104607317085574323e+02
8.105671655179204436e+02
8.217566822301641878e+02
8.221537840062183022e+02
8.226331194833994687e+02
8.230087878302583704e+02
8.231166216458829012e+02
8.237848913014133814e+02
8.253923651575734084e+02
8.254207319511117475e+02
8.254256653065096998e+02
8.255026989843794354e+02
8.257115332517325896e+02
8.258172003909999148e+02
8.258311004531685739e+02
8.258623672596772849e+02
8.259246342048354563e+02
8.259567676818871860e+02
8.259794011164493668e+02
8.260978349794830820e+02
8.261246350993477563e+02
8.268425383101996431e+02
8.269340720529213513e+02
8.270179390946868807e+02
8.270929060966466295e+02
8.327384980134570469e+02
8.329407989182561778e+02
8.329789657556256088e+02
8.336156352698230876e+02
8.336261019833025330e+02
8.337097690241735108e+02
8.339787702272925571e+02
8.340936040742251407e+02
8.341054374604836994e+02
8.341625710493493671e+02
8.342007712202013181e+02
8.342182379649885888e+02
8.342329713642177467e+02
8.342397380611487279e+02
8.342485047670248832e+02
8.343387385039321771e+02
8.343440385276368261e+02
8.343533719027140023e+02
8.343603052670571287e+02
8.344225055452504876e+02
8.344675057465157124e+02
8.345075059254181724e+02
8.345210059857977285e+02
8.345948729828377282e+02
8.347492070064363361e+02
8.348401074129922108e+02
8.349519745799893826e+02
8.352939761096052962e+02
8.354198433392184597e+02
8.379680880696819258e+02
8.455335219063982777e+02
8.466804270359789371e+02
8.467123938456185215e+02
8.467922942029762226e+02
8.468963280016049566e+02
8.469016280253096056e+02
8.475560642856362392e+02
8.476077978503499253e+02
8.476620647597277411e+02
8.477344317500587749e+02
8.477543318390627292e+02
8.478937991295026677e+02
8.480410664548284103e+02
8.487228028372560402e+02
8.489181037107473458e+02
8.497102405869455879e+02
8.503649435151315856e+02
8.503824769268837827e+02
8.507349118364968490e+02
8.528943881615109603e+02
8.529029215330101579e+02
8.529852219011019088e+02
8.529884219154141647e+02
8.530039886517037075e+02
8.539475262050478932e+02
8.565220710531397117e+02
8.567722388386920329e+02
8.598349858702885058e+02
8.598516859449803178e+02
8.600381867791129480e+02
8.601535872952465525e+02
8.604431552570179065e+02
8.749321533929958150e+02
8.786241699056926109e+02
8.792412726657103121e+02
8.792805728414818986e+02
8.792918728920218427e+02
8.793169730042832271e+02
8.793919733397252685e+02
8.794210068029119611e+02
8.794689070171476715e+02
8.794926737901122351e+02
8.795328073029444340e+02
8.795782741729635745e+02
8.796504411623999431e+02
8.797000413842390572e+02
8.797218081482584466e+02
8.799160423503124093e+02
8.800734430542934206e+02
8.802581772138580618e+02
8.802924107003020708e+02
8.820821520383276493e+02
8.839600271038683559e+02
8.841296945293796625e+02
8.845830298902741333e+02
8.867277061490941605e+02
8.935179031851986338e+02
8.935323699165683138e+02
8.936168369610173841e+02
8.937026706782454539e+02
8.937376041678203364e+02
8.938211045412791691e+02
8.938974382160180312e+02
8.939371717270611271e+02
8.940639056272170819e+02
8.941734061169626102e+02
8.945106076251101968e+02
8.945219076756501408e+02
8.946249081363240521e+02
8.946617083009143698e+02
8.947330752867727597e+02
8.967736510799992402e+02
8.975914880711424075e+02
8.978120223908246089e+02
8.991762951592578474e+02
8.992549621777659468e+02
8.996934974724664471e+02
9.000207656028534302e+02
9.000299323105186886e+02
9.000476990566478435e+02
9.000677658130638292e+02
9.001487328418588731e+02
9.001942330453605337e+02
9.002106997856752741e+02
9.002677000406113166e+02
9.002921334832242337e+02
9.003328669987399735e+02
9.004106340132228752e+02
9.005684013855105832e+02
9.009263029862403300e+02
9.010307367866581671e+02
9.010512368783456623e+02
9.010800703406378034e+02
9.011074037962210923e+02
9.028782117162329541e+02
9.034795144055841547e+02
9.035736481599345780e+02
9.035979482686178699e+02
9.036333484269465544e+02
9.036799153018854440e+02
9.037351488822532701e+02
9.038131825645955360e+02
9.039748832878086660e+02
9.040651170247161872e+02
9.041698174929932748e+02
9.046193861703745824e+02
9.130213904153533804e+02
9.130478238669113580e+02
9.130837906944411770e+02
9.131789244532642442e+02
9.134451589773424303e+02
9.140657284195317516e+02
9.240978066217504647e+02
9.257432139809030787e+02
9.259805817092067173e+02
9.260124151849165628e+02
9.328047455638957217e+02
9.401633118087214598e+02
9.402568455603883422e+02
9.402709122899691465e+02
9.405108466964189802e+02
9.413935173108665140e+02
9.414410508567956413e+02
9.443594972430014423e+02
9.444362642530115863e+02
9.456915032004532122e+02
9.468061748525350367e+02
9.473387105676564488e+02
9.475223780557836335e+02
9.478619462411830909e+02
9.479811801077947848e+02
9.481914477148919786e+02
9.483219482985612103e+02
9.483902819375196032e+02
9.515152292473092075e+02
9.515247292897985290e+02
9.515560294297897599e+02
9.515721961687628436e+02
9.515788295317641996e+02
9.515812628759807694e+02
9.515868629010270752e+02
9.516253964067030893e+02
9.516459298318731044e+02
9.516948967175461576e+02
9.517348302294838049e+02
9.517604303439813975e+02
9.517944971630132613e+02
9.518437640500280850e+02
9.519017643094366576e+02
9.519446978347920094e+02
9.520648317054290146e+02
9.521617321388202981e+02
9.523169994999266237e+02
9.523987331988173537e+02
9.524818669039696033e+02
9.524986669791085205e+02
9.526202341894896790e+02
9.580329583981229007e+02
9.621296433873829983e+02
9.655225918958191187e+02
9.666451969167165998e+02
9.667009304993207479e+02
9.670616987795384603e+02
9.670904322413833825e+02
9.671669992504992024e+02
9.672435995930973149e+02
9.673861002304373642e+02
9.677695686121822973e+02
9.677750353032989779e+02
9.677852686824015791e+02
9.677931020507699031e+02
9.678014354213746628e+02
9.678090687888484354e+02
9.678117688009243693e+02
9.678401355944627085e+02
9.678710023991824301e+02
9.678849691283159018e+02
9.679362360242757859e+02
9.680022696529473478e+02
9.680515032064797651e+02
9.680792366638521571e+02
9.681523703242787633e+02
9.690079741510024860e+02
9.707689486937006222e+02
9.708739824968021139e+02
9.710228498292840413e+02
9.712127506786234790e+02
9.713607180070800950e+02
9.717266863105551238e+02
9.717710531756545151e+02
9.718195200590912464e+02
9.754105361200594189e+02
9.754630363548689047e+02
9.910397060221694119e+02
9.910452060467684987e+02
9.910480393927741716e+02
9.911642732459681611e+02
9.912877737983295674e+02
9.921223775311293593e+02
9.921306442347690790e+02
9.921671777315000327e+02
9.922936116303143308e+02
9.998610121424933368e+02
9.998707121858770961e+02
9.999158457210720599e+02
9.999642792710264985e+02
9.999977127538925288e+02
1.000081279794316060e+03
1.000118246626318410e+03
1.000225580439706732e+03
1.000268680632474116e+03
1.000318414188242969e+03
1.000450781446927522e+03
1.000582948704717751e+03
1.000647215658821096e+03
1.000768516201342777e+03
1.000863516626236105e+03
1.000915316857914831e+03
1.000999283900127466e+03
1.003063426465424072e+03
1.009906457071161981e+03
1.009948690593386459e+03
1.010023090926145073e+03
1.010051191051824048e+03
1.010106557966121500e+03
1.010344759031485637e+03
1.010515626462363912e+03
1.010557926651553316e+03
1.010688393901740142e+03
1.011089662363096636e+03
1.011204029541275304e+03
1.011315963375237288e+03
1.012738869739245047e+03
1.014013342106042160e+03
1.014048075594722491e+03
1.014052308946989683e+03
1.014074142377973772e+03
1.014145609364279608e+03
1.014178509511426796e+03
1.014204909629502595e+03
1.014272043263093792e+03
1.014285076654719546e+03
1.014349010273998601e+03
1.014411543887016023e+03
1.014475277505400754e+03
1.014590211352780443e+03
1.014623978170470536e+03
1.014777178855666989e+03
1.014788878907995922e+03
1.014869079266695394e+03
1.015022646620198429e+03
1.016494086534607732e+03
1.016499719893136444e+03
1.020152602897473685e+03
1.020633105046539526e+03
1.026640898583311582e+03
1.028939008861705133e+03
1.028970809003932800e+03
1.028984175730382503e+03
1.028992609101434482e+03
1.028995942449676477e+03
1.029004042485904165e+03
1.029009342509608587e+03
1.029066042763202859e+03
1.029104709602808498e+03
1.029180243273969381e+03
1.029246376903088048e+03
1.029320910569776288e+03
1.029384677521643425e+03
1.029463411207116224e+03
1.029477711271073986e+03
1.029484744635864217e+03
1.029588045097880013e+03
1.029643878680931266e+03
1.029774812599871893e+03
1.029850179603620745e+03
1.029968313465312804e+03
1.030022147039418996e+03
1.033074060689229100e+03
1.045816451013431333e+03
1.045826384391192050e+03
1.045829484405056746e+03
1.047460491699804606e+03
1.047495291855449977e+03
1.047504125228290832e+03
1.047530858681190466e+03
1.047597792313887339e+03
1.047666659288564233e+03
1.047844026748514352e+03
1.048037560947437441e+03
1.048461429509873824e+03
1.048482696271657005e+03
1.048525596463529837e+03
1.048887464748667298e+03
1.056787000079666541e+03
1.060211882064259726e+03
1.064011299057309543e+03
1.068000683566663838e+03
1.078921999079366742e+03
1.078946632522874324e+03
1.080329305373602438e+03
1.086609833463524410e+03
1.089355412409906876e+03
1.093039962222541817e+03
1.098434253015397644e+03
1.099146556201203339e+03
1.099887159513582219e+03
1.102041035813550025e+03
1.108437331087912298e+03
1.108443564449124551e+03
1.114322157408041903e+03
1.115517129419270304e+03
1.115601263128895198e+03
1.116130098827468146e+03
1.116500800485446462e+03
1.118225174864449173e+03
1.119056111914182793e+03
1.119059445262424560e+03
1.121017987355418654e+03
1.129596325722392521e+03
1.145714997813821356e+03
1.146526201441963167e+03
1.146537668159915256e+03
1.146548634875631024e+03
1.146555901574798327e+03
1.146560201594030104e+03
1.146564801614603994e+03
1.146580101683034172e+03
1.146582201692426679e+03
1.146585601707633259e+03
1.146590835064373096e+03
1.147150370900253620e+03
1.147425772131997064e+03
1.149277913749110667e+03
1.150078150661536711e+03
1.150099084088495601e+03
1.150640586510387720e+03
1.150985521386456412e+03
1.152356727519232663e+03
1.152909429991217394e+03
1.154001268207842486e+03
1.154004401555189588e+03
1.155901310039191685e+03
1.157023815059641720e+03
1.157188615796719887e+03
1.157703584766606582e+03
1.158686389162239948e+03
1.158711789275843103e+03
1.159896961243240412e+03
1.159994361678868017e+03
1.160537764109257978e+03
1.160931832538411754e+03
1.161110466670693768e+03
1.161358267778994332e+03
1.162652273566488930e+03
1.162991708417958762e+03
1.162999408452397574e+03
1.164123413479556348e+03
1.165774587531167526e+03
1.165781820896852423e+03
1.165867421279703649e+03
1.167963430654192507e+03
1.168175598269787770e+03
1.168220165135781599e+03
1.168263898664714816e+03
1.168294065466303664e+03
1.169346170171885660e+03
1.169354036873736504e+03
1.169389037030276086e+03
1.169540904376175831e+03
1.169632271451485394e+03
1.169821172296352188e+03
1.169922139414598632e+03
1.169931072787886706e+03
1.169936139477214510e+03
1.169950106206347982e+03
1.170005706455022164e+03
1.170010373142560866e+03
1.170431108357649919e+03
1.171609480294633840e+03
1.171633413735010436e+03
1.171711647418247367e+03
1.176368001577317500e+03
1.176372901599233046e+03
1.176378234956420101e+03
1.176393001689131552e+03
1.176406601749958327e+03
1.177143805047130627e+03
1.177151771749428917e+03
1.177182338552806641e+03
1.177328305872318424e+03
1.177422206292292003e+03
1.177464639815410919e+03
1.180745354488543171e+03
1.180831254872736054e+03
1.181040955810632340e+03
1.181432257560745711e+03
1.182426062005577251e+03
1.182429162019442174e+03
1.182444895423143635e+03
1.182582829373392315e+03
1.182593129419459729e+03
1.182597429438691734e+03
1.182702529908757924e+03
1.182787563622408015e+03
1.183737234536517235e+03
1.183993535682834818e+03
1.184029035841610721e+03
1.184555471529449505e+03
1.184572638272895119e+03
1.184600905065986126e+03
1.185599309531391555e+03
1.186677481020225059e+03
1.188071687255870074e+03
1.188537022670435363e+03
1.188544222702637853e+03
1.188571956160010131e+03
1.188651656516473395e+03
1.188657723210273389e+03
1.188695390045406612e+03
1.190021229308610828e+03
1.190025695995255091e+03
1.190034262700236695e+03
1.190050929441445987e+03
1.190069429524188536e+03
1.190151896559692204e+03
1.190265597068222633e+03
1.190376264229852723e+03
1.190529864916838051e+03
1.191219801335940701e+03
1.191419302228216793e+03
1.191560102857953325e+03
1.192041471677561958e+03
1.192053805066056839e+03
1.192059238423691113e+03
1.192137272106033379e+03
1.192151438836061288e+03
1.192156672192801125e+03
1.192311572885600754e+03
1.192313172892756938e+03
1.192313406227134010e+03
1.192340773016199819e+03
1.192362306445842250e+03
1.193106876442628845e+03
1.193118676495405225e+03
1.193123043181602043e+03
1.193137876581278533e+03
1.193151276641210643e+03
1.193620245405359583e+03
1.193639012155961382e+03
1.194462849173939958e+03
1.194692450200839858e+03
1.195017051652633427e+03
1.195025518357167812e+03
1.196425424618306579e+03
1.197218128163705842e+03
1.197543362951665358e+03
1.197612963262955645e+03
1.197831197572350902e+03
1.198431400256782581e+03
1.198851902137494562e+03
1.198863402188929058e+03
1.198866902204582857e+03
1.198960435956249739e+03
1.198967435987557792e+03
1.200443542589505569e+03
1.200912711354549174e+03
1.201039778589529305e+03
1.201133012339854304e+03
1.203397789135829044e+03
1.203873291262532121e+03
1.205828966676038135e+03
1.208855946880998999e+03
1.210215719629305795e+03
1.210240519740225182e+03
1.210364220293481139e+03
1.210374253671689075e+03
1.210383687047213698e+03
1.211113690312183508e+03
1.211345191347581476e+03
1.212789097805512938e+03
1.213009998793501836e+03
1.213710501926531151e+03
1.214513438851033015e+03
1.214696239668617409e+03
1.214704873040563598e+03
1.214717173095576300e+03
1.214723806458577656e+03
1.214744939886430984e+03
1.214756306603935855e+03
1.214789306751530376e+03
1.214827006920146005e+03
1.214840540314007967e+03
1.214885140513484203e+03
1.214899640578336175e+03
1.214965340872183560e+03
1.215083741401734869e+03
1.215386442755579310e+03
1.215393742788229019e+03
1.215743277684871600e+03
1.216175579618359734e+03
1.216177112958551106e+03
1.216350647068022909e+03
1.216377447187887583e+03
1.216388547237532975e+03
1.216635448341808342e+03
1.217614452720446025e+03
1.217765053394013876e+03
1.217869420527466673e+03
1.217919454084577410e+03
1.218044187975788191e+03
1.218232922153242953e+03
1.218257255595408651e+03
1.218278255689332354e+03
1.218286655726901699e+03
1.219093492668846693e+03
1.220536532456235591e+03
1.220681799772616159e+03
1.220983534455470362e+03
1.221227502213292837e+03
1.221304335890268248e+03
1.221564537054028733e+03
1.222202306573145961e+03
1.222210239941961618e+03
1.222254440139648750e+03
1.222486474510765447e+03
1.222505107927437621e+03
1.223062310419548794e+03
1.223124910699531029e+03
1.223315211550659569e+03
1.223333911634296555e+03
1.223487445654317071e+03
1.223638912998427713e+03
1.224447949950212205e+03
1.224638184134375706e+03
1.224718284492628072e+03
1.224722184510070974e+03
1.224728884540037370e+03
1.224895651952577964e+03
1.225146453074296460e+03
1.225172653191477593e+03
1.225186519920163619e+03
1.225953590017583338e+03
1.226435992175146794e+03
1.227054428274461088e+03
1.227063661649091273e+03
1.227083428404165488e+03
1.227273129252610488e+03
1.227325229485630871e+03
1.227371663026640135e+03
1.227398996482223538e+03
1.227476830163671366e+03
1.227528363727490614e+03
1.227552630502691272e+03
1.227557597191571631e+03
1.227995365816176673e+03
1.228009332545310144e+03
1.228011799223009120e+03
1.228042632694246322e+03
1.228141399802653041e+03
1.229143337617194675e+03
1.229393405402300004e+03
1.229397372086707719e+03
1.229512439268017260e+03
1.229519972635044041e+03
1.229626673112266189e+03
1.229628439786834406e+03
1.231965516906175480e+03
1.232116750915909051e+03
1.232319785157321576e+03
1.232415218917486072e+03
1.232745853729597457e+03
1.234524228350118392e+03
1.234535595067623035e+03
1.234555428489662290e+03
1.234649162242223611e+03
1.235107097623691971e+03
1.236267936148923809e+03
1.236381536657006563e+03
1.236389836694128917e+03
1.237298574091827959e+03
1.237326107548305572e+03
1.237824109775641318e+03
1.238045744100243382e+03
1.238526012914932153e+03
1.238559246396903745e+03
1.240018986258984114e+03
1.240253887309588663e+03
1.240849056638174943e+03
1.240874756753119755e+03
1.240978890552195935e+03
1.240983557239734409e+03
1.242711931636627014e+03
1.242774631917056922e+03
1.242982899515208828e+03
1.242998532918463297e+03
1.243011999645360447e+03
1.243027833049509354e+03
1.243032066401776547e+03
1.243070099905216239e+03
1.243079933282529964e+03
1.243151666936694710e+03
1.243168367011386636e+03
1.243180133730680382e+03
1.243271834140814462e+03
1.243333101081499990e+03
1.243346101139643224e+03
1.243432968194826344e+03
1.244561273241217350e+03
1.245362776825975516e+03
1.245454343902179744e+03
1.245503210787405578e+03
1.245697778324283490e+03
1.246251747468600115e+03
1.246736349636003297e+03
1.246758316400917238e+03
1.248066622252369598e+03
1.248499757522918344e+03
1.249091860171121880e+03
1.249280261013752579e+03
1.251010468752178213e+03
1.251036135533640618e+03
1.251077335717910046e+03
1.251444104024963281e+03
1.252466141929403648e+03
1.252642576051845936e+03
1.252848476972746312e+03
1.252890010491839803e+03
1.253875714900443882e+03
1.255778790078692964e+03
1.256974862094841228e+03
1.257004095558922472e+03
1.257234796590742690e+03
1.257852399352996372e+03
1.257863332735229733e+03
1.257878666137142318e+03
1.258633669513926407e+03
1.258720169900802830e+03
1.258758136737277709e+03
1.258957837630448239e+03
1.259509806765819803e+03
1.259532440200381870e+03
1.259623073939078495e+03
1.260722378855765555e+03
1.260769612400352571e+03
1.260770945739649505e+03
1.260792012500538021e+03
1.260811345920340727e+03
1.260842512726402219e+03
1.260870379517704350e+03
1.260915479719417135e+03
1.260940613165160812e+03
1.260967646619402331e+03
1.261007746798751896e+03
1.261803317023639465e+03
1.261816917084466240e+03
1.261820317099673048e+03
1.261906417484760595e+03
1.261930217591207338e+03
1.261956317707941253e+03
1.262514420204077851e+03
1.262516420213022911e+03
1.262543387000299845e+03
1.262569653784445791e+03
1.262577820487638292e+03
1.262583220511789932e+03
1.262584587184569273e+03
1.262619920675933145e+03
1.262685220967991427e+03
1.263348990603395123e+03
1.263384757430030504e+03
1.264520562509965657e+03
1.264529062547982676e+03
1.264535429243124327e+03
1.264543595946317055e+03
1.264586429471225301e+03
1.264604829553520176e+03
1.267978644643048256e+03
1.268025644853258655e+03
1.268216379039658477e+03
1.268224679076780603e+03
1.268228945762530202e+03
1.268303579429665660e+03
1.268325879529403664e+03
1.268370246394503056e+03
1.268377246425811109e+03
1.268466880160035089e+03
1.268482380229359705e+03
1.268603647438399094e+03
1.268830848454565057e+03
1.268980015788388755e+03
1.270825190707676711e+03
1.271113958665869859e+03
1.271159958871607842e+03
1.271309026204984320e+03
1.271505827085184364e+03
1.271556093976671946e+03
1.271565027349960019e+03
1.271582894096536393e+03
1.271598194164966571e+03
1.271615160907517748e+03
1.271637361006808760e+03
1.271671894494594426e+03
1.272517331609180246e+03
1.272555498446549791e+03
1.272583398571334328e+03
1.272639065486973550e+03
1.272653932220132219e+03
1.272782866130127786e+03
1.274087405298066642e+03
1.274311506300367682e+03
1.274441173546976415e+03
1.275306710751460741e+03
1.276109214340691324e+03
1.276112814356792569e+03
1.276268015050933855e+03
1.277431486921276928e+03
1.277475720452446467e+03
1.279049794159222984e+03
1.280365333376360013e+03
1.280497533967632762e+03
1.280754568450563511e+03
1.280791901950872443e+03
1.280806535349654268e+03
1.281082603251045839e+03
1.281093003297560699e+03
1.281449471558546293e+03
1.281627939023416275e+03
1.283381413532570150e+03
1.285262588612870331e+03
1.285364555735589192e+03
1.287209630654429930e+03
1.287281364308594902e+03
1.287312097779384885e+03
1.287368931366909010e+03
1.287412798229772079e+03
1.288361369138961209e+03
1.288370602513591393e+03
1.288378935884196153e+03
1.288383002569051087e+03
1.288394435953520770e+03
1.288397369299973434e+03
1.288459602911649199e+03
1.288596003521706734e+03
1.288688603935865785e+03
1.290852680281453786e+03
1.292209753017684534e+03
1.292249319861315371e+03
1.292264519929298331e+03
1.292299386751908287e+03
1.292303120101939157e+03
1.292329520220014956e+03
1.292446220741962634e+03
1.292535787809221802e+03
1.294129994939379230e+03
1.294133128286726560e+03
1.294149428359629383e+03
1.294603030388383331e+03
1.295573768063381067e+03
1.295607401547141535e+03
1.295607768215448004e+03
1.295800369076863490e+03
1.295822002506953140e+03
1.295864502697037096e+03
1.295884269452111312e+03
1.295940103035162565e+03
1.296057503560241457e+03
1.296292171276469162e+03
1.296331304784828717e+03
1.296470138739102822e+03
1.296563205822015789e+03
1.296612506042513132e+03
1.296694106407474010e+03
1.297609843836480877e+03
1.297626343910278138e+03
1.297673677455312827e+03
1.297989112199441024e+03
1.299040716902786698e+03
1.299062850335112671e+03
1.300708591029089348e+03
1.300719991080076852e+03
1.300731757799370598e+03
1.300737924493618038e+03
1.301300760344258151e+03
1.301565861529934182e+03
1.301879662933423788e+03
1.301899163020638753e+03
1.301911696410028298e+03
1.301923063127532942e+03
1.302595599468813134e+03
1.302629999622669175e+03
1.302673266482848476e+03
1.302686899877157657e+03
1.302758600197840678e+03
1.303351936184893702e+03
1.303357269542080530e+03
1.303407436433120665e+03
1.303567170480871255e+03
1.303588503909619249e+03
1.303595137272620377e+03
1.303603103974918668e+03
1.303791271483172295e+03
1.303807404888663086e+03
1.303822038287444684e+03
1.305679579928710154e+03
1.305967014547606595e+03
1.308318891733141527e+03
1.308374958650569624e+03
1.308380358674721492e+03
1.309170428875009975e+03
1.309796665009210301e+03
1.309802131700326981e+03
1.309818598440642063e+03
1.309838531863128310e+03
1.310171000016772723e+03
1.310184700078046717e+03
1.310196366796893017e+03
1.310201233485326156e+03
1.310424667817978843e+03
1.311751707086550368e+03
1.311946207956463468e+03
1.312960312492088178e+03
1.313046679545034976e+03
1.313081413033715307e+03
1.314806154081024488e+03
1.316947696992497185e+03
1.317286698508695508e+03
1.317423465787059513e+03
1.318128602274144896e+03
1.318407303520647929e+03
1.320134811246997742e+03
1.320139944603290132e+03
1.320181944791137994e+03
1.321084448827624556e+03
1.321146515771888062e+03
1.322227953941998521e+03
1.322300587600188919e+03
1.322409088085461917e+03
1.323925128199347455e+03
1.324317363286968430e+03
1.324326363327221543e+03
1.324469563967692238e+03
1.324875465783105028e+03
1.325945103900439108e+03
1.325955470613471334e+03
1.325973804028801624e+03
1.325992970781192298e+03
1.326692307242336938e+03
1.326728340736831569e+03
1.328716216294354126e+03
1.329438486191402944e+03
1.329954588499691909e+03
1.329960921861351380e+03
1.330003188717058265e+03
1.330054588946947888e+03
1.330221989695654884e+03
1.330867025913939187e+03
1.330958626323625822e+03
1.332274832210411205e+03
1.332316532396916955e+03
1.332563933503428871e+03
1.332730034246321338e+03
1.332735500937438019e+03
1.332745334314751517e+03
1.332745867650470245e+03
1.332749167665229379e+03
1.334206707517470250e+03
1.334208074190249363e+03
1.334218207568904745e+03
1.334230774291776470e+03
1.334321774698779791e+03
1.334373208262151820e+03
1.334393708353839202e+03
1.336661318495819614e+03
1.336671151873133113e+03
1.336678351905335603e+03
1.337229687704541220e+03
1.337262587851688295e+03
1.337353954926998085e+03
1.338265859005526636e+03
1.338786961336178592e+03
1.338799328058155879e+03
1.338803328076046000e+03
1.345804792723720311e+03
1.346739430237258830e+03
1.346745896932847700e+03
1.346750996955657911e+03
1.346754896973100813e+03
1.346788697124273540e+03
1.346824263950014483e+03
1.346845797379656915e+03
1.346867630810641003e+03
1.350696414601701917e+03
1.351234817009728886e+03
1.352356122024812066e+03
1.352523256105659584e+03
1.352576356343152611e+03
1.352628256575278556e+03
1.353332626392268367e+03
1.353391059986948449e+03
1.353484027069413969e+03
1.353600460923502624e+03
1.354387631110820621e+03
1.354510198325674310e+03
1.354523531718641834e+03
1.354670799043967691e+03
1.355420202395705019e+03
1.355681370230455741e+03
1.357252943926050875e+03
1.357476311591738749e+03
1.358592683251423978e+03
1.358593583255449403e+03
1.358606216645285940e+03
1.358614016680171744e+03
1.358676016957470665e+03
1.358736683895472652e+03
1.358756817318853564e+03
1.358878484529682055e+03
1.358915884696955800e+03
1.359523620748413805e+03
1.360017322956517546e+03
1.360022422979327303e+03
1.360071123197141105e+03
1.360115123393934027e+03
1.360265357399194954e+03
1.360949893794145737e+03
1.361303295374749041e+03
1.361371562346742394e+03
1.361444829341098966e+03
1.361445296009852655e+03
1.361477562820834009e+03
1.361478929493613123e+03
1.361490829546836494e+03
1.361553396493336550e+03
1.361568029892118375e+03
1.361586629975307915e+03
1.361982631746442394e+03
1.362127865729340783e+03
1.363030603100204416e+03
1.363048736514640041e+03
1.363061569905371471e+03
1.363557505456797116e+03
1.363613039038506486e+03
1.363775473098332895e+03
1.363809106582093364e+03
1.364277842011865232e+03
1.365207912838312495e+03
1.365717948452801011e+03
1.365812882210729640e+03
1.365817115562996833e+03
1.366556285535631787e+03
1.366571685604509184e+03
1.366761386452953957e+03
1.366767919815508321e+03
1.366775319848605250e+03
1.368973196345365523e+03
1.370693570706477885e+03
1.370697137389096724e+03
1.370710937450817937e+03
1.370751570965886231e+03
1.373944851914634455e+03
1.373970952031368370e+03
1.374782988996570566e+03
1.374791855702893827e+03
1.374794655715417093e+03
1.375346691517753470e+03
1.375406358451283040e+03
1.375823193648928964e+03
1.375834393699021803e+03
1.375837760380745976e+03
1.375847927092883765e+03
1.375990294396294075e+03
1.376260562271744902e+03
1.377535467973813411e+03
1.378510205666701722e+03
1.378655072981293188e+03
1.378741006698968704e+03
1.379039974702782274e+03
1.379251508982211362e+03
1.380373080665153793e+03
1.380855082820928374e+03
1.380894449663665000e+03
1.380932516500587099e+03
1.381126684035676135e+03
1.381153184154198925e+03
1.381160417519884049e+03
1.381368051781870008e+03
1.381523885812177468e+03
1.383959863373854660e+03
1.383976830116406063e+03
1.384094130641037282e+03
1.385056568278912891e+03
1.385067501661146480e+03
1.385087068415326030e+03
1.387776513777315131e+03
1.387777613782235221e+03
1.390950594640190047e+03
1.390986694801649492e+03
1.391058861791085974e+03
1.391072895187184258e+03
1.391238329260428372e+03
1.391241595941705327e+03
1.391249495977038578e+03
1.391259629355694187e+03
1.391268596062464667e+03
1.391288196150126851e+03
1.391296562854214017e+03
1.391341363054584690e+03
1.391352363103782864e+03
1.391357163125251191e+03
1.391364896493172409e+03
1.391395796631374424e+03
1.391476530325792510e+03
1.391489830385277628e+03
1.391537863933443077e+03
1.391581730796305919e+03
1.391740898174855602e+03
1.393619206575667476e+03
1.393810707432163099e+03
1.393826607503276819e+03
1.394394176708420446e+03
1.394552177415084998e+03
1.396077750904942377e+03
1.396139517847864226e+03
1.396254685029620987e+03
1.396293818537980314e+03
1.399109364463959537e+03
1.399277531882761878e+03
1.400573104343930254e+03
1.400602871143730226e+03
1.402185278221111503e+03
1.402242978479177964e+03
1.402271945275399958e+03
1.402372612392304518e+03
1.402400512517088828e+03
1.403829585575344026e+03
1.404956757283332990e+03
1.404959890630680320e+03
1.404997690799742941e+03
1.407071166740116723e+03
1.407087866814808649e+03
1.407094200176468121e+03
1.407099033531418854e+03
1.407107466902470833e+03
1.407109833579722590e+03
1.407113700263683086e+03
1.407714436283833265e+03
1.407728069678142447e+03
1.407851203562197270e+03
1.407995737541964900e+03
1.408040237740993689e+03
1.410203414082556264e+03
1.410234647555582342e+03
1.411183851800937873e+03
1.412482424275523726e+03
1.412494290995264691e+03
1.412790425653072816e+03
1.413175494041973479e+03
1.413271261136962721e+03
1.413783030092537047e+03
1.413838363673352205e+03
1.414749734416162255e+03
1.414757434450601068e+03
1.414762967808682561e+03
1.417192312007358396e+03
1.417232112185366304e+03
1.417511580101964910e+03
1.417543513578121974e+03
1.417556246968405958e+03
1.417556580303230248e+03
1.417680080855591541e+03
1.417723914384972204e+03
1.419645622979893233e+03
1.421599531718831031e+03
1.421743532362879932e+03
1.422157967549791920e+03
1.422185801007611417e+03
1.422220401162362350e+03
1.423297105977969068e+03
1.423888275288665000e+03
1.423912742064760323e+03
1.423947042218169145e+03
1.425745750262965430e+03
1.425820750598407585e+03
1.426036351562691834e+03
1.426101151852513794e+03
1.426112451903053852e+03
1.426281752660258462e+03
1.426495253615150204e+03
1.426516420376486167e+03
1.427619525310168683e+03
1.427658958819869895e+03
1.428096960778852008e+03
1.429399299936951138e+03
1.429404299959313903e+03
1.429420400031322060e+03
1.430517571605134208e+03
1.431273241651566423e+03
1.431276208331501721e+03
1.431277708338210459e+03
1.431299975104466284e+03
1.431428742347049592e+03
1.431720443651696087e+03
1.431829744140546836e+03
1.432262012740552791e+03
1.432934849083174413e+03
1.433824786396789250e+03
1.433833419768735894e+03
1.434283555115317995e+03
1.435794361872463924e+03
1.439177610337516398e+03
1.441279819739734876e+03
1.442396091398972658e+03
1.443116561287970853e+03
1.444194599442874505e+03
1.444209666176927840e+03
1.444261633076018597e+03
1.445260704211072380e+03
1.445295704367611961e+03
1.447333946817069091e+03
1.447899482679785024e+03
1.447903149362850854e+03
1.448042383318914062e+03
1.449924391736274629e+03
1.450530061111822761e+03
1.450535227801597557e+03
1.450636761589044909e+03
1.451473731999096572e+03
1.451609399272540713e+03
1.451625632678478723e+03
1.451985967623425040e+03
1.452020934446482215e+03
1.453837909239643977e+03
1.454464078706879491e+03
1.454476812097163247e+03
1.454481578785149168e+03
1.456033485726117306e+03
1.456048752461065078e+03
1.456284753516589490e+03
1.456423820805240666e+03
1.457061723658287519e+03
1.457082423750869566e+03
1.457085890433040959e+03
1.457102757175144689e+03
1.457106223857316536e+03
1.457120390587344218e+03
1.457224024384184077e+03
1.457228091069039237e+03
1.457249157829927753e+03
1.457365858351875886e+03
1.457396758490077900e+03
1.457446792047188637e+03
1.457456725424949127e+03
1.457502725630687110e+03
1.457515425687488687e+03
1.457522625719691177e+03
1.457527592408571536e+03
1.457568325924087048e+03
1.457875693965469964e+03
1.458007327887541578e+03
1.458017061264407857e+03
1.458018027935398095e+03
1.458179861992540964e+03
1.458222828851378608e+03
1.458406129671199096e+03
1.458518796841774247e+03
1.458907531913741423e+03
1.458920998640638572e+03
1.458994898971160865e+03
1.459010699041827138e+03
1.459040465841627338e+03
1.459045299196577844e+03
1.459077766008453864e+03
1.459225800003875293e+03
1.459229966689177672e+03
1.459865902866761644e+03
1.459942303208465546e+03
1.460504272388562640e+03
1.462775682547538509e+03
1.462996350201150562e+03
1.464057288279573413e+03
1.464693591125464309e+03
1.466974101325140509e+03
1.467290402739811952e+03
1.467301702790351783e+03
1.467324902894115212e+03
1.467890272089419113e+03
1.469469779153829677e+03
1.469503912639826467e+03
1.470849351990693094e+03
1.470877252115477631e+03
1.470977719231487526e+03
1.470980785911870043e+03
1.470984719262795579e+03
1.470996519315571732e+03
1.471015286066173530e+03
1.471042252853450236e+03
1.471102753124040191e+03
1.471262753839650031e+03
1.471371754327159351e+03
1.471420854546762030e+03
1.471679455703366330e+03
1.471924590133073480e+03
1.471942256878755643e+03
1.471955290270381283e+03
1.471961056962839621e+03
1.472053457376104234e+03
1.472056957391758260e+03
1.472060757408753943e+03
1.472130457720491449e+03
1.472173391245846915e+03
1.472208424735868903e+03
1.472469259235795334e+03
1.472486392645758770e+03
1.472502559384731740e+03
1.474182000229433925e+03
1.474705235902960567e+03
1.474727336001804133e+03
1.474766569510610907e+03
1.474837803162539785e+03
1.474972803766335574e+03
1.475087037610584275e+03
1.475373338891078674e+03
1.476436043644069741e+03
1.476846178811749496e+03
1.477189247012802980e+03
1.478323085417275706e+03
1.478325685428904308e+03
1.478329052110628481e+03
1.478338618820082729e+03
1.478437585929383886e+03
1.478479386116337082e+03
1.478689520389504651e+03
1.478820887643716787e+03
1.478865487843193023e+03
1.478886687938011164e+03
1.478906654693980045e+03
1.478937721499594318e+03
1.479074655445370354e+03
1.479250322897717069e+03
1.479573224341907007e+03
1.480748096263237130e+03
1.481798434294250683e+03
1.483712542855180573e+03
1.484263478652597314e+03
1.484550846604528942e+03
1.486075620090808343e+03
1.486093553504349529e+03
1.486144087063696134e+03
1.486471055192741460e+03
1.486674689436837298e+03
1.486678956122586897e+03
1.486682989473959651e+03
1.486715422952353038e+03
1.486768623190293283e+03
1.488345896911381942e+03
1.488370930356678400e+03
1.488386830427792120e+03
1.490516706620418290e+03
1.490544940080027118e+03
1.490706974138064425e+03
1.492361381537469924e+03
1.492362014873636099e+03
1.492369181572355956e+03
1.492374014927306689e+03
1.492394648352923923e+03
1.492514082220430055e+03
1.493424952961003783e+03
1.493433853000809677e+03
1.493453086420165391e+03
1.493466619814027354e+03
1.493556020213874490e+03
1.493556253548251334e+03
1.493562953578217503e+03
1.493692920826168120e+03
1.493788754588121719e+03
1.493822354738399781e+03
1.494310956923693311e+03
1.495272794558885607e+03
1.495282827937093543e+03
1.495295694661307152e+03
1.497324870403546356e+03
1.497364070578870724e+03
1.497439904251373264e+03
1.498076373764676191e+03
1.498109607246647784e+03
1.498213874379653362e+03
1.498325974881027605e+03
1.498341274949457784e+03
1.499066311525547235e+03
1.499830414943031428e+03
1.499846415014592367e+03
1.500642818576540321e+03
1.500649951941777772e+03
1.500657151973980262e+03
1.500768152470434870e+03
1.501650823084882404e+03
1.501667823160915987e+03
1.503659565402398812e+03
1.504484035756543335e+03
1.505018271479268151e+03
1.505026604849872911e+03
1.505041938251785496e+03
1.505052271631335316e+03
1.505745108063408225e+03
1.506709379042816863e+03
1.506825979564317549e+03
1.507818217335475310e+03
1.508661687774598477e+03
1.508741388131061512e+03
1.508763388229458087e+03
1.508776821622872831e+03
1.508779621635395870e+03
1.508808888432959520e+03
1.508832455205029419e+03
1.508868488699524278e+03
1.508901822181942862e+03
1.508961455781990026e+03
1.508986489227286484e+03
1.509053689527842607e+03
1.509240890365106225e+03
1.511267366095269381e+03
1.511273499456034415e+03
1.511278132810090710e+03
1.511293132877179232e+03
1.511324933019406444e+03
1.511329266372120856e+03
1.511343333101701546e+03
1.511387266631529428e+03
1.511419766776887855e+03
1.511428166814457200e+03
1.511646034455545987e+03
1.511811035193518592e+03
1.512057202961180792e+03
1.512130469955537137e+03
1.512258103859718403e+03
1.512894306705162080e+03
1.514066978616652250e+03
1.514085845367701495e+03
1.514729981581960601e+03
1.514797181882516952e+03
1.519215868311941449e+03
1.519234635062543475e+03
1.519240601755896250e+03
1.519246501782284440e+03
1.519297068675113678e+03
1.519327402144114558e+03
1.519391935766077040e+03
1.519425269248496079e+03
1.519471136120304209e+03
1.519486836190523263e+03
1.519511602967960471e+03
1.519542769774021963e+03
1.519582036616311143e+03
1.519609570072788983e+03
1.519768904118750470e+03
1.522111781264032061e+03
1.522130881349458377e+03
1.522215881729625835e+03
1.524065290001180983e+03
1.524961894011279583e+03
1.525076961192589124e+03
1.525083227887283783e+03
1.525094427937376622e+03
1.525118894713471718e+03
1.525133661446183169e+03
1.525194595052044633e+03
1.528281275524017701e+03
1.529540847824173625e+03
1.529903416112441846e+03
1.530189484058559401e+03
1.530206184133251099e+03
1.530210750820342582e+03
1.530217650851203189e+03
1.530222450872671516e+03
1.530337651387910455e+03
1.530572452438068012e+03
1.530577319126501152e+03
1.531796357912036001e+03
1.532588194786892473e+03
1.532631428313589595e+03
1.532725495400975205e+03
1.532914029577535530e+03
1.532952429749281691e+03
1.541565001602699567e+03
1.542045303750870744e+03
1.542067537183644163e+03
1.544030545963282293e+03
1.544054212735799638e+03
1.544103946291568263e+03
1.544114146337188458e+03
1.544141279791877196e+03
1.544149479828552330e+03
1.544195546701254898e+03
1.544299513832919047e+03
1.544491348024238505e+03
1.544517514807937459e+03
1.544581515094181213e+03
1.544727682414587207e+03
1.544735915784744748e+03
1.544896249835178651e+03
1.545301018312189399e+03
1.546300122780725360e+03
1.547939363445630534e+03
1.548044597249626349e+03
1.548204697965683408e+03
1.548257431534869738e+03
1.548263698229564625e+03
1.548548966172103974e+03
1.548756433766677901e+03
1.548969368052368736e+03
1.549885338815752675e+03
1.550027572785233360e+03
1.550070172975764308e+03
1.550126239893192860e+03
1.550289273955702583e+03
1.551166844547339906e+03
1.551238444867575481e+03
1.551486912645524399e+03
1.551937147992554173e+03
1.553114186590241616e+03
1.553157653451315355e+03
1.553488654931733436e+03
1.553524721759710246e+03
1.553564655271648007e+03
1.553604688784032760e+03
1.553795856305704092e+03
1.553845023192271810e+03
1.553856989912460222e+03
1.554322525327919948e+03
1.555449930370285756e+03
1.555483130518774487e+03
1.555993966136841436e+03
1.556003699513707716e+03
1.556063066445895402e+03
1.556105499969014545e+03
1.556133866762552771e+03
1.556196500376017411e+03
1.556268300697147424e+03
1.556290167461614146e+03
1.556807369774822973e+03
1.556880936770520975e+03
1.556889103473713476e+03
1.556903303537224019e+03
1.556954170431394914e+03
1.557012670693039809e+03
1.557025037415017323e+03
1.557028637431118341e+03
1.557078870989123288e+03
1.557325838760363695e+03
1.560005417411556891e+03
1.560021017481328727e+03
1.560045584257871496e+03
1.560062684334352070e+03
1.560462586122929451e+03
1.561035222017400429e+03
1.561073522188699826e+03
1.561099322304091629e+03
1.561147922521458213e+03
1.561565224387858279e+03
1.561569191072265994e+03
1.561593557847914099e+03
1.561718425073054732e+03
1.561905092574599166e+03
1.561907825920157848e+03
1.561935792711906970e+03
1.563462399539719399e+03
1.563524499817465312e+03
1.563906268191606841e+03
1.564071702264850956e+03
1.564539837691939283e+03
1.566492479758545414e+03
1.567246283129962194e+03
1.567372450360917128e+03
1.569074024637945058e+03
1.570672265119475242e+03
1.571593502573081196e+03
1.573552211333487321e+03
1.573631111686372606e+03
1.573675011882717854e+03
1.573779412349653285e+03
1.575035217966295932e+03
1.575050951369997392e+03
1.575194185343950721e+03
1.575377786165113093e+03
1.575395319576865177e+03
1.576266256805501371e+03
1.576270223489909313e+03
1.576270890159557894e+03
1.576279323530609645e+03
1.576323323727402340e+03
1.576900059640210884e+03
1.577479128896789007e+03
1.578081998259813645e+03
1.578226198904756984e+03
1.580560709345951636e+03
1.581070378292133910e+03
1.581076844987723234e+03
1.581106678454488019e+03
1.582248250226881737e+03
1.582493784658377763e+03
1.583110987418842797e+03
1.583537122658083490e+03
1.583938191118545546e+03
1.584232825769644478e+03
1.584342926262073661e+03
1.585315897280393528e+03
1.585338997383709511e+03
1.585586565157633459e+03
1.585732932478934117e+03
1.585741099182126618e+03
1.585747165875926839e+03
1.585795532758916352e+03
1.585851099674108355e+03
1.585947300104368878e+03
1.585986766947552496e+03
1.586137900956838848e+03
1.586419435549347327e+03
1.586433035610174102e+03
1.586628903152866542e+03
1.586636736521234980e+03
1.586646403231136674e+03
1.586797437239975807e+03
1.586929871165625173e+03
1.586974204697242158e+03
1.588404677761758649e+03
1.588416477814535256e+03
1.588437744576318210e+03
1.588553578427723323e+03
1.588582278556085839e+03
1.588759279347729262e+03
1.588936080138478019e+03
1.588992213722870929e+03
1.589002180434114280e+03
1.589013180483312453e+03
1.589108580909994998e+03
1.589110614252422465e+03
1.589238414824015763e+03
1.589258681581326300e+03
1.589724050329373995e+03
1.590355753154691001e+03
1.590381953271872135e+03
1.590394219993402203e+03
1.590398453345669395e+03
1.590614387644777935e+03
1.591176390158357208e+03
1.591381524409162239e+03
1.591397757815100249e+03
1.591410057870112496e+03
1.591439891336877281e+03
1.591548358488667873e+03
1.592368228822238734e+03
1.592519996167691033e+03
1.594983940521117347e+03
1.594998173918110297e+03
1.595169441350777561e+03
1.595516542903203572e+03
1.595738977231383842e+03
1.596119078931404374e+03
1.596183245885060387e+03
1.596211312677256956e+03
1.597723219439322520e+03
1.598420522558039693e+03
1.598440089312219470e+03
1.598486356185816703e+03
1.598559756514102673e+03
1.598574823248156008e+03
1.598639290203153678e+03
1.598954424945940218e+03
1.599036891981444114e+03
1.599043158676139001e+03
1.599057492073578942e+03
1.599063792101756235e+03
1.599102192273502396e+03
1.599145192465822674e+03
1.599301259830507206e+03
1.599302426502391882e+03
1.599708428318251663e+03
1.599768861921876805e+03
1.599938229346046228e+03
1.600629199103103701e+03
1.600633865790642403e+03
1.600646799181820825e+03
1.600658499234149758e+03
1.600687299362959493e+03
1.600704032771133825e+03
1.600704732774264585e+03
1.600728599547676367e+03
1.600743366280388045e+03
1.600918667064427837e+03
1.601742804083748069e+03
1.601759537491922401e+03
1.602207439495182825e+03
1.602659441516780589e+03
1.602671141569109523e+03
1.602708008400664539e+03
1.602712875089097679e+03
1.602762841979243376e+03
1.603327811172757947e+03
1.603357377971663709e+03
1.603447678375535816e+03
1.603465378454700158e+03
1.603497845266575951e+03
1.603531545417301231e+03
1.603875113620590810e+03
1.603879313639375596e+03
1.604094081266599460e+03
1.604114314690427818e+03
1.604141548145563775e+03
1.604297315508906422e+03
1.604442116156533302e+03
1.604457216224069043e+03
1.604460482905345998e+03
1.604483583008662208e+03
1.604790884383080311e+03
1.604861551365808054e+03
1.604971518524307385e+03
1.604976251878810672e+03
1.604991518613758672e+03
1.605033518801606078e+03
1.605079752341720905e+03
1.605158819362018221e+03
1.605216686287496941e+03
1.605292053291245566e+03
1.606007489824398590e+03
1.606470891896983630e+03
1.606480258605543213e+03
1.607151361607079252e+03
1.607163261660302624e+03
1.607189628444896016e+03
1.607199461822209514e+03
1.607249395378872578e+03
1.607736630891386994e+03
1.607850164732505164e+03
1.608122732618242935e+03
1.608678635104540035e+03
1.609602239235397519e+03
1.609774773340396905e+03
1.609793206756174413e+03
1.609907140599081686e+03
1.610031141153679300e+03
1.610626410482712799e+03
1.610638977205584524e+03
1.610648910583345241e+03
1.610663010646408338e+03
1.610667910668323884e+03
1.610671110682636026e+03
1.610706944176236220e+03
1.610748611029259564e+03
1.610780977840688138e+03
1.610897611695671230e+03
1.610985245420950150e+03
1.611500647726108127e+03
1.611535647882647936e+03
1.611620248261026518e+03
1.611678015186058019e+03
1.611768948926096527e+03
1.611810215777330768e+03
1.611970816495624376e+03
1.612583752570339584e+03
1.612619252729115487e+03
1.612916054056571738e+03
1.613371289425964278e+03
1.613854024918352025e+03
1.613946258664204606e+03
1.613984192167196852e+03
1.613993092207002746e+03
1.614018558987570714e+03
1.614133959503704318e+03
1.615665966355668388e+03
1.615855067201429620e+03
1.616025567964001311e+03
1.618543179224122241e+03
1.618580946059702455e+03
1.618816847114779875e+03
1.619940785474974064e+03
1.621013090270901785e+03
1.622308829399482192e+03
1.622322429460308967e+03
1.622334862849251067e+03
1.622344129557363203e+03
1.622364229647261936e+03
1.622372263016524812e+03
1.622375463030836954e+03
1.622444930008197616e+03
1.622511730306964864e+03
1.622581597286114174e+03
1.622603364050133678e+03
1.622728131274826865e+03
1.623002299167721048e+03
1.624262671471454951e+03
1.624273571520205905e+03
1.624661606589042094e+03
1.626514481542768863e+03
1.626543548339438075e+03
1.626956350185711244e+03
1.626975183603277628e+03
1.626988683663657412e+03
1.627083117419349719e+03
1.627090284118069803e+03
1.627092284127014864e+03
1.627272418266005616e+03
1.627620053154150355e+03
1.627829987426423259e+03
1.629470628097590179e+03
1.629476261456118664e+03
1.629482828152155207e+03
1.629547328440635511e+03
1.629600295344198912e+03
1.629670162323348450e+03
1.629705095812923219e+03
1.632369474396133455e+03
1.632700275875657098e+03
1.632839443164755039e+03
1.632966943735006680e+03
1.632977843783757635e+03
1.633035977377095833e+03
1.633037677384699236e+03
1.633047277427635890e+03
1.633185111377437124e+03
1.633188278058266860e+03
1.635328320963030819e+03
1.635329487634915495e+03
1.635333054317534334e+03
1.635416588024475459e+03
1.635429454748689068e+03
1.635450488176095405e+03
1.635796323056189522e+03
1.635818389821550682e+03
1.635834723227935910e+03
1.635846123278923187e+03
1.635850656632532036e+03
1.636750693991319622e+03
1.636981428356622018e+03
1.636988161720070593e+03
1.636999995106329152e+03
1.637004995128692144e+03
1.637368196753126540e+03
1.638273000799900046e+03
1.638355734503263420e+03
1.638450534927262197e+03
1.638548268697713638e+03
1.638574602148824624e+03
1.638584235525243685e+03
1.639236638443142738e+03
1.639421339269224745e+03
1.639565439913720866e+03
1.640267076385152450e+03
1.640281809784381494e+03
1.640287976478628934e+03
1.640298676526485451e+03
1.640868612408880381e+03
1.640901545889510317e+03
1.640912779273085334e+03
1.641279714247550601e+03
1.641389381404708047e+03
1.641415481521441961e+03
1.642074884470649067e+03
1.642744554132440953e+03
1.643269656480982803e+03
1.643288823233373705e+03
1.643296423267365299e+03
1.643393490368168614e+03
1.643778458756622285e+03
1.643973292961359675e+03
1.644074293413088299e+03
1.644162560474532938e+03
1.645657200492705897e+03
1.645740534198752584e+03
1.646220369678170073e+03
1.646228969716634083e+03
1.646248269802954610e+03
1.646279936611252197e+03
1.646626504827959707e+03
1.646792372236475330e+03
1.646800472272702791e+03
1.646818172351867361e+03
1.647240674241524403e+03
1.647703176310084018e+03
1.648802481226771079e+03
1.651168791810192943e+03
1.651180025193768188e+03
1.651270692265947218e+03
1.651346425938002540e+03
1.651349859286691526e+03
1.651782894556793053e+03
1.651973295408368585e+03
1.652174529641730487e+03
1.652529331228595311e+03
1.652534864586676804e+03
1.652659598477887585e+03
1.653223767667824404e+03
1.653225667676322473e+03
1.655253910081053846e+03
1.655261410114597993e+03
1.663605080765344155e+03
1.663616714150708276e+03
1.663662581022516406e+03
1.663719247942628272e+03
1.663752981426835959e+03
1.663803581653147376e+03
1.664044316063175529e+03
1.664076816208533728e+03
1.671459582561595425e+03
1.671484516006444665e+03
1.671570716391979431e+03
1.671615783260209582e+03
1.671657583447162779e+03
1.672257352796322493e+03
1.675320699830602507e+03
1.677115074522684154e+03
1.678777615291800203e+03
1.678951349402166443e+03
1.678997649609246082e+03
1.679064116573188812e+03
1.679086850008198553e+03
1.679087283343470062e+03
1.679101350073050753e+03
1.679882153565226645e+03
1.680267055286715504e+03
1.680384089143487699e+03
1.683006167537508645e+03
1.683008767549137247e+03
1.683028067635457774e+03
1.683039867688233926e+03
1.683059667776790775e+03
1.683208801777132066e+03
1.683214835137449882e+03
1.683241101921595600e+03
1.683256535323955632e+03
1.683341069035369401e+03
1.684044272180474763e+03
1.684056105566733322e+03
1.684062272260980762e+03
1.684067772285579849e+03
1.684078438999953732e+03
1.684112939154257219e+03
1.684131472570481947e+03
1.684150772656802246e+03
1.684177306108807670e+03
1.684196906196470081e+03
1.684246839753133145e+03
1.684280973239129935e+03
1.684315673394327632e+03
1.684395940419992030e+03
1.684454907350390613e+03
1.684948409557599689e+03
1.685251510913233233e+03
1.692523743438594465e+03
1.693587348195610957e+03
1.695203055421928411e+03
1.695209422117070289e+03
1.695227622198470954e+03
1.695241722261534278e+03
1.695305622547330813e+03
1.695341056039141904e+03
1.695350522748148933e+03
1.695359489454919412e+03
1.695543623611800513e+03
1.696626328454242639e+03
1.696664161956787893e+03
1.696689228735566758e+03
1.697117397317235145e+03
1.697292931435652008e+03
1.697370098447451483e+03
1.697605166165468290e+03
1.700403912016308368e+03
1.700439378841601865e+03
1.700478012347725098e+03
1.700489945734431103e+03
1.700520779205668305e+03
1.700559079376967475e+03
1.700686813281595960e+03
1.700789247073068736e+03
1.701779784836623321e+03
1.703088124021557860e+03
1.703196291172006568e+03
1.703231791330782471e+03
1.703239958033975199e+03
1.703578759549278857e+03
1.703609559687033880e+03
1.705852269717647459e+03
1.705866969783393870e+03
1.706012637101563541e+03
1.706196971259339080e+03
1.706323905160389813e+03
1.707580744114987510e+03
1.707583377460098518e+03
1.707769544959406858e+03
1.707812311817350064e+03
1.709755387174501948e+03
1.710463423674557816e+03
1.712200731444738722e+03
1.712217664853807491e+03
1.714936810348631752e+03
1.715656146899227451e+03
1.715668246953345488e+03
1.717158020283085079e+03
1.717418654782117073e+03
1.717483088403632564e+03
1.717605688951968432e+03
1.717948790486504322e+03
1.717976490610394194e+03
1.718098691156941186e+03
1.719530864229061308e+03
1.720436968281649115e+03
1.722974646298186144e+03
1.723095513505436429e+03
1.723732249686598607e+03
1.725496957579327727e+03
1.727870434861469903e+03
1.728488004290241406e+03
1.728538237848246581e+03
1.728882239386807441e+03
1.728981173162626419e+03
1.731581651460039893e+03
1.732156487364350596e+03
1.732302954686098474e+03
1.732314288070120938e+03
1.732369788318348128e+03
1.732420688546001429e+03
1.732456188704777333e+03
1.733931928638418640e+03
1.733939128670621130e+03
1.735080600442567629e+03
1.736100071668861574e+03
1.736114205065407077e+03
1.736134105154411145e+03
1.736157838593893075e+03
1.737197309909638307e+03
1.737213776649953161e+03
1.737288043648782150e+03
1.737463111098445324e+03
1.737734578979263233e+03
1.739297985971665639e+03
1.739302885993581413e+03
1.739313752708849734e+03
1.739454853339928150e+03
1.739457220017179907e+03
1.739543420402714901e+03
1.739713221162155833e+03
1.739716654510844819e+03
1.739729887903365125e+03
1.739732187913652069e+03
1.739735087926622555e+03
1.739735887930200533e+03
1.739789788171271539e+03
1.739801054888328963e+03
1.739814421614778894e+03
1.739830388352857426e+03
1.739835688376562075e+03
1.739939288839919300e+03
1.740161623167652351e+03
1.740306490482244044e+03
1.740693725547502254e+03
1.740703225589991462e+03
1.743181270006481327e+03
1.744945911232245635e+03
1.744947577906366405e+03
1.744949277913969809e+03
1.744963944646234040e+03
1.745030344943212185e+03
1.745700314606345728e+03
1.746082516315758767e+03
1.746092616360931970e+03
1.746096583045339685e+03
1.746170283374967312e+03
1.746308483993075470e+03
1.746322884057480223e+03
1.746346150828208465e+03
1.746607718664748063e+03
1.746741852598001060e+03
1.746769152720102056e+03
1.746904419991757322e+03
1.747290488385130857e+03
1.747299055090112461e+03
1.752939180315805970e+03
1.753113747763233050e+03
1.758671005951633788e+03
1.758685106014696885e+03
1.758702906094308673e+03
1.758808473233128552e+03
1.761616819126905284e+03
1.763675061665813701e+03
1.768468483104589723e+03
1.773080103730253995e+03
1.793907730216009895e+03
1.819762845854085981e+03
1.821488953574174275e+03
1.827495113770307853e+03
1.835182681486606270e+03
1.835189914852291395e+03
1.835192648197849621e+03
1.835206248258676396e+03
1.835208814936822591e+03
1.835211514948898412e+03
1.835214114960527240e+03
1.835217781643593298e+03
1.835229815030746522e+03
1.835234448384802590e+03
1.835241115081286353e+03
1.838501862998449951e+03
1.841485609676713921e+03
1.842766382071688213e+03
1.842778782127147906e+03
1.847341235866244688e+03
1.847347035892185659e+03
1.847921338460777633e+03
1.851906922953136018e+03
1.854617035074224759e+03
1.854622768433200918e+03
1.855165170859118234e+03
1.855298704789687690e+03
1.859744558007283558e+03
1.867091657534157321e+03
1.867873194362946606e+03
1.872087879879968796e+03
1.875134260171697633e+03
1.875161293625939152e+03
1.877357436781613842e+03
1.878623442443876456e+03
1.879632980292409684e+03
1.880065548893757295e+03
1.880079382288961142e+03
1.889448924194625533e+03
1.889817525843211797e+03
1.889886926153607419e+03
1.890101893781725721e+03
1.896240354569579495e+03
1.896249287942867568e+03
1.897640294164200441e+03
1.897643194177170926e+03
1.899428535495517281e+03
1.900942208932151289e+03
1.900947675623267742e+03
1.903058485063950457e+03
1.906342033083088381e+03
1.908026940618907020e+03
1.908180541305892575e+03
1.908423775727102111e+03
1.908682610218083255e+03
1.911788390775482185e+03
1.914423535894611405e+03
1.914457102711406833e+03
1.914527169691451036e+03
1.914720270555102843e+03
1.918389020297071283e+03
1.919208923964124324e+03
1.924255213200528715e+03
1.932632117333246242e+03
1.932658084116050304e+03
1.932798951412751876e+03
1.932903118545310463e+03
1.932930018665622356e+03
1.932959618798010069e+03
1.933014519043553719e+03
1.933489454501055661e+03
1.936733002341291012e+03
1.936967036721352997e+03
1.937007436902044219e+03
1.937019770290539327e+03
1.937025370315585633e+03
1.937038470374176313e+03
1.937047103746122730e+03
1.939822482825787120e+03
1.940699553415188348e+03
1.942704262381332228e+03
1.944097835280811751e+03
1.944175102293058217e+03
1.947308482973899800e+03
1.947416283456042038e+03
1.947846352046208040e+03
1.947863752124030725e+03
1.949433492478092830e+03
1.949583726483353985e+03
1.950086562065640237e+03
1.950269696218048693e+03
1.952118337819508270e+03
1.952217204928362207e+03
1.952250138408991688e+03
1.952618606723648327e+03
1.953129109006890758e+03
1.953135409035067823e+03
1.953156042460685285e+03
1.953163475827264620e+03
1.953177842558187194e+03
1.953186775931475267e+03
1.953201775998563562e+03
1.953211642709359694e+03
1.953222409424180796e+03
1.953246842866793713e+03
1.953254176232925829e+03
1.953271209642441818e+03
1.953275476328191417e+03
1.953279776347423422e+03
1.953285076371128071e+03
1.953288276385440213e+03
1.953677278125266639e+03
1.953711444944745836e+03
1.954240313976801190e+03
1.954257214052387553e+03
1.954263514080564619e+03
1.954300447579084448e+03
1.954683682626452310e+03
1.956284789787470572e+03
1.962037915518563750e+03
1.962076615691652023e+03
1.962134549284095556e+03
1.969683483047014533e+03
1.971480991086443964e+03
1.973234632263010099e+03
1.973411633054653521e+03
1.974196969900438489e+03
1.976263879144775728e+03
1.976333546123030601e+03
1.976381079668959728e+03
1.978047153787211982e+03
1.981331935145199395e+03
1.981719003543045574e+03
1.992213083811587694e+03
1.992833986588600965e+03
1.993997691793320882e+03
1.996884171369887099e+03
1.997872609124049177e+03
1.998004409713532823e+03
2.001588792411499526e+03
2.003487600903999464e+03
2.003621368168945537e+03
2.003675435077428574e+03
2.003834302454636145e+03
2.005067207968857474e+03
2.013256077927250772e+03
2.017263129182287003e+03
2.021431747826606625e+03
2.030268454015807947e+03
2.032410130261210270e+03
2.032638797950602566e+03
2.032957899377797048e+03
2.036582782256902647e+03
2.045034920059439173e+03
2.045216787539515508e+03
2.048606769368016558e+03
2.049703540940039147e+03
2.049879475060245568e+03
2.063161634465253883e+03
2.065099476465665703e+03
2.066462282560872609e+03
2.066635883337309224e+03
2.066838750911309489e+03
2.067110852128293573e+03
2.067119552167204802e+03
2.067764755052901364e+03
2.067778588448105438e+03
2.068633725606074677e+03
2.068640025634251742e+03
2.071497538414595965e+03
2.071578038774637207e+03
2.076451960573454471e+03
2.076887262520360764e+03
2.082928356206069111e+03
2.084027694456238351e+03
2.086835073679024845e+03
2.094104339524451007e+03
2.096902552039572129e+03
2.098025223727434422e+03
2.098053223852666633e+03
2.098070757264418717e+03
2.101799973943494933e+03
2.103674648994723611e+03
2.104946321348997117e+03
2.107399765655462033e+03
2.108379470037230476e+03
2.108930972503848352e+03
2.108954205941094187e+03
2.109010839527723419e+03
2.122665400598313681e+03
2.122908868353899834e+03
2.122949901870757458e+03
2.124793076781100353e+03
2.126150882853944040e+03
2.128117791651025072e+03
2.129512931224177919e+03
2.131363506167617743e+03
2.136031093710263121e+03
2.136154794263518852e+03
2.136160094287223274e+03
2.136274928134156198e+03
2.137303566068115288e+03
2.137452133399255672e+03
2.137497266934450181e+03
2.137866268584825320e+03
2.137906535431587145e+03
2.137958968999432273e+03
2.138924573318137391e+03
2.139159741036601190e+03
2.139346808539935409e+03
2.139397575433658858e+03
2.140010511508374293e+03
2.140156312160473590e+03
2.140191478984424975e+03
2.140213079081032447e+03
2.140232445834317787e+03
2.140298212795129984e+03
2.141163916667026569e+03
2.141313584003086362e+03
2.141332184086276357e+03
2.143518693865531986e+03
2.143539560625526065e+03
2.143548927334085420e+03
2.143678461246764527e+03
2.144105696490925311e+03
2.144119363218716899e+03
2.144166530096339557e+03
2.144179996823236706e+03
2.144184796844705033e+03
2.144194396887641233e+03
2.144200663582336347e+03
2.144255997163151278e+03
2.145746403829056817e+03
2.149203185956324887e+03
2.153535772000662291e+03
2.153578005522886542e+03
2.154179074877860785e+03
2.155606414595030401e+03
2.156411484862406724e+03
2.160711270760044499e+03
2.162211044134509393e+03
2.164981123190469589e+03
2.175048134882263184e+03
2.176384440858947073e+03
2.183526706136357461e+03
2.183789507311747002e+03
2.183872874351276096e+03
2.187488690523163768e+03
2.191113140066997858e+03
2.195534926510287733e+03
2.196066095552630031e+03
2.196199896151058965e+03
2.196225996267792652e+03
2.197610769127913045e+03
2.199025275454351231e+03
2.199795078897328949e+03
2.199941446218629608e+03
2.200045546684223609e+03
2.200104046945868049e+03
2.200145513797997410e+03
2.200528382177058120e+03
2.204405999519862689e+03
2.204421132920880609e+03
2.204957768654339361e+03
2.210457659919497473e+03
2.212108867304591513e+03
2.212540669235843325e+03
2.218529729355495874e+03
2.220144303243411287e+03
2.226866699976276323e+03
2.227767337337747449e+03
2.227872337807366421e+03
2.227983104969443502e+03
2.228513107339901580e+03
2.229674879202640568e+03
2.230093481074854935e+03
2.231926255938683425e+03
2.232495658485359854e+03
2.234327400011232839e+03
2.234352633457423963e+03
2.235467038441646309e+03
2.235475705147075132e+03
2.235752706385974761e+03
2.237150212636379365e+03
2.239504456499166281e+03
2.240794028933498794e+03
2.247214024313860591e+03
2.247297124685530434e+03
2.249678168668182025e+03
2.251039741424538988e+03
2.251278542492586894e+03
2.252469714486819157e+03
2.252519814710894480e+03
2.254689191080187356e+03
2.255070959454328658e+03
2.255102992930932942e+03
2.255607761855199897e+03
2.255692728901884948e+03
2.255753095838545505e+03
2.255835696207978799e+03
2.257726171329873978e+03
2.257837605161599640e+03
2.262268158310765557e+03
2.263922165708382181e+03
2.276173720503968525e+03
2.278274163231619241e+03
2.282626616031478079e+03
2.283016317774434810e+03
2.287272503477068767e+03
2.287473037707299682e+03
2.289685280934982529e+03
2.289924448671336904e+03
2.296957513460343762e+03
2.297549149439793382e+03
2.297660549938037093e+03
2.299522891600770436e+03
2.300056327319917273e+03
2.301027364996256892e+03
2.313281353136059806e+03
2.314759193079093620e+03
2.314937093874762468e+03
2.315932698327644175e+03
2.316589501265222680e+03
2.316606034672502574e+03
2.317591839081553644e+03
2.317649539339620333e+03
2.317834106831772715e+03
2.317859440278410602e+03
2.317888040406326127e+03
2.320393884947153310e+03
2.320483018679140969e+03
2.320490618713132335e+03
2.321063887943769259e+03
2.322183726285626108e+03
2.323615866024263596e+03
2.323744166598093216e+03
2.325264906732999862e+03
2.325269073418302469e+03
2.325292740190819586e+03
2.327212215442418710e+03
2.327215748791555143e+03
2.328368153945735230e+03
2.328831456017872824e+03
2.328875189546806268e+03
2.328910623038616905e+03
2.329220657758593916e+03
2.330017427988847885e+03
2.331396800824817092e+03
2.334938383331358182e+03
2.334962883440935911e+03
2.341489945966826781e+03
2.341501212683884205e+03
2.348270342959100162e+03
2.351742791823104653e+03
2.357733518616878428e+03
2.361630002710732242e+03
2.363993179946806777e+03
2.371148311948431001e+03
2.371199278843049342e+03
2.372533251475963880e+03
2.372550751554233557e+03
2.373023120333589304e+03
2.382727730404526937e+03
2.382741497132765289e+03
2.383605200995716586e+03
2.388497622877276626e+03
2.389203126032668479e+03
2.389231526159689565e+03
2.390682065980622156e+03
2.394183948309602329e+03
2.395320620060080728e+03
2.395408220451876787e+03
2.395419020500180523e+03
2.395457987341128501e+03
2.395470720731411802e+03
2.396098390205356282e+03
2.398244333136508430e+03
2.402137950550873938e+03
2.419151493311315335e+03
2.419248027076399921e+03
2.419355794225059981e+03
2.419375994315405478e+03
2.419600861987802091e+03
2.419877463224912844e+03
2.419890029947784569e+03
2.419952696894731616e+03
2.420045130641478863e+03
2.420110130932195261e+03
2.420190231290447173e+03
2.420283498374255032e+03
2.421909438979675087e+03
2.421961972547966980e+03
2.422164973455896870e+03
2.422323474164797972e+03
2.422334040878724863e+03
2.422338074230097391e+03
2.422348140941787733e+03
2.422351807624854246e+03
2.422356207644533242e+03
2.422501541627878851e+03
2.423717947068302237e+03
2.423842814293443098e+03
2.447770921312893279e+03
2.450721501176150468e+03
2.453532680415932646e+03
2.455142520949344544e+03
2.456618860885669164e+03
2.457205963511510163e+03
2.464876497818293046e+03
2.464897797913558406e+03
2.465079032057468794e+03
2.468245112884563241e+03
2.468540514205757972e+03
2.469343184462400586e+03
2.471348293430333797e+03
2.476570016784707605e+03
2.481625539395742180e+03
2.482014541135568834e+03
2.482800477984036661e+03
2.482851411545172596e+03
2.483186946379199526e+03
2.485576523733349859e+03
2.487583699377192715e+03
2.489949709959273150e+03
2.489962643350451344e+03
2.490144610830975125e+03
2.490357611783631000e+03
2.495846936334862676e+03
2.495896669890631074e+03
2.500090188646317529e+03
2.503183469147809319e+03
2.505793480821194862e+03
2.507979390597767178e+03
2.508488759542607568e+03
2.511531639818682379e+03
2.512543577677949543e+03
2.513312247782524992e+03
2.513499915288542525e+03
2.520787614549746195e+03
2.520814881338364557e+03
2.520820048028139354e+03
2.522848723768142463e+03
2.523358859383078197e+03
2.524286796866650548e+03
2.525686469793412471e+03
2.534206174564811590e+03
2.541315006359356175e+03
2.541324373067915985e+03
2.541669174610055506e+03
2.542187743596043219e+03
2.542653612346327009e+03
2.542716479294168948e+03
2.543635750072312021e+03
2.544185452530879047e+03
2.546984565050025594e+03
2.551845453457217445e+03
2.552145454798986066e+03
2.555272968786921410e+03
2.557687146251097147e+03
2.557722846410767488e+03
2.557728379768849209e+03
2.557895480516214320e+03
2.557905913896211587e+03
2.558078181333351040e+03
2.558748584331756319e+03
2.559229386482163591e+03
2.559857322623967775e+03
2.559866655999045179e+03
2.560222057588593088e+03
2.560246357697276380e+03
2.561670930735404909e+03
2.563423605240981033e+03
2.563680506389981929e+03
2.563860073859771546e+03
2.564856678317126352e+03
2.564873911727537234e+03
2.565011479009478535e+03
2.567659490852821364e+03
2.568539128120369242e+03
2.571142673098165233e+03
2.573949752319610070e+03
2.577709035799827689e+03
2.578013403827793354e+03
2.578424639000392744e+03
2.578837007511394404e+03
2.578855774261996430e+03
2.582045421861160776e+03
2.582090922064662209e+03
2.582256789473177832e+03
2.582474657114266847e+03
2.583286594079021597e+03
2.583328094264632909e+03
2.583351294368396339e+03
2.583366794437721182e+03
2.583439694763770603e+03
2.583455561501402372e+03
2.583655695729844410e+03
2.583856229960074870e+03
2.583962330434613705e+03
2.584162797997879807e+03
2.584542166361287400e+03
2.584603666636350226e+03
2.584607133318521392e+03
2.584700733737153314e+03
2.584755100646978462e+03
2.584758300661290377e+03
2.585385403466033495e+03
2.585436870362888385e+03
2.585770938523688073e+03
2.586406908034754906e+03
2.586434041489444098e+03
2.586500841788211346e+03
2.586568942092792440e+03
2.587033644171192009e+03
2.587963748331121224e+03
2.589947023868070119e+03
2.591406330394878751e+03
2.591446630575122981e+03
2.591604997950094457e+03
2.591618031341719870e+03
2.591761798651392382e+03
2.591865299114302161e+03
2.593838807940901916e+03
2.593842274623073536e+03
2.593971308533516549e+03
2.594082509030865367e+03
2.594872512564188582e+03
2.596081784639375201e+03
2.600147969492221819e+03
2.606410764169497270e+03
2.607503635724077412e+03
2.609384544136518343e+03
2.609892846409921276e+03
2.612125323061432027e+03
2.616205207975553094e+03
2.616704543542185547e+03
2.618057949595349783e+03
2.618305317368379747e+03
2.623601541055959387e+03
2.623680274741432186e+03
2.624724512745163338e+03
2.625503482895806428e+03
2.637651103893211257e+03
2.637733470928267707e+03
2.637835738052328452e+03
2.641511221157745695e+03
2.641534021259720248e+03
2.641542187962912521e+03
2.641728888797939817e+03
2.641916822971816600e+03
2.665697996000764761e+03
2.668338941145835179e+03
2.684711914374635853e+03
2.684808348139273676e+03
2.684812648158505908e+03
2.684815348170581728e+03
2.684820181525532007e+03
2.686197421018626301e+03
2.688200263309754973e+03
2.695804730654383093e+03
2.698200741370640571e+03
2.698203474716198798e+03
2.698208241404184719e+03
2.698211208084119789e+03
2.698407408961636520e+03
2.698896344481754113e+03
