2.856552998736389348e+00
3.163554371812752120e+00
3.275288204880283605e+00
3.391755392451272666e+00
3.521889307813935055e+00
3.799090547607966606e+00
3.807390584730226735e+00
3.992091410812324881e+00
4.089891848228833560e+00
4.463026850423926106e+00
4.786361629885458768e+00
4.839395200413633802e+00
5.567798458227387393e+00
5.627965393993168419e+00
6.007500424812652895e+00
6.250868179951689640e+00
6.309068440254765875e+00
7.206972456167683561e+00
7.288172819339672870e+00
7.311339589620679646e+00
7.695774642355715400e+00
7.838241946213301503e+00
7.966675853972610355e+00
8.176643459728094143e+00
8.466678090253330069e+00
8.723412571842271035e+00
9.286181755517430858e+00
9.580783073134032435e+00
9.682616861923206031e+00
9.978951520625580329e+00
1.016851903514080924e+01
1.030455297689158556e+01
1.051678725945154191e+01
1.062185439603532977e+01
1.079402183272799221e+01
1.110088987187467779e+01
1.147342487138623390e+01
1.184209318693721968e+01
1.188749338999150851e+01
1.246146262375935798e+01
1.251162951479952135e+01
1.255042968833490669e+01
1.270596371730063012e+01
1.278899742200564837e+01
1.297163157217778640e+01
1.297989827581762690e+01
1.310629884114939259e+01
1.323213273728004147e+01
1.355013415955457923e+01
1.390016905843350159e+01
1.406850314464801244e+01
1.410593664540422765e+01
1.438013787178057612e+01
1.454607194726093766e+01
1.467897254166435239e+01
1.502074073690343425e+01
1.558050990716091100e+01
1.564264351838939504e+01
1.573191058430671241e+01
1.593601149715650322e+01
1.614261242118769957e+01
1.627644635309883725e+01
1.657448101940456553e+01
1.690754917573236327e+01
1.693554930096408384e+01
1.788962023475253460e+01
1.806748769693879808e+01
1.835478898190569907e+01
1.839972251620612553e+01
1.872599064212050735e+01
1.926359304656953597e+01
1.929412651646508081e+01
1.962436132678728740e+01
1.964082806710213092e+01
1.982899557535577628e+01
2.006776330992103041e+01
2.013076359169239993e+01
2.031826443029767049e+01
2.054746545540875502e+01
2.159937016009613586e+01
2.175500418950911197e+01
2.177250426777893821e+01
2.202140538099947875e+01
2.208943901861607984e+01
2.224047302745527332e+01
2.270127508841158814e+01
2.306781006108777277e+01
2.323651081560888798e+01
2.324351084691681990e+01
2.336724473365508814e+01
2.339131150796140091e+01
2.345421178928551242e+01
2.346424516749354439e+01
2.351711207060962749e+01
2.359911243735966480e+01
2.362194587281648595e+01
2.367381277146000684e+01
2.371937964192638759e+01
2.372864635003879386e+01
2.374967977744499947e+01
2.377141320798200042e+01
2.385744692610470352e+01
2.415291491426419057e+01
2.420671515488799841e+01
2.422581524031392064e+01
2.428431550195876554e+01
2.445271625513811031e+01
2.460831695106867301e+01
2.479565112226185164e+01
2.520698629530878776e+01
2.538668709902808018e+01
2.539608714107015786e+01
2.560435473922228766e+01
2.572798862551329790e+01
2.575228873419654363e+01
2.630885789014181952e+01
2.633045798674914906e+01
2.673925981513226802e+01
2.696089413973430027e+01
2.742376287660057343e+01
2.769839743824836376e+01
2.786709819276947897e+01
2.809063252586938120e+01
2.823019981675653511e+01
2.861690154629604521e+01
2.902443670234725204e+01
2.947003869532062836e+01
2.955087239018601508e+01
2.995037417697431081e+01
2.997244094233549916e+01
3.001767447797769250e+01
3.015944177870449039e+01
3.090354510673745736e+01
3.103584569845733654e+01
3.132228031288135028e+01
3.171628207507055919e+01
3.207901703075101096e+01
3.211715053463802150e+01
3.249185221050679218e+01
3.259231932651680097e+01
3.311968835186328164e+01
3.344372313445560962e+01
3.379275802886196800e+01
3.386602502321830599e+01
3.396745881021845292e+01
3.432822709043620790e+01
3.451646126565469075e+01
3.454289471721272520e+01
3.491502971493525820e+01
3.495266321658598940e+01
3.514033072260335189e+01
3.521076437095409517e+01
3.535793169583272544e+01
3.626250240822938053e+01
3.647050333852216397e+01
3.660060392040240629e+01
3.681613821772181439e+01
3.698873898968592755e+01
3.778430921457339053e+01
3.793810990245333414e+01
3.807781052727016657e+01
3.848751235967858975e+01
3.897934789276672518e+01
3.909544841203111076e+01
3.913458192039067995e+01
3.924798242757914579e+01
3.941338316734081104e+01
3.982165166000522305e+01
3.994981889990518198e+01
4.022975348525755379e+01
4.036128740688180017e+01
4.076205586600200803e+01
4.126309144023770870e+01
4.134439180385695067e+01
4.166829325251960370e+01
4.191342768222682480e+01
4.227706264193259500e+01
4.242229662483092767e+01
4.245056341792199817e+01
4.262576420151476242e+01
4.281906506606088669e+01
4.293319890986256837e+01
4.298579914511930156e+01
4.304569941302573710e+01
4.343153447202235640e+01
4.367793557406149318e+01
4.384156963925496342e+01
4.403750384891217351e+01
4.404320387440576923e+01
4.417683780542240157e+01
4.424423810687304126e+01
4.435093858409533851e+01
4.451893933548566906e+01
4.457310624441608127e+01
4.462143979392321569e+01
4.465950663084538519e+01
4.467534003499427797e+01
4.469497345613889649e+01
4.470527350220628193e+01
4.473514030245345197e+01
4.476107375177520709e+01
4.478714053502665138e+01
4.487390758976255967e+01
4.496164131548861320e+01
4.517134225338475062e+01
4.542487672066149429e+01
4.584441193038343698e+01
4.593231232352158599e+01
4.596661247693044317e+01
4.604634616687601323e+01
4.633871414117056275e+01
4.650658155863120413e+01
4.667458231002152758e+01
4.689154994708494684e+01
4.711448427750130463e+01
4.731678518230048525e+01
4.736328539027459072e+01
4.750995271291694166e+01
4.795072135093960242e+01
4.812455546175319654e+01
4.853135728119119818e+01
4.880349183165758120e+01
4.897395926074688788e+01
4.933812755617134371e+01
4.951526168174439846e+01
4.973239598621989899e+01
4.997136372167966556e+01
5.033613201978766227e+01
5.070513367016283723e+01
5.084456762712031974e+01
5.089110116857684574e+01
5.115466901406162492e+01
5.187103888472222479e+01
5.214264009946990797e+01
5.243374140143254181e+01
5.294047700116183819e+01
5.308741099166353905e+01
5.347181271091615429e+01
5.369441370650833534e+01
5.373891390553731640e+01
5.409554883393514757e+01
5.410428220632884688e+01
5.443651702559618144e+01
5.461451782171211278e+01
5.464338461748671705e+01
5.531835430298327339e+01
5.542752145790456808e+01
5.594149042331873289e+01
5.658842665010114104e+01
5.665469361314955421e+01
5.699132845209614828e+01
5.710669563474731802e+01
5.750293074025858431e+01
5.775789854727932493e+01
5.780173207665994539e+01
5.826776749435598646e+01
5.846933506254195834e+01
5.895930392061465142e+01
5.935923904267438189e+01
5.940473924617592871e+01
5.951637307879620664e+01
5.976840753936410522e+01
5.978894096453403506e+01
6.025014302727937832e+01
6.031690999256405661e+01
6.049761080075591479e+01
6.057877783044548181e+01
6.142464828030278312e+01
6.143471499199323205e+01
6.172008293497984965e+01
6.217421829945241996e+01
6.230811889832840222e+01
6.233925237090747373e+01
6.249788641373814357e+01
6.267195385892867421e+01
6.296158848766488347e+01
6.368085837129591198e+01
6.370875849608037100e+01
6.411876032983056461e+01
6.452489547962018435e+01
6.474809647789588496e+01
6.565846721623340443e+01
6.589953496108556408e+01
6.599820206904495024e+01
6.611303591597742013e+01
6.617610286471362713e+01
6.684970587743100623e+01
6.760107590463125860e+01
6.788944386103557349e+01
6.821961200439292838e+01
6.829024565363818056e+01
6.846194642157698240e+01
6.939948394808575927e+01
6.944988417350285204e+01
6.960508486764439340e+01
6.980495242822701130e+01
7.065065621067221002e+01
7.084315707164029163e+01
7.093532415052803231e+01
7.095575757525071481e+01
7.162922725403841184e+01
7.186152829301444456e+01
7.208509595959677085e+01
7.224589667878464638e+01
7.257656482437829482e+01
7.318946756561120992e+01
7.328013463779011261e+01
7.347556884521102916e+01
7.368910313358531994e+01
7.390717077556854520e+01
7.394347093792252679e+01
7.420013875254663560e+01
7.467154086091210274e+01
7.486667506699124885e+01
7.525641014343085544e+01
7.549301120163890744e+01
7.566777864996021208e+01
7.575751238463141135e+01
7.607194712428713501e+01
7.632338158217150692e+01
7.638648186439013443e+01
7.651438243643073633e+01
7.658171607091654209e+01
7.664774969958801876e+01
7.690845086558478272e+01
7.764565416275708287e+01
7.797395563109900252e+01
7.808422279094011742e+01
7.818965659583049899e+01
7.831015713477415829e+01
7.895769336424010021e+01
7.921916120033249342e+01
7.956062939422982083e+01
8.047316680892454599e+01
8.063030084504637784e+01
8.098260242072977633e+01
8.104800271323529159e+01
8.106863613885246878e+01
8.116256989230841157e+01
8.141720436450498255e+01
8.182400618394296998e+01
8.202487374899813233e+01
8.217717443016925927e+01
8.241880884422251086e+01
8.272104352931299331e+01
8.311691196651764812e+01
8.318827895237612324e+01
8.376414819464183381e+01
8.445538461955872833e+01
8.474498591481251708e+01
8.486398644704732419e+01
8.493832011284106898e+01
8.506132066296612493e+01
8.516638779954990923e+01
8.550782265996480191e+01
8.575345709190830235e+01
8.597099139817284197e+01
8.606575848868925505e+01
8.630442622280723697e+01
8.726869720221583293e+01
8.760469870499647982e+01
8.807640081470370319e+01
8.837463548190393681e+01
8.842803572073873397e+01
8.916063899733723019e+01
8.947967375756675779e+01
8.967717464089764690e+01
9.015181009705771942e+01
9.015907679622499415e+01
9.116114794469639548e+01
9.138448227690177816e+01
9.155954972656486746e+01
9.193458473725783620e+01
9.202245179691357180e+01
9.230821974168921429e+01
9.316462357199083044e+01
9.345922488960742669e+01
9.386762671620152787e+01
9.392412696890124835e+01
9.420716156811855058e+01
9.458839660654139436e+01
9.470466379321786121e+01
9.477093075626628149e+01
9.488153125093155893e+01
9.503823195178193828e+01
9.517733257391523694e+01
9.630410428011505530e+01
9.641213809663410927e+01
9.649520513482154627e+01
9.662557238456113851e+01
9.687717350985759879e+01
9.694110712913669659e+01
9.701610746457879486e+01
9.716217478453761203e+01
9.719850828037401413e+01
9.735340897317377085e+01
9.746364279953246523e+01
9.753194310500840913e+01
9.770797722566165078e+01
9.792281151985025645e+01
9.814307917167312212e+01
9.822494620449349156e+01
9.834851342381965367e+01
9.914338364557633554e+01
9.943401827878511767e+01
9.959775234442582814e+01
9.990565372152750001e+01
1.003600557538594273e+02
1.005011563849378433e+02
1.005785233976316704e+02
1.013069599889278578e+02
1.014802274305403387e+02
1.019629295894457357e+02
1.020776301024485377e+02
1.024585984730120174e+02
1.026941328597826555e+02
1.029025337918644567e+02
1.030643011820424846e+02
1.035185365469623093e+02
1.036388370850114597e+02
1.036606038490308777e+02
1.038929715549717372e+02
1.040200387899518830e+02
1.050699768191765457e+02
1.050947102631312333e+02
1.055675123777582911e+02
1.058415802702049717e+02
1.060360811401181564e+02
1.062782155564077158e+02
1.062838822484188910e+02
1.064946831912348415e+02
1.066213837579083759e+02
1.071720195539831195e+02
1.072214197749276536e+02
1.080437567861973491e+02
1.083889916636079818e+02
1.085694258039404900e+02
1.088008601723736177e+02
1.092724289481511732e+02
1.097718645152307886e+02
1.101704996314761758e+02
1.102386332695400313e+02
1.108800028047585329e+02
1.120177078931916697e+02
1.120269746013040901e+02
1.123715761425487614e+02
1.126210772584528428e+02
1.127072443105052173e+02
1.128422449143010056e+02
1.131705463826429252e+02
1.132693468245320076e+02
1.134205475007832860e+02
1.137890491489221887e+02
1.137961491806773608e+02
1.141979843112349613e+02
1.144013185539891282e+02
1.145602525981615685e+02
1.152164221995739553e+02
1.157478245762931124e+02
1.160241924790266665e+02
1.160854594197122651e+02
1.164151942277981959e+02
1.168977963862563598e+02
1.176562664452117843e+02
1.177997004200595228e+02
1.179014342084014260e+02
1.181023351069390230e+02
1.184493033254354231e+02
1.185299703528887250e+02
1.189615389497638205e+02
1.193588740601948928e+02
1.195307414955457830e+02
1.197947760097844281e+02
1.199374766480189436e+02
1.202212779173318893e+02
1.205370126628019420e+02
1.207466136002508250e+02
1.212525158629196653e+02
1.213170828183647103e+02
1.218504518705465642e+02
1.222894871674834576e+02
1.229773235771936299e+02
1.231850911731094698e+02
1.233596586205362939e+02
1.235647928713410693e+02
1.237067935064447823e+02
1.240114282022694141e+02
1.246320643114234628e+02
1.246886978980528653e+02
1.248124651182735505e+02
1.251719667261593827e+02
1.254937014984648300e+02
1.258792365561196789e+02
1.259637369340511270e+02
1.262767050004804332e+02
1.263447386380970414e+02
1.273384430824813336e+02
1.274243101331919519e+02
1.276369444175409171e+02
1.282199803585266693e+02
1.289183501486811565e+02
1.290274173031552039e+02
1.292411849259064240e+02
1.295096527933067421e+02
1.297219870763139511e+02
1.298038874426167411e+02
1.305429574148045049e+02
1.306268244565699774e+02
1.307858251677072303e+02
1.315551286084487685e+02
1.319509303786885823e+02
1.322054648504378918e+02
1.326440001451385058e+02
1.327857341123828689e+02
1.329736682862595956e+02
1.336460379601274724e+02
1.341944737463626041e+02
1.343226409862625417e+02
1.343675078535981413e+02
1.344479082131920791e+02
1.344975751019959773e+02
1.345238752196243297e+02
1.345689754213368303e+02
1.346189423114824990e+02
1.346504757858506025e+02
1.346700425400303800e+02
1.346781092427757187e+02
1.347300761418664763e+02
1.347545095844794218e+02
1.347599096086312329e+02
1.347683096462007768e+02
1.348337766056711189e+02
1.348515433518002737e+02
1.348586433835554885e+02
1.348637100728831228e+02
1.348669767541601345e+02
1.348749434564582259e+02
1.348823101560727480e+02
1.348857435047618765e+02
1.348999769017546839e+02
1.349183436505673797e+02
1.349402437485165080e+02
1.349554104830170047e+02
1.349783772524035044e+02
1.349808772635848868e+02
1.350006440186591874e+02
1.350281774751370563e+02
1.350535442552576910e+02
1.350832110546103593e+02
1.351526780319709644e+02
1.352282450366141688e+02
1.352291783741219149e+02
1.353175787694963503e+02
1.353226787923063910e+02
1.354878128642087063e+02
1.356326801788004559e+02
1.357674141147369085e+02
1.358893813269069710e+02
1.362722497059683349e+02
1.363567834173821893e+02
1.365335842081310602e+02
1.366795181941601811e+02
1.370580865539895399e+02
1.373687879436143646e+02
1.376880227047383869e+02
1.384021592320769400e+02
1.384598928236261770e+02
1.384802929148664248e+02
1.385508598971468359e+02
1.394596306283282559e+02
1.400215331414605373e+02
1.407365030058595323e+02
1.410916712610309389e+02
1.411886383613869782e+02
1.413201389495287970e+02
1.418108744776971264e+02
1.420622422686166431e+02
1.422293430159816694e+02
1.442071518618136849e+02
1.445110532210251222e+02
1.447224875000070199e+02
1.452437898315533005e+02
1.455337244616312944e+02
1.457336253556963186e+02
1.459024261106646918e+02
1.460277600045590702e+02
1.462416276277575378e+02
1.466918629747871137e+02
1.467102297235998378e+02
1.474067995057037024e+02
1.481676695753932620e+02
1.484930710307647814e+02
1.485537046352844186e+02
1.487865723434615575e+02
1.490135400252505917e+02
1.493703416210605326e+02
1.494542086628260051e+02
1.495385423733453365e+02
1.496479428626435606e+02
1.501997119971205450e+02
1.503418459661539544e+02
1.504739798904617203e+02
1.512418166579768410e+02
1.515535513855566592e+02
1.516417517800365715e+02
1.517940191277252779e+02
1.522493211640824882e+02
1.522650212343017131e+02
1.525128556760848255e+02
1.528271570818108955e+02
1.529554909891229499e+02
1.532223255158847621e+02
1.534210264045827046e+02
1.534943267324214844e+02
1.539832622525391912e+02
1.543029303489346375e+02
1.543405971840678035e+02
1.548163326451476962e+02
1.557526701662893913e+02
1.562727391589861838e+02
1.565190402605780662e+02
1.567165078104265206e+02
1.567251411823729654e+02
1.567421745918889258e+02
1.574570777893231082e+02
1.575302114497497712e+02
1.582422146342135250e+02
1.585186492039119059e+02
1.588065504915623478e+02
1.589285177037324388e+02
1.592164189913828807e+02
1.597126212106678622e+02
1.599684890217139071e+02
1.601030229567558649e+02
1.605711583838442778e+02
1.612126279195100267e+02
1.612421280514505781e+02
1.618463640872546421e+02
1.637931061274724129e+02
1.638559730753140968e+02
1.643669753607930204e+02
1.645539095301971315e+02
1.648427441553553194e+02
1.650937786114506594e+02
1.653431130599426240e+02
1.657618482660865311e+02
1.661392166205488081e+02
1.666017186891084521e+02
1.671465877927247732e+02
1.673658221065926739e+02
1.675748897083228428e+02
1.676083565246712510e+02
1.682199259266073739e+02
1.685681274839533046e+02
1.689204290596366889e+02
1.691396300400221548e+02
1.691491967494763173e+02
1.694462314113094976e+02
1.696443989642887686e+02
1.699927338555643246e+02
1.705457029954083907e+02
1.705590697218582648e+02
1.707445372180360152e+02
1.710568386148169395e+02
1.710694053376888064e+02
1.711920058860248446e+02
1.714187402334369210e+02
1.717753418283523672e+02
1.718075753058512305e+02
1.721472768251803700e+02
1.724256114033766210e+02
1.724299114226086544e+02
1.724982117280845841e+02
1.726801792086083651e+02
1.728050797672312910e+02
1.729401470379918919e+02
1.731862481386892796e+02
1.732774818800693026e+02
1.733811823438739168e+02
1.735481830907916958e+02
1.736480168706357290e+02
1.739250514430176793e+02
1.741269523460278208e+02
1.747299883764648030e+02
1.754123580950583232e+02
1.754200914629794568e+02
1.756428257925012986e+02
1.758160265671489242e+02
1.763135954592131043e+02
1.767334640037592237e+02
1.768711646196309459e+02
1.775194341857101108e+02
1.775892678313772990e+02
1.777877687191807468e+02
1.778436023022321137e+02
1.782186373129250683e+02
1.783178710900855606e+02
1.784195715449450574e+02
1.784493050112625383e+02
1.787538397066399511e+02
1.791236413605931546e+02
1.797492108251451839e+02
1.800535121861456389e+02
1.804575139930604450e+02
1.805221476154703169e+02
1.806949150548465468e+02
1.809930163881170984e+02
1.816510526645449488e+02
1.817451197519305595e+02
1.818538535715804016e+02
1.820265210105093558e+02
1.823460891064575549e+02
1.826404237562148012e+02
1.829278917085937906e+02
1.829737252469195425e+02
1.829930586667223906e+02
1.832083596296648977e+02
1.833839270815642521e+02
1.834412940048068776e+02
1.836294948465429115e+02
1.837769288392809131e+02
1.838006622787630135e+02
1.838433624697413791e+02
1.838844626535636735e+02
1.839231961601342107e+02
1.839633963399311938e+02
1.840453300397163900e+02
1.841283304109389860e+02
1.841414638030119590e+02
1.841522305178332033e+02
1.842673643661074436e+02
1.842964644962589773e+02
1.844260317424205482e+02
1.844614319007492043e+02
1.844954987197811533e+02
1.845051320962001284e+02
1.845987991817967213e+02
1.846916329303328439e+02
1.847529998714657040e+02
1.848969338485497360e+02
1.849217672929516709e+02
1.849891342609198830e+02
1.852244686467959980e+02
1.852972023054336432e+02
1.853785693360177049e+02
1.854800697899827071e+02
1.855291700095854708e+02
1.860431389749996356e+02
1.865978747894118897e+02
1.873267113824970806e+02
1.873872449865694705e+02
1.877870134412171126e+02
1.883879161287792670e+02
1.887017841992339129e+02
1.889154851550202920e+02
1.891127860374566581e+02
1.892898534960648647e+02
1.895031544500622260e+02
1.895872881596870627e+02
1.896858219337167668e+02
1.906304594919807300e+02
1.908111936336550229e+02
1.910788614974772770e+02
1.922285333060987398e+02
1.924378675756883013e+02
1.924961345029562096e+02
1.927264021995046903e+02
1.932826713541081745e+02
1.936879064998724971e+02
1.940351080527458407e+02
1.942627090707007937e+02
1.947321778370859988e+02
1.948564783930253839e+02
1.951602797517895453e+02
1.958671829134432301e+02
1.961723509449865617e+02
1.966032862056957242e+02
1.970900550494561969e+02
1.972643224955412506e+02
1.973509562163474698e+02
1.989718967994047318e+02
1.993935986854839086e+02
1.999060343107067865e+02
2.005318037761533390e+02
2.007908049345467418e+02
2.010931729535669206e+02
2.019523767963916896e+02
2.019592101602875402e+02
2.019685768688471796e+02
2.028659142155590018e+02
2.034274500603846718e+02
2.034351834283058054e+02
2.041539866431829466e+02
2.041856867849631385e+02
2.047101557973392119e+02
2.049170900561946098e+02
2.049406234947822156e+02
2.052094580304891451e+02
2.060924619797608841e+02
2.064349301781307702e+02
2.064452968911629966e+02
2.071392666616382314e+02
2.078245030597197172e+02
2.086019732036538414e+02
2.088987411976276576e+02
2.090878087099065965e+02
2.097060114748441038e+02
2.097156448512631073e+02
2.104292813763653669e+02
2.104344480661402486e+02
2.104413147635185055e+02
2.107022492638922131e+02
2.109679171187693782e+02
2.111118177623709755e+02
2.124949239483706833e+02
2.133384610544586906e+02
2.138244632281235340e+02
2.142297983743351040e+02
2.155085374268818441e+02
2.156525047374482824e+02
2.157439051462403938e+02
2.162996742986076129e+02
2.171450780797110554e+02
2.172423451814088651e+02
2.176289469105011278e+02
2.177217473255548157e+02
2.179088481623710720e+02
2.181433158777043104e+02
2.183014832517811215e+02
2.192054872949766491e+02
2.199466572765567776e+02
2.205250931969687258e+02
2.209407283892477096e+02
2.212082295856578753e+02
2.217633987353415819e+02
2.219053327034804681e+02
2.220451999957093960e+02
2.220664000905276794e+02
2.225418688837482364e+02
2.229509373799907053e+02
2.237545409741410651e+02
2.242315764410353154e+02
2.246685450620622362e+02
2.246744784219327755e+02
2.250465800861728667e+02
2.254237151062582143e+02
2.272299898515635448e+02
2.277030253005675036e+02
2.277462588272645974e+02
2.280561268798289518e+02
2.281173604870321299e+02
2.290649647252313628e+02
2.293785327943441814e+02
2.295846337161391375e+02
2.300826026099923070e+02
2.302883035299981884e+02
2.308875728769218370e+02
2.311629741086652530e+02
2.314084418731966650e+02
2.316899431322227372e+02
2.327502145409971774e+02
2.337590523863995884e+02
2.347165566688771889e+02
2.350333247523022351e+02
2.352547257425273131e+02
2.354531932968483545e+02
2.355601271084475741e+02
2.360250958547062226e+02
2.366168318346032606e+02
2.368805996809825558e+02
2.373052015800321328e+02
2.374449355383314071e+02
2.376029362449961013e+02
2.381423386574957419e+02
2.389852090939353673e+02
2.390048091815975795e+02
2.390062425213415622e+02
2.394498111718874043e+02
2.399428800438250278e+02
2.403017483155449270e+02
2.405539494435249139e+02
2.410307849095246411e+02
2.420074226109105666e+02
2.423545241633366061e+02
2.424392245421626058e+02
2.426337587455581968e+02
2.428624597684329842e+02
2.430484272668469998e+02
2.433009617296511919e+02
2.434407956883977135e+02
2.441050319925554390e+02
2.445575340163894680e+02
2.448263352186139912e+02
2.448383352722847235e+02
2.453508375644724708e+02
2.454691380935765039e+02
2.460669741007561413e+02
2.462363748584080270e+02
2.463060085031807489e+02
2.463780421586875775e+02
2.465283094974311666e+02
2.465372095372369472e+02
2.465707096870677617e+02
2.466049765069942055e+02
2.466415100037251023e+02
2.467714772516756625e+02
2.472491793882182947e+02
2.474284801901485480e+02
2.475956476044783869e+02
2.477954818315785701e+02
2.486247855406737983e+02
2.486286188911519446e+02
2.489202201953508791e+02
2.489257202199499375e+02
2.495863231745240398e+02
2.496446234352743829e+02
2.502360594138296221e+02
2.505526608298425799e+02
2.511780969604649272e+02
2.515976655036693046e+02
2.519349670122642806e+02
2.520333674523643026e+02
2.526289034492570522e+02
2.528766712240753805e+02
2.529975717648080433e+02
2.532101060487097755e+02
2.537591751711108543e+02
2.541102767414271568e+02
2.541611436355981084e+02
2.542941108969663730e+02
2.546643125527086227e+02
2.548568467471591248e+02
2.553685823692512145e+02
2.558588845621480914e+02
2.558740512966486165e+02
2.558883180271238302e+02
2.558967513981757520e+02
2.559161514849434695e+02
2.559253181926085858e+02
2.570765233414213071e+02
2.571981572187672214e+02
2.572031572411299862e+02
2.580185942215390469e+02
2.581501948101280846e+02
2.582800620576314259e+02
2.582876620916229058e+02
2.585411298919348155e+02
2.588656980102458647e+02
2.589547317417861905e+02
2.593886336824306227e+02
2.597485019586230806e+02
2.600391365918318343e+02
2.601549037762720786e+02
2.601612371379316073e+02
2.606353725918554005e+02
2.615056431508431842e+02
2.619145116461911584e+02
2.622345130774107815e+02
2.623308801750833368e+02
2.627406486744566223e+02
2.630498833908550296e+02
2.638887204759219571e+02
2.646036570068385458e+02
2.650487589975756464e+02
2.654887609655026495e+02
2.661741640309962804e+02
2.668919005744360788e+02
2.673013690724675371e+02
2.674937032660235445e+02
2.679015050899340622e+02
2.689942766440668152e+02
2.691131771758543891e+02
2.698395470912406040e+02
2.702937491226779798e+02
2.703064158459970940e+02
2.704216496947186101e+02
2.706949842505520678e+02
2.715931549343243319e+02
2.717467556213097737e+02
2.722594579143919873e+02
2.725090256972609382e+02
2.726883931661560609e+02
2.729619277228840133e+02
2.735647970859088787e+02
2.735690304381760711e+02
2.740048323873183449e+02
2.742068666242581685e+02
2.749608366630870364e+02
2.751088373250261725e+02
2.758459406217511969e+02
2.763945097419160106e+02
2.770439459798798225e+02
2.773967808912819351e+02
2.779267165947746321e+02
2.780110169718115571e+02
2.780210170165372006e+02
2.782651514417718204e+02
2.785962195891545434e+02
2.796278908700137436e+02
2.796996911911436428e+02
2.800182259491368768e+02
2.800269593215305690e+02
2.808475963251968892e+02
2.810844640512643196e+02
2.811494976754632376e+02
2.814014654690662951e+02
2.816388665308523400e+02
2.820308349506140644e+02
2.824009032724266035e+02
2.828602053266740768e+02
2.838572431193002217e+02
2.841077775731592965e+02
2.844471790911466655e+02
2.847429137471655167e+02
2.850141482936065813e+02
2.850990486733270473e+02
2.851203487685926348e+02
2.853045495924384340e+02
2.854441502168079978e+02
2.869044567480895012e+02
2.871488245077010788e+02
2.872702250506700352e+02
2.878478943009863542e+02
2.879478947482425042e+02
2.883613299306818476e+02
2.886511312268301594e+02
2.892695006591796982e+02
2.894696015541392740e+02
2.897254693651852904e+02
2.899011701510143553e+02
2.900898709949866543e+02
2.905494730505759549e+02
2.907694740345394848e+02
2.908767411809628811e+02
2.911580424390944017e+02
2.924310814661475320e+02
2.924527815632021088e+02
2.924963817582058141e+02
2.929212169916323205e+02
2.932679518757517485e+02
2.941208890238818299e+02
2.943840902010600757e+02
2.944550571851294762e+02
2.945939244728858739e+02
2.954506283045292321e+02
2.955547954370877051e+02
2.957751630893578181e+02
2.958960636300905094e+02
2.962843987002685253e+02
2.965465665394917778e+02
2.965540332395535188e+02
2.969469349968229039e+02
2.972773364745572167e+02
2.972852031764080607e+02
2.978173388897403697e+02
2.989750774011071712e+02
2.993336123380029221e+02
2.997916477199184442e+02
3.000573155747955525e+02
3.004289839037642764e+02
3.005331510363227494e+02
3.008355857223077692e+02
3.010832201631964153e+02
3.013250879116266105e+02
3.016222225739069813e+02
3.018303568381294895e+02
3.023970927062124474e+02
3.028606281127271131e+02
3.033400969238379048e+02
3.033616970204452059e+02
3.035712646244116399e+02
3.041025670006836208e+02
3.042444009683752029e+02
3.043581014769054036e+02
3.047058363654974755e+02
3.049168039757255428e+02
3.049498374568024701e+02
3.053533392614810396e+02
3.058038079428875449e+02
3.060309422920886391e+02
3.067935123693815740e+02
3.070421468147427504e+02
3.072279809792270839e+02
3.072909812609984783e+02
3.073402148145308956e+02
3.073577148928007432e+02
3.073736482973968691e+02
3.074046151025638665e+02
3.074549819944985529e+02
3.075620491400274545e+02
3.077403166040027145e+02
3.078477170843557928e+02
3.078724838617929436e+02
3.081532851176881991e+02
3.086400872949311065e+02
3.090337557222961209e+02
3.091092227264920780e+02
3.094605242977029320e+02
3.097096254118180241e+02
3.098732261435290525e+02
3.101921942367936822e+02
3.103902951228081406e+02
3.110275979731715097e+02
3.114976000752754430e+02
3.118326015735834744e+02
3.123395038407249444e+02
3.125826382614870340e+02
3.127398056310912011e+02
3.132653413149047310e+02
3.138161771118739694e+02
3.141651453393154725e+02
3.142253122750812508e+02
3.147035144138601481e+02
3.150289158692316391e+02
3.153269505355373781e+02
3.155104180227699544e+02
3.156307185608191617e+02
3.162643213946340666e+02
3.163672885218254578e+02
3.165668894145487116e+02
3.168749241255800371e+02
3.169790912581385669e+02
3.171460253380914764e+02
3.174830935123094946e+02
3.177761948232172813e+02
3.180537293978355251e+02
3.180893628905410537e+02
3.192174346025552154e+02
3.195380360364584362e+02
3.196212697420579616e+02
3.200466383112031963e+02
3.201267386694553352e+02
3.206511410148665959e+02
3.208798087042589486e+02
3.210789095947459373e+02
3.213290773802984290e+02
3.218594797525449849e+02
3.220314805218255856e+02
3.222517148401659597e+02
3.223757153947636311e+02
3.226684833708472411e+02
3.228190507109325154e+02
3.230871852435087135e+02
3.234574868996981536e+02
3.235724874140427687e+02
3.237489215364849997e+02
3.239101889244267340e+02
3.241090231470543586e+02
3.241596567068483523e+02
3.244174578598747303e+02
3.244565580347518789e+02
3.247310925959524184e+02
3.252341281791332790e+02
3.252496949154227650e+02
3.254037622711620656e+02
3.257003969312061713e+02
3.263122996679666130e+02
3.268840355584123927e+02
3.270171694871926888e+02
3.272277370956317100e+02
3.280270073370676869e+02
3.280939076362820401e+02
3.286946103229496998e+02
3.288105775082844389e+02
3.288342109473192636e+02
3.292157793205662983e+02
3.296574479626142420e+02
3.299464825886669814e+02
3.300040828462864511e+02
3.302368172205339079e+02
3.302878174486345415e+02
3.304538848580446029e+02
3.305415519168058154e+02
3.307395528023729980e+02
3.307499528488876877e+02
3.309370203522214524e+02
3.314287892183447752e+02
3.315002562046504977e+02
3.317462906383830159e+02
3.324033602438207140e+02
3.324199269845828439e+02
3.324425937526276016e+02
3.329013624711562898e+02
3.329691627743960112e+02
3.332965309052302132e+02
3.336253990427732674e+02
3.337035327255626953e+02
3.339621005486847025e+02
3.350866055780799684e+02
3.353840069082198170e+02
3.355045741141282747e+02
3.355843744710386432e+02
3.358062754635000715e+02
3.364255115663925153e+02
3.365316787078961625e+02
3.368917136515006518e+02
3.371660482118066966e+02
3.371868149713535558e+02
3.376018834944314335e+02
3.381035190713506040e+02
3.384949874888759496e+02
3.391257903101677584e+02
3.393016910968913180e+02
3.394414250551905639e+02
3.396889261621495280e+02
3.401001280012667962e+02
3.404814630401368731e+02
3.414172005585950274e+02
3.416313348496528874e+02
3.416492682631941307e+02
3.417894688902472353e+02
3.422090040999691496e+02
3.423729714999868179e+02
3.425791724222290213e+02
3.430702079517391212e+02
3.433345758008019288e+02
3.437874778264250040e+02
3.441477127709241017e+02
3.446850151740313208e+02
3.448913494302031495e+02
3.449617164115890660e+02
3.453073846242711511e+02
3.458094868699442372e+02
3.460530546259777793e+02
3.461707551523982715e+02
3.471599929101384987e+02
3.474693942939489943e+02
3.476534284503827053e+02
3.479948633107975979e+02
3.484005651253157794e+02
3.484445319886260108e+02
3.486335995009050066e+02
3.487834001708947653e+02
3.488226670131840024e+02
3.489647676487349486e+02
3.493334359642859113e+02
3.497590378678080469e+02
3.498408382336636464e+02
3.501088060988276993e+02
3.510402102645713853e+02
3.511437773944463174e+02
3.513280448852569862e+02
3.515435791825763658e+02
3.525217502241535499e+02
3.527097510649951460e+02
3.532660868865634711e+02
3.533481539202783779e+02
3.534563544042094918e+02
3.536245551564942957e+02
3.539766900647656485e+02
3.543341916637063491e+02
3.544739922889704644e+02
3.545144924701091895e+02
3.545754594094530034e+02
3.548468606233061564e+02
3.549476277406579925e+02
3.549579277867253495e+02
3.557339979243978405e+02
3.557745314390189719e+02
3.559813323639446594e+02
3.564727012282789929e+02
3.566458353359618059e+02
3.575955062500709687e+02
3.577063734125956671e+02
3.580356415519276538e+02
3.583135761283349439e+02
3.583244095101209723e+02
3.583682097060192291e+02
3.584760435216437600e+02
3.588049783261516268e+02
3.592484803097325994e+02
3.595992485452247251e+02
3.598661164054689721e+02
3.605333527230444020e+02
3.606915534306036193e+02
3.609341211821646311e+02
3.615429572385424422e+02
3.615632239958530363e+02
3.617679249113863307e+02
3.619362256641184104e+02
3.620423594721395943e+02
3.621213931589543904e+02
3.625847952315393741e+02
3.626267954193869514e+02
3.629252967544464923e+02
3.630765640976626401e+02
3.632015646567328417e+02
3.638879677266990029e+02
3.642489360078112668e+02
3.645621040751350961e+02
3.653082740790779894e+02
3.655363417657868581e+02
3.663042785337491978e+02
3.664442124929429951e+02
3.666782468730048095e+02
3.668252808639537079e+02
3.671253155392045642e+02
3.673672832880820351e+02
3.675219839799872830e+02
3.681070532634005303e+02
3.684246213504036405e+02
3.686818225007464775e+02
3.687752229184836779e+02
3.688539566039567035e+02
3.689830571813644156e+02
3.692636251028827132e+02
3.695211929215320765e+02
3.698160609070080795e+02
3.703991968484410222e+02
3.707031648746173005e+02
3.708230654108774615e+02
3.712147671627797649e+02
3.723970724506891656e+02
3.725747065784984215e+02
3.731782092776893478e+02
3.732010760466285433e+02
3.736586780932726697e+02
3.738775457388339305e+02
3.740954467134050674e+02
3.742615141228150719e+02
3.744462482823796563e+02
3.747151828185337763e+02
3.749594172442157287e+02
3.749687839527753681e+02
3.750660177209907715e+02
3.752400184992164327e+02
3.753500856581630956e+02
3.754978196522428107e+02
3.757678208598343872e+02
3.759152548525723887e+02
3.761309558173038567e+02
3.765142908651191078e+02
3.766205246735875676e+02
3.771737604812909694e+02
3.774085615314484130e+02
3.774598617608908171e+02
3.775370621061725274e+02
3.776812294176334603e+02
3.780029308564564872e+02
3.784213993947410586e+02
3.786387670335935240e+02
3.791067357932698201e+02
3.791141691598492116e+02
3.795526711210673625e+02
3.796216380961917025e+02
3.802980744549146834e+02
3.808722436895770329e+02
3.811286115028593713e+02
3.815341466499654643e+02
3.816941473655753043e+02
3.819505151788576427e+02
3.819573485427534365e+02
3.819588152159798824e+02
3.819757819585310017e+02
3.819818819858136294e+02
3.819979487243394374e+02
3.820231488370480406e+02
3.820579156592107211e+02
3.820723823905804011e+02
3.820863824531962791e+02
3.821276493044306335e+02
3.822714166141025771e+02
3.823091501162006125e+02
3.826724517410821704e+02
3.839494907860255353e+02
3.851059626250603856e+02
3.851889963297654162e+02
3.854595975400405337e+02
3.857067653121753210e+02
3.860073666566273118e+02
3.862036342011086845e+02
3.866863696934964878e+02
3.868545371122989422e+02
3.869977044192872881e+02
3.872435055186429054e+02
3.874707398682912753e+02
3.881968431158181261e+02
3.884929444401436172e+02
3.885323446163625363e+02
3.890960471375453835e+02
3.896712163766803201e+02
3.899074174330993401e+02
3.906363540266318068e+02
3.911508896612471062e+02
3.915423247452899886e+02
3.917393256263845842e+02
3.919009930161154216e+02
3.924045952684973599e+02
3.924929956638717385e+02
3.929430643434892545e+02
3.931596986457284402e+02
3.932612657666583118e+02
3.933496328285502841e+02
3.933903996775483733e+02
3.934211998153032823e+02
3.934829000912603760e+02
3.935337336519488645e+02
3.935803671938526804e+02
3.936051673047721806e+02
3.936675009168952215e+02
3.937843681062552150e+02
3.938262016266907040e+02
3.939601688925314988e+02
3.940542359799171095e+02
3.946794721096449052e+02
3.952843081481325385e+02
3.954377088342234288e+02
3.956820099268701938e+02
3.959193776551738893e+02
3.963354795162067035e+02
3.965329137325726947e+02
3.969438489038306557e+02
3.973010505014295859e+02
3.978589529966716327e+02
3.980284537547707941e+02
3.980362204561743624e+02
3.981737877381164026e+02
3.985713895164068390e+02
3.989229577554770003e+02
3.992698926404910367e+02
3.999042954778839771e+02
4.003681642192227628e+02
4.009934336824330217e+02
4.010860674300746496e+02
4.013121351078383441e+02
4.019352712281738036e+02
4.021918723758330998e+02
4.021975724013266813e+02
4.024959070689741907e+02
4.025826741237100919e+02
4.032838105929053540e+02
4.039654469748856513e+02
4.042384481958949323e+02
4.043741488028214803e+02
4.046424166693273605e+02
4.049928849034777159e+02
4.051561523003645675e+02
4.053194196972514192e+02
4.055754875091919871e+02
4.059627559079326033e+02
4.064044578834630101e+02
4.066407922738117122e+02
4.068154930551681332e+02
4.072926618559920371e+02
4.073030285690243204e+02
4.075229962195053872e+02
4.088385354366424167e+02
4.088566021841133420e+02
4.093984046073471745e+02
4.100987410729643443e+02
4.104040424384373296e+02
4.108435110706456612e+02
4.115065140359538987e+02
4.117022482447165999e+02
4.120235830152329868e+02
4.122281839303190623e+02
4.129953873616681790e+02
4.136413569174604845e+02
4.138874913516402785e+02
4.140877922474942920e+02
4.142969931831541430e+02
4.143568601175781509e+02
4.151033301228628716e+02
4.167756376023273788e+02
4.175815412067646548e+02
4.187104795893217215e+02
4.187159796139207515e+02
4.190773145633396553e+02
4.200492189102221232e+02
4.203461869050904056e+02
4.206404882213652741e+02
4.207635554384551710e+02
4.208731225951654551e+02
4.210372233291128055e+02
4.216590927771163706e+02
4.216736595089333264e+02
4.235595346102545022e+02
4.239704697815124064e+02
4.245934725679182407e+02
4.247444065763102117e+02
4.250107411008356735e+02
4.254678764787259411e+02
4.257477443971134790e+02
4.261312461123407616e+02
4.265226145294188882e+02
4.267331154708930967e+02
4.270277501219921419e+02
4.272687511998794321e+02
4.274334852699927296e+02
4.275035522500368188e+02
4.276847863939474337e+02
4.280209212306577342e+02
4.281856219672886255e+02
4.285671570070531970e+02
4.288121914363131282e+02
4.291315928648493241e+02
4.293613938926439459e+02
4.295048278674915991e+02
4.298022958645962603e+02
4.309953012003620643e+02
4.312050688052230498e+02
4.318636050838871370e+02
4.330746438336415167e+02
4.332035777436370267e+02
4.335680793738857233e+02
4.337963803949714929e+02
4.344808501229573494e+02
4.347156845065972561e+02
4.347389846108079041e+02
4.349522855648052655e+02
4.356986555696427104e+02
4.357550891553776182e+02
4.363773252716877664e+02
4.364821257404121866e+02
4.367037600650141940e+02
4.372883960131560457e+02
4.373744297312787239e+02
4.375842640031045789e+02
4.380168326044522473e+02
4.383035672202180422e+02
4.385516683298604903e+02
4.391446376486069880e+02
4.392609715022483101e+02
4.395243726803210507e+02
4.396557066010507242e+02
4.399916081033841238e+02
4.402728093610684255e+02
4.408778454004504965e+02
4.410973797156601677e+02
4.411099131050495998e+02
4.415552817636460645e+02
4.416606822350539687e+02
4.421616511423248426e+02
4.426431199623808084e+02
4.426866868239020505e+02
4.428600542659618213e+02
4.428973544327882905e+02
4.438426586607006925e+02
4.443718276940977603e+02
4.445798286243905295e+02
4.451596312175816479e+02
4.455391995818835653e+02
4.455898998086424285e+02
4.460813686734239809e+02
4.461788691094986916e+02
4.464472369764517907e+02
4.468699055335210346e+02
4.468767722308992916e+02
4.474239080113201226e+02
4.474312413774521815e+02
4.480337440721705207e+02
4.480485774718468406e+02
4.483941790175640563e+02
4.494431170423162030e+02
4.498129853632342474e+02
4.499264192039051409e+02
4.500559864500667118e+02
4.504005213243464709e+02
4.507469228736417790e+02
4.511686247597208990e+02
4.514895928619307028e+02
4.523472633645642986e+02
4.528198321448143702e+02
4.531797337544892343e+02
4.534222681725678399e+02
4.539070370073831668e+02
4.539919373871036328e+02
4.542994387624162869e+02
4.543294388965931034e+02
4.544728062044760009e+02
4.546311402459649571e+02
4.548735746635962869e+02
4.549614083897695878e+02
4.549910085221574150e+02
4.550626421758751690e+02
4.551143090736242129e+02
4.551683426486249573e+02
4.553214099998916709e+02
4.553814769352102303e+02
4.554761440252793250e+02
4.558534457127767610e+02
4.558952125662474373e+02
4.560011463733741266e+02
4.562927476775730042e+02
4.563124810991649269e+02
4.563340145288073586e+02
4.563428812351307897e+02
4.563555146249674408e+02
4.566997494979055432e+02
4.571268180746540679e+02
4.573260856325532018e+02
4.574430194888780647e+02
4.576351536815394638e+02
4.582711898595709954e+02
4.591767939099226510e+02
4.592877944063769746e+02
4.594168616503022236e+02
4.596530960402036499e+02
4.599201305678599283e+02
4.602263986043231512e+02
4.606406337903404733e+02
4.609415018026518283e+02
4.615844380115439662e+02
4.620233066410688139e+02
4.622976745348572081e+02
4.624537418995416260e+02
4.627053430248381005e+02
4.631119448433815364e+02
4.632971790051823859e+02
4.634968798983529155e+02
4.638004479227401475e+02
4.647723522696226155e+02
4.663646260577997964e+02
4.669856288352603997e+02
4.671758296859416077e+02
4.677413322151750776e+02
4.685216023716324116e+02
4.692945391619575162e+02
4.696137072561166974e+02
4.697406078236847975e+02
4.702337766960696399e+02
4.710012134617957713e+02
4.717307167245293158e+02
4.717364167500228973e+02
4.722538190641261622e+02
4.729351887782471522e+02
4.739760601002539033e+02
4.745261292271275693e+02
4.747659302996477777e+02
4.748937975382060017e+02
4.751033984756548421e+02
4.764461044809631289e+02
4.764608712136745794e+02
4.769325733233818596e+02
4.773988087419724025e+02
4.776663099383825397e+02
4.779372444834818907e+02
4.779466111920415301e+02
4.784164466267333182e+02
4.787914483039438664e+02
4.789603157258770807e+02
4.797258858165877200e+02
4.798518530466480456e+02
4.799394534384443887e+02
4.804659557932479856e+02
4.806556899751753349e+02
4.810306916523858831e+02
4.816421277203922955e+02
4.816493944195595986e+02
4.816618611419842182e+02
4.823256307773880849e+02
4.826324654830523286e+02
4.826486988889902818e+02
4.831722012303761744e+02
4.832137014159874866e+02
4.835478695772350761e+02
4.836465366851945191e+02
4.840676052351076919e+02
4.846730412762788092e+02
4.849012089634348968e+02
4.855135117019842710e+02
4.856649457126125071e+02
4.860505807707145891e+02
4.862381149428023264e+02
4.865438829770291704e+02
4.866672835289433010e+02
4.869360847311677958e+02
4.871087188366142868e+02
4.872444194435408917e+02
4.881693569136954238e+02
4.884529581821138322e+02
4.889240936226199210e+02
4.896242300873425961e+02
4.897213305216283175e+02
4.898362643690080631e+02
4.900904321724507895e+02
4.907579018244031204e+02
4.910756699123007252e+02
4.913343710693523576e+02
4.913760045888932950e+02
4.917403395517299032e+02
4.919552071794009294e+02
4.924544760790684563e+02
4.934671806084314198e+02
4.937244484257390127e+02
4.937378818191537562e+02
4.940983167645473486e+02
4.944709850979885459e+02
4.948635201869513480e+02
4.951780549270542906e+02
4.954065559490346686e+02
4.959161915617343084e+02
4.960225253706500439e+02
4.960370254355021871e+02
4.963037599618167519e+02
4.971478970705883285e+02
4.973447312842707788e+02
4.974772318768851846e+02
4.981569682503675836e+02
4.985496033397776046e+02
4.992278063730688018e+02
4.995645745459451064e+02
5.003498780582476115e+02
5.005331455445856932e+02
5.005429122549343788e+02
5.008976805083167392e+02
5.012504154192715760e+02
5.017481843122302507e+02
5.018309846825583804e+02
5.021122526072074379e+02
5.022519198985418711e+02
5.026270549096821014e+02
5.034168584421111632e+02
5.037093264168529458e+02
5.040745947171971579e+02
5.046453639366528705e+02
5.054090006853832051e+02
5.055647680487258526e+02
5.059165696221729718e+02
5.068289737029380149e+02
5.068431070994835181e+02
5.075829437417669396e+02
5.077855446479078410e+02
5.078031780601073706e+02
5.079199452490201452e+02
5.085669481427673873e+02
5.087021820809400765e+02
5.092725179651242797e+02
5.098242204326364799e+02
5.108645584189245596e+02
5.112310933916007230e+02
5.113145604315772061e+02
5.114913612223260770e+02
5.119336632005399679e+02
5.120456970349492849e+02
5.124411988038473282e+02
5.126324663259658792e+02
5.132137355923835003e+02
5.133302361134368539e+02
5.137024044446417292e+02
5.139262721125659255e+02
5.149787768199367974e+02
5.154095787467163063e+02
5.160629816690878897e+02
5.168850186790158432e+02
5.169525189809137373e+02
5.174025876605312533e+02
5.183725253319510102e+02
5.184836924958174222e+02
5.186639933022202058e+02
5.187828605005254303e+02
5.188939943309094360e+02
5.196389976629676539e+02
5.197324980811521300e+02
5.199403990109976803e+02
5.207146024736547361e+02
5.208249363004606494e+02
5.213834721318686434e+02
5.215764063281081917e+02
5.219338745935664292e+02
5.223169763070047793e+02
5.226850446198722011e+02
5.228379119702444768e+02
5.231167798841594276e+02
5.232805806167649507e+02
5.235725152557880619e+02
5.240927509158968860e+02
5.249366213568091553e+02
5.250068216707829833e+02
5.252163892747494174e+02
5.260999598932222625e+02
5.264721948913920642e+02
5.272585650751320827e+02
5.278790345168739577e+02
5.283723033897060759e+02
5.283791367536018697e+02
5.288127053594221252e+02
5.288824723381244439e+02
5.290491730837004525e+02
5.302527451333929776e+02
5.303624456240329437e+02
5.310420819970681805e+02
5.319436193625647320e+02
5.319638527863928630e+02
5.333415256147583250e+02
5.338292944629914700e+02
5.340971289942258409e+02
5.346255646910096857e+02
5.350509665936373267e+02
5.352334340763974296e+02
5.363251389590926692e+02
5.363371056792810805e+02
5.369111415800136911e+02
5.373434768469844585e+02
5.378283123487645980e+02
5.386131158588308381e+02
5.398154879031562814e+02
5.407599254605256647e+02
5.407670588257633426e+02
5.417436298601844555e+02
5.422951323268021042e+02
5.427701011177863393e+02
5.433123368762916243e+02
5.442419743674670372e+02
5.447095097918719375e+02
5.452098786964593273e+02
5.455745136606376491e+02
5.468617194177187457e+02
5.471954209102124196e+02
5.474832555308980773e+02
5.484816266628209860e+02
5.487619279164799764e+02
5.489694621780189436e+02
5.500725004447366473e+02
5.506479030182484848e+02
5.507366034149646339e+02
5.510583715207525302e+02
5.517395745674613181e+02
5.538022504595314786e+02
5.543265528044954635e+02
5.545825539494711620e+02
5.550428560081911655e+02
5.559235266136936389e+02
5.559324933204642321e+02
5.559381933459578704e+02
5.559475267210350466e+02
5.568324640122871187e+02
5.569843980251516768e+02
5.579710691047455384e+02
5.592711749195226503e+02
5.594692758055371087e+02
5.599805114253929332e+02
5.600730451725872854e+02
5.601046119804377668e+02
5.603535130936584210e+02
5.612441170769214978e+02
5.619526202457313957e+02
5.626363233036215661e+02
5.642284304243867155e+02
5.652411682872320853e+02
5.672792440692771834e+02
5.674605782136350172e+02
5.686401168225036145e+02
5.687466172988313247e+02
5.706462591283915344e+02
5.717412640258462488e+02
5.724733339667261589e+02
5.725594676852959992e+02
5.725669343853578539e+02
5.733960714270409653e+02
5.735835389321638331e+02
5.738839402757212156e+02
5.745800433890713066e+02
5.747754775964921237e+02
5.755430476961480508e+02
5.763905181531613380e+02
5.774861563867821133e+02
5.777124573989227656e+02
5.782078929481120895e+02
5.788794959518843370e+02
5.790935302424949214e+02
5.797783333053049546e+02
5.800569678848430613e+02
5.802922022702719005e+02
5.806317704556713579e+02
5.808040378928112659e+02
5.810284388964540767e+02
5.816815418174840033e+02
5.817944756559186317e+02
5.824065450600909344e+02
5.834438163659965539e+02
5.835850836644870014e+02
5.838113180096628412e+02
5.842303532171484903e+02
5.842785534327260848e+02
5.843895205956979453e+02
5.864432631144796915e+02
5.876950353797498110e+02
5.884269053197350559e+02
5.888496738772516892e+02
5.903926474449315265e+02
5.911954177020214729e+02
5.916286196395350316e+02
5.926961244139943119e+02
5.929468922022302877e+02
5.932510268958187680e+02
5.932667936330027487e+02
5.937480624521641630e+02
5.950966684838605261e+02
5.953130027847580550e+02
5.958726386210857981e+02
5.964084076840017588e+02
5.973979454430836995e+02
5.974544790292658263e+02
5.982808827253905974e+02
5.983028161568221321e+02
5.988932854643873043e+02
6.000645240361336619e+02
6.000737574107636192e+02
6.007587604744683176e+02
6.012853961632015398e+02
6.021550333860233195e+02
6.043285431071356015e+02
6.057859496254467331e+02
6.061465179047698939e+02
6.062057515030279546e+02
6.095612998441902164e+02
6.106070378546302209e+02
6.108705390331501803e+02
6.113307410914229649e+02
6.118042432091808678e+02
6.118109765726293290e+02
6.122054116700900295e+02
6.127198473042579963e+02
6.134576839375963573e+02
6.139043859354894721e+02
6.173665014199444840e+02
6.192103096664533268e+02
6.202977478633989676e+02
6.229467930446966193e+02
6.239649975986586696e+02
6.245750336604036193e+02
6.258764061475126255e+02
6.263387748821426158e+02
6.268163436847555658e+02
6.275532803140686156e+02
6.295023223645731605e+02
6.315075979999182891e+02
6.315524982007362951e+02
6.328837374880924926e+02
6.333880064101227845e+02
6.334683067692694749e+02
6.335158736486808948e+02
6.338051749425929984e+02
6.339406755486249949e+02
6.341119429812924864e+02
6.342407102238759080e+02
6.343002104899933329e+02
6.345255448311438613e+02
6.358621508091694068e+02
6.368595886035845979e+02
6.369642890718617991e+02
6.375661250969317280e+02
6.398455352916882930e+02
6.410592740535184930e+02
6.412754083535214704e+02
6.416960769016455970e+02
6.427343815455061531e+02
6.427974818277247095e+02
6.439352202496403379e+02
6.456591612933714259e+02
6.459086290757931010e+02
6.466230322709910752e+02
6.474755027503671272e+02
6.481004055452708599e+02
6.493195776647353341e+02
6.507547840837554531e+02
6.511251524069098195e+02
6.518953891851591607e+02
6.522352907053826812e+02
6.532957954485341361e+02
6.535580299547220875e+02
6.539470316945485138e+02
6.546084346527007938e+02
6.552980710704614467e+02
6.554447383931038758e+02
6.562139084999156466e+02
6.566032102410839570e+02
6.569343117219490296e+02
6.580349833114148623e+02
6.587262530698142200e+02
6.587955867132451431e+02
6.594402229297406848e+02
6.598563581242558485e+02
6.601114925986887556e+02
6.603408602912119250e+02
6.604355273812810765e+02
6.607912956391360240e+02
6.610100299507676027e+02
6.615998992556492340e+02
6.621842352024492584e+02
6.622712689250445237e+02
6.628205713818225604e+02
6.630856059005337784e+02
6.635840414631408066e+02
6.647355799467776478e+02
6.648157136385123067e+02
6.649870477381444971e+02
6.652566489439469706e+02
6.656804841729010604e+02
6.659514520514826472e+02
6.663265870626229344e+02
6.663890873421579499e+02
6.672073910020550329e+02
6.688861318436263446e+02
6.699572699676692764e+02
6.711682420504588436e+02
6.713026426515710909e+02
6.725808150349167818e+02
6.728841497249270560e+02
6.732973849064718479e+02
6.734396522094349393e+02
6.740456882532895406e+02
6.743483562736514614e+02
6.743561563085373791e+02
6.746861911179652225e+02
6.756204952966793371e+02
6.760733306553374860e+02
6.763737986658599084e+02
6.769328678329865170e+02
6.772208357876017999e+02
6.778062717393216872e+02
6.787191758223231091e+02
6.790143104756583625e+02
6.791341110114711910e+02
6.797672138430498308e+02
6.811141198671427901e+02
6.811240865783860272e+02
6.813578876240709405e+02
6.814580880722215852e+02
6.815640885463130871e+02
6.815922220054744685e+02
6.822411915746844215e+02
6.824291924155259039e+02
6.828926944885582770e+02
6.830455618389304391e+02
6.858430743509211425e+02
6.860868421078490655e+02
6.864055435332544448e+02
6.869634460284964916e+02
6.874417481677226078e+02
6.877830496942077616e+02
6.883429188649125763e+02
6.886946871048772891e+02
6.892857564151258885e+02
6.900138930050803765e+02
6.902399273493615510e+02
6.904463949394631754e+02
6.907798297640975989e+02
6.917727675383862334e+02
6.923771369081198372e+02
6.925542710336929986e+02
6.933732413632384350e+02
6.940094442086818844e+02
6.940195442538548605e+02
6.955604178121423047e+02
6.960091864859455200e+02
6.966237892347818388e+02
6.974576262974858309e+02
6.987059652140667367e+02
6.991981674154615121e+02
6.995186688489175140e+02
7.005567401584011122e+02
7.011016425954998113e+02
7.017245453814583698e+02
7.017330454194750473e+02
7.029080506747347954e+02
7.034911866161677381e+02
7.049378597531400601e+02
7.053560949570476168e+02
7.063977662826324604e+02
7.064126330157911298e+02
7.064221330582805649e+02
7.076916054027149130e+02
7.086513763619968813e+02
7.096044806247952010e+02
7.110183869485498462e+02
7.122696925450659364e+02
7.133576974112129392e+02
7.137443991407523072e+02
7.153134061582012464e+02
7.157571414761591768e+02
7.157611414940494114e+02
7.169741135857840391e+02
7.185273871995314039e+02
7.192306570116013518e+02
7.210548318369654908e+02
7.225412718184632013e+02
7.251648168857105929e+02
7.253487510416971418e+02
7.257692195889267168e+02
7.270457586316339302e+02
7.278056953638156301e+02
7.280816965982427291e+02
7.282629307421531166e+02
7.282881641883442398e+02
7.284923984351236186e+02
7.285351652930668251e+02
7.286025655945175004e+02
7.286606658543732919e+02
7.296846704342761996e+02
7.303953402794431895e+02
7.319605139464139256e+02
7.322176150963096006e+02
7.322262818017383097e+02
7.322406485326607708e+02
7.371455038031626827e+02
7.382896089202201892e+02
7.388918782805615137e+02
7.401640506370716821e+02
7.408877205403821335e+02
7.426771285435835352e+02
7.438815339303365590e+02
7.450168723415179102e+02
7.450252390456049625e+02
7.457589756606057563e+02
7.459318764339117251e+02
7.462625779129876946e+02
7.477498178980634975e+02
7.489964568070411133e+02
7.499031941957948675e+02
7.509834990275030577e+02
7.515004013393700006e+02
7.519911368675383301e+02
7.531795088492478953e+02
7.531879088868174676e+02
7.537325113225743962e+02
7.542487469647930993e+02
7.558700542161569729e+02
7.558771875813945371e+02
7.572470270413915614e+02
7.573668609106869098e+02
7.577606960054639558e+02
7.580293305402764190e+02
7.591781690118374399e+02
7.597454048821566630e+02
7.600132727468734402e+02
7.609595103122935598e+02
7.612288115167543765e+02
7.613632454513490302e+02
7.613703454831041881e+02
7.613871788917257390e+02
7.620399818114137815e+02
7.636792558098013615e+02
7.636861225071795616e+02
7.640337907288067072e+02
7.658433654888715409e+02
7.673155054064116030e+02
7.679944751097984863e+02
7.693927480302986623e+02
7.698360166795026771e+02
7.701075512272856258e+02
7.703321188983404681e+02
7.705464865237753429e+02
7.726425625652289000e+02
7.736889005783523316e+02
7.739478350697808082e+02
7.740091353439489694e+02
7.745357376991996716e+02
7.752082073735149379e+02
7.779019527547360440e+02
7.805421978966751340e+02
7.811427672494132821e+02
7.812704678205593609e+02
7.814850354468885598e+02
7.819845376809330446e+02
7.822527722139564048e+02
7.851347184369136585e+02
7.862195899557131042e+02
7.893275705229516461e+02
7.903692085150540834e+02
7.930723539383174057e+02
7.937594903448967898e+02
7.945422605125353357e+02
7.948376285002476607e+02
7.952776304681746069e+02
7.973546397576847085e+02
7.980399094892487710e+02
7.986231120976465263e+02
7.990962475470978461e+02
8.003645532196474051e+02
8.018109263552778430e+02
8.026478634318469858e+02
8.035393674191354876e+02
8.039769693763283840e+02
8.048338732088662937e+02
8.048424065803654912e+02
8.048523399581262083e+02
8.048796400802272046e+02
8.048986734986882539e+02
8.049138068997064011e+02
8.049400070168874208e+02
8.058310443354221206e+02
8.058919779412835851e+02
8.073134176320647839e+02
8.074616182948983578e+02
8.082282217235640474e+02
8.085707899223810955e+02
8.088312244205185380e+02
8.106737326612129664e+02
8.126145413415603116e+02
8.129436428134802100e+02
8.138644135983324759e+02
8.168344602153222240e+02
8.176017303136362671e+02
8.178767982105554211e+02
8.200394745498816746e+02
8.207358776645735361e+02
8.219969499714383119e+02
8.247333288766731130e+02
8.263309693555196418e+02
8.270042723668951794e+02
8.280634104372675210e+02
8.286796465267422036e+02
8.299968524180001168e+02
8.306925221960788122e+02
8.389457924425051942e+02
8.444953505964674605e+02
8.450183529356170311e+02
8.492809386668749312e+02
8.557231341465278547e+02
8.603327214297646606e+02
8.642391055678963312e+02
8.679992557186569684e+02
8.695804627906711630e+02
8.701678987513361108e+02
8.705464004442006853e+02
8.705788672560764780e+02
8.707677681009433854e+02
8.709086020641623236e+02
8.711047362747141278e+02
8.719374399990160782e+02
8.724300755356822492e+02
8.744647179690381336e+02
8.745908851999929539e+02
8.765123937940197720e+02
8.773001973175037165e+02
8.822816195971212210e+02
8.896074190287295096e+02
8.942493397899123693e+02
8.948317090612497395e+02
9.039432831464756646e+02
9.044278519803966674e+02
9.044392853648661230e+02
9.099713767740410049e+02
9.111916155649429356e+02
9.151963334762097020e+02
9.203617899122609742e+02
9.228010341552152340e+02
9.253325121440220755e+02
9.255611131664496725e+02
9.291992627715578692e+02
9.295580310428304074e+02
9.297038983618947441e+02
9.300609332920815859e+02
9.300668666519520684e+02
9.300737666828127885e+02
9.300811333824273106e+02
9.305163019954036372e+02
9.305346020772516340e+02
9.305458021273442455e+02
9.306740360342090526e+02
9.326021446577547067e+02
9.358987594020007919e+02
9.387862389830395387e+02
9.388001390452081978e+02
9.465749404849964321e+02
9.471413763517375628e+02
9.488171838468560964e+02
9.507877259935207803e+02
9.517706970565662914e+02
9.518804975476535901e+02
9.525802340105872190e+02
9.542380747586820462e+02
9.546869767664147730e+02
9.579228912391763515e+02
9.586089943078007991e+02
9.615893076373755548e+02
9.630580475397090368e+02
9.638240176322087791e+02
9.644341536944009476e+02
9.650105896058677217e+02
9.655715921149746919e+02
9.689207404275125555e+02
9.689392405102549901e+02
9.709955497071830450e+02
9.741968306917116251e+02
9.791988530634639574e+02
9.801051571169464296e+02
9.807069931420162447e+02
9.823099336445674226e+02
9.837295399938157061e+02
9.848013781209893978e+02
9.868458872651413003e+02
9.892168978695843862e+02
9.907124045583000225e+02
9.946768222893226721e+02
9.962730960953900876e+02
9.964387635030111596e+02
9.964647302858152216e+02
9.984267723944632280e+02
9.984341724275602701e+02
1.001621786684297035e+03
1.001991688338697600e+03
1.002008655081248662e+03
1.004316965405262181e+03
1.004321965427625059e+03
1.004327198784364782e+03
1.005235102845003325e+03
1.006464508343570287e+03
1.007959015027813393e+03
1.008721618438588735e+03
1.010452359512733210e+03
1.014814312355081483e+03
1.016119618193115912e+03
1.016126851558800809e+03
1.016132084915540531e+03
1.016138451610682409e+03
1.017870859358947996e+03
1.019560033580516347e+03
1.024593189424847651e+03
1.024783623609905817e+03
1.025448826585053666e+03
1.026032462528722817e+03
1.026304297077847650e+03
1.026739832359130560e+03
1.032836492960030910e+03
1.035075236306236775e+03
1.035506071566498576e+03
1.037701948054314016e+03
1.040467927091936417e+03
1.040601127687681583e+03
1.042156501310821341e+03
1.043651774665159792e+03
1.044726946140575592e+03
1.046716855040525616e+03
1.046936656023594423e+03
1.049131065838183304e+03
1.050216770694043362e+03
1.050733873006804970e+03
1.053468118569164972e+03
1.054207421875729551e+03
1.054916891715529573e+03
1.054922858408882348e+03
1.055224193089947448e+03
1.057247702140175534e+03
1.057255768842920816e+03
1.058110472665619227e+03
1.058991109937639294e+03
1.058998776638595473e+03
1.059013310036930079e+03
1.059802646900605168e+03
1.062338291574714276e+03
1.063263329045316141e+03
1.065453705508532494e+03
1.066925378757318640e+03
1.067587281717707128e+03
1.067595148419557745e+03
1.068727020148567817e+03
1.070718162387367101e+03
1.073185573422965263e+03
1.074672946741970918e+03
1.074943314617868964e+03
1.076197853562179716e+03
1.076769289451283839e+03
1.077546792928700370e+03
1.079385434485434189e+03
1.080606873281703201e+03
1.080616939993393544e+03
1.081317943128659181e+03
1.082773516305437170e+03
1.086324365520090851e+03
1.086429965992393136e+03
1.091904557144395767e+03
1.092609793631928596e+03
1.092825827931484127e+03
1.095554040133526087e+03
1.097209314203474833e+03
1.104055311489147925e+03
1.109480269085829150e+03
1.110740074720361690e+03
1.113968055824307839e+03
1.114482391458028587e+03
1.114994693749321868e+03
1.118483742687571066e+03
1.119170812427185638e+03
1.119499547230798953e+03
1.120338750984172520e+03
1.123374597895457100e+03
1.123381931261588988e+03
1.124064267646700273e+03
1.126965547289460119e+03
1.127850917915983700e+03
1.127856917942819109e+03
1.130300362204558269e+03
1.130680830572885498e+03
1.136798524601191957e+03
1.137218326478773406e+03
1.139204802030034216e+03
1.139210635389457593e+03
1.140700942054915686e+03
1.141628046201427651e+03
1.141889980706273718e+03
1.142828118235466263e+03
1.142988985621618895e+03
1.144728126733332829e+03
1.145514830251897138e+03
1.146862169611261379e+03
1.152712595777534716e+03
1.153290131693921467e+03
1.154552637340530282e+03
1.155136439951611692e+03
1.157553217427415802e+03
1.160011328421418966e+03
1.163835945527177500e+03
1.165361119015245777e+03
1.165960221694757365e+03
1.172214483000533619e+03
1.173106386989611110e+03
1.180121951700348291e+03
1.180803221414021891e+03
1.180812388121687263e+03
1.180833488216058186e+03
1.180860921672088807e+03
1.182857030599768905e+03
1.188492422470959127e+03
1.191016633760598552e+03
1.191953737951836047e+03
1.194505582698400758e+03
1.195835655313872394e+03
1.198576334238338859e+03
1.198603567693475043e+03
1.199254903939936867e+03
1.202314384290255930e+03
1.202323450997474083e+03
1.202334151045330373e+03
1.202350217783856124e+03
1.203174554804070794e+03
1.206002334118097906e+03
1.210688655077862677e+03
1.217199084196026433e+03
1.220557132548370419e+03
1.221932938701720104e+03
1.227866498573145918e+03
1.228138699790577220e+03
1.229417538843571265e+03
1.230918445556438655e+03
1.231253847056535733e+03
1.231395314355920846e+03
1.237364107718263085e+03
1.240882723455417818e+03
1.242222529447755505e+03
1.242228296140214070e+03
1.261608016150148160e+03
1.261625249560558586e+03
1.279042960795327190e+03
1.281222203875415744e+03
1.288111068019479262e+03
1.288121068064204792e+03
1.294786264541238779e+03
1.294793897908712779e+03
1.294801597943151364e+03
1.294810397982510040e+03
1.294823931376372002e+03
1.295517401144611085e+03
1.298616348338113994e+03
1.298629681731081519e+03
1.298640015110631339e+03
1.298655215178614299e+03
1.301190426517452124e+03
1.301190459850934531e+03
1.302122130684537524e+03
1.305775647025040826e+03
1.307663722136201613e+03
1.310258233740262312e+03
1.312735311485761940e+03
1.312772411651693801e+03
1.313981017057231611e+03
1.313989050426494487e+03
1.315124555505088210e+03
1.315719558166262004e+03
1.315731124884661313e+03
1.315742524935648362e+03
1.315749491633474236e+03
1.315759225010340288e+03
1.318111002195428000e+03
1.318353203278682258e+03
1.318573837598811679e+03
1.318631904525185291e+03
1.319262540679064841e+03
1.319773242963201938e+03
1.319782076336042792e+03
1.319792076380768776e+03
1.319800843086644818e+03
1.319808343120188965e+03
1.319822143181910178e+03
1.319830843220821635e+03
1.320494746190155183e+03
1.320506912911237805e+03
1.320774214106753561e+03
1.321057615374277475e+03
1.321968086113062327e+03
1.322774523053218218e+03
1.322785723103311057e+03
1.323026990849057711e+03
1.323294592045914897e+03
1.323412592573677330e+03
1.324681098247121554e+03
1.324722065097014138e+03
1.324734165151131947e+03
1.324743365192279498e+03
1.325441601648504502e+03
1.326063971098744105e+03
1.326324038928574964e+03
1.328083880132870945e+03
1.328339814610882058e+03
1.328572782319506359e+03
1.328972017438435387e+03
1.329165784971735320e+03
1.329330852376672965e+03
1.329789687762166295e+03
1.330092022447704267e+03
1.330254389840565864e+03
1.330286623318064585e+03
1.330508090975254618e+03
1.330970626377296639e+03
1.331644062722601802e+03
1.331866697051676510e+03
1.331875163756210895e+03
1.331885630469690341e+03
1.332229298673427365e+03
1.332239798720388990e+03
1.332256732129457760e+03
1.332955735255778336e+03
1.333303070142581419e+03
1.333938206316587411e+03
1.334089406992838803e+03
1.334176074047127486e+03
1.334442208570758567e+03
1.334764910014054067e+03
1.336071049189148880e+03
1.336533117922437214e+03
1.339083795997117249e+03
1.341358472837370527e+03
1.342971813386436224e+03
1.343705416667507279e+03
1.345060989397029061e+03
1.346503962517452919e+03
1.349032340492394724e+03
1.349834077411529506e+03
1.349846644134401458e+03
1.350364746451635710e+03
1.351742019278212183e+03
1.353290492870491107e+03
1.353553394046327412e+03
1.354096563142340528e+03
1.354879499977391333e+03
1.355099900963143682e+03
1.355116634371318014e+03
1.357647912359230304e+03
1.358333915427407419e+03
1.359322719849876194e+03
1.360676825906171644e+03
1.360687325953133495e+03
1.361406762504176641e+03
1.361569929900616216e+03
1.361923431481666739e+03
1.362793935375031424e+03
1.363635239137797498e+03
1.363643339174025186e+03
1.363650305871850605e+03
1.363872006863417482e+03
1.366394584812418543e+03
1.366953887313922223e+03
1.367722290750638422e+03
1.368529361026960487e+03
1.368726661909396853e+03
1.369963734108920107e+03
1.370203035179203880e+03
1.370799937848875970e+03
1.371066305706883895e+03
1.371612674817209154e+03
1.371871075972918788e+03
1.373053947930029608e+03
1.373139214978056316e+03
1.374092852576573705e+03
1.374127552731771402e+03
1.375339724819928051e+03
1.375348691526698531e+03
1.375711793150685480e+03
1.376622497223847404e+03
1.377942603128075689e+03
1.379366709497450302e+03
1.379774177986536870e+03
1.381002883481972958e+03
1.382150121946378022e+03
1.396098084329217727e+03
1.403549417655614889e+03
1.403663718166828630e+03
1.405016690884721584e+03
1.405320158908661824e+03
1.411887788282656402e+03
1.430867973172319807e+03
1.445782906546643744e+03
1.470138948813385468e+03
1.470145948844693294e+03
1.478984355041498247e+03
1.485300116622336873e+03
1.507596249676049183e+03
1.507600383027869157e+03
1.546849325237056064e+03
1.578197465442912062e+03
1.604587316805949285e+03
1.607433796203612928e+03
1.610133141609880340e+03
1.610605210387894203e+03
1.610610110409809977e+03
1.613881991710101147e+03
1.614729362166667215e+03
1.615682033094194367e+03
1.615694066481347591e+03
1.615991334477557302e+03
1.616321969289668687e+03
1.616753337885649444e+03
1.616758237907564762e+03
1.617396440761953727e+03
1.618143710770816142e+03
1.618230577825999490e+03
1.618524045805213746e+03
1.618872080695147588e+03
1.619061181540909047e+03
1.619380682969892405e+03
1.619727951189730675e+03
1.620411187578866929e+03
1.620418120943209942e+03
1.620945123300249861e+03
1.620952890001653486e+03
1.621394125308430148e+03
1.621507392481688612e+03
1.621518692532228897e+03
1.621704093361441664e+03
1.622357829618637652e+03
1.622984599088556479e+03
1.623118699688327069e+03
1.623452934516539699e+03
1.623528501521182761e+03
1.623779702644690133e+03
1.623788169349224518e+03
1.623803002748901008e+03
1.623821302830748664e+03
1.625481343588683103e+03
1.625747278111419746e+03
1.625818078428076888e+03
1.625910512174823907e+03
1.625980445820938485e+03
1.626140213202171481e+03
1.626187446746758724e+03
1.626207013500938729e+03
1.626214380200553251e+03
1.626364980874120874e+03
1.626377580930475233e+03
1.626646415466182134e+03
1.626783216078028545e+03
1.626910716648280186e+03
1.627101517501644594e+03
1.627225184721418145e+03
1.627302285066252807e+03
1.627711220228565480e+03
1.627787687237233968e+03
1.628133455450363272e+03
1.628149022186652928e+03
1.628702491328733231e+03
1.629300494003324957e+03
1.629550195120123590e+03
1.629784762835904075e+03
1.630136697743280820e+03
1.630156297830943004e+03
1.631058168531263846e+03
1.631243702694406466e+03
1.631590204244148708e+03
1.632242740495977614e+03
1.633056277467888776e+03
1.633647846780373584e+03
1.633758213940662017e+03
1.633959181506164441e+03
1.634481417175218439e+03
1.634485350526143975e+03
1.634549817481141872e+03
1.635179186962689300e+03
1.635824389848386318e+03
1.636313625369845568e+03
1.637133062368144920e+03
1.637268962975965906e+03
1.637420163652217298e+03
1.637678331473550315e+03
1.638029766378690738e+03
1.638037599747059176e+03
1.638077566592479116e+03
1.638466268330963885e+03
1.639093737804013699e+03
1.639238038449404485e+03
1.639852541197793244e+03
1.640089108922519017e+03
1.640862812382939637e+03
1.641570115546382340e+03
1.641834916730716714e+03
1.641978150704670043e+03
1.642162951531199269e+03
1.642193051665823305e+03
1.642567053338561436e+03
1.643084822320971170e+03
1.643111055771634710e+03
1.643762158683719463e+03
1.644065126705423154e+03
1.644201860650304752e+03
1.644998730881006622e+03
1.645429632808233237e+03
1.645689600637616650e+03
1.646186902861821636e+03
1.646793205573535715e+03
1.646956872972211386e+03
1.647473608616666525e+03
1.648150178309319244e+03
1.648700114102263115e+03
1.648964115283019055e+03
1.649394550541492208e+03
1.650195020788295096e+03
1.650333488074262505e+03
1.651106724865929436e+03
1.651522026723383988e+03
1.652467064283437139e+03
1.652823299210046116e+03
1.654926808618078894e+03
1.655363943906517989e+03
1.656009113458732372e+03
1.657357786157393321e+03
1.660460233366550483e+03
1.661743872441012627e+03
1.662732776863928621e+03
1.664624218656813810e+03
1.667776766090046067e+03
1.670683512423923048e+03
1.670691179124879454e+03
1.672749888332541559e+03
1.673229290476687538e+03
1.673614658866930313e+03
1.675182499212494577e+03
1.679659519236152164e+03
1.682609999098962135e+03
1.684340173503905362e+03
1.688076056879465568e+03
1.693689881987530725e+03
1.696013559046939463e+03
1.697254764598282691e+03
1.698220168916093371e+03
1.699776409209776148e+03
1.703448992302222905e+03
1.706266471570182148e+03
1.706732640321807821e+03
1.710571590825006524e+03
1.717311187634799126e+03
1.721695073908578706e+03
1.725034088842461642e+03
1.727207598563573811e+03
1.729160540631521599e+03
1.730307912429856060e+03
1.737346443909979598e+03
1.737352677271192078e+03
1.737388177429967982e+03
1.737407444182806103e+03
1.739863521834381800e+03
1.744753877040031284e+03
1.746839353034075657e+03
1.748950395809135443e+03
1.749566898566469717e+03
1.749573731930365511e+03
1.749585665317071289e+03
1.749597732037706919e+03
1.751317273061758669e+03
1.751324073092172057e+03
1.753331248736015141e+03
1.754672221400237504e+03
1.755598725544065701e+03
1.755613058941505642e+03
1.755622892318819140e+03
1.757664368116071046e+03
1.758460171675335232e+03
1.760219779545254596e+03
1.760927282709591736e+03
1.767254977677136367e+03
1.767264644387037833e+03
1.770888927263459891e+03
1.770973960977109982e+03
1.770980361005734267e+03
1.773013870100688109e+03
1.773923940837683631e+03
1.778672895410913043e+03
1.783705084584254564e+03
1.787616568745195991e+03
1.791749587230292491e+03
1.792172455788256457e+03
1.792954125950975140e+03
1.795465470516401183e+03
1.798817952177181041e+03
1.800339392315218447e+03
1.800346459013491312e+03
1.803208505147444612e+03
1.803336805721274004e+03
1.803352105789704183e+03
1.803358305817434257e+03
1.803365339182224488e+03
1.803374672557301892e+03
1.803381005918961364e+03
1.803473039663919280e+03
1.803537773286776655e+03
1.803761674288183031e+03
1.803830641263307371e+03
1.805470948599650001e+03
1.846831633587027454e+03
1.862168568848772566e+03
1.867852894272153662e+03
1.889213089806513153e+03
1.889218956499418709e+03
1.890446028654216661e+03
1.890566195858335959e+03
1.892931173102461571e+03
1.892937373130191190e+03
1.899163000974569741e+03
1.959982539659143640e+03
1.962836119088562555e+03
2.003941702934989507e+03
2.026272436143452296e+03
2.026299002928939899e+03
2.032849032224217581e+03
2.044673418442608181e+03
2.049135205064800175e+03
2.099369696407311494e+03
2.125916781806917697e+03
2.125924081839566952e+03
2.127262521159125754e+03
2.142024453849147903e+03
2.184531243962528151e+03
2.185114979906644749e+03
2.188896096817846683e+03
2.199484177506809829e+03
2.224132154412574437e+03
2.246088452613028039e+03
2.256861167461108380e+03
2.265070937512978162e+03
2.292739727929456421e+03
2.294359035171875348e+03
2.299670325593508551e+03
2.299678258962323980e+03
2.309287335272649216e+03
2.314928993838534552e+03
2.314940127221662806e+03
2.315787397677781428e+03
2.315792697701485849e+03
2.318268042105899440e+03
2.325994943331452305e+03
2.326032110164348978e+03
2.328541521387794546e+03
2.329746193442406820e+03
2.329754160144705111e+03
2.329767560204637448e+03
2.344128524434644987e+03
2.362755174409775464e+03
2.370360675092359088e+03
2.370371808475487342e+03
2.370727843401201426e+03
2.373813957203973587e+03
2.376351668553992567e+03
2.376356735243320145e+03
2.376369201965744651e+03
2.376376902000183236e+03
2.377932308956805628e+03
2.378565478455348966e+03
2.380533820592173925e+03
2.380879455471373603e+03
2.381755992725056331e+03
2.383339999809593337e+03
2.384512438386706890e+03
2.385472142679024273e+03
2.385476976033974552e+03
2.385490909429625844e+03
2.389310393179091534e+03
2.390337964441613622e+03
2.390353631178350042e+03
2.392991409642590497e+03
2.393541612103394073e+03
2.393564012203579296e+03
2.394110281313457108e+03
2.394140181447186478e+03
2.396128023671226856e+03
2.396521725432074618e+03
2.407676908657426793e+03
2.464864664432034260e+03
2.469150716934915181e+03
2.481416471794011613e+03
2.505533812993152878e+03
2.525792536934468899e+03
2.529507986885305854e+03
2.547038498624579461e+03
2.578327105230835514e+03
2.585089102140813793e+03
2.585128335649620567e+03
2.586646575773345830e+03
2.601592609286766674e+03
2.608339372795279360e+03
2.618402484469630053e+03
2.663485752773081913e+03
2.693697854564626141e+03
2.701032854037382094e+03
