9.249648258786519861e+00
9.379582173254670252e+00
1.321929934654883532e+01
1.414883683727711272e+01
1.970046166714921299e+01
1.975346190419497105e+01
1.981389550782009934e+01
2.000532969735077771e+01
2.270960845901626612e+01
2.273977526060520304e+01
2.291054269103627661e+01
2.303650992109659867e+01
2.306464338025799421e+01
2.312404364592814332e+01
2.333217791015059817e+01
2.337077808279147106e+01
2.363121258092888866e+01
2.502458547951358270e+01
2.513255262906779919e+01
2.514158600280326894e+01
2.521005297569131187e+01
2.523221974149975466e+01
2.525441984079061797e+01
2.540862053045959357e+01
2.546795412916490875e+01
2.552375437873383390e+01
2.705156121191320651e+01
2.735862925195440454e+01
2.800176546174108694e+01
2.806756575603562709e+01
2.808729917762750716e+01
2.830320014325352318e+01
2.885713595408772392e+01
2.899846991954307640e+01
2.946550534171168678e+01
2.953460565076568045e+01
2.972347316215011759e+01
2.974290658240023077e+01
3.051611004058473497e+01
3.054534350466595072e+01
3.055197686766727472e+01
3.057231029194268856e+01
3.070117753497344282e+01
3.188291615368171605e+01
3.295095426385974946e+01
3.406695925523831647e+01
3.896381448995960284e+01
3.897598121104243063e+01
3.900991469614469054e+01
3.925114910840893145e+01
3.929441596858841024e+01
3.930898270040539444e+01
3.932914945726871991e+01
3.946601673607996474e+01
4.895282583289342426e+01
4.911792657131331197e+01
5.048263267501791063e+01
5.090960125131923775e+01
5.492248586577861857e+01
5.497408609656278600e+01
5.498018612384541370e+01
5.501721962281261114e+01
5.505528645973478064e+01
5.512978679294060669e+01
5.863990249207852656e+01
6.115568041066617866e+01
6.257335341793411487e+01
6.264855375427072914e+01
6.289625486212420213e+01
7.431173925168448591e+01
9.687664017413889894e+01
9.806591215987380394e+01
1.002785887228280899e+02
1.004023559430487751e+02
1.016624282454410206e+02
1.017751620829811259e+02
1.017938621666180126e+02
1.040581722938388936e+02
1.044666741208802421e+02
1.044761074964047225e+02
1.064230828709994370e+02
1.067002841107934756e+02
1.078674559976847576e+02
1.096983641864974999e+02
1.112387710760311563e+02
1.146281195683660599e+02
1.150214546609068975e+02
1.221359531474628568e+02
1.225754884466360295e+02
1.299683215113882682e+02
1.323794989621459877e+02
1.372475207345750903e+02
1.408544368666569540e+02
1.417295074471130363e+02
1.450404555887991478e+02
1.455853913593802815e+02
1.456050914474897411e+02
1.456777251056801106e+02
1.458556259013488159e+02
1.466123959527008935e+02
1.466600961660420808e+02
1.491153738140397422e+02
1.533044258830820752e+02
1.551184339963085108e+02
1.552779347096820572e+02
1.564109397770941712e+02
1.565266736280519524e+02
1.753467244681758359e+02
1.763840624410462681e+02
1.781557703650833560e+02
1.782202706535635741e+02
1.787063728276756933e+02
1.788433067734517579e+02
1.797174440164001510e+02
1.801428459190277636e+02
1.802982466140638280e+02
1.821036213553438188e+02
1.825027898073079484e+02
1.825930902111802538e+02
1.850645012646685927e+02
1.856213037549908051e+02
1.856435371877640819e+02
1.873327114093324610e+02
1.874555119585629939e+02
1.896191549688793430e+02
1.900084900435299176e+02
1.913892628857603597e+02
1.916178972416703346e+02
1.922900335811613104e+02
1.953114470945584458e+02
1.954017808319131291e+02
1.954213475860929066e+02
1.954944145795547570e+02
1.970779216618557825e+02
1.989577300693767938e+02
1.991842310824119409e+02
1.992432980132579132e+02
2.018433763088824833e+02
2.034882836657988037e+02
2.045572551134845583e+02
2.046388554784455778e+02
2.048287896612674217e+02
2.049639569324752983e+02
2.067422982195137422e+02
2.117688540343262389e+02
2.118279209651722113e+02
2.118598211078469262e+02
2.119578215461579589e+02
2.120667220332198610e+02
2.120717553890651175e+02
2.128956590740084778e+02
2.143540989302745174e+02
2.146618336399640725e+02
2.148459011298802181e+02
2.151066356293594026e+02
2.151857026496566050e+02
2.159359726719370371e+02
2.231135381072292034e+02
2.234187394722549413e+02
2.243771770922402595e+02
2.300491024601614924e+02
2.311556407425331372e+02
2.344462887934262199e+02
2.373155682930643593e+02
2.384569733980459887e+02
2.385122069784137864e+02
2.417608548414593201e+02
2.421944901142443598e+02
2.471532789592996551e+02
2.472378460041959158e+02
2.479811493286508437e+02
2.483457176258643244e+02
2.497300238172311140e+02
2.497657906438663815e+02
2.498760244702250759e+02
2.534990406743151823e+02
2.570946234223746956e+02
2.596306347647905000e+02
2.597902021451288874e+02
2.600207365095367322e+02
2.601959039596470689e+02
2.614863763980051772e+02
2.617228774557659676e+02
2.625407477803915413e+02
2.698283803746302851e+02
2.718326226720203636e+02
2.718684228321380374e+02
2.725576592481098146e+02
2.731713953264032284e+02
2.748034359591059115e+02
2.753120049003682652e+02
2.754298054272359764e+02
2.777627158612745575e+02
2.812864982882041431e+02
2.813754986862621195e+02
2.813969321154573890e+02
2.815593661752837420e+02
2.824043366211157036e+02
2.838390430378996712e+02
2.843479453139861448e+02
2.844477124268653370e+02
2.849046478038611099e+02
2.857262514785176108e+02
2.860779863849998605e+02
2.861035531660150468e+02
2.861723201402448353e+02
2.866329888672714787e+02
2.867079225357487076e+02
2.868169563567403202e+02
2.892130670734447904e+02
2.900661708889870170e+02
2.906239067168169186e+02
2.925355819335302385e+02
2.930403508577967955e+02
2.937657874356752927e+02
2.942733563724650594e+02
2.942939231311174240e+02
2.945156907896491134e+02
2.946029911801037429e+02
2.968042010251060105e+02
2.968143677372436855e+02
2.968357678329564919e+02
2.969044014732565984e+02
2.979520728256767939e+02
2.980376398750456701e+02
2.991506448530065541e+02
2.996895139297874948e+02
3.001387492723445121e+02
3.025858935506320222e+02
3.028738281717648988e+02
3.038842993578058440e+02
3.061423761238143584e+02
3.067022119610367099e+02
3.071697140519591471e+02
3.072928146025315073e+02
3.080772181108087011e+02
3.081182182941836913e+02
3.081837185871364682e+02
3.081970853135863990e+02
3.082019186685371324e+02
3.082140187226551120e+02
3.082215187561993162e+02
3.082325188053974898e+02
3.082394855032229657e+02
3.082483522095463968e+02
3.082547522381707381e+02
3.082621856047501296e+02
3.082858523772674744e+02
3.092041564844205936e+02
3.092208898925948120e+02
3.129645733030406518e+02
3.136061428391536197e+02
3.159070864635526732e+02
3.204638401771558165e+02
3.207557414826965214e+02
3.208957754423374809e+02
3.209985759021168406e+02
3.211491099087197085e+02
3.213648442069336397e+02
3.259906648961083988e+02
3.262756328373059773e+02
3.288321442714093337e+02
3.289306447119566315e+02
3.301824169772265805e+02
3.307383527970059163e+02
3.311448212816197270e+02
3.319743583250918277e+02
3.322587262636059222e+02
3.323392599571295705e+02
3.323830268195453073e+02
3.324237270015785839e+02
3.332019304821258743e+02
3.339686005777563196e+02
3.368125799642386369e+02
3.387088884455569087e+02
3.397185262945373552e+02
3.423839382157025852e+02
3.441330460386598133e+02
3.451495839185009800e+02
3.453306180615169865e+02
3.455283856127072113e+02
3.468499915236444622e+02
3.511343440189218654e+02
3.543419583651098606e+02
3.584731101751909250e+02
3.588961120670844025e+02
3.593576807981363572e+02
3.593653474990925929e+02
3.608953543421116592e+02
3.622947939344965107e+02
3.624099611162531573e+02
3.626657955938168243e+02
3.638906344052924737e+02
3.668588143472669572e+02
3.676679512994988386e+02
3.678936523089559500e+02
3.680574863750439363e+02
3.699015946228944927e+02
3.700789954163268476e+02
3.701624957897857371e+02
3.710132662615586128e+02
3.729991084766535892e+02
3.735791777377040148e+02
3.745910155965240733e+02
3.768112921934698534e+02
3.768251589221560494e+02
3.819679819236450271e+02
3.822824499967832139e+02
3.832944878564977671e+02
3.863086346707276562e+02
3.869970044161564715e+02
3.881336428331522370e+02
3.881721430053458448e+02
3.889873466513779476e+02
3.889985467014706728e+02
3.895998493908218734e+02
3.896323495361800724e+02
3.898561838706217486e+02
3.933056659652400526e+02
3.935746671683590989e+02
3.943355039045662238e+02
3.950875739348973070e+02
3.961115118478353452e+02
3.961255785774160358e+02
3.961343786167745975e+02
3.962470124538674554e+02
3.985911229379986480e+02
3.990652917254049044e+02
3.999563623774220105e+02
3.999696957703894782e+02
4.000069292702511916e+02
4.000974963419828327e+02
4.003606641856785586e+02
4.004352645193316675e+02
4.005451650108661852e+02
4.006477654697509934e+02
4.007757993757213058e+02
4.008748998189520876e+02
4.018738376200761309e+02
4.040650807538352183e+02
4.040742141280178998e+02
4.040793808177928099e+02
4.040960808924846219e+02
4.041256143579075797e+02
4.042124480796082935e+02
4.045136160932614189e+02
4.046460500189109553e+02
4.047933840112016810e+02
4.071524945624213956e+02
4.075106628310104497e+02
4.078954978855345530e+02
4.079854982880650596e+02
4.084699671215386729e+02
4.086692013459552868e+02
4.086843347469734340e+02
4.086984014765540678e+02
4.103004753085623975e+02
4.104795094426333435e+02
4.105858099180665590e+02
4.109430781826303587e+02
4.110291452342355001e+02
4.110561120215122060e+02
4.112958464270676018e+02
4.113192465317255255e+02
4.115290141365865111e+02
4.135981233907633623e+02
4.141719926240839982e+02
4.146596281383874043e+02
4.147632286017447996e+02
4.148009954373251276e+02
4.154134648432865902e+02
4.164341360749476166e+02
4.170009052765130946e+02
4.180453099476562215e+02
4.184452117362335457e+02
4.184972453022891727e+02
4.185065453438839995e+02
4.186976795320728684e+02
4.190383143889097255e+02
4.231282660147211914e+02
4.233630003979137655e+02
4.245320389598205111e+02
4.246131059890628876e+02
4.247529732812917587e+02
4.248317736337295969e+02
4.249859076564337670e+02
4.256548439816124869e+02
4.257710778348065901e+02
4.257831778889245697e+02
4.259677120475946026e+02
4.269970499846844518e+02
4.271142505088686789e+02
4.275873859583199419e+02
4.313699028757835663e+02
4.314672033109637823e+02
4.328337427562014454e+02
4.333514117381640744e+02
4.338329805586672592e+02
4.342021822099368933e+02
4.343862163663706610e+02
4.345311170144448170e+02
4.365121925415538726e+02
4.368009938332296542e+02
4.368166272364840097e+02
4.371144619018951403e+02
4.371475620499369938e+02
4.375252304057410129e+02
4.375876640183112727e+02
4.376108641220747018e+02
4.376830977784760535e+02
4.377847648998530872e+02
4.379453322846640617e+02
4.401570088431458316e+02
4.408598786534267902e+02
4.433974566695163162e+02
4.437831917280656739e+02
4.441119931986438587e+02
4.441432266716702202e+02
4.443447942398561281e+02
4.444688614614186122e+02
4.446334955310846340e+02
4.447355626542507707e+02
4.451217643815539873e+02
4.461421689453557065e+02
4.470734731106521735e+02
4.487895141190500112e+02
4.489032479610626751e+02
4.514134258546039860e+02
4.526938315812716951e+02
4.527160316805625371e+02
4.534592016710877260e+02
4.535747021876686063e+02
4.536615359093693769e+02
4.549629417299608463e+02
4.560242464766902799e+02
4.566940161389294985e+02
4.595146954212011678e+02
4.596478960169463335e+02
4.600126643150542805e+02
4.615351711245291426e+02
4.615906380392738129e+02
4.616165048216307696e+02
4.617448720624252587e+02
4.620201399602390211e+02
4.632774789170729264e+02
4.638870149765815540e+02
4.640118155347572042e+02
4.640654157744864960e+02
4.641855163116411518e+02
4.643119835439377425e+02
4.643193835770346709e+02
4.643890505552897707e+02
4.644518175026842641e+02
4.645785514028402190e+02
4.646092515401478522e+02
4.646553517463328831e+02
4.647001519467036701e+02
4.670323623776114346e+02
4.672923302069950182e+02
4.677976324669803034e+02
4.678095325202037884e+02
4.679677665612454689e+02
4.696516407591092275e+02
4.697892747080160802e+02
4.714052819356754185e+02
4.714429821042909339e+02
4.730174891463389031e+02
4.739747600944396027e+02
4.741978610922679991e+02
4.760202025760991660e+02
4.761480698146573332e+02
4.768981398360432422e+02
4.769404400252326468e+02
4.780804451239526429e+02
4.782369124904261071e+02
4.789700824362257094e+02
4.791521165837143599e+02
4.792120501851032373e+02
4.792396169750634840e+02
4.803186551344396662e+02
4.803333885336687672e+02
4.803440219145603578e+02
4.808359907815781185e+02
4.815550939977970870e+02
4.843959400369320178e+02
4.877058548406631644e+02
4.900232985388594784e+02
4.900651987262597800e+02
4.903945001990742867e+02
4.905923010837469747e+02
4.907974353345517216e+02
4.913806712764319400e+02
4.914972384644501631e+02
4.936344480232085061e+02
4.936411813866570810e+02
4.938522489973324241e+02
4.954556561686374039e+02
4.957237907012135452e+02
4.987421375342281635e+02
4.994671074433527451e+02
4.994847741890346811e+02
5.008849804515152186e+02
5.012911489347872589e+02
5.016584839110415146e+02
5.029246229072339247e+02
5.030362234063717892e+02
5.052432999442797268e+02
5.056434684007164151e+02
5.058117024864836822e+02
5.087209154980594121e+02
5.087299155383124685e+02
5.094398853803486986e+02
5.117808291836501553e+02
5.122440979223054001e+02
5.135188036234795845e+02
5.140352392665926118e+02
5.149536767076755268e+02
5.157357468721834266e+02
5.159794479621466508e+02
5.160683483597573513e+02
5.185469927789306439e+02
5.185767262452480963e+02
5.186833267220230255e+02
5.187813938272989844e+02
5.203232007230942600e+02
5.206609689004430948e+02
5.207212358366560920e+02
5.229775792615788532e+02
5.240291506314420076e+02
5.242465182702944730e+02
5.256857913741698667e+02
5.258183919672313777e+02
5.258390253928486118e+02
5.258706588676639058e+02
5.272204982382097569e+02
5.304797128151819834e+02
5.321140534581717247e+02
5.380853468316953467e+02
5.390179510028061713e+02
5.396871206623618491e+02
5.405950247230003924e+02
5.411355271404198675e+02
5.423893660815998601e+02
5.427231675745408666e+02
5.453872794898917391e+02
5.453926461805610870e+02
5.459316152577894172e+02
5.460301156983366582e+02
5.464947511097711867e+02
5.473834217510540157e+02
5.476979564911570151e+02
5.498970996602492960e+02
5.510423381157090716e+02
5.510488381447808024e+02
5.510611381997932767e+02
5.510704049079056404e+02
5.520354425574098514e+02
5.523106771217411506e+02
5.524145442529579668e+02
5.524186109378130141e+02
5.525221447342055399e+02
5.525286447632771569e+02
5.530857472549411114e+02
5.574396333945439892e+02
5.574574334741555504e+02
5.575827673680498719e+02
5.585267382566655670e+02
5.586575055081941628e+02
5.587695060091209598e+02
5.608467152995257266e+02
5.611396832765037743e+02
5.612448504135348912e+02
5.613823176950295419e+02
5.614553513550089292e+02
5.614686514144940475e+02
5.615783185716516073e+02
5.629199579055224376e+02
5.629516913807850642e+02
5.633578265305746982e+02
5.643724977354003158e+02
5.649793004493507169e+02
5.650183672907453456e+02
5.654362358263463193e+02
5.661857725120136138e+02
5.662254726895743033e+02
5.696642547363361473e+02
5.697272550181075985e+02
5.697995220079912997e+02
5.698809890390226656e+02
5.727968020801173452e+02
5.729872029316931048e+02
5.734019714534291552e+02
5.757339818834424250e+02
5.762075173346826205e+02
5.785759612609795113e+02
5.790047965122963660e+02
5.830772480598378706e+02
5.830859480987492134e+02
5.831153815637248954e+02
5.832165153493833714e+02
5.832857156588845555e+02
5.850919570707075081e+02
5.886868064821537700e+02
5.899190453267264047e+02
6.013741965603649078e+02
6.027229692594734161e+02
6.027449360243873571e+02
6.027649027803562376e+02
6.027720028121112819e+02
6.028076029713345179e+02
6.049071456949596950e+02
6.057996496867207270e+02
6.074376903462589325e+02
6.075919243694102079e+02
6.076134911325351595e+02
6.098557678278772300e+02
6.102762363751069188e+02
6.103198365701106241e+02
6.108616723268268061e+02
6.120550776643816562e+02
6.121449780664650007e+02
6.147908232334503964e+02
6.148560568585438659e+02
6.149686906956366101e+02
6.150583910968254031e+02
6.151041246347039078e+02
6.154015592983259921e+02
6.157701276134297359e+02
6.159708285110729094e+02
6.160162953810919362e+02
6.160268620950187142e+02
6.175205687756837278e+02
6.175747023511316911e+02
6.176242025725235862e+02
6.176422026530295852e+02
6.180383377580936894e+02
6.184043727285336445e+02
6.184120394294899370e+02
6.191170759161281012e+02
6.193607770060913253e+02
6.196021114188027923e+02
6.197576121142860757e+02
6.200254133120380402e+02
6.200823135665268637e+02
6.204057483464356437e+02
6.205415822872918170e+02
6.210217511015334821e+02
6.216912540959133366e+02
6.236179960466798775e+02
6.256120049649674684e+02
6.265435757981232427e+02
6.268087769842466059e+02
6.287155521790442663e+02
6.287550856891928106e+02
6.287721190987087994e+02
6.288184526392707312e+02
6.289204864289545185e+02
6.290296535838758700e+02
6.291919876432549472e+02
6.293807884876746357e+02
6.294192886598682435e+02
6.310425292532122512e+02
6.313690973804684745e+02
6.313949974963078375e+02
6.323326016897814270e+02
6.326821365864241216e+02
6.339316088414071828e+02
6.345266448360636105e+02
6.346455120343687213e+02
6.347170456876393700e+02
6.349306466429784450e+02
6.350886140161608182e+02
6.355458160610157847e+02
6.356386831430343136e+02
6.360500183160812639e+02
6.360692850689192710e+02
6.366825211449764765e+02
6.366973545446527396e+02
6.367050212456091458e+02
6.367180213037523799e+02
6.367378213923091153e+02
6.368454552070390946e+02
6.384422956823076447e+02
6.384556624087575756e+02
6.384674291280513216e+02
6.386548632996916695e+02
6.388141306786883433e+02
6.389683980353221386e+02
6.394986670736391261e+02
6.422970462561726208e+02
6.426695812556841929e+02
6.427395149017986569e+02
6.435749519716588338e+02
6.449111246144130973e+02
6.449356247239908271e+02
6.457121281969347137e+02
6.459897961054826965e+02
6.460084628556371626e+02
6.463705644751516957e+02
6.463865312132302279e+02
6.463942979146337393e+02
6.465087317597772198e+02
6.466078322030080017e+02
6.490221430011131361e+02
6.491047433705466574e+02
6.509398849116266774e+02
6.509874851245206173e+02
6.511823193292580072e+02
6.531555614879986251e+02
6.531592615045470893e+02
6.547371685618018091e+02
6.558653069407807834e+02
6.559389406034438252e+02
6.559507739897023839e+02
6.559570740178794495e+02
6.561145413888255007e+02
6.562136084985738762e+02
6.574182138862214515e+02
6.574378139738836353e+02
6.575854813009985946e+02
6.584854853263038876e+02
6.586002525062715449e+02
6.587623532312737780e+02
6.601934596319563298e+02
6.602213597567408669e+02
6.609635964097584520e+02
6.610495301274338544e+02
6.612333309494906644e+02
6.613087646202041014e+02
6.618438003465068959e+02
6.623270691746133707e+02
6.630082722213223860e+02
6.631935397166055282e+02
6.633164402662832799e+02
6.634303407757081459e+02
6.635008744245060370e+02
6.636917086113531923e+02
6.663362537725244010e+02
6.672761913097673414e+02
6.676314262319035606e+02
6.679884278286078825e+02
6.681293617922742669e+02
6.682761957823287275e+02
6.685665304141957677e+02
6.715532437723949215e+02
6.716660442768999246e+02
6.739736879312650899e+02
6.755654617172059488e+02
6.756442287361614945e+02
6.759701635272516569e+02
6.760967307599954665e+02
6.762156646252655037e+02
6.776617710930365774e+02
6.785078748772707513e+02
6.786511755181888930e+02
6.797246803194835820e+02
6.797344470298322676e+02
6.799104478170030461e+02
6.807834517215492269e+02
6.808244519049241035e+02
6.809995860215522043e+02
6.812326870641062442e+02
6.831535623219670015e+02
6.877822163571473766e+02
6.907718963952818285e+02
6.934668084483877237e+02
6.934833418556673905e+02
6.936224424778007460e+02
6.954319172374182472e+02
6.956439848525660636e+02
6.957511186650597210e+02
6.961304203615023880e+02
6.963229545559529470e+02
6.969205905622379760e+02
6.998210368679376643e+02
7.006708740022028223e+02
7.016024781688410030e+02
7.018337792033445339e+02
7.058988973847539228e+02
7.062921991438124678e+02
7.065129001309067007e+02
7.066695674982746596e+02
7.107587857874729025e+02
7.113682551800166038e+02
7.115154225048952412e+02
7.119283243516158564e+02
7.131191963445069177e+02
7.169468134636830428e+02
7.176796167411761189e+02
7.191465233019764582e+02
7.196533255686706525e+02
7.217240348300035748e+02
7.218285019639038183e+02
7.232257748799315777e+02
7.233158086159444338e+02
7.234197757476084689e+02
7.238843778255604775e+02
7.246116144114895405e+02
7.247129148645600480e+02
7.247453150094711418e+02
7.253464843648926035e+02
7.257556528615823481e+02
7.262115882341054203e+02
7.264566559968478714e+02
7.273808934638715300e+02
7.284425648789076604e+02
7.285713654549736020e+02
7.309191426221708525e+02
7.339626562344116110e+02
7.359563984848398377e+02
7.393843804832980595e+02
7.393946805293653597e+02
7.394700475331140979e+02
7.400266833560242503e+02
7.449508720463288682e+02
7.468683806224653381e+02
7.469653477228214342e+02
7.470809482398495902e+02
7.471085816967746496e+02
7.471186817419475119e+02
7.471357484849459070e+02
7.471878153844838835e+02
7.472661157346855134e+02
7.498408272501894771e+02
7.532171756843811181e+02
7.535464771571955680e+02
7.540103458985344105e+02
7.578916299244046968e+02
7.586558666758186291e+02
7.630580196979636867e+02
7.631342200387729235e+02
7.632091203737677461e+02
7.637212559976488819e+02
7.653752967287479123e+02
7.654007301758333597e+02
7.658031653090745294e+02
7.676401401916875784e+02
7.678616078488773837e+02
7.697321162148035683e+02
7.708736213202324734e+02
7.713457900986935556e+02
7.723530612704223586e+02
7.724506617069442882e+02
7.724632617632985330e+02
7.724734284754363216e+02
7.725966290264558438e+02
7.726127957654289276e+02
7.730465310386612146e+02
7.730607311021716441e+02
7.734673995876800063e+02
7.758630436356305609e+02
7.773669503619157695e+02
7.774638507953069393e+02
7.793888927384700764e+02
7.794632264042638781e+02
7.803407969959014281e+02
7.809710998149568013e+02
7.810301667458027168e+02
7.810491668307814734e+02
7.815928359290306844e+02
7.833515437949245097e+02
7.854048863119172665e+02
7.869545265760809798e+02
7.870037267961308771e+02
7.905899428356308363e+02
7.931041540805447312e+02
7.955882985243171106e+02
7.955936318815040522e+02
7.980759096502608827e+02
8.008266219529357386e+02
8.012561572073832394e+02
8.056251767480042645e+02
8.080676543387530728e+02
8.080800210607304734e+02
8.080894877697373886e+02
8.082257883793474775e+02
8.087362906625900223e+02
8.097828620100904118e+02
8.110524343549720925e+02
8.171103614493019904e+02
8.177960978496197413e+02
8.183318669125357019e+02
8.183772671155901435e+02
8.196177726638026115e+02
8.201811751836437452e+02
8.252522978644500427e+02
8.264963700952812360e+02
8.266894042919680032e+02
8.268220382185120343e+02
8.278121093133128170e+02
8.295617838054710091e+02
8.308934230946163098e+02
8.309293232551813162e+02
8.317881270962170674e+02
8.325919306912619504e+02
8.326081307637174405e+02
8.326124641164319655e+02
8.343152050653446850e+02
8.352976094591890615e+02
8.354500434742897141e+02
8.380786552308647970e+02
8.395056616132100089e+02
8.395762285954904200e+02
8.424913749669366325e+02
8.429729437874398172e+02
8.445292840815695854e+02
8.447023848557699921e+02
8.457557562336837691e+02
8.458192565176915423e+02
8.458479566460539445e+02
8.496886071568559373e+02
8.497001405417727256e+02
8.497136739356348016e+02
8.498981747608223714e+02
8.499358082624730741e+02
8.499852084834176367e+02
8.499976085388773299e+02
8.500081752528041079e+02
8.500298753498586848e+02
8.500454754196306340e+02
8.501692093063688844e+02
8.502962432078666097e+02
8.525967534969942108e+02
8.526750538471958407e+02
8.527344207793835267e+02
8.527454208285817003e+02
8.536610582571414625e+02
8.537883921599808446e+02
8.598090524209667365e+02
8.598108190955348391e+02
8.599819865277549980e+02
8.603407881325099424e+02
8.618813950229381362e+02
8.691120273622409513e+02
8.724265421865459302e+02
8.724492422880730373e+02
8.786120698515745744e+02
8.792599727493471846e+02
8.837038592914805122e+02
8.844857294550939741e+02
8.910215920203434052e+02
8.918185622514924944e+02
8.942037395859634898e+02
8.983088912797579724e+02
9.055931238587900225e+02
9.058878585103362866e+02
9.071823976335494990e+02
9.076891999002435796e+02
9.136522932370924082e+02
9.183641476443897318e+02
9.204773570958066102e+02
9.210860264847724466e+02
9.236706380445546074e+02
9.242317405541087965e+02
9.250673442913812323e+02
9.266764181546974442e+02
9.283660590450197105e+02
9.284939929505426335e+02
9.288048276740971687e+02
9.290499621038044324e+02
9.291391291692744971e+02
9.329424128462849239e+02
9.329524462244929737e+02
9.357111252294657788e+02
9.369014305531558193e+02
9.369316640217094800e+02
9.370085310321670704e+02
9.402684789457525767e+02
9.419906866483978547e+02
9.514766290746683808e+02
9.515566294324733008e+02
9.521550987758189422e+02
9.523058994502811174e+02
9.621374434222689160e+02
9.633120153422572685e+02
9.635404496972727202e+02
9.640011850912641194e+02
9.678065354441846466e+02
9.694556094864033184e+02
9.753881360198740822e+02
9.755219366183027887e+02
9.756772373128916342e+02
9.762519398832727120e+02
9.763700404114821367e+02
9.793298203158871047e+02
9.811234616713556989e+02
9.812958624424253458e+02
9.821290328354810981e+02
9.822171332295137063e+02
9.833133381323356161e+02
9.835191390527887734e+02
9.840017412112468946e+02
9.841018416589503204e+02
9.846604108238406070e+02
9.847100443791622411e+02
9.847577112590208799e+02
9.852784802548484322e+02
9.865175857967993807e+02
9.865780194004244095e+02
9.894713656743688261e+02
9.894971991232433766e+02
9.896293663810336056e+02
9.906232041593475515e+02
9.907165712436024023e+02
9.907323713142689030e+02
9.909394722405363609e+02
9.910223726113117664e+02
9.918437762850737727e+02
9.948849565535451802e+02
9.950389572423196114e+02
9.955382261419871384e+02
9.959790947804569896e+02
9.962616960444028109e+02
9.964362968253120698e+02
9.969721325551929567e+02
9.977454693473071075e+02
9.983199052498288211e+02
9.987155403526564896e+02
9.987595072159668916e+02
1.003474528304094065e+03
1.003583295457226313e+03
1.004959901614154319e+03
1.004981901712550780e+03
1.004997135114016032e+03
1.005398903577608849e+03
1.006187907106459875e+03
1.006208773866453953e+03
1.006218273908943274e+03
1.006912210345936046e+03
1.007665747049493461e+03
1.008698185000448461e+03
1.008739351851235483e+03
1.010253225288763929e+03
1.011789198825135827e+03
1.012604002469378884e+03
1.012927003914016268e+03
1.013230771939297938e+03
1.013338539087957656e+03
1.014154442737120576e+03
1.014215943012183175e+03
1.014272876600154291e+03
1.014371343707219125e+03
1.014607911431944672e+03
1.014617111473092336e+03
1.014908046107642917e+03
1.014918146152815780e+03
1.019225732085338905e+03
1.019779301227866540e+03
1.020065969176667522e+03
1.020209903153751497e+03
1.020829472591468175e+03
1.022811281455190397e+03
1.025014757976997089e+03
1.026254030186360069e+03
1.026305263748837660e+03
1.026802165971253544e+03
1.027277868098850831e+03
1.027284468128370008e+03
1.027626069656196933e+03
1.027713336713169156e+03
1.027770836970341406e+03
1.028414973184600740e+03
1.028838708413107270e+03
1.028979309041949364e+03
1.029057876060010130e+03
1.029125209694496107e+03
1.029666578782458373e+03
1.029680112176320563e+03
1.033137694307166385e+03
1.035370504293501654e+03
1.036354142026195632e+03
1.036468842539198249e+03
1.037677347944288840e+03
1.038160283437571252e+03
1.038171050152392581e+03
1.038250050505724857e+03
1.038257517205786598e+03
1.038270517263929833e+03
1.040653394588113997e+03
1.040908629062994351e+03
1.041110729966899044e+03
1.041236263861687803e+03
1.043015038483997614e+03
1.043124272305883778e+03
1.043133039011759820e+03
1.043345739963073584e+03
1.044774879688293595e+03
1.045155348056620824e+03
1.045422549251689361e+03
1.045539449774531704e+03
1.045797050926663360e+03
1.045843484467672852e+03
1.045873284600955230e+03
1.045986718441625953e+03
1.046203786079136762e+03
1.046226686181558307e+03
1.046237219562002792e+03
1.046590387808229025e+03
1.046691388259957648e+03
1.047525858658827701e+03
1.047532325354417026e+03
1.047979127352757359e+03
1.050866573600313814e+03
1.053492052009541339e+03
1.053518552128064357e+03
1.053563418995399843e+03
1.055132192678471711e+03
1.055249326535691125e+03
1.055526927777274295e+03
1.055544861190815709e+03
1.057557370191845393e+03
1.058696775287881792e+03
1.058779975659999081e+03
1.059128277217792402e+03
1.061365687224701333e+03
1.061622255038878166e+03
1.063099794980569868e+03
1.063260229031451445e+03
1.063527596893931559e+03
1.068011250280590730e+03
1.068015316965445663e+03
1.068152150910774481e+03
1.069635790879749266e+03
1.071381498687499743e+03
1.071544999418763382e+03
1.073921676715217927e+03
1.074112844236889259e+03
1.074125977628962119e+03
1.074140511027296725e+03
1.074560779573631635e+03
1.074779380551333816e+03
1.074787480587561504e+03
1.075964952520520228e+03
1.076072086333013885e+03
1.076085953061700138e+03
1.079397301205175154e+03
1.079404001235141322e+03
1.079497134985019102e+03
1.079564635286917110e+03
1.079721102653390517e+03
1.080171771335691801e+03
1.087149602544330946e+03
1.087861305727452873e+03
1.087880172478501891e+03
1.089804981087288070e+03
1.089810581112334376e+03
1.099040789061488567e+03
1.099428657462912724e+03
1.099477091012867277e+03
1.099551091343836788e+03
1.099690925302583310e+03
1.100140160645140440e+03
1.100411528525511130e+03
1.100807930298434258e+03
1.100859863864042609e+03
1.101103731621418092e+03
1.102624438422842331e+03
1.102734338914376622e+03
1.103824777124740194e+03
1.103888077407853189e+03
1.104077211587097054e+03
1.104466979997019052e+03
1.104912481989545313e+03
1.104985915651313690e+03
1.106381121891431349e+03
1.106912490934668085e+03
1.106959924480149994e+03
1.106979691235224209e+03
1.107007658026973559e+03
1.107089425059346695e+03
1.107444293313176331e+03
1.107589727296969158e+03
1.108456797841644629e+03
1.112543749454038334e+03
1.112652016604934715e+03
1.112791683896268751e+03
1.112801083938310967e+03
1.120817519792152552e+03
1.123567098756425139e+03
1.128948956160338639e+03
1.130616563618782038e+03
1.132226437485676342e+03
1.132247570913529898e+03
1.132275671039208873e+03
1.132323771254339135e+03
1.132392104893297528e+03
1.132489171994100616e+03
1.132665772783954935e+03
1.132954940743937414e+03
1.133322442387603814e+03
1.133359509220053496e+03
1.133368642594236007e+03
1.133705377433629792e+03
1.133793944496416316e+03
1.133873378185020329e+03
1.133913045029098384e+03
1.133932845117655233e+03
1.134018945502742781e+03
1.134026712204146179e+03
1.134090412489048276e+03
1.134100612534668699e+03
1.134105545890066423e+03
1.134120112621883436e+03
1.134127045986226676e+03
1.134142846056893177e+03
1.134151112760532897e+03
1.134194546288124684e+03
1.134224613089266313e+03
1.134265213270852200e+03
1.134306980124322763e+03
1.134347913640733168e+03
1.134423280644481792e+03
1.134426747326653185e+03
1.134450547433100155e+03
1.134455447455015928e+03
1.134527614444452183e+03
1.134553381226362035e+03
1.134614481499635531e+03
1.135085316938799906e+03
1.135180150696281089e+03
1.135513885522257397e+03
1.135730819825838125e+03
1.137119659370813906e+03
1.138962367612402886e+03
1.142695050973650723e+03
1.143633455170702291e+03
1.145347929505426464e+03
1.147469705661824719e+03
1.147554472707615787e+03
1.147890407543431593e+03
1.147986841308068961e+03
1.148028308160197639e+03
1.148231775736881445e+03
1.150966821302819426e+03
1.156420179026521282e+03
1.161254900650014179e+03
1.161258333998703165e+03
1.161369434495604764e+03
1.161392901267227444e+03
1.162600806669634494e+03
1.169567771163005091e+03
1.169586571247089296e+03
1.177361406020359937e+03
1.177380006103549704e+03
1.177475006528443146e+03
1.177517940053798384e+03
1.177646907297276357e+03
1.177659140685324019e+03
1.177671074072030024e+03
1.177759474467404516e+03
1.177773341196090541e+03
1.177779274555960910e+03
1.177796541299853970e+03
1.177808474686559975e+03
1.178728245466939597e+03
1.181904726340548450e+03
1.184566504912130085e+03
1.185016706925677227e+03
1.187441617771191659e+03
1.190475064671741848e+03
1.192294572809567399e+03
1.193355577554955062e+03
1.193491211494916797e+03
1.193834013028110803e+03
1.193840913058971410e+03
1.194025047215852510e+03
1.194096714203052670e+03
1.194245881536876595e+03
1.194905284486083474e+03
1.194968584769196696e+03
1.195196219120633941e+03
1.197823530871394723e+03
1.198005831686742567e+03
1.200092174351329959e+03
1.200138241224032527e+03
1.200657343545739195e+03
1.200831544324859578e+03
1.200906144658512630e+03
1.203265888545898406e+03
1.203542489783008705e+03
1.203756657407549028e+03
1.203805657626704487e+03
1.203823991042034777e+03
1.203884557979589545e+03
1.204787895353136719e+03
1.206944704999557189e+03
1.207652874833542683e+03
1.210891655985792568e+03
1.211076723480181272e+03
1.214592205869988447e+03
1.217132317230741819e+03
1.217434818583691822e+03
1.217529785675102630e+03
1.217789886838415669e+03
1.218038221282435188e+03
1.219186759752654325e+03
1.221414436382697204e+03
1.222443840986752093e+03
1.224238215678833740e+03
1.224436983234496438e+03
1.224534850338877959e+03
1.224774284743091584e+03
1.225518454738089304e+03
1.225576754998839533e+03
1.225629621901955716e+03
1.225937256611197881e+03
1.226174457672089602e+03
1.227261795868588024e+03
1.228919703283647550e+03
1.230009574824809988e+03
1.231499948157233121e+03
1.232100584176936081e+03
1.232339818580255042e+03
1.232397452171357145e+03
1.232635353235379398e+03
1.232780520551312975e+03
1.233953725798522100e+03
1.235616299901120328e+03
1.235773100602417799e+03
1.235863601007184798e+03
1.236365769919822696e+03
1.236656504553478499e+03
1.236897505631365902e+03
1.237277807332281100e+03
1.237728176013240272e+03
1.237814609733152110e+03
1.238012677285684049e+03
1.238749280580172808e+03
1.241089224379001735e+03
1.241181091456547620e+03
1.241633460146452080e+03
1.242940465992089912e+03
1.243698336048361625e+03
1.248272189838445684e+03
1.248637991474508681e+03
1.249012126481176210e+03
1.249250194212610722e+03
1.249379694791807651e+03
1.249511428714326257e+03
1.249555728912460836e+03
1.249633662594355656e+03
1.249669696088850287e+03
1.249709929602129705e+03
1.249715829628517668e+03
1.249723229661614823e+03
1.249732396369279968e+03
1.249745763095729899e+03
1.249840463519281457e+03
1.249895797100096615e+03
1.249911230502456419e+03
1.250010197611757576e+03
1.250179965037716102e+03
1.250349332461885524e+03
1.250632067059761084e+03
1.250806767841117562e+03
1.250911768310736534e+03
1.250926635043895203e+03
1.253303045672490271e+03
1.254755885503710033e+03
1.258200700910789692e+03
1.259001971161170559e+03
1.259052304719622953e+03
1.259264372334770769e+03
1.259348172709571372e+03
1.259747041160193703e+03
1.259969142153549683e+03
1.260180543099049146e+03
1.267715943468106161e+03
1.269140283171858073e+03
1.270252154811416631e+03
1.270816324001353223e+03
1.270884990975135906e+03
1.271036358318799103e+03
1.271108858643059875e+03
1.271147758817042359e+03
1.271164192223875034e+03
1.271229425848968276e+03
1.271339426340950240e+03
1.271754528197510353e+03
1.272091929706552492e+03
1.272498831526437925e+03
1.274058805170151345e+03
1.276768383955521585e+03
1.277473753776983813e+03
1.277879688925878781e+03
1.279398295717910742e+03
1.281153070232879145e+03
1.281165570288786284e+03
1.282976911723419107e+03
1.286089592311678643e+03
1.286202926151902147e+03
1.286225559586464669e+03
1.286313093311296370e+03
1.286362660199652737e+03
1.286412960424622497e+03
1.286664561549918972e+03
1.286853495728268399e+03
1.289145105977590219e+03
1.290633512634550470e+03
1.290826280163377987e+03
1.291981918665352396e+03
1.292305253444813843e+03
1.294309929077475545e+03
1.294344129230437147e+03
1.295437634121183009e+03
1.296523205643113215e+03
1.296754173342792683e+03
1.299226484400306163e+03
1.302280731393885617e+03
1.302290398103787311e+03
1.306447750031049281e+03
1.306884551984664085e+03
1.307071052818796943e+03
1.307116486355333564e+03
1.307152153181521498e+03
1.308218091282307341e+03
1.308333891800229821e+03
1.309382696491052229e+03
1.310051832817125614e+03
1.310601501942210234e+03
1.313163346733500475e+03
1.313174280115733836e+03
1.313262580510660882e+03
1.313305580702981160e+03
1.313413514519053024e+03
1.313512681629248618e+03
1.313550348464381841e+03
1.315577024195439662e+03
1.315608324335430780e+03
1.316002559431997042e+03
1.317387665626941725e+03
1.317405732374412764e+03
1.317506832826588607e+03
1.318320036463675706e+03
1.318333403190125409e+03
1.320329012115569412e+03
1.320366845618114439e+03
1.320393945739320998e+03
1.320485046146771083e+03
1.320581413244443638e+03
1.320637246827495119e+03
1.320646113533818607e+03
1.320653746901292152e+03
1.320662246939309171e+03
1.320710413821404245e+03
1.322900156948454196e+03
1.324129562447021499e+03
1.324156795902157455e+03
1.324863732397293688e+03
1.326883441430526091e+03
1.326922074936649324e+03
1.328275180988471902e+03
1.329300418907224639e+03
1.329624353689369627e+03
1.329634153733200492e+03
1.330387057100592301e+03
1.331729563105006036e+03
1.332601067002843138e+03
1.333175202904023081e+03
1.333896172795257598e+03
1.333911372863240331e+03
1.347358899674527947e+03
1.347590434043408322e+03
1.351635652135813871e+03
1.351716652498091435e+03
1.351724852534766342e+03
1.351773352751685707e+03
1.351820552962790543e+03
1.351915086718930070e+03
1.352630756586459938e+03
1.352712356951421043e+03
1.352725390343046456e+03
1.352741523748537247e+03
1.352745023764191046e+03
1.352771257214854813e+03
1.352801824018232765e+03
1.352837224176561449e+03
1.352852790912850878e+03
1.352863724295084239e+03
1.352877824358147336e+03
1.352903657807022000e+03
1.353066525202119692e+03
1.353070858554834103e+03
1.353354593157182308e+03
1.356604374358629912e+03
1.357310877518494635e+03
1.357330644273569078e+03
1.357369611114516601e+03
1.357460644855001874e+03
1.357519411784506246e+03
1.357593645449852602e+03
1.357661579087022119e+03
1.357677645825547870e+03
1.361134127951474056e+03
1.361299128689446661e+03
1.361307228725674349e+03
1.361342162215249346e+03
1.361910398090040871e+03
1.362410900328558000e+03
1.362415400348684670e+03
1.363270237505312480e+03
1.363289070922879091e+03
1.363972440645945198e+03
1.364026374220498610e+03
1.364471709545612612e+03
1.364827611137397298e+03
1.365919182686162912e+03
1.367027854311409328e+03
1.369177797260451598e+03
1.369185730629267255e+03
1.369281464390773863e+03
1.369308797846357265e+03
1.369321731237535460e+03
1.369327697930888689e+03
1.369429365052265439e+03
1.369521232129811779e+03
1.369542932226866242e+03
1.369595532462122947e+03
1.370938038466536682e+03
1.372328411351703608e+03
1.373607750406933974e+03
1.374192786356864644e+03
1.374238953230014658e+03
1.374750455517729961e+03
1.375027090088322666e+03
1.375034190120077938e+03
1.376526696795375983e+03
1.376737031069437990e+03
1.379504643447699209e+03
1.380983083393416337e+03
1.381587452763149940e+03
1.381842087235346753e+03
1.381864654002944008e+03
1.385860071872616118e+03
1.389921856705783739e+03
1.391099295305259830e+03
1.391175695646963732e+03
1.392259467160843315e+03
1.394107275425242506e+03
1.396056517476641602e+03
1.396240584966557662e+03
1.396330052033369384e+03
1.396401585686640146e+03
1.396617553319231092e+03
1.400137969064436220e+03
1.401071573240019688e+03
1.401119273453360847e+03
1.401148740251818936e+03
1.401177240379286786e+03
1.401229907281508531e+03
1.401659475869438438e+03
1.402924714861605480e+03
1.404638522526681299e+03
1.404673456016256296e+03
1.404897857019898993e+03
1.405601593500722856e+03
1.405643160353299209e+03
1.405653627066778654e+03
1.406935499466672809e+03
1.407440668392728185e+03
1.407974604114111344e+03
1.409395710470068252e+03
1.409690511788579443e+03
1.410393014930553818e+03
1.410803950101811779e+03
1.410812250138933905e+03
1.410904917220057996e+03
1.411192785174225946e+03
1.411196751858633661e+03
1.411204185225213223e+03
1.411337185820063951e+03
1.413841563687664348e+03
1.413846597043509519e+03
1.413858697097627783e+03
1.413899297279213442e+03
1.413915630685598899e+03
1.413985797666090093e+03
1.414001731070686446e+03
1.414013197788638308e+03
1.414027364518666218e+03
1.415084069244821876e+03
1.415332203687946730e+03
1.418055615868520817e+03
1.418291450256633198e+03
1.418670918620487782e+03
1.423170538745225258e+03
1.423536740383077131e+03
1.426655387664689670e+03
1.426744421396230109e+03
1.426775621535774007e+03
1.426857821903418653e+03
1.426886522031781169e+03
1.426935855585760919e+03
1.427052889442532887e+03
1.427551225004692697e+03
1.427961093504513201e+03
1.428265361532031193e+03
1.428283861614773741e+03
1.428294094993876342e+03
1.428329161817380736e+03
1.428417528879272595e+03
1.430229970318825281e+03
1.431624543222777220e+03
1.431797543996530521e+03
1.431804944029627450e+03
1.431832077484316187e+03
1.433082816411631029e+03
1.436775966262730208e+03
1.436882533406022731e+03
1.441482420645875891e+03
1.441488454006193706e+03
1.441933789331307707e+03
1.441986222899152153e+03
1.447322813433941064e+03
1.447692748421824035e+03
1.448152583811790237e+03
1.448216384097139780e+03
1.448362084748791858e+03
1.448377251483292412e+03
1.448385384853002506e+03
1.448397818241944833e+03
1.448547918913276362e+03
1.448576019038955337e+03
1.450840529167070599e+03
1.451027596670404364e+03
1.451090163616904420e+03
1.451453065239996931e+03
1.451737633179405293e+03
1.451791233419134869e+03
1.451833000272605432e+03
1.451844033655286012e+03
1.451907067270539983e+03
1.451949234125799421e+03
1.452011401070510374e+03
1.452037567854209101e+03
1.452139768311305033e+03
1.452167635102606937e+03
1.452178368483945633e+03
1.452187101856339268e+03
1.452197968571608044e+03
1.452212335302530391e+03
1.452286468967429755e+03
1.452382436063312980e+03
1.454020676723745737e+03
1.454139643922497953e+03
1.454229577658063818e+03
1.454676946325605286e+03
1.456330787055809878e+03
1.457333391539999866e+03
1.460638939657534138e+03
1.460672806475671678e+03
1.465744295824784558e+03
1.465780129318384752e+03
1.466229131326564811e+03
1.466542599395230354e+03
1.466630533121850931e+03
1.466637399819229358e+03
1.466653199889895632e+03
1.466758600361303479e+03
1.466762867047053305e+03
1.466872367536798720e+03
1.466927901118508316e+03
1.468133039841874506e+03
1.468168840001992294e+03
1.468192540107992045e+03
1.468272740466691175e+03
1.468286507194930209e+03
1.468361840865196655e+03
1.468396607687359392e+03
1.468436707866708957e+03
1.468498708144007878e+03
1.468527641606747238e+03
1.468546508357796256e+03
1.468569641794594872e+03
1.468618775347680184e+03
1.468633042078155086e+03
1.468721509140494618e+03
1.470045048393411889e+03
1.471244853759591251e+03
1.471264620514665467e+03
1.471350254230999099e+03
1.471519754989098374e+03
1.471587288624478560e+03
1.471598455341088993e+03
1.471617422092585230e+03
1.471623522119867630e+03
1.471641755534750928e+03
1.471685355729754519e+03
1.471695422441445089e+03
1.471716922537604887e+03
1.471753889369607350e+03
1.471807522942819105e+03
1.471821923007223859e+03
1.471882456611296448e+03
1.475821440895233536e+03
1.478544853075807168e+03
1.480631329074324412e+03
1.484232878515736729e+03
1.484544613243316462e+03
1.484685947208771950e+03
1.484790981011873328e+03
1.484797881042734161e+03
1.484857947978052607e+03
1.484925714947809638e+03
1.484981048528625024e+03
1.485039382122857432e+03
1.485085448995560228e+03
1.485100282395236718e+03
1.485143682589345872e+03
1.492291981227074302e+03
1.492583215862966654e+03
1.492721883149828273e+03
1.492836183661042242e+03
1.494077622546762541e+03
1.498082107123652349e+03
1.499169711988010022e+03
1.499269712435266229e+03
1.499300945908292533e+03
1.499310479284264375e+03
1.499314445968672089e+03
1.499362912852109048e+03
1.499443679880009540e+03
1.499465079975722347e+03
1.499504546818906192e+03
1.499547580344708649e+03
1.501348488399344660e+03
1.501883224124305571e+03
1.501891824162769581e+03
1.502021791410720198e+03
1.502111091810119888e+03
1.502234992364270283e+03
1.505940608937793968e+03
1.506947546774698594e+03
1.507023780448990010e+03
1.507035813836143234e+03
1.507062813956902346e+03
1.507147314334833936e+03
1.507184281166836172e+03
1.507213647964847041e+03
1.507265814864832464e+03
1.507298348343673069e+03
1.507303681700860125e+03
1.507339281860083247e+03
1.507392582098470712e+03
1.507397582120833704e+03
1.507446915674813454e+03
1.507502682590899894e+03
1.507548982797979306e+03
1.507561982856122540e+03
1.507596216342566549e+03
1.507664283313665692e+03
1.507679350047718799e+03
1.507720583565470861e+03
1.507741383658500126e+03
1.507751583704120321e+03
1.508010084860277402e+03
1.508017184892032674e+03
1.508029951615799064e+03
1.508119918684847107e+03
1.508185452311282233e+03
1.508205885736005030e+03
1.512081769737723562e+03
1.512205770292321176e+03
1.512447738041198363e+03
1.513110274337752799e+03
1.513119874380689453e+03
1.513122374391871062e+03
1.513217908152482778e+03
1.513256174990299542e+03
1.513304175204982585e+03
1.513331041991812072e+03
1.513379808876590687e+03
1.513396642285212010e+03
1.513434342453827639e+03
1.513444742500342272e+03
1.513494842724417595e+03
1.513579676437173021e+03
1.513588243142154852e+03
1.513628409988469457e+03
1.514968182647324738e+03
1.515159116834618999e+03
1.515959353747045270e+03
1.516536889663431793e+03
1.517298426402769792e+03
1.517303526425580003e+03
1.517312793133692367e+03
1.518211597153630464e+03
1.518484198372850869e+03
1.518566432073977694e+03
1.518698932666592100e+03
1.518802299795572480e+03
1.518826466570326147e+03
1.518876066792165147e+03
1.518898266891456160e+03
1.520295573140966098e+03
1.522377515785874266e+03
1.525718230727360151e+03
1.527430071716973316e+03
1.527442871774222340e+03
1.528422042820271827e+03
1.528749077616281966e+03
1.529275413303673304e+03
1.529297680069929129e+03
1.529335246904614905e+03
1.530024149985762506e+03
1.530868253761051619e+03
1.531115821534975566e+03
1.531163521748316725e+03
1.532408293982278565e+03
1.533977134332315700e+03
1.536777313522899703e+03
1.538265420178518525e+03
1.538654055250038027e+03
1.538778489139907151e+03
1.538993123433201390e+03
1.539112690634637374e+03
1.539165157535964227e+03
1.539998227928572987e+03
1.542058770477768121e+03
1.542184971042205234e+03
1.542193804415046316e+03
1.542207504476320310e+03
1.542336238385421439e+03
1.544739949136117502e+03
1.544807816106321980e+03
1.545283018231683172e+03
1.545521385964459341e+03
1.545734353583632355e+03
1.545742053618071168e+03
1.546028454899012786e+03
1.547161293299012868e+03
1.548729533646366235e+03
1.548949501296847075e+03
1.548955434656717671e+03
1.548970368056841380e+03
1.548992534822649759e+03
1.549081935222496895e+03
1.549154068878450971e+03
1.549207369116838436e+03
1.549213002475367148e+03
1.549260169352989578e+03
1.549345036399227638e+03
1.553877023335393687e+03
1.553950656998056729e+03
1.554026390670112050e+03
1.554129957799986869e+03
1.554189024730832898e+03
1.554541292973033705e+03
1.554640260082335089e+03
1.554651993468146429e+03
1.554695326995290770e+03
1.554727360471895054e+03
1.554734927172404014e+03
1.554749827239045317e+03
1.554760093951630324e+03
1.554792960765295220e+03
1.554806294158262745e+03
1.554827027584327197e+03
1.554839360972822078e+03
1.554851894362211397e+03
1.554874761131150763e+03
1.554897861234466745e+03
1.554933961395926190e+03
1.554983394950353158e+03
1.560187084890738788e+03
1.560237951784909910e+03
1.560307652096647416e+03
1.560383752437009434e+03
1.560423519281534709e+03
1.560484286219984142e+03
1.560507919659018853e+03
1.560585220004747953e+03
1.562695562776676752e+03
1.563584466752336539e+03
1.564534070999480946e+03
1.564792238820813964e+03
1.565333241240469533e+03
1.565346607966919692e+03
1.567039715539413237e+03
1.567719718580755170e+03
1.569501393216035240e+03
1.569631627131845335e+03
1.570659498395708852e+03
1.570803665707169785e+03
1.570909799515190798e+03
1.571234600967879032e+03
1.571831936972822405e+03
1.572312939124124341e+03
1.573119942733481594e+03
1.575008417846431257e+03
1.575371519470418434e+03
1.576615758368661773e+03
1.577679296458713225e+03
1.581502246890350762e+03
1.583363321880752665e+03
1.586977804713343403e+03
1.587920408929179757e+03
1.587983742545775158e+03
1.590586220852133920e+03
1.591623592158486872e+03
1.593195632522835922e+03
1.595386708989183035e+03
1.595464242669288979e+03
1.595546343036485951e+03
1.595591343237751289e+03
1.595670143590189127e+03
1.595760610661473493e+03
1.595831310977683643e+03
1.595902611296577334e+03
1.597950820457277587e+03
1.598022920779749256e+03
1.598078721029318331e+03
1.598109821168415010e+03
1.600004762976953998e+03
1.600262997465251829e+03
1.604409816012069541e+03
1.604569850061161787e+03
1.604642583719799404e+03
1.604684217239340569e+03
1.604731684118304656e+03
1.604737017475491712e+03
1.604768584283342079e+03
1.604777950991901889e+03
1.604827717881152921e+03
1.604934785026681993e+03
1.604967285172040192e+03
1.605107919134364693e+03
1.605200386214594118e+03
1.605283053250992680e+03
1.605321220088361997e+03
1.605353920234614861e+03
1.605522054319934796e+03
1.608034732224657546e+03
1.608179666206214051e+03
1.608892136059431778e+03
1.608940169607597227e+03
1.614198526459149207e+03
1.614260860071272191e+03
1.614298026904169092e+03
1.614343093772399243e+03
1.614352760482300710e+03
1.614407194059090443e+03
1.614511461192096249e+03
1.615972201058649262e+03
1.617027639112472798e+03
1.617049339209527488e+03
1.620510788024334033e+03
1.620543254836210053e+03
1.620623988530627912e+03
1.620714488935394911e+03
1.620778255887261821e+03
1.622914798776371754e+03
1.622976499052328791e+03
1.623084232867506216e+03
1.623125533052222863e+03
1.623196433369327451e+03
1.623223166822227313e+03
1.624056937217966606e+03
1.624658306574282733e+03
1.624836740705669854e+03
1.624879740897990132e+03
1.624960807927232509e+03
1.632739609384910864e+03
1.633280545137601848e+03
1.633346145431001787e+03
1.635044519693717803e+03
1.636835994372829191e+03
1.637663198072532168e+03
1.637808265388018299e+03
1.639540173134047336e+03
1.641938383860144313e+03
1.642177251595156804e+03
1.642845587917652210e+03
1.643614824691428794e+03
1.643652758194421267e+03
1.643850259077752071e+03
1.643948959519193977e+03
1.643958859563472288e+03
1.643967826270242995e+03
1.644091760157875797e+03
1.644696396195468878e+03
1.644865763619638301e+03
1.645098764661745236e+03
1.647657409438723334e+03
1.649251616568880763e+03
1.649338283623169218e+03
1.649348117000482716e+03
1.649362983733641613e+03
1.649496284329834225e+03
1.649611384844625945e+03
1.649685451842560269e+03
1.649745952113150224e+03
1.649775952247327041e+03
1.650501055490381532e+03
1.652171729629207448e+03
1.652231696564078675e+03
1.652828565900268131e+03
1.653073300328186406e+03
1.653110833829389776e+03
1.664146749854648306e+03
1.668568169629631257e+03
1.683295602165350374e+03
1.683342302374218889e+03
1.683565703373389169e+03
1.683578070095366456e+03
1.685590045760677640e+03
1.689328795815725698e+03
1.689333162501922288e+03
1.689360629291435316e+03
1.689412596190526074e+03
1.689453029704699929e+03
1.689512896639124165e+03
1.689549630136749556e+03
1.689611097078329749e+03
1.689630030496343579e+03
1.689655930612182829e+03
1.689814831322872806e+03
1.689826631375649185e+03
1.689892465003425968e+03
1.696981830044238222e+03
1.697392265213259861e+03
1.697758600185041587e+03
1.697843867233068750e+03
1.700625679674840057e+03
1.703401558756740997e+03
1.703778460442449386e+03
1.703802293882378763e+03
1.706078437395858145e+03
1.706091104119177544e+03
1.706202171282596510e+03
1.706794040596423201e+03
1.709997054922037478e+03
1.710208255866642503e+03
1.710223522601590275e+03
1.710287389553904632e+03
1.710539957350191344e+03
1.710701991408228650e+03
1.711137726690405998e+03
1.711696662523602981e+03
1.715871481195652677e+03
1.715876281217120777e+03
1.715897181310597261e+03
1.715972148312557010e+03
1.715986148375172888e+03
1.716070148750868157e+03
1.716215449400731131e+03
1.719282929786830891e+03
1.722781745435429002e+03
1.725045322226036433e+03
1.725105555828767137e+03
1.725134622625436350e+03
1.725231623059274852e+03
1.725280356610570834e+03
1.725342390221352161e+03
1.725427157267143002e+03
1.725433723963179318e+03
1.725441290663688505e+03
1.725832259078977813e+03
1.725839492444662483e+03
1.726245927595794001e+03
1.727815834617268138e+03
1.727898968322420387e+03
1.727942401850011947e+03
1.727978802012813276e+03
1.728146069427590191e+03
1.728189636289111604e+03
1.728270503317459315e+03
1.735027766872933853e+03
1.735261701252548619e+03
1.737188776538139336e+03
1.738412282010317995e+03
1.740998160242432277e+03
1.741058260511233129e+03
1.741187561089535393e+03
1.741284928191680592e+03
1.741557829412242427e+03
1.746030316082291165e+03
1.746566285146101791e+03
1.746817119601302466e+03
1.750634570008340916e+03
1.750814570813402042e+03
1.753944084810283130e+03
1.754030585197159553e+03
1.754149785730289068e+03
1.755571625422859370e+03
1.757103532274375993e+03
1.757996969603644857e+03
1.758039003124975125e+03
1.758456638326199027e+03
1.760462780632086833e+03
1.761411051539934533e+03
1.761948887278760594e+03
1.761966120689171021e+03
1.773465372120049551e+03
1.773886974005681395e+03
1.777226655609212457e+03
1.778882596348809329e+03
1.779189397720991337e+03
1.780132335271651755e+03
1.780441803322427177e+03
1.780940372218963830e+03
1.782009843668885878e+03
1.785386825439243466e+03
1.785799760619446488e+03
1.788443272442662646e+03
1.788576673039302250e+03
1.788990941558801978e+03
1.789130775517548727e+03
1.789509743879166990e+03
1.789921212386143679e+03
1.790690349159473271e+03
1.790784349579893842e+03
1.791007183909862988e+03
1.791075984217575296e+03
1.791320185309774615e+03
1.792896825694697327e+03
1.793010726204122193e+03
1.793058759752287415e+03
1.793320427589274459e+03
1.794526166315324190e+03
1.794637600147050080e+03
1.795745705103095361e+03
1.796063639858404940e+03
1.796194773778240233e+03
1.798153182537304474e+03
1.798366050156030497e+03
1.799739156297304589e+03
1.799746122995130008e+03
1.799844123433441155e+03
1.800499459697793100e+03
1.802027166530525164e+03
1.802657802684404942e+03
1.802770836523286789e+03
1.803072304538281514e+03
1.804149709357019447e+03
1.804817645677725295e+03
1.805267514356448601e+03
1.806465719715471550e+03
1.806800454545920275e+03
1.816396064129348588e+03
1.816429430945249578e+03
1.820781717077696385e+03
1.820861484101124233e+03
1.821098118492814820e+03
1.821479453531684840e+03
1.824373599809207462e+03
1.824629000951499620e+03
1.827414446742854579e+03
1.833614007803981849e+03
1.834857780033471045e+03
1.834937580390381754e+03
1.834954313798555631e+03
1.837742326268057013e+03
1.837849226746173827e+03
1.841354775758220512e+03
1.841490343031217208e+03
1.841503243088913223e+03
1.841541143258423517e+03
1.841572476731897041e+03
1.841587876800774438e+03
1.841626143638591202e+03
1.841635210345809128e+03
1.841673510517108070e+03
1.841740244148910506e+03
1.841753344207501186e+03
1.841802544427551084e+03
1.841822444516555151e+03
1.841927011650902614e+03
1.842024012084740889e+03
1.842165112715819532e+03
1.842317180062613488e+03
1.842520480971885263e+03
1.842582881250973287e+03
1.842665248286029737e+03
1.842670648310181605e+03
1.842744381973291866e+03
1.844800791170667026e+03
1.847296535666321233e+03
1.847316735756666958e+03
1.848014072208866310e+03
1.848113339319509350e+03
1.848259373305985719e+03
1.849021743382384102e+03
1.849853047100424419e+03
1.849898913972232776e+03
1.850146248411779425e+03
1.850216782060577543e+03
1.850466849845682646e+03
1.851559721400262788e+03
1.851904522942401854e+03
1.852296691363058017e+03
1.852758660095899131e+03
1.853002527853274387e+03
1.853472463288413337e+03
1.854309733699806657e+03
1.854313167048495643e+03
1.854457301026474397e+03
1.854502701229528611e+03
1.855245371217817592e+03
1.856393543019730259e+03
1.859462223411197101e+03
1.859875658593636444e+03
1.860480961300877880e+03
1.860537694887954558e+03
1.861507065890173180e+03
1.861959767914901704e+03
1.862405603242252027e+03
1.862514703730208566e+03
1.865591950826656785e+03
1.865607250895087191e+03
1.866523388325883161e+03
1.866588788618388662e+03
1.866634888824573636e+03
1.866758189376040491e+03
1.866772489439998253e+03
1.866809589605930114e+03
1.866926723463149528e+03
1.867019457211238432e+03
1.867062457403558710e+03
1.867130491041174992e+03
1.867257791610532195e+03
1.867335258623673326e+03
1.867355792048843341e+03
1.867392358879056474e+03
1.867491759323629140e+03
1.867633159956049440e+03
1.867815960773633606e+03
1.868034528417852925e+03
1.868329529737258781e+03
1.868334296425244474e+03
1.868386496658712304e+03
1.868490530457341038e+03
1.868504230518615259e+03
1.868527997291579823e+03
1.868593497584532543e+03
1.868627897738388583e+03
1.868680864641951985e+03
1.868766231690426139e+03
1.869738602706062466e+03
1.869826703100095301e+03
1.869924136869205313e+03
1.870064404163223116e+03
1.870069037517279412e+03
1.870088070935740461e+03
1.870184904702166705e+03
1.870232071579789363e+03
1.870281171799392041e+03
1.870363305500071647e+03
1.870439639174810736e+03
1.870505372802140300e+03
1.870538106281875571e+03
1.870655640140883861e+03
1.870758507267627920e+03
1.870832007596361336e+03
1.870910607947904509e+03
1.871026875134581132e+03
1.871140442309181481e+03
1.871155709044129480e+03
1.871428276929867252e+03
1.871699411475861098e+03
1.871817545337552929e+03
1.871850678819077302e+03
1.871938345877838401e+03
1.872909783555967124e+03
1.872953917086689444e+03
1.873072884285441887e+03
1.873243618382390423e+03
1.873311452019112494e+03
1.873373318962481562e+03
1.873497552851456248e+03
1.873582453231176714e+03
1.873586819917373532e+03
1.873656620229558257e+03
1.873672720301566642e+03
1.873732253901166359e+03
1.873824620980948566e+03
1.873856254455764201e+03
1.873937588152865828e+03
1.873951221547175010e+03
1.874018421847730906e+03
1.874037221931815111e+03
1.874071022082987611e+03
1.874102288889496549e+03
1.874226989447224923e+03
1.874262956274754742e+03
1.874364390061754875e+03
1.874385690157020463e+03
1.874398490214269259e+03
1.874465490513930945e+03
1.874619857871012073e+03
1.874738991737176320e+03
1.874777925244641438e+03
1.874808658715431420e+03
1.874937725959356840e+03
1.875065393197020512e+03
1.875593362225050441e+03
1.875655995838515310e+03
1.876246531813045294e+03
1.877218102825103415e+03
1.877568371058359389e+03
1.877679438221778582e+03
1.877695638294233959e+03
1.877925472655510930e+03
1.877958739470964929e+03
1.878295640977770745e+03
1.878643842535116846e+03
1.878769176429010940e+03
1.879708213962228683e+03
1.879734147411550339e+03
1.879749147478638861e+03
1.879844947907110281e+03
1.879925481600633930e+03
1.880353983517126380e+03
1.880703651747698814e+03
1.880711885117856127e+03
1.880717218475043182e+03
1.880905485983744256e+03
1.881002786418924188e+03
1.881195453947304486e+03
1.881260720905880362e+03
1.881327287870270538e+03
1.882014257609437891e+03
1.882019490966177727e+03
1.882215125174493096e+03
1.882854094698977406e+03
1.883207996281816804e+03
1.883240029758421315e+03
1.883368797001004623e+03
1.883375897032759895e+03
1.883877099274407783e+03
1.883925966159633617e+03
1.883984299753866253e+03
1.884397368267999127e+03
1.884433668430353009e+03
1.885175871749888074e+03
1.885466273048720041e+03
1.885594206954242964e+03
1.885716540834719808e+03
1.886068842410403249e+03
1.886327043565218446e+03
1.886387277167948923e+03
1.886507944374304770e+03
1.887491682107445968e+03
1.887675816264326841e+03
1.887771683359763074e+03
1.887780616733051374e+03
1.888090484785615672e+03
1.888734487665945380e+03
1.890754396700072220e+03
1.891084698177359087e+03
1.891182765282634819e+03
1.891258965623444055e+03
1.891469566565365540e+03
1.891593600453445561e+03
1.891957868749317413e+03
1.892047702484435831e+03
1.893918810853045443e+03
1.894879648483764868e+03
1.895044682555220106e+03
1.896221154483705959e+03
1.897501393542961750e+03
1.897574927205177573e+03
1.903769454910459217e+03
1.903775388270329813e+03
1.906184832380001808e+03
1.906361499836820940e+03
1.907789606224085901e+03
1.907803772954113811e+03
1.908257708317692050e+03
1.908930211325489381e+03
1.909074478637397760e+03
1.913415131384480219e+03
1.913487565041776179e+03
1.913589165496188343e+03
1.918952756151736594e+03
1.919661292654028557e+03
1.920531529879534219e+03
1.924933549567749424e+03
1.925039616708805852e+03
1.925300251207837846e+03
1.925399518318480659e+03
1.926839424758522000e+03
1.928964834264504134e+03
1.929736371048567662e+03
1.932353649421120281e+03
1.933685322043748101e+03
1.934385225174093648e+03
1.934554992600052174e+03
1.937271338082353395e+03
1.937278771448932730e+03
1.937307738245154496e+03
1.937313004935376739e+03
1.938490676869229901e+03
1.939296880475008948e+03
1.940855754113802504e+03
1.940984988025139955e+03
1.941891458746034459e+03
1.942025126010533313e+03
1.945983877049544844e+03
1.945987210397786612e+03
1.947401816724672244e+03
1.947451516946958463e+03
1.947868752146393490e+03
1.947875685510736730e+03
1.947896718938142840e+03
1.948546121842624189e+03
1.952019804045478622e+03
1.952553906434273358e+03
1.952674473640181986e+03
1.952697107074744508e+03
1.952714773820426217e+03
1.953066942062180033e+03
1.953185575926107958e+03
1.954265214088168022e+03
1.954411414742056422e+03
1.954415581427358575e+03
1.954795883128273772e+03
1.954817016556127328e+03
1.955034984197663334e+03
1.958962668431060365e+03
1.958989368550477820e+03
1.961960515172387659e+03
1.962030048816712906e+03
1.964427892874503414e+03
1.964843961402053765e+03
1.964907595019990822e+03
1.965254663238934654e+03
1.968543211280435344e+03
1.969562149171010560e+03
1.970030184597651669e+03
1.972284994682383285e+03
1.973414399733694154e+03
1.974085369401300568e+03
1.974707038848409638e+03
1.974842139452652646e+03
1.975106707302609948e+03
1.977840652863628065e+03
1.978056253827912315e+03
1.979124891940773750e+03
1.981707836826435141e+03
1.981716103530075088e+03
1.982726041380397191e+03
1.986516525000159163e+03
1.994359793412835415e+03
1.997245372985376207e+03
2.003116299243337380e+03
2.003801202306594632e+03
2.006155812837687563e+03
2.006584548088557312e+03
2.011722437734648338e+03
2.012841442739444346e+03
2.012967209968610405e+03
2.013128144021727849e+03
2.013280644703793541e+03
2.014294982573794869e+03
2.014300549265358768e+03
2.014376382937861536e+03
2.014548083705800309e+03
2.014917285357069886e+03
2.015026885847262520e+03
2.017238462405297241e+03
2.029348683235428325e+03
2.029357249940409929e+03
2.029363249967245338e+03
2.029371750005262129e+03
2.029377450030755654e+03
2.033126033463116983e+03
2.033725402810488049e+03
2.034261571875192885e+03
2.034325572161436867e+03
2.034930774868231083e+03
2.036190213834457381e+03
2.036322914427966225e+03
2.037991988559636184e+03
2.038017355339756705e+03
2.043078777977179243e+03
2.044079649120283648e+03
2.044710085273268760e+03
2.044716185300551388e+03
2.044721918659527319e+03
2.046870128267483778e+03
2.048292934631044318e+03
2.048792436865088803e+03
2.049494606672238660e+03
2.049574773697455839e+03
2.049649240697179266e+03
2.050010075644362132e+03
2.052159385257238227e+03
2.053125022909426207e+03
2.053543124779404025e+03
2.054024860267319127e+03
2.054213627778256068e+03
2.054327161619374692e+03
2.054941497700351647e+03
2.064170772311998007e+03
2.064800441794887320e+03
2.064805875152521367e+03
2.064843975322926326e+03
2.065012742744412208e+03
2.065330244164450505e+03
2.065530611727269388e+03
2.067390353378374130e+03
2.067604521002914225e+03
2.069256461724621204e+03
2.075146988070244333e+03
2.075163354810112196e+03
2.075175621531642264e+03
2.075418722618921947e+03
2.075501422988802915e+03
2.075626456881355352e+03
2.076079858909214636e+03
2.076119892421599616e+03
2.076253959687887800e+03
2.076500794125197899e+03
2.076666328198889460e+03
2.076951762808841067e+03
2.077094896782346950e+03
2.077130196940228416e+03
2.077135796965274949e+03
2.077286330971877760e+03
2.077432498292283526e+03
2.077568065565280449e+03
2.077839466779134000e+03
2.078103701294267012e+03
2.078300768842326306e+03
2.078565103357906537e+03
2.078892471488741194e+03
2.079621674750132570e+03
2.079761242041019614e+03
2.079882875918365698e+03
2.080130643693184084e+03
2.080396378215025834e+03
2.080504145363685893e+03
2.080758846502847064e+03
2.080824713464106935e+03
2.080835613512857435e+03
2.080848413570106004e+03
2.081312148977515335e+03
2.081338915763897603e+03
2.081357215845745486e+03
2.081777184390738967e+03
2.081867584795058519e+03
2.081877818174160893e+03
2.082006852084603906e+03
2.082183119539633935e+03
2.082202819627743338e+03
2.082483087547920150e+03
2.082992923161514227e+03
2.083063823478618815e+03
2.083080023551074191e+03
2.083087990253372482e+03
2.083157323896803064e+03
2.083249990977927609e+03
2.083256957675752801e+03
2.083584059138727753e+03
2.084061461273928671e+03
2.084083094704018094e+03
2.084629530481308393e+03
2.086129470523185319e+03
2.086377871634169878e+03
2.086977140981093726e+03
2.086986674357065567e+03
2.087042341272704562e+03
2.087061574692059821e+03
2.087132508342646815e+03
2.087241308829261925e+03
2.087808844700922691e+03
2.087888945059175057e+03
2.088079379244233223e+03
2.088188679733083973e+03
2.088454947590644679e+03
2.088484981058304129e+03
2.088762982301676402e+03
2.088768148991450744e+03
2.088783382392916337e+03
2.088867549436023637e+03
2.089092650442797094e+03
2.089191684219063518e+03
2.089225184368894134e+03
2.089309318078519027e+03
2.089413718545454230e+03
2.089518285679801920e+03
2.089662519658227666e+03
2.090142688472469217e+03
2.091007459006857971e+03
2.091321993746960743e+03
2.091718995522567639e+03
2.091775095773478370e+03
2.091840162731159580e+03
2.092287031396464954e+03
2.092326698240543465e+03
2.092607799497780434e+03
2.092744400108731952e+03
2.092850333915859210e+03
2.092970434453013695e+03
2.093055601500593184e+03
2.094715275590221609e+03
2.094816709377221287e+03
2.094835809462647376e+03
2.094951109978333534e+03
2.095338278376627386e+03
2.095450845546754863e+03
2.095559712700334785e+03
2.095664113167269988e+03
2.096295715992139776e+03
2.097337020649417809e+03
2.097418387680002070e+03
2.097423354368882428e+03
2.097490054667202457e+03
2.097581321742065029e+03
2.097712288994488063e+03
2.097843756249147191e+03
2.098009323656321158e+03
2.098069323924674791e+03
2.101494405910162186e+03
2.101507672636165353e+03
2.101858874206928704e+03
2.103294747295597517e+03
2.107167297949074054e+03
2.107333065357142004e+03
2.107684500262282654e+03
2.107841900966263893e+03
2.113527126393670187e+03
2.113651460283092092e+03
2.113827294402850839e+03
2.113874794615297560e+03
2.113885194661811965e+03
2.114329296648076252e+03
2.114338763357083735e+03
2.116086704508155890e+03
2.116265338640437676e+03
2.116351505692490264e+03
2.116537839859211090e+03
2.116935074969194375e+03
2.118131346986237531e+03
2.118881217006729003e+03
2.119492586407770887e+03
2.120664791650507141e+03
2.120877359267891279e+03
2.120956392954706189e+03
2.121057126738575334e+03
2.121075760155247281e+03
2.121179027283780670e+03
2.121411894991957979e+03
2.121579695742453623e+03
2.121950630734809238e+03
2.121977064186366988e+03
2.122516566599314046e+03
2.123070202408806381e+03
2.123097069195635868e+03
2.123106469237678084e+03
2.123109935919849249e+03
2.124115540417457396e+03
2.124973010919196440e+03
2.125801181289889428e+03
2.126159516225890457e+03
2.126667385164022107e+03
2.126742918835182536e+03
2.126977753218822727e+03
2.127054953564104380e+03
2.127153620672063425e+03
2.127174454098575552e+03
2.127268621186408382e+03
2.127297587982630375e+03
2.127337921496357012e+03
2.127409355149180101e+03
2.127438821947638189e+03
2.127521722318413595e+03
2.127560422491501868e+03
2.127593255971683902e+03
2.127688956399708331e+03
2.127728756577716467e+03
2.127737656617522134e+03
2.128492793328235621e+03
2.128946728691813860e+03
2.130167034149680603e+03
2.131515773515306591e+03
2.131580740472540583e+03
2.134975588989474545e+03
2.135805259366876271e+03
2.136595996236812880e+03
2.136648063136351084e+03
2.137812035008930252e+03
2.137985835786261759e+03
2.138189836698663839e+03
2.138326103974791749e+03
2.138614871932984897e+03
2.138722205746373220e+03
2.138939640052190498e+03
2.139037940491843528e+03
2.139068440628256212e+03
2.139204241235629979e+03
2.139222541317478317e+03
2.139273841546920721e+03
2.139608276376027334e+03
2.139905744373132165e+03
2.140235012512463982e+03
2.141447351268032889e+03
2.141589618570996208e+03
2.141600485286264302e+03
2.141862719792452481e+03
2.142124287628992079e+03
2.143039758390139468e+03
2.143111625378234294e+03
2.143302526232046603e+03
2.143327326342965989e+03
2.144572831913541449e+03
2.144629998835889182e+03
2.144639698879273055e+03
2.144681132397919555e+03
2.148907151298964436e+03
2.148999551712229277e+03
2.149029685180335491e+03
2.149262752889407238e+03
2.149274419608253993e+03
2.149434186989486534e+03
2.150912193599932380e+03
2.151463262731278519e+03
2.153708172771731824e+03
2.154450676092608774e+03
2.155310246603739870e+03
2.155381280254774538e+03
2.155467080638520201e+03
2.155811115510563468e+03
2.156149817025420361e+03
2.156575652263319171e+03
2.156667886009171980e+03
2.156683219411084337e+03
2.156875086935886429e+03
2.157063954447271044e+03
2.157081287858128690e+03
2.157174321607559705e+03
2.157323388940935729e+03
2.157564890021059455e+03
2.157772924284834517e+03
2.157963358469892682e+03
2.158230059662724670e+03
2.158280359887694431e+03
2.158371193627285720e+03
2.159571132327394935e+03
2.159716099642433619e+03
2.160738870883486925e+03
2.162017709936480969e+03
2.162735079811614014e+03
2.163357982597572573e+03
2.163531483373561969e+03
2.164263819982300902e+03
2.164585488087641806e+03
2.164963356444340207e+03
2.164975123163634635e+03
2.165051356837926051e+03
2.166529063447029785e+03
2.166692964180082527e+03
2.168035670185391155e+03
2.168052470260529844e+03
2.168076170366529368e+03
2.168414205211737681e+03
2.168474072146162143e+03
2.168565939223708028e+03
2.168572905921533220e+03
2.168770206803969813e+03
2.168885140651349502e+03
2.168965307676566681e+03
2.169054508075518697e+03
2.169319575927712776e+03
2.169476376629010247e+03
2.169644744048707253e+03
2.171238084508321663e+03
2.173560961564152421e+03
2.175668404323110281e+03
2.188249393925441382e+03
2.189659766900059367e+03
2.190576204332196994e+03
2.190702238229222530e+03
2.195829894496210727e+03
2.195975261813039197e+03
2.196473297373856894e+03
2.196557164415622083e+03
2.196739831899276851e+03
2.196793998808207107e+03
2.196812932226221164e+03
2.196889365901407473e+03
2.196982032982531109e+03
2.201364719250944290e+03
2.204021564467127519e+03
2.205412337354083775e+03
2.206575242555225032e+03
2.212153667504962414e+03
2.212227334501107634e+03
2.216131085294127843e+03
2.218979998036008055e+03
2.219176565581831710e+03
2.220464304674630966e+03
2.220496738153024580e+03
2.221348808630611984e+03
2.221568842948057409e+03
2.222307379584526643e+03
2.222335179708863961e+03
2.222429213462767166e+03
2.222478080347993000e+03
2.222550314004394750e+03
2.222635447718491832e+03
2.222733948159038846e+03
2.229373411187645615e+03
2.229457278229411259e+03
2.229466744938418287e+03
2.229777279660631393e+03
2.229927580332856905e+03
2.229941747062885042e+03
2.229947747089720451e+03
2.229974413875655500e+03
2.231872422364577233e+03
2.232907426993678200e+03
2.232990694032760075e+03
2.233288728699065814e+03
2.233340562264226719e+03
2.233587596702431711e+03
2.233813264378406529e+03
2.235460171744268337e+03
2.236808944443376276e+03
2.237195512838986360e+03
2.237538847707899095e+03
2.238276351006413279e+03
2.238325784560840475e+03
2.240104792517527130e+03
2.240442260693534081e+03
2.240587928011703752e+03
2.241359331461837883e+03
2.242091868071471254e+03
2.243201373033778509e+03
2.243676175157350372e+03
2.243786608984603845e+03
2.244665179580713811e+03
2.246128052790141737e+03
2.247623792813234104e+03
2.247645492910288340e+03
2.248030494632224872e+03
2.248145528480051780e+03
2.248326695956997355e+03
2.248545196934252090e+03
2.248580330424721524e+03
2.249248433412839859e+03
2.249254133438333611e+03
2.249271366848743583e+03
2.249910403040192705e+03
2.250338971623650650e+03
2.250522905779636858e+03
2.250752040137783297e+03
2.250988507862061397e+03
2.251047408125495622e+03
2.252888116358139087e+03
2.254681557712713129e+03
2.255592528453734303e+03
2.255632361965224391e+03
2.255695795582267237e+03
2.255715795671718752e+03
2.255949196715614562e+03
2.255965163453693094e+03
2.256186397776506055e+03
2.257355403004930849e+03
2.257844271858083630e+03
2.257977572454276014e+03
2.258034839377071421e+03
2.258115639738453865e+03
2.258139206510524218e+03
2.258210173494593619e+03
2.258228406909476234e+03
2.258248640333305048e+03
2.258316973972262986e+03
2.258323240666958100e+03
2.258436674507629050e+03
2.259070877344127439e+03
2.259717813570910039e+03
2.259929214516409047e+03
2.260503483751519070e+03
2.260645817721446747e+03
2.260808651783062032e+03
2.260822285177371668e+03
2.260916318931274873e+03
2.260945152393566786e+03
2.260966552489279820e+03
2.261091519714866990e+03
2.261128819881693744e+03
2.261181486783915261e+03
2.261224386975788093e+03
2.261340287494158474e+03
2.261489821496288641e+03
2.261702855782426923e+03
2.261780589463427077e+03
2.261847989764877639e+03
2.261931656805748844e+03
2.263075361921017247e+03
2.263322296358775020e+03
2.263374496592242394e+03
2.263605764293263292e+03
2.263616164339778152e+03
2.263686397987234614e+03
2.263716031453105188e+03
2.263733631531821629e+03
2.263740164894375994e+03
2.263768398353984594e+03
2.263860598766354542e+03
2.263880465521876431e+03
2.263902698954649622e+03
2.263920499034261411e+03
2.263933299091509980e+03
2.263946865818854349e+03
2.266501943913213836e+03
2.266631144491068426e+03
2.266743144991995450e+03
2.267937717001434976e+03
2.268203851525066057e+03
2.268579419871477512e+03
2.268628353423668614e+03
2.277782894367731842e+03
2.279512335436062131e+03
2.283105884841694206e+03
2.284859159349954098e+03
2.286464833198062934e+03
2.287775405726320059e+03
2.288120807271142439e+03
2.288192540925307640e+03
2.288302308082912532e+03
2.288317308150000827e+03
2.288362875020467072e+03
2.288421375282111967e+03
2.288496342284071488e+03
2.290256983491945903e+03
2.293679332131875071e+03
2.293707165589695251e+03
2.294310701622368015e+03
2.294402235365090291e+03
2.294509435844548534e+03
2.294691303324625096e+03
2.297173181091593051e+03
2.297691616743651139e+03
2.299824259615318169e+03
2.300300295077739975e+03
2.300375295413181902e+03
2.301621534320370301e+03
2.301642034412057910e+03
2.301658634486302617e+03
2.301771601658219424e+03
2.303998778286025754e+03
2.306382022278516615e+03
2.308670465847008927e+03
2.309326835449315695e+03
2.310674974812257915e+03
2.311527011956362912e+03
2.312763384152755407e+03
2.312870384631319212e+03
2.313063185493629589e+03
2.313361686828689017e+03
2.313396920319605670e+03
2.313444653866429235e+03
2.314104823485731686e+03
2.314149190350830850e+03
2.314471325124925897e+03
2.316441067268012375e+03
2.316831935682854237e+03
2.318503843160529414e+03
2.318543376670678299e+03
2.319018745463451523e+03
2.319443347362500845e+03
2.319458280762624781e+03
2.320465718601765275e+03
2.320514418819579078e+03
2.320562219033367455e+03
2.321034487812275984e+03
2.321050687884731360e+03
2.321156721692305382e+03
2.321161055045020021e+03
2.321655957258490616e+03
2.321875258239323102e+03
2.321888258297466564e+03
2.322421327348306477e+03
2.322555427948077067e+03
2.322718228676209947e+03
2.322759762195303665e+03
2.322802562386729733e+03
2.322915229557304883e+03
2.323195897479270116e+03
2.324849938210369601e+03
2.324858738249727594e+03
2.325583374824028397e+03
2.325606274926450169e+03
2.325647808445543433e+03
2.325816342532652925e+03
2.325821942557699003e+03
2.326129177265152521e+03
2.326400911813830135e+03
2.327504916751537621e+03
2.327799018066918052e+03
2.328067252599941185e+03
2.328139686257236917e+03
2.329375358450498879e+03
2.330080194936242606e+03
2.335070417255218672e+03
2.336099621858379123e+03
2.336159022124048988e+03
2.337491561417220055e+03
2.338568399566755943e+03
2.339310369551913936e+03
2.339425403399741299e+03
2.339605937540520699e+03
2.339713138019979851e+03
2.339816671816372036e+03
2.340074606303328437e+03
2.340214006926802995e+03
2.341416378971128779e+03
2.341428879027035691e+03
2.341438179068630689e+03
2.345141762299726452e+03
2.347434672554862573e+03
2.347457972659073675e+03
2.347488039460215532e+03
2.347495172825452755e+03
2.347670373609045782e+03
2.347713773803154709e+03
2.354303369942063000e+03
2.357134015935578191e+03
2.357466050753950640e+03
2.358362921431908944e+03
2.359642527154998334e+03
2.360243996511761452e+03
2.363029075634809942e+03
2.365006484478853508e+03
2.365578420370193271e+03
2.365623487238423422e+03
2.365704387600253540e+03
2.365968588781904600e+03
2.367650396303858543e+03
2.370153374165196965e+03
2.371409246448804879e+03
2.371415046474745850e+03
2.371422879843113606e+03
2.372079882781587003e+03
2.372095949520112754e+03
2.372106116232250315e+03
2.373553589372800616e+03
2.373636556410540834e+03
2.373687223303817518e+03
2.376348401872715385e+03
2.376932437818173639e+03
2.379776650539032744e+03
2.379973784754057306e+03
2.379991218165362170e+03
2.380371319865382702e+03
2.382131461071020567e+03
2.382753730520812951e+03
2.383244766050323051e+03
2.384450404775926017e+03
2.387565385374472044e+03
2.388367222294054500e+03
2.388372688985170953e+03
2.388701123787442612e+03
2.388732557261363581e+03
2.388925758125462380e+03
2.390178330394310251e+03
2.391301002082172545e+03
2.391324735521654929e+03
2.391535336463576186e+03
2.392449673886321762e+03
2.392485340712509696e+03
2.394262048658909862e+03
2.394271348700503950e+03
2.394283248753728003e+03
2.394602350180922258e+03
2.394625283616826437e+03
2.394640317017397138e+03
2.394691717247286761e+03
2.394765117575572731e+03
2.394782817654737300e+03
2.394817151141628528e+03
2.394869751376885233e+03
2.394927084966645452e+03
2.394963685130340764e+03
2.395156585993097906e+03
2.395195586167528290e+03
2.395265986482396784e+03
2.395644188173918792e+03
2.397003427586507314e+03
2.397609730298221166e+03
2.399134870452807263e+03
2.401642981670438530e+03
2.402990554364179388e+03
2.403087388130606087e+03
2.403098954849005167e+03
2.403129821653725230e+03
2.403228622095614355e+03
2.403313889143641063e+03
2.403929025228196224e+03
2.404018958963762088e+03
2.404106626022523415e+03
2.404154926238547887e+03
2.405101297137897291e+03
2.405467132107442922e+03
2.406208902091706477e+03
2.406305969192509565e+03
2.406750337846634011e+03
2.407088306024877056e+03
2.407286740245715919e+03
2.407461874362343679e+03
2.407469241061958201e+03
2.407588308261158090e+03
2.407643475174560535e+03
2.407712008814413821e+03
2.407992276734590178e+03
2.408083377142040717e+03
2.408155377464064713e+03
2.408505545696873469e+03
2.408546612547213499e+03
2.408576279346566025e+03
2.409262049080366069e+03
2.409311015966039122e+03
2.409441949884980204e+03
2.410728855640719303e+03
2.411122657402014283e+03
2.411148557517853533e+03
2.411175890973436708e+03
2.411434925465312517e+03
2.411548692640807985e+03
2.412165295398589024e+03
2.412375663006133436e+03
2.412446063321001930e+03
2.412618697426448762e+03
2.414422005491818254e+03
2.417081117384806930e+03
2.417215984654672866e+03
2.419284760574025313e+03
2.419368360947931251e+03
2.419381994342240887e+03
2.419458128016085084e+03
2.419818229626654556e+03
2.419897629981775935e+03
2.421633737746590214e+03
2.421742138231415538e+03
2.421812538546283577e+03
2.421862772104288524e+03
2.422070406366275165e+03
2.423747847202032062e+03
2.429654473619663804e+03
2.430639644692548245e+03
2.430910912572471716e+03
2.431765783062582614e+03
2.436470137436335790e+03
2.438174578392851799e+03
2.438441212918718975e+03
2.442579198092695606e+03
2.446923284188467733e+03
2.446994451173431571e+03
2.452439342192599270e+03
2.452449375570806751e+03
2.453477813503871403e+03
2.454574818410271746e+03
2.454785152684333752e+03
2.455116487499575669e+03
2.455556156132678552e+03
2.455730590246175780e+03
2.455922091102670947e+03
2.456038291622382530e+03
2.456699061244369204e+03
2.456955529058098818e+03
2.457366330895426472e+03
2.458145567713929267e+03
2.458616769821400339e+03
2.459280972792075318e+03
2.459822941882720897e+03
2.465928169188603079e+03
2.469419218135798019e+03
2.471267726403327288e+03
2.471853695690766017e+03
2.472105963485710618e+03
2.472694332783883510e+03
2.473046467692155147e+03
2.475818946758849506e+03
2.479511329939852658e+03
2.480965269775992056e+03
2.484898420700505994e+03
2.484985887758372428e+03
2.485030587958296564e+03
2.485398322936339355e+03
2.485541856911634568e+03
2.489052372612561157e+03
2.489109872869733863e+03
2.489765875803734161e+03
2.490327578315971550e+03
2.490454712217916494e+03
2.490472112295739407e+03
2.490608979574550631e+03
2.490891980840285214e+03
2.490957447799755755e+03
2.491192282183395491e+03
2.491237615719484893e+03
2.491445649983260409e+03
2.491542250415309809e+03
2.492974456820912110e+03
2.494911565484710536e+03
2.495164599949751391e+03
2.495281767140453212e+03
2.495327967347085178e+03
2.498154213320921372e+03
2.498458614682368989e+03
2.500279222825114175e+03
2.500521890577122576e+03
2.500865192112552904e+03
2.500878092170248692e+03
2.500963659219617966e+03
2.501469628149251548e+03
2.503527037351098897e+03
2.504766942896627825e+03
2.505980814992388332e+03
2.505988981695580605e+03
2.506108382229604558e+03
2.506188815922680533e+03
2.506200282640632850e+03
2.506347383298546902e+03
2.509057228751776165e+03
2.509888499136333849e+03
2.511312538838743876e+03
2.511773940902383856e+03
2.512198009465714222e+03
2.512381510286429602e+03
2.512476510711323044e+03
2.512609877974480241e+03
2.513606249097458203e+03
2.513778183199773594e+03
2.513956150662407708e+03
2.514395085958896743e+03
2.514656687128919202e+03
2.514662687155754156e+03
2.514668887183484458e+03
2.514677887223737343e+03
2.514920654976192509e+03
2.515082889035124481e+03
2.516368594785496953e+03
2.517010497656433927e+03
2.517111564775127590e+03
2.517455632980653718e+03
2.517555600094427518e+03
2.518109202570437446e+03
2.522011686691126215e+03
2.522071320291173379e+03
2.522177887434465447e+03
2.522489388827668790e+03
2.522496022190669919e+03
2.522703556452208886e+03
2.522879623906344477e+03
2.525731136659853291e+03
2.531830863941136613e+03
2.531886730857670500e+03
2.532066098326565680e+03
2.532101865153200379e+03
2.532136265307056874e+03
2.532311232756272148e+03
2.532540000446112117e+03
2.533570671722498901e+03
2.534196841189734187e+03
2.534298741645488462e+03
2.534314008380436007e+03
2.534433708915801617e+03
2.534576176219659374e+03
2.538846528652320558e+03
2.539610465402392947e+03
2.540121801022696218e+03
2.540410368979994928e+03
2.541334873114878064e+03
2.541986842697505381e+03
2.542070376404446961e+03
2.542149810093050746e+03
2.542698912548934459e+03
2.542807113032865345e+03
2.542825679782572479e+03
2.543192048087837065e+03
2.543656450164894068e+03
2.543808550845170430e+03
2.544239652773292164e+03
2.544448487040644977e+03
2.544571920926041912e+03
2.544778921851861924e+03
2.544947355938523742e+03
2.545563958696304780e+03
2.545576158750870491e+03
2.545586958799174226e+03
2.545670259171738053e+03
2.545794626394642819e+03
2.546261428482434440e+03
2.547495033999786301e+03
2.547634734624602970e+03
2.547704668270717320e+03
2.548823073272830243e+03
2.548910273662837426e+03
2.549570609949552363e+03
2.549865211267168888e+03
2.550017211946998486e+03
2.550082878907363011e+03
2.550991616305062053e+03
2.552282888746998196e+03
2.552305955516832000e+03
2.552318755574081024e+03
2.552336955655481233e+03
2.552676057172126548e+03
2.553958629575151463e+03
2.553990063049072887e+03
2.555052134465897780e+03
2.555275702132480092e+03
2.555313635635472565e+03
2.555410302734486777e+03
2.555504103154013137e+03
2.555567136769267108e+03
2.555593503553860046e+03
2.555751837595349116e+03
2.555828037936158125e+03
2.555944705124623852e+03
2.555982838628510763e+03
2.556088772435637566e+03
2.556358340307957405e+03
2.556989009795319816e+03
2.557134977114831145e+03
2.557731913117985187e+03
2.557908113906050858e+03
2.558135181588286741e+03
2.558324649102355124e+03
2.559414520643517335e+03
2.559538387864185097e+03
2.560193224126301175e+03
2.560289324556114025e+03
2.560459991986097975e+03
2.561911331810608772e+03
2.562361300489779296e+03
2.562410634043758819e+03
2.562561801386527804e+03
2.563772873469764363e+03
2.564264609002405450e+03
2.564292809128531189e+03
2.564374176159115450e+03
2.564466809906756680e+03
2.564516476795560720e+03
2.564808178100207442e+03
2.565006178985774113e+03
2.565072679283199705e+03
2.565269813498224266e+03
2.565303746983326164e+03
2.565677681989099256e+03
2.566262951273407452e+03
2.566855153922057980e+03
2.566891354083964416e+03
2.567207188829881943e+03
2.567537423640203997e+03
2.567920392019712835e+03
2.567959692195484422e+03
2.567985158976052389e+03
2.568001259048061002e+03
2.568014692441475290e+03
2.568398127489737817e+03
2.568741095690344082e+03
2.568763395790082086e+03
2.568821729384314949e+03
2.568906796431447219e+03
2.568960630005553867e+03
2.569143230822243368e+03
2.569223697848802203e+03
2.569425565418329825e+03
2.569555199331456151e+03
2.569786167031135392e+03
2.569863467376864719e+03
2.571318773885783230e+03
2.571362407414269455e+03
2.571645808681793369e+03
2.572625013061325717e+03
2.572631879758703690e+03
2.572717980143791465e+03
2.572759013660649089e+03
2.572878380861190180e+03
2.573169348829223054e+03
2.574236520268858385e+03
2.574327354008449220e+03
2.574395820981337238e+03
2.574429387798132666e+03
2.574495388093322163e+03
2.574567688416687815e+03
2.574657122150017585e+03
2.574698622335628897e+03
2.574774389341166625e+03
2.574920289993713141e+03
2.575369658670199897e+03
2.575453392378035915e+03
2.575646259907310196e+03
2.575755427062231774e+03
2.576897032168108126e+03
2.577696569077403183e+03
2.577840236386627566e+03
2.577885269921375311e+03
2.578021703864915253e+03
2.578200371330679900e+03
2.578289105060878683e+03
2.580118913244771193e+03
2.580126413278315340e+03
2.580407781203411560e+03
2.580603482078692196e+03
2.580756982765230077e+03
2.581159117897129818e+03
2.581242251602281613e+03
2.581250518305921560e+03
2.581719787071412611e+03
2.582141788958833331e+03
2.582286589606459984e+03
2.582448323663155861e+03
2.582708791494775596e+03
2.582864792192495315e+03
2.584179131404265263e+03
2.584259098428588004e+03
2.584466566023161704e+03
2.584497532828328985e+03
2.584692133698689304e+03
2.585307003115384759e+03
2.585740071718968920e+03
2.586185707045424351e+03
2.586257174031730301e+03
2.586262307388023146e+03
2.586292940858365910e+03
2.586299974223155914e+03
2.586302540901302109e+03
2.587504379609908483e+03
2.587519013008690763e+03
2.587533213072201306e+03
2.587954748290868338e+03
2.588019381913278266e+03
2.588159682540778704e+03
2.589453054992106900e+03
2.600584838112801663e+03
2.603054315824309469e+03
2.604280487975081996e+03
2.605290159157545077e+03
2.608936675466740326e+03
2.610826317251574437e+03
2.611357652961328768e+03
2.611686421098424944e+03
2.615790739455158928e+03
2.616194741262073876e+03
2.618752086033237447e+03
2.618769486111059905e+03
2.619995524927902807e+03
2.620190892468358470e+03
2.620576294192083878e+03
2.622955304832307775e+03
2.623561040874820264e+03
2.623988609453805566e+03
2.626163985849933397e+03
2.626529554151618868e+03
2.626539220861520789e+03
2.626549287573211132e+03
2.626624221241688247e+03
2.626647254678039644e+03
2.626738021750666121e+03
2.627405891404407157e+03
2.628175928181761719e+03
2.628255228536435880e+03
2.628345795608167464e+03
2.628399695849238469e+03
2.634482723055829865e+03
2.637585636933740716e+03
2.637756604365066778e+03
2.638033738937895578e+03
2.638089772521841496e+03
2.638115372636338634e+03
2.638126972688221031e+03
2.638162372846549260e+03
2.638229206478798915e+03
2.638268739988947800e+03
2.638322706896983618e+03
2.638417673988394654e+03
2.638433774060402357e+03
2.638443840772093154e+03
2.638521641120058121e+03
2.638573274684325042e+03
2.638655041716698179e+03
2.639346944811263256e+03
2.639585079209662581e+03
2.639691713019919916e+03
2.639774346722836071e+03
2.639914247348547633e+03
2.640054981311319352e+03
2.640181148542274059e+03
2.640255882209857191e+03
2.640397716177548318e+03
2.640445883059643165e+03
2.640518850052658308e+03
2.640569750280311382e+03
2.640646217288980097e+03
2.640796184626381546e+03
2.641020118961270782e+03
2.641093352622144721e+03
2.641217386510224969e+03
2.641819855871460732e+03
2.641866622747293604e+03
2.641873222776812781e+03
2.641905289586899471e+03
2.646337809411528269e+03
2.648496419065999362e+03
2.659753836081930331e+03
2.671572588941792219e+03
2.671598389057183795e+03
2.684635314032037968e+03
2.684802081444579017e+03
2.684835114925655489e+03
2.685727752251346374e+03
2.685740485641630585e+03
2.685752319027889371e+03
2.685840386088439573e+03
2.685983286727568611e+03
2.686075453806456153e+03
2.686155354163813627e+03
2.687675327628624473e+03
2.692337348479706179e+03
2.692529016003613833e+03
2.695133494318917656e+03
2.695160327772264736e+03
2.697929273489822663e+03
2.698005173829290015e+03
2.698037007304999861e+03
2.698110674301145082e+03
2.698201708041630354e+03
2.698297341802689971e+03
2.698413342321507116e+03
2.698904277850569997e+03
2.698912577887692350e+03
2.698923977938679400e+03
2.699166812358099833e+03
2.699737181575766044e+03
2.701046120763384351e+03
2.702198225916222327e+03
2.702205792616731742e+03
