2.868053050170845886e+00
3.332721795087729255e+00
3.339488492018728216e+00
4.226959127934588167e+00
4.253492579939885054e+00
4.781994943688607336e+00
6.245268154905344815e+00
6.249668174584614988e+00
8.260943836765024528e+00
8.264343851971732491e+00
8.268443870309234001e+00
8.282610600337187989e+00
9.525016157047522469e+00
1.019041913308990566e+01
1.019458581839224465e+01
1.019821916797588557e+01
1.064788784580434644e+01
1.160335878585438429e+01
1.222929491871300911e+01
1.329203300518647168e+01
1.353383408665182763e+01
1.354170078850264325e+01
1.354593414076982150e+01
1.436910448909998017e+01
1.452097183499964572e+01
1.511407448767583617e+01
1.608504549705057940e+01
1.608881218056389173e+01
1.694064932377414578e+01
1.700038292426848230e+01
1.804872094633706325e+01
1.805215429502618818e+01
1.868165711050361821e+01
1.905542544886466416e+01
1.982536222577213536e+01
1.982946224410963865e+01
1.983299559324602512e+01
2.147706961310186813e+01
2.148076962965034653e+01
2.151820313040656174e+01
2.153116985506744285e+01
2.319114394603701612e+01
2.332481121053606188e+01
2.332991123334612737e+01
2.433864907830126967e+01
2.476458431664760695e+01
2.480471782947973836e+01
2.481861789164834420e+01
2.562988818675502500e+01
2.566412167319904469e+01
2.630975789416712729e+01
2.632359128937089565e+01
2.640875833695071151e+01
2.786753152804092082e+01
2.787276488478065772e+01
2.787669823570606908e+01
2.788049825270180193e+01
2.807103243820717609e+01
2.810803260369194945e+01
2.936603823017424020e+01
2.939427168978289018e+01
3.107477920592239684e+01
3.222595102125270472e+01
3.223008437307262852e+01
3.363779066909736315e+01
3.364179068698761199e+01
3.364892405222521887e+01
3.366042410365967186e+01
3.441296080274457836e+01
3.520826435977269142e+01
3.534433163500588648e+01
3.534793165110710333e+01
3.566449973363764059e+01
3.567026642609607734e+01
3.602033465845742199e+01
3.793364321580922649e+01
3.793720989842802993e+01
3.811754403831327664e+01
3.812094405351998461e+01
3.813077743083350413e+01
3.909388173835742464e+01
3.909744842097623518e+01
4.014358643320517217e+01
4.014781978547235042e+01
4.033188727538848894e+01
4.033602062720841275e+01
4.043015438155886443e+01
4.045588782998611066e+01
4.173102686643162684e+01
4.174276025224301634e+01
4.175842698897981364e+01
4.301066592300366409e+01
4.369606898849727372e+01
4.393397005251964771e+01
4.393900340836486862e+01
4.520317572909462456e+01
4.645414799078656642e+01
4.724061817497372573e+01
4.724471819331122902e+01
4.724901821254324119e+01
4.802458834797947418e+01
4.916512678241821988e+01
4.942349460464567557e+01
4.942756128950075833e+01
5.023143155151048234e+01
5.084310095389389517e+01
5.124386941301410303e+01
5.140840348223287748e+01
5.141800352516946759e+01
5.143163691947872707e+01
5.328881189243741545e+01
5.344397925309652919e+01
5.344754593571533263e+01
5.353781300610521754e+01
5.434041659578302585e+01
5.436701671475316289e+01
5.697846172788252517e+01
5.698472842257724835e+01
5.699022844717632807e+01
5.699659514231830570e+01
5.742869707491210107e+01
5.751683080242718660e+01
5.780063207174012518e+01
5.795973278332464673e+01
5.796356613380280010e+01
5.798549956523431348e+01
5.799173292644661615e+01
5.840680144952445119e+01
5.866063591814296529e+01
5.887220353105453796e+01
5.935100567251696191e+01
5.935820570471940272e+01
5.970630726161804347e+01
5.986160795620683217e+01
6.190648376866530356e+01
6.229218549373225500e+01
6.275125421360279887e+01
6.417779392719410225e+01
6.434712801788117531e+01
6.468206284922442251e+01
6.524876538382498836e+01
6.525456540976584563e+01
6.865521395264070748e+01
6.891601511908471878e+01
6.973105209770471902e+01
6.973525211648947675e+01
7.038152167362351008e+01
7.083099035055745674e+01
7.095902425652774070e+01
7.096345760968944205e+01
7.096725762668516779e+01
7.097132431154024346e+01
7.097679100265692398e+01
7.111802496766502202e+01
7.348956890782689300e+01
7.434423939704272755e+01
7.489627519937907607e+01
7.490084188647043106e+01
7.548071114662639047e+01
7.548527783371775968e+01
7.871275893542738800e+01
7.953256260203325212e+01
7.953649595295867414e+01
8.080120160940712992e+01
8.153637156415187803e+01
8.155740499155808720e+01
8.156127167551865398e+01
8.159957184681776710e+01
8.223180800785353028e+01
8.223540802395474714e+01
8.251604261243790006e+01
8.272921023250557937e+01
8.273317691691342191e+01
8.323614583312939885e+01
8.485208639382385343e+01
8.572839031312943803e+01
8.607412519277634999e+01
8.607955855041061000e+01
8.634112638695026476e+01
8.634852642004720735e+01
8.741746453425054142e+01
8.911390545498619531e+01
8.932277305582186955e+01
8.938977335548348435e+01
8.939457337695178296e+01
8.939914006404313795e+01
9.051674506257779740e+01
9.091354683729018404e+01
9.092014686680909108e+01
9.176645065193784490e+01
9.177041733634567322e+01
9.177561735960298961e+01
9.178078404937789969e+01
9.178485073423297536e+01
9.331759092281031087e+01
9.370269264519372143e+01
9.384422661154357570e+01
9.406972762010619249e+01
9.423022833795229758e+01
9.423606169737557536e+01
9.466239693751093398e+01
9.467449699162892784e+01
9.484336441356212788e+01
9.573163505305603849e+01
9.573663507541886020e+01
9.574146843036957932e+01
9.765994367749627258e+01
9.824421295733149861e+01
9.824801297432723857e+01
9.825187965828780534e+01
9.825691301413303336e+01
9.895594947393591667e+01
9.963558584697108245e+01
9.991228708452884177e+01
1.006575904179288585e+02
1.014753274086247785e+02
1.014893274712406424e+02
1.018954626210302621e+02
1.021908639422249081e+02
1.022869643720380566e+02
1.031369348402328683e+02
1.031409015246407108e+02
1.051784106374846317e+02
1.051823773218924600e+02
1.055506789691368397e+02
1.055576456669623440e+02
1.060372144785203972e+02
1.070641857383585887e+02
1.070684524241081732e+02
1.075143877519057440e+02
1.075180877684542082e+02
1.086414927929297392e+02
1.086451261425133907e+02
1.092964290554926521e+02
1.100165322761841367e+02
1.100210656297930996e+02
1.100250989811657547e+02
1.104614342660267283e+02
1.108377692825340262e+02
1.108413026316703878e+02
1.108518026786322963e+02
1.110581369348041392e+02
1.110636702928856465e+02
1.110709036585705007e+02
1.110748036760135022e+02
1.140479503068683442e+02
1.149756877895460150e+02
1.149799544752955995e+02
1.153903229773523975e+02
1.155853238495018758e+02
1.157344245163607894e+02
1.157383245338037767e+02
1.157430912217896548e+02
1.157499245856854913e+02
1.161289262807862883e+02
1.181126018195239880e+02
1.182447024103493476e+02
1.182488357621692785e+02
1.201632443244408961e+02
1.231194242127446188e+02
1.231248575703788646e+02
1.231292242565757107e+02
1.234471590118854181e+02
1.234737591308555551e+02
1.240110282004803963e+02
1.240154615536420835e+02
1.240193282376026644e+02
1.246000975017839210e+02
1.246056641933478488e+02
1.255024682043409427e+02
1.257303692236377088e+02
1.261151376111969284e+02
1.261190376286399157e+02
1.261231376469774119e+02
1.275997775846440589e+02
1.276033776007452758e+02
1.282374137698316474e+02
1.284323146415338783e+02
1.298256208731537242e+02
1.298300208928330051e+02
1.320719642533509273e+02
1.322541984017340440e+02
1.369393193561316480e+02
1.400333331942367465e+02
1.401139668882076137e+02
1.420999424372322153e+02
1.427469453309794858e+02
1.431118802964995496e+02
1.431157136469777242e+02
1.431196469979031178e+02
1.457839255806661356e+02
1.460289266764436888e+02
1.461728939870101271e+02
1.467245297875574579e+02
1.473056657200453117e+02
1.474137995370116414e+02
1.482779034017519564e+02
1.486174049201865728e+02
1.492693411693317955e+02
1.492744745256242709e+02
1.492793412140574105e+02
1.493332414551284728e+02
1.502188120825464637e+02
1.502241121062510274e+02
1.502292454625435312e+02
1.514572842883314081e+02
1.514623509776590424e+02
1.522672212441413251e+02
1.534652932692347918e+02
1.536874942630379337e+02
1.536910942791391506e+02
1.538155948359730303e+02
1.538194615199336113e+02
1.565211402699704308e+02
1.565250069539310118e+02
1.565300403097762398e+02
1.565342069950785628e+02
1.574501110914976039e+02
1.574549444464483372e+02
1.574603444706001483e+02
1.574652111590332879e+02
1.574763778756435499e+02
1.574822112350668419e+02
1.608646596965410538e+02
1.608868931293143305e+02
1.614034287728747472e+02
1.658866154907798034e+02
1.667037858122745604e+02
1.667095858382154177e+02
1.694257313196219741e+02
1.694299980053715728e+02
1.696450323004547158e+02
1.701329678160998640e+02
1.701363678313065577e+02
1.701420678568001392e+02
1.705089694977829708e+02
1.709666048779094751e+02
1.715319074062484788e+02
1.715366407607519079e+02
1.725446119356114423e+02
1.734939495148964284e+02
1.737303505722099430e+02
1.739037846812345549e+02
1.739081513674313726e+02
1.757401928946463840e+02
1.757449929161146542e+02
1.757485262652510301e+02
1.763266288508388300e+02
1.763313955388246939e+02
1.775512343279375500e+02
1.775553010127926541e+02
1.779046359085407687e+02
1.790089408475903667e+02
1.790125408636915836e+02
1.793940425699737773e+02
1.801339458792219830e+02
1.801395125707859108e+02
1.809342827920953312e+02
1.814599851433208642e+02
1.820316877002842375e+02
1.824337561652187958e+02
1.831230925816377919e+02
1.831266592642566025e+02
1.831386593179273348e+02
1.839848297691264349e+02
1.839885297856748991e+02
1.841339637694677549e+02
1.841387304574536188e+02
1.841424638074845177e+02
1.844679985967856908e+02
1.844728986187012367e+02
1.844767653026617893e+02
1.847417331544081662e+02
1.849752341987512807e+02
1.849785675469931334e+02
1.850353678010346243e+02
1.851507016502033878e+02
1.852834689106771293e+02
1.859301718030826294e+02
1.874599453117246810e+02
1.874660786724897434e+02
1.878484803827972200e+02
1.887188842757147142e+02
1.889566520058073991e+02
1.895801881279318764e+02
1.895854548181540054e+02
1.905001255757235583e+02
1.913716961405256995e+02
1.917777979568328988e+02
1.924315008805463094e+02
1.925733348482379483e+02
1.925777015344347944e+02
1.939397742930283357e+02
1.951249795939081366e+02
1.972727225331107661e+02
1.976453575330695855e+02
1.976509242246334850e+02
1.985040280401756831e+02
1.987355624090560582e+02
1.997213668181071284e+02
2.015195748606670918e+02
2.020424105324046593e+02
2.020464438837773002e+02
2.028315473951852823e+02
2.028356140800403580e+02
2.028400807666844798e+02
2.030874818731961966e+02
2.043547542077908759e+02
2.043597542301536976e+02
2.051769578851309177e+02
2.055775930103214364e+02
2.063390297492121306e+02
2.065656974296593944e+02
2.074862348801346172e+02
2.074904348989194034e+02
2.074960682574481439e+02
2.075992353855340582e+02
2.076036020717309043e+02
2.076090020958827438e+02
2.076130354472554131e+02
2.088806411166742976e+02
2.092142759422032157e+02
2.092196759663550552e+02
2.100540463647778893e+02
2.103965145631477469e+02
2.106265822588017329e+02
2.106990159160976077e+02
2.110348507514661662e+02
2.110386174349794430e+02
2.110432174555532470e+02
2.112172849007437776e+02
2.113072186363094715e+02
2.145120329699743706e+02
2.145896333170451555e+02
2.148076342920635398e+02
2.155159374599788009e+02
2.178095477182457387e+02
2.181878827436981396e+02
2.181918160946235332e+02
2.181957161120665489e+02
2.185115175245014427e+02
2.185202175634127286e+02
2.191456203605526412e+02
2.197558230897096507e+02
2.197598564410823201e+02
2.197677898098979767e+02
2.197725231644014059e+02
2.206420603867760235e+02
2.206461270716310992e+02
2.206552604458138092e+02
2.211038624522048792e+02
2.211112958187842423e+02
2.213376634978897357e+02
2.214284639039983347e+02
2.214324305884061346e+02
2.214385639491711970e+02
2.228238034780457042e+02
2.238578414361566615e+02
2.242438431625654118e+02
2.249183461793080880e+02
2.252636810571659396e+02
2.252688477469408497e+02
2.258671504228743743e+02
2.278560593183518392e+02
2.280997937417974697e+02
2.281040270940646337e+02
2.283038279876824390e+02
2.288031302208323439e+02
2.288681638450312619e+02
2.303743705816033014e+02
2.303785372669056244e+02
2.313311415274676790e+02
2.313378748909162539e+02
2.342555879405087751e+02
2.347163566679826658e+02
2.353419261325346667e+02
2.356220940522639751e+02
2.360758294149475205e+02
2.363704640660465373e+02
2.363751307535851538e+02
2.366895988267233122e+02
2.376062362597555477e+02
2.376116696173897935e+02
2.376170696415416330e+02
2.378215038892156201e+02
2.382815392800763163e+02
2.382851726296599111e+02
2.394339777677385257e+02
2.394649779063879009e+02
2.407429502888390402e+02
2.407469503067292749e+02
2.412639526190435220e+02
2.412691526423008384e+02
2.425398583255846745e+02
2.426346920830659144e+02
2.431218609286154333e+02
2.432100613230953456e+02
2.432141946749152623e+02
2.432192280307604904e+02
2.445326005715402573e+02
2.447217014173016594e+02
2.466670434512578254e+02
2.467173770097101055e+02
2.467218436963541990e+02
2.469095778693364025e+02
2.469147445591113126e+02
2.469321113034514781e+02
2.469400113387847000e+02
2.469459446986552393e+02
2.477940484918345874e+02
2.477983818445490272e+02
2.478034818673590678e+02
2.499618581874532595e+02
2.503697933452935160e+02
2.503795267221597669e+02
2.521665680481094967e+02
2.521708014003766607e+02
2.531894392896101635e+02
2.532129727281977694e+02
2.535982411179932967e+02
2.536017078001648315e+02
2.542010771475357558e+02
2.542052771663205135e+02
2.552778819635898913e+02
2.553365822261292521e+02
2.553706157116787665e+02
2.565817877953627431e+02
2.570252897789437725e+02
2.570540565742711010e+02
2.574444583203591037e+02
2.589237316031367868e+02
2.589273316192380321e+02
2.589309649688216837e+02
2.589789651835046698e+02
2.589839985393498409e+02
2.595036008632927746e+02
2.605953724129529405e+02
2.606218058645109750e+02
2.606265058855320262e+02
2.606974728696014836e+02
2.607016062214214003e+02
2.675699369403151309e+02
2.688122758300606279e+02
2.688165091823278203e+02
2.688717094292132401e+02
2.692698445432222911e+02
2.698996140265591066e+02
2.704365164278773364e+02
2.706666507904961918e+02
2.731221284393883479e+02
2.731356951667327735e+02
2.737035643732179437e+02
2.737076643915555110e+02
2.737126644139183327e+02
2.737196644452262717e+02
2.749838034324735645e+02
2.749883367860825274e+02
2.749951034830135086e+02
2.752152044674242575e+02
2.779992835860001605e+02
2.780044169422926643e+02
2.786006862757986369e+02
2.786051196289603240e+02
2.787314535273272327e+02
2.806600288196268025e+02
2.811100641657618553e+02
2.814394656390236378e+02
2.814430323216424199e+02
2.814465323372963894e+02
2.814519656949306636e+02
2.823037028376936632e+02
2.825922374615100239e+02
2.831780067480540879e+02
2.832530737504610556e+02
2.839379101467535520e+02
2.844877459392502601e+02
2.856140843101786118e+02
2.868628565620309132e+02
2.870201572655648761e+02
2.875390595863769931e+02
2.877179603865182003e+02
2.898238698052853692e+02
2.898281031575525617e+02
2.906429401352779678e+02
2.906474734888869875e+02
2.907629073385029983e+02
2.907702073711526509e+02
2.911190755981469351e+02
2.913034430894048228e+02
2.913081097769434109e+02
2.913418099276687485e+02
2.927628162831785517e+02
2.931777514723267473e+02
2.931840515005038696e+02
2.932804852651412375e+02
2.945833244254766896e+02
2.947700585939863345e+02
2.948545923054001605e+02
2.948598256621399401e+02
2.948637923465477684e+02
2.948689923698050848e+02
2.969790684738745767e+02
2.980172064503229876e+02
2.980245731499375665e+02
3.000833490245646544e+02
3.000875490433493837e+02
3.021683250163728189e+02
3.027934944791358021e+02
3.029297284217810784e+02
3.030270955239261639e+02
3.033296635438408089e+02
3.033737637410807793e+02
3.033785304290666431e+02
3.034183972740394779e+02
3.036399315981942095e+02
3.036452649553812080e+02
3.036495316411308636e+02
3.036543649960815401e+02
3.036587650157608209e+02
3.051620050723975623e+02
3.052941723301877914e+02
3.064172773533215377e+02
3.064212107042469597e+02
3.064252773891020638e+02
3.064303440784296981e+02
3.064346107641792400e+02
3.073437481636672715e+02
3.076749829784620260e+02
3.080208511920386059e+02
3.084432530812485993e+02
3.084499531112147679e+02
3.086842874926182958e+02
3.088065880396125635e+02
3.089523220247472182e+02
3.089562553756726402e+02
3.089602220600804117e+02
3.089638554096641201e+02
3.100869270993154601e+02
3.109344642232936735e+02
3.109381309063597314e+02
3.111843653409867443e+02
3.112006987473719732e+02
3.125424047482076162e+02
3.127724057768967327e+02
3.127774057992595544e+02
3.128447061002629539e+02
3.138582439666864161e+02
3.145582137639969460e+02
3.145617471131333218e+02
3.145651804618224787e+02
3.152067833314179097e+02
3.152108166827905507e+02
3.153866174690668913e+02
3.164795556906116758e+02
3.164846223799393101e+02
3.164887223982768774e+02
3.171517253635850579e+02
3.175516604856448453e+02
3.175629938696671388e+02
3.182084967567055855e+02
3.197960371903793089e+02
3.201534054553903275e+02
3.214053777215548280e+02
3.214171777743310940e+02
3.216069786232231991e+02
3.220272138360759300e+02
3.220314138548607161e+02
3.251514278092524250e+02
3.254236623601660767e+02
3.257184636786771534e+02
3.257228303648740280e+02
3.262706661484255619e+02
3.266195010419374398e+02
3.271713035098968589e+02
3.271764368661893059e+02
3.281282077896909186e+02
3.283557088071985959e+02
3.283596088246415547e+02
3.293527799333072039e+02
3.303873178936544264e+02
3.303907845758259896e+02
3.304073846500705258e+02
3.304905183552228323e+02
3.305038517481903000e+02
3.326056944821023649e+02
3.341666014633235022e+02
3.350649721479902610e+02
3.352111061349139050e+02
3.352164728255833666e+02
3.367845465055245313e+02
3.367890131921685679e+02
3.367924798743401311e+02
3.367971798953611824e+02
3.368389134153494524e+02
3.385969546115948106e+02
3.388507557467309539e+02
3.418791359579535651e+02
3.427079396648124998e+02
3.475654947237621286e+02
3.475703280787128620e+02
3.475774614439504830e+02
3.499620387757380513e+02
3.506876753545110432e+02
3.514334786901473535e+02
3.514450454085466617e+02
3.518103803758557433e+02
3.518154803986658408e+02
3.520290480205225663e+02
3.522574157085731485e+02
3.522649490755997590e+02
3.534656877792867249e+02
3.535065212952496836e+02
3.540155569052658393e+02
3.540207902620055620e+02
3.557377312744287678e+02
3.557421979610728613e+02
3.563605673934224569e+02
3.566260352474050705e+02
3.566307352684261218e+02
3.572808715095207504e+02
3.577166401251806178e+02
3.581175419182304722e+02
3.589180121650334740e+02
3.596860489334430326e+02
3.612202557952468283e+02
3.612246891484085154e+02
3.623122606792839520e+02
3.624677947082496416e+02
3.624724280623058803e+02
3.633504986561796386e+02
3.633542653396929722e+02
3.633589653607140235e+02
3.633637320486998874e+02
3.646859712958030286e+02
3.666011465281702613e+02
3.666051798795429590e+02
3.671590823568947144e+02
3.671635157100564015e+02
3.676727513209671088e+02
3.690084572949674566e+02
3.705638642515895071e+02
3.731223090276731114e+02
3.740061129805229712e+02
3.740463464938023321e+02
3.740516131840244611e+02
3.740553132005729822e+02
3.762652564179688852e+02
3.762727564515130894e+02
3.762784898104891340e+02
3.763030899205141395e+02
3.763131566322045956e+02
3.763295900390370434e+02
3.763491234597343578e+02
3.764825907233388875e+02
3.765506910279203225e+02
3.765991579113571674e+02
3.766417581018882856e+02
3.766726915735728767e+02
3.766851249625150331e+02
3.767633253122693304e+02
3.767694920065167707e+02
3.768085255144291068e+02
3.768271922645835730e+02
3.769040592750411065e+02
3.769323927350970962e+02
3.773822280803375975e+02
3.822955167218913175e+02
3.826810851130285869e+02
3.826848851300243268e+02
3.866939030605231551e+02
3.874536397918104740e+02
3.875986737738143120e+02
3.887542789423063141e+02
3.892662812322577679e+02
3.892714479220326780e+02
3.894327153099744123e+02
3.924105619618503056e+02
3.924143619788460455e+02
3.930238980383546732e+02
3.938955019366392207e+02
3.944664378235069080e+02
3.949904401671291225e+02
3.950689738517075966e+02
3.954518422307689889e+02
3.955843761568657442e+02
3.974482511597906296e+02
3.974535178500128154e+02
3.982610547950885689e+02
3.985380560339880844e+02
3.995692606460934257e+02
4.000224960065407345e+02
4.001970967874499365e+02
4.026084409056197728e+02
4.028226751971248518e+02
4.028891088275853463e+02
4.033518775640043827e+02
4.039024800265967201e+02
4.039075467159243544e+02
4.043273819269880391e+02
4.059266557464731591e+02
4.060264895263171638e+02
4.063243241917284081e+02
4.063295575484681308e+02
4.063400242619476330e+02
4.074240624436866938e+02
4.081921992125435281e+02
4.092116037718726602e+02
4.101938081648224852e+02
4.105318430100306841e+02
4.136031234131261840e+02
4.143569267845430204e+02
4.143643601511223551e+02
4.150356298200704828e+02
4.153418311895688362e+02
4.154921318617947463e+02
4.156779326927967304e+02
4.177038084202765162e+02
4.219929609370221897e+02
4.219986942959982343e+02
4.220051943250698514e+02
4.227529976696512790e+02
4.237194686588995296e+02
4.243959050176225105e+02
4.243998383685478757e+02
4.260222456248316121e+02
4.260274456480889285e+02
4.266772818878417866e+02
4.270675836334824567e+02
4.270729169906694551e+02
4.282219887966074339e+02
4.282260221479800748e+02
4.282299888323879031e+02
4.282530556022216501e+02
4.286375239884390567e+02
4.302693979537297082e+02
4.302737313064441196e+02
4.304879322644667923e+02
4.324819411827542694e+02
4.325623082088658293e+02
4.328478428192645424e+02
4.328552761858438771e+02
4.334277454129029366e+02
4.335337792204769016e+02
4.336373796838342400e+02
4.338717473987202311e+02
4.350501193357042098e+02
4.361054907225631041e+02
4.361097240748302966e+02
4.361191574503548054e+02
4.384547012295044510e+02
4.384604679219628451e+02
4.407492448252791064e+02
4.407551781851496457e+02
4.407620115490454396e+02
4.414201144924381310e+02
4.414240145098811468e+02
4.424743192074124067e+02
4.425670862889837167e+02
4.427543204597296267e+02
4.431791890266385394e+02
4.431884557347509599e+02
4.436354577339859588e+02
4.436413910938564413e+02
4.453909989190499346e+02
4.457253670811920756e+02
4.457374004683452426e+02
4.457412338188233889e+02
4.462620028146509981e+02
4.462798362277449655e+02
4.466224377600445337e+02
4.466265044448995809e+02
4.467152381750982499e+02
4.467197048617423434e+02
4.501340201324089207e+02
4.501376868154749218e+02
4.501426868378376867e+02
4.503404877225103746e+02
4.503451544100490196e+02
4.515525598102196909e+02
4.523527300556809223e+02
4.532902342487072929e+02
4.532938009313261318e+02
4.532981676175229495e+02
4.540660377185204197e+02
4.545360064871418899e+02
4.547271073418484093e+02
4.547315406950100964e+02
4.550391754042524326e+02
4.576941206119381604e+02
4.595245954654794787e+02
4.595283954824752186e+02
4.600469311349807526e+02
4.600839979674303777e+02
4.602766654958105050e+02
4.606486004926385363e+02
4.613170701490635111e+02
4.613211701674009646e+02
4.613258035214572033e+02
4.622366075950661752e+02
4.622517076626018024e+02
4.636364138557576098e+02
4.646824518675393278e+02
4.646865852193592445e+02
4.652894212489017036e+02
4.657058231112762883e+02
4.657105897992621522e+02
4.666127605009246508e+02
4.671912630883014685e+02
4.672296632600478006e+02
4.672339632792798056e+02
4.688943373720384216e+02
4.689082041007246175e+02
4.690684714841937648e+02
4.699900422726240095e+02
4.700779093322797166e+02
4.707319122573348977e+02
4.708083459325210356e+02
4.708161126339246039e+02
4.712523479183383301e+02
4.712572479402538761e+02
4.712613812920737928e+02
4.712662813139893387e+02
4.722104855369818210e+02
4.725580204246793414e+02
4.732478235098522532e+02
4.732535902023107042e+02
4.742023277789121494e+02
4.749779312478308384e+02
4.749817979317913910e+02
4.752769659186091076e+02
4.756279341549957280e+02
4.756388008702642765e+02
4.763983376006570438e+02
4.771844744500200477e+02
4.771881411330861056e+02
4.774359755748692464e+02
4.774406089289254851e+02
4.788167150836172254e+02
4.788247151193977516e+02
4.793225506793212958e+02
4.798944865706615701e+02
4.805103559918297265e+02
4.805147893449914136e+02
4.805237893852444699e+02
4.815776274319121626e+02
4.815820274515913866e+02
4.815865274717179432e+02
4.815914941605983017e+02
4.827134325118474294e+02
4.830048004816694061e+02
4.839059378453769114e+02
4.839142045490168016e+02
4.840985387067922829e+02
4.843404397887048844e+02
4.853235441856800207e+02
4.853294442120681538e+02
4.858496132052121652e+02
4.863120486068070250e+02
4.863161486251445353e+02
4.867043170279104629e+02
4.867077170431172135e+02
4.867132504011986498e+02
4.867182504235614715e+02
4.867219171066275294e+02
4.874898872080722754e+02
4.891659613710501162e+02
4.891988948516797677e+02
4.893683956097789860e+02
4.898479310878545903e+02
4.900693654115621030e+02
4.900740320991007479e+02
4.901581324752431783e+02
4.914286714911149261e+02
4.914327715094524365e+02
4.914368381943074837e+02
4.914407048782680363e+02
4.922004749430378183e+02
4.922257083892287710e+02
4.925940767034380201e+02
4.927716441642825203e+02
4.928000109578208026e+02
4.932200461697790388e+02
4.933947802846179229e+02
4.945768855716328289e+02
4.947602530584181295e+02
4.950712877828671594e+02
4.961493259377708114e+02
4.961556259659479906e+02
4.979463673084461561e+02
4.985906701901174642e+02
4.985993035620639375e+02
4.986034035804014479e+02
5.003498447247652052e+02
5.003533780739015810e+02
5.006946462669043285e+02
5.019979520959936963e+02
5.025347544968646503e+02
5.025728546672692687e+02
5.030472901225348323e+02
5.032954912326246131e+02
5.032998912523038371e+02
5.045194633735574143e+02
5.045251300655685327e+02
5.057746023205516508e+02
5.057786356719243486e+02
5.062697045349167979e+02
5.066098727229997962e+02
5.066152394136692010e+02
5.080579125327512315e+02
5.080755459449507043e+02
5.080884126691643132e+02
5.082480467164675701e+02
5.082529467383830593e+02
5.090986838543107069e+02
5.114838945222642224e+02
5.130583682308298421e+02
5.130630349183684302e+02
5.130728349621995221e+02
5.130765349787479863e+02
5.130816016680756775e+02
5.130935017212991625e+02
5.130980350749081254e+02
5.139859390460953819e+02
5.143761741247712962e+02
5.156502798232618261e+02
5.162571492041769261e+02
5.172039201053156603e+02
5.174407878313830906e+02
5.177911560650861702e+02
5.180558572489732114e+02
5.188565274966707648e+02
5.194440301243006388e+02
5.200749329460395529e+02
5.200870996671224020e+02
5.228886788639682663e+02
5.231959135714215563e+02
5.232083136268812495e+02
5.232220470216377635e+02
5.232404137704504592e+02
5.257042247899473750e+02
5.257081248073902771e+02
5.284036701966621195e+02
5.290869732527634142e+02
5.293665411698090111e+02
5.296149089473109370e+02
5.296196423018143378e+02
5.296237756536343113e+02
5.296287423425146699e+02
5.312707163529781837e+02
5.312761163771300517e+02
5.315684843514245586e+02
5.339529950162473142e+02
5.343044965883526629e+02
5.350991001422498812e+02
5.366936072737491941e+02
5.368636413675670838e+02
5.368883081445568450e+02
5.374709774172360994e+02
5.378849459353940574e+02
5.395736534882086062e+02
5.399138216762914908e+02
5.399426218051013393e+02
5.400741223932431012e+02
5.400800224196311774e+02
5.423097990590663358e+02
5.423136324095444252e+02
5.432813367376422775e+02
5.446986764100859091e+02
5.454388463871933936e+02
5.469652865475936778e+02
5.469856199718691414e+02
5.472028209433094617e+02
5.475832226446717641e+02
5.475894560058841307e+02
5.475948226965534786e+02
5.485738270751912751e+02
5.506686364443129378e+02
5.525059113282676435e+02
5.535917828515396195e+02
5.535951495332640206e+02
5.539271176846718845e+02
5.539319177061402115e+02
5.539353510548293116e+02
5.544413533179454134e+02
5.551510898256046858e+02
5.551547898421531499e+02
5.559734601703568160e+02
5.567411302704597347e+02
5.575443338628211905e+02
5.575773340104157114e+02
5.593166751230243108e+02
5.597473437158740808e+02
5.600842785561624169e+02
5.606075808966537579e+02
5.609419157253134927e+02
5.623312886060080018e+02
5.623411219833213863e+02
5.623445886654930064e+02
5.643873978020415052e+02
5.648154997167450801e+02
5.668904089968629023e+02
5.680528808627331045e+02
5.680582808868849725e+02
5.685362496912867982e+02
5.688523844385459824e+02
5.707146927677971462e+02
5.707181927834511725e+02
5.707218261330347104e+02
5.710007940473969938e+02
5.712600618736496472e+02
5.728750690968364552e+02
5.728788691138322520e+02
5.728828024647575603e+02
5.735981723309456584e+02
5.738691735430097651e+02
5.739481738963421549e+02
5.739566739343588324e+02
5.739628406286062727e+02
5.756404814652578352e+02
5.759505495187166844e+02
5.759557162084915944e+02
5.769232538691773016e+02
5.789501296011296745e+02
5.798770004132643408e+02
5.798809004307073565e+02
5.812759733368955040e+02
5.837842512219388027e+02
5.837887179085830667e+02
5.845419546107985980e+02
5.845510213180166375e+02
5.845549213354595395e+02
5.856577596012826916e+02
5.870367657689449743e+02
5.904071141763012065e+02
5.916985532856494956e+02
5.917031199727408648e+02
5.917068199892893290e+02
5.927957915264263420e+02
5.931870932765395992e+02
5.951680354697189159e+02
5.951909689056230945e+02
5.951999356123936877e+02
5.957957049436633952e+02
5.969700435292746761e+02
5.970755106676474497e+02
5.970820773636839931e+02
5.980817485014213162e+02
5.990014192813536056e+02
5.991770867337002073e+02
5.991840867650081464e+02
5.991941868101810087e+02
6.002827916790113250e+02
6.006751601005621524e+02
6.022355004125821551e+02
6.022390670952008804e+02
6.066291200632281289e+02
6.070593219873239832e+02
6.070634220056615504e+02
6.070668886878330568e+02
6.070708887057232914e+02
6.095991333467355844e+02
6.100788021587408139e+02
6.108214721470297945e+02
6.124563127922557442e+02
6.124600128088042084e+02
6.141767871538152122e+02
6.181448382344215133e+02
6.188281079570402881e+02
6.188320746414481164e+02
6.188424746879627492e+02
6.201765473213245059e+02
6.204832820265415876e+02
6.236572628889690577e+02
6.237436632753984895e+02
6.247595678190735953e+02
6.259409397694753352e+02
6.259445397855764668e+02
6.259593731852528435e+02
6.265352424275184831e+02
6.282901169429342190e+02
6.286019850044436907e+02
6.286092850370934002e+02
6.297720569043053729e+02
6.319926001691105739e+02
6.342307435126326709e+02
6.342353435332064464e+02
6.357679503878541709e+02
6.357715504039553025e+02
6.372225902271244422e+02
6.372321569365785763e+02
6.387340303204363181e+02
6.393303663209070464e+02
6.399062022296902796e+02
6.399260356517295349e+02
6.430875497917323855e+02
6.440082205761373189e+02
6.445019894512057590e+02
6.460623630967081681e+02
6.460659964462918197e+02
6.460699297972172417e+02
6.464308314113646929e+02
6.476792703283928176e+02
6.477520039870304345e+02
6.490109096175380046e+02
6.490280763609837322e+02
6.490316763770849775e+02
6.507747508397243337e+02
6.521358235938453163e+02
6.526753260067921474e+02
6.526790593568230179e+02
6.532201617769260338e+02
6.532299951542396457e+02
6.538678646738040925e+02
6.571360459575470259e+02
6.593404224833790295e+02
6.613734649095788427e+02
6.618732004780002853e+02
6.619629342126714846e+02
6.621818351917150949e+02
6.637575089056476827e+02
6.646089793805514319e+02
6.646127793975471150e+02
6.650475813422168585e+02
6.650658814240647416e+02
6.680582614742751275e+02
6.680802282391890685e+02
6.689992990164379307e+02
6.690168324281901278e+02
6.690217657835881937e+02
6.711755087496261467e+02
6.713098426837735815e+02
6.713139760355934413e+02
6.730782839265335724e+02
6.736515531571706106e+02
6.737440869043649627e+02
6.767164335316417692e+02
6.769529345894026164e+02
6.769574346095290593e+02
6.769623012979621990e+02
6.769673346538074838e+02
6.769710680038383543e+02
6.769756013574473172e+02
6.779983392650182168e+02
6.780122393271868759e+02
6.792562448910533703e+02
6.792605449102853754e+02
6.792733449675341717e+02
6.795293794459923902e+02
6.798679142934367974e+02
6.801217820955376965e+02
6.801273154536193033e+02
6.820865242162615232e+02
6.843639677355554340e+02
6.847916029815052070e+02
6.869270458656951632e+02
6.895201907969767490e+02
6.895371908730102177e+02
6.907557296563087448e+02
6.907600296755408635e+02
6.909732306290909492e+02
6.923784369139342516e+02
6.932687742293381916e+02
6.932742075869723521e+02
6.932778742700384100e+02
6.932817409539990194e+02
6.963365546167797220e+02
6.970499244740226459e+02
6.986061647677051951e+02
6.994725353092499063e+02
7.011114426393309031e+02
7.015054110680376880e+02
7.015196777985129302e+02
7.023967483879141582e+02
7.032197187353497156e+02
7.051704607934577780e+02
7.054635954378479710e+02
7.054678621235975697e+02
7.055840626433091529e+02
7.055885959969181158e+02
7.055944960233063057e+02
7.055988293760206034e+02
7.056023627251571497e+02
7.073484705346966166e+02
7.088911441010347971e+02
7.089281442665194390e+02
7.091906454405668683e+02
7.128638285356971664e+02
7.136625321079319519e+02
7.136658321226914268e+02
7.137474658211348242e+02
7.137515658394723914e+02
7.137564658613878237e+02
7.148673041629915588e+02
7.150274048790486177e+02
7.150317382317630290e+02
7.156623410521604001e+02
7.166009119166241135e+02
7.184503868551439609e+02
7.188246218622589367e+02
7.188282885453249946e+02
7.188323885636625619e+02
7.206140298654603384e+02
7.225951053925695078e+02
7.225988720760827846e+02
7.228415731615734785e+02
7.228452065111570164e+02
7.228488065272582617e+02
7.239434114229241004e+02
7.244707137813056761e+02
7.254117846569508856e+02
7.259924205872024459e+02
7.259974539430477307e+02
7.272961597515633230e+02
7.283113642921075552e+02
7.292911686743233304e+02
7.303053732103951461e+02
7.306481747435891521e+02
7.306526414302333023e+02
7.306563747802641728e+02
7.306603081311895949e+02
7.306640748147028717e+02
7.345196253921460539e+02
7.347456264029449358e+02
7.353164289558828841e+02
7.375548723007468652e+02
7.388188779540645328e+02
7.388234113076734957e+02
7.394101472652076836e+02
7.409933543461669387e+02
7.412415221227743132e+02
7.412490554898008668e+02
7.420458257200555181e+02
7.428632960428919887e+02
7.431413306197465545e+02
7.464045452146090156e+02
7.485443881184784232e+02
7.494053919693537864e+02
7.498306938715342085e+02
7.512184667450725328e+02
7.517802025907927828e+02
7.532771759527347513e+02
7.532837093152887746e+02
7.545336815725082715e+02
7.550938507445547430e+02
7.554526856827922074e+02
7.565161904393612531e+02
7.565203571246636329e+02
7.574800947504631949e+02
7.583384652562275505e+02
7.583423319401881599e+02
7.588218007512989516e+02
7.594738036674089017e+02
7.619058478781607846e+02
7.619095478947092488e+02
7.627890851618095667e+02
7.627988518721582523e+02
7.638890234146622333e+02
7.638925900972810723e+02
7.641474912373369079e+02
7.641566579450021663e+02
7.646897603293245993e+02
7.675175063098690771e+02
7.685033773858849599e+02
7.689844462041518227e+02
7.698590501158540746e+02
7.698628167993674651e+02
7.698676168208356785e+02
7.701066512232603145e+02
7.706196868511667617e+02
7.707292540078769889e+02
7.707637208286980695e+02
7.707688541849904595e+02
7.738884681375931223e+02
7.739096015654465646e+02
7.739420350438400646e+02
7.747934055182964812e+02
7.769407484557100361e+02
7.772249163933295222e+02
7.774192839293131101e+02
7.784695552933619638e+02
7.803048301683716090e+02
7.815901025834723441e+02
7.825860403711786830e+02
7.844133152104078590e+02
7.851291517453497590e+02
7.851332517636872126e+02
7.854908866965575953e+02
7.865528914464177888e+02
7.877752969136769252e+02
7.881515652632193678e+02
7.893041037513288529e+02
7.901161740500135693e+02
7.901210074049644163e+02
7.901256740925028907e+02
7.918809152762252097e+02
7.918977486848466469e+02
7.928316861952541785e+02
7.954431978753483463e+02
7.954468312249321116e+02
7.976639744745303915e+02
7.983811776822515185e+02
7.983859443702373255e+02
7.986046786818690180e+02
8.006373211062798418e+02
8.022373615958605342e+02
8.033977001188559370e+02
8.034039668135507100e+02
8.054122757957957219e+02
8.056549435478041232e+02
8.065771476724002014e+02
8.065808476889486656e+02
8.065852810421102959e+02
8.129627762323885918e+02
8.129701762654856338e+02
8.129739429489987970e+02
8.129774762981352296e+02
8.140588478012807627e+02
8.140625478178292269e+02
8.147942510904024402e+02
8.150850523910233960e+02
8.153442202168288304e+02
8.158903226592946112e+02
8.158937226745013049e+02
8.191752040177292429e+02
8.197079064002626865e+02
8.197116730837760770e+02
8.197368398630021602e+02
8.210070122105673818e+02
8.211111126761610421e+02
8.233369559646706648e+02
8.250069634338482274e+02
8.250175301477750054e+02
8.250290301992093873e+02
8.262281022287753558e+02
8.268419049740336959e+02
8.268460716593359621e+02
8.273109404051474485e+02
8.273240071302554952e+02
8.273284071499348329e+02
8.287933803687549243e+02
8.291587820030289322e+02
8.303434206347075133e+02
8.317994604802394178e+02
8.319868279849150667e+02
8.333115005762347209e+02
8.350040748130097654e+02
8.350081748313473327e+02
8.371995512990359884e+02
8.372030179812076085e+02
8.372098513451034023e+02
8.381752223294319037e+02
8.392073602790449058e+02
8.393904610979709560e+02
8.393965277917710637e+02
8.418803722342015590e+02
8.419618725987153312e+02
8.444792838579415957e+02
8.453024542062718183e+02
8.476038311659422106e+02
8.476075645159730811e+02
8.500748088841592107e+02
8.547681298752316934e+02
8.547737965672429254e+02
8.558304679599161773e+02
8.558346013117360371e+02
8.558381679943548761e+02
8.558423013461747360e+02
8.582073452572650467e+02
8.592247498076491183e+02
8.624017306834944065e+02
8.624056640344197149e+02
8.624100640540990526e+02
8.641949387036914914e+02
8.641994053903355280e+02
8.645781404175770604e+02
8.651534763241240853e+02
8.678150548948111691e+02
8.678185882439476018e+02
8.679644222295294185e+02
8.686645253607696304e+02
8.686680253764236568e+02
8.700432315270901427e+02
8.700549982463840024e+02
8.713230372510743109e+02
8.714218376929633223e+02
8.714624378745493232e+02
8.725505760746258375e+02
8.755762896072550348e+02
8.756968234796811430e+02
8.765158938096737984e+02
8.765208604985541569e+02
8.778968999862811415e+02
8.779031666809758008e+02
8.798276752884203233e+02
8.803626443477583052e+02
8.823727200045715335e+02
8.823780533617585888e+02
8.823960534422647015e+02
8.835541252884556798e+02
8.878331110930636214e+02
8.885345142301182477e+02
8.894486183184866377e+02
8.894736517637830957e+02
8.895977856523104492e+02
8.896021856719897869e+02
8.896057856880909185e+02
8.903342889463518759e+02
8.903389556338905777e+02
8.925336654498212283e+02
8.958205134837185142e+02
8.975190877473289675e+02
9.004421008206260240e+02
9.012007708804760568e+02
9.014482719874349641e+02
9.014541053468582277e+02
9.014577720299242856e+02
9.014615720469200824e+02
9.014651387295388076e+02
9.019939744281117555e+02
9.045133523628005605e+02
9.045205523950030511e+02
9.045347524585134806e+02
9.068507294834834056e+02
9.101117774019886610e+02
9.101220107810911486e+02
9.145312971684738841e+02
9.145407638774807992e+02
9.147468981327581332e+02
9.172096424808175925e+02
9.193223852634805553e+02
9.233591366513518324e+02
9.238752722931232029e+02
9.238804723163804056e+02
9.291823960294539120e+02
9.317865410099336714e+02
9.341092513983520575e+02
9.349507884954949759e+02
9.349575551924259571e+02
9.358373257939031191e+02
9.362564943353185072e+02
9.367872633758715892e+02
9.447765324415419173e+02
9.459433376601265309e+02
9.463996730344388197e+02
9.490719516529823068e+02
9.497665880931059519e+02
9.497786881472238747e+02
9.500054224946360364e+02
9.527705015282332397e+02
9.548722442616981425e+02
9.548771776170959811e+02
9.548813443023983609e+02
9.559692158346155111e+02
9.619710426780347916e+02
9.629062468607742176e+02
9.638225509589822195e+02
9.638262176420483911e+02
9.643735200898812536e+02
9.651760903460765348e+02
9.651961904359751543e+02
9.683598712523353242e+02
9.714048848712849349e+02
9.719584540138124567e+02
9.719640873723412824e+02
9.791817863204655623e+02
9.794836876707317970e+02
9.800112233634904442e+02
9.803642249423046451e+02
9.803692249646674099e+02
9.803741583200654759e+02
9.803804583482425414e+02
9.832745379588002379e+02
9.861104173090548102e+02
9.896895666502817903e+02
9.903509696084340703e+02
9.927056801399744472e+02
9.927299135816928128e+02
9.936577843983001230e+02
9.940080192980735774e+02
9.947972894947838540e+02
9.970910330869804739e+02
9.970942331012926161e+02
9.976053687207013354e+02
9.976120687506673903e+02
9.976276021534745269e+02
9.979978371426992680e+02
9.984403391218077104e+02
1.002247289481884195e+03
1.002254956182840488e+03
1.003408994677658825e+03
1.004179898125556406e+03
1.004322298762449236e+03
1.004325598777208711e+03
1.004329298793757175e+03
1.004333932147813357e+03
1.004439999288869672e+03
1.004656000254942910e+03
1.007295612060716167e+03
1.011407897119748213e+03
1.011411397135402126e+03
1.012324367885368360e+03
1.012330734580510239e+03
1.014977546418485872e+03
1.016344919200784034e+03
1.016766021084179556e+03
1.016769687767245728e+03
1.017107755945936333e+03
1.017958626418156427e+03
1.019621867190403009e+03
1.022347412713851554e+03
1.023208616565621583e+03
1.023287283584129682e+03
1.023375517312092143e+03
1.023379550663464670e+03
1.023384117350556039e+03
1.023388217368893606e+03
1.023407484121731500e+03
1.023411150804797671e+03
1.023425750870096977e+03
1.026301297064429718e+03
1.026305563750179545e+03
1.026435964333401444e+03
1.026439831017362167e+03
1.032599558566998667e+03
1.032603291917029765e+03
1.035747839314481553e+03
1.035752806003361911e+03
1.040133792264171234e+03
1.040138058949920833e+03
1.040151559010300389e+03
1.045780750853760765e+03
1.049134965855626206e+03
1.049138532538245272e+03
1.050828673430803747e+03
1.052143212643468132e+03
1.053845253589249978e+03
1.053848486937044754e+03
1.053852420287970290e+03
1.053890587125339607e+03
1.053911653886228123e+03
1.053935487326157499e+03
1.053939754011907326e+03
1.053988820898027370e+03
1.054005820974060953e+03
1.054011354332142673e+03
1.054100554731095144e+03
1.054108088098121698e+03
1.054160788333825622e+03
1.054165455021364323e+03
1.054207321875282332e+03
1.054293655594746724e+03
1.054333955774990955e+03
1.054354655867573001e+03
1.054367622592233829e+03
1.054372655948079000e+03
1.054380489316447438e+03
1.054524956629250255e+03
1.054581856883738737e+03
1.054617857044750963e+03
1.054735424237241887e+03
1.054795324505148301e+03
1.054827691316576875e+03
1.054904058324798143e+03
1.054909125014125721e+03
1.054918191721343646e+03
1.055061759030121038e+03
1.055198292974108199e+03
1.055522161089288375e+03
1.055542761181423202e+03
1.055865129289894639e+03
1.062710493239401785e+03
1.062716126597930497e+03
1.065872307380746633e+03
1.067865716296350683e+03
1.069596257369600607e+03
1.070909229908591442e+03
1.071972267996406572e+03
1.071983401379534371e+03
1.072340002974449817e+03
1.072345002996812582e+03
1.072349303016044587e+03
1.072560503960649385e+03
1.072565103981223274e+03
1.072569870669209195e+03
1.072573837353616909e+03
1.072623537575903356e+03
1.072628704265678380e+03
1.072633637621076105e+03
1.072661937747649745e+03
1.072668104441897185e+03
1.072674104468732594e+03
1.072705871277477627e+03
1.072745438121108691e+03
1.072776771594582215e+03
1.072797405020199449e+03
1.072803938382753358e+03
1.072821871796294772e+03
1.072864338652896095e+03
1.072895638792887439e+03
1.072966239108650370e+03
1.073066039555011912e+03
1.073074172924722006e+03
1.073121573136721281e+03
1.078460130346973074e+03
1.078999266091613435e+03
1.086013497463053909e+03
1.092099458016097969e+03
1.096186342961526861e+03
1.096362677083521930e+03
1.096374177134956199e+03
1.096844712572778917e+03
1.097680149642639208e+03
1.100385995077978123e+03
1.101387866225555172e+03
1.101406099640438015e+03
1.103692243198643382e+03
1.103866277310351506e+03
1.104139178530913341e+03
1.104146178562221394e+03
1.105841852812861362e+03
1.105846219499058179e+03
1.106020753613002626e+03
1.106460055577798812e+03
1.107700661126458726e+03
1.108994266912163994e+03
1.109894370937916619e+03
1.109898470956254187e+03
1.114335390800562209e+03
1.117725339295580397e+03
1.117728805977752017e+03
1.117732572661265294e+03
1.119621914444758204e+03
1.119674881348321378e+03
1.119691381422118639e+03
1.121750423964605261e+03
1.121818557602668989e+03
1.122022325180694452e+03
1.125627874639997344e+03
1.125639574692326278e+03
1.125653508087977116e+03
1.126382544681957143e+03
1.126388778043169395e+03
1.127411882619046764e+03
1.130715164059776725e+03
1.132809806761486243e+03
1.132818940135668981e+03
1.134716015287082882e+03
1.134719648636666534e+03
1.134724015322863352e+03
1.134734982038579119e+03
1.134746648757425646e+03
1.135982487618099640e+03
1.137087892562068873e+03
1.137094659258999855e+03
1.139219635429710479e+03
1.139498203342283659e+03
1.139504203369119296e+03
1.141924014191823289e+03
1.141930547554377426e+03
1.142865085067468499e+03
1.142869118418841254e+03
1.142872785101907084e+03
1.144799360385261707e+03
1.144804460408071918e+03
1.145467830041686739e+03
1.147692506658311459e+03
1.148723377935592680e+03
1.150229218003858250e+03
1.151155088811520500e+03
1.152096393021542553e+03
1.152099893037196580e+03
1.152104026389016553e+03
1.153825334087636293e+03
1.153829967441692588e+03
1.153840100820347971e+03
1.155409374505656160e+03
1.155413307856581696e+03
1.156506179411161611e+03
1.156510946099147532e+03
1.157561717465432594e+03
1.157569817501660509e+03
1.158877723351323539e+03
1.162646340206618561e+03
1.163594844448842878e+03
1.164377547949516838e+03
1.166198422760121503e+03
1.166219522854492425e+03
1.167778829828557718e+03
1.169035968784497072e+03
1.169857939127459986e+03
1.171899781593018588e+03
1.172592318023749840e+03
1.173144320492603583e+03
1.173148987180142285e+03
1.175925266263832327e+03
1.176426701839857060e+03
1.177747874415522801e+03
1.180542686915437343e+03
1.180704220971238556e+03
1.180717287696346602e+03
1.182855197258235648e+03
1.183632100732968638e+03
1.184127069613404274e+03
1.188699456730261772e+03
1.192300206168096111e+03
1.192303906184644575e+03
1.192498107053216017e+03
1.192513373788163790e+03
1.195462386977747428e+03
1.195786988429540770e+03
1.197897764536741079e+03
1.198386100054175358e+03
1.198767468426527785e+03
1.198783635165500982e+03
1.200307041979001042e+03
1.200320542039380825e+03
1.200954311540607705e+03
1.205514731937277020e+03
1.205518031952036154e+03
1.205523531976635240e+03
1.205868033517432877e+03
1.205875866885801315e+03
1.205879300234490302e+03
1.209647283753619377e+03
1.210465287412174575e+03
1.212828364647802346e+03
1.212840931370674070e+03
1.213870202640799107e+03
1.214146903878356852e+03
1.214151270564553670e+03
1.214820540224556680e+03
1.217798686877774344e+03
1.217813786945310085e+03
1.218104788246825365e+03
1.220495498939377967e+03
1.220499365623338463e+03
1.220502665638098051e+03
1.221136335138877712e+03
1.221506903462926630e+03
1.221517003508099606e+03
1.223659979759316229e+03
1.224376682964801148e+03
1.225388387489691468e+03
1.227488363548588268e+03
1.229696640091862946e+03
1.230139975408031887e+03
1.230144242093781486e+03
1.233926325675973658e+03
1.233945292427470122e+03
1.237676242447631921e+03
1.237906343476768143e+03
1.239024715145398659e+03
1.242886765751913345e+03
1.243515835232119343e+03
1.243519601915632620e+03
1.251657204978066147e+03
1.251671905043813013e+03
1.251682271756845239e+03
1.253005511008420854e+03
1.253009511026310975e+03
1.253962881956968658e+03
1.255348154819325600e+03
1.255352254837663168e+03
1.255356121521623663e+03
1.255360454874338075e+03
1.255408488422503524e+03
1.258510635630318575e+03
1.259016037890751250e+03
1.259019571239887910e+03
1.259831074869371378e+03
1.260415510816618735e+03
1.261639149622727246e+03
1.262092051648350207e+03
1.262271985786446521e+03
1.267497609158263458e+03
1.268819615070989812e+03
1.268956749017660513e+03
1.269326917339920328e+03
1.269952520137954707e+03
1.269965586863062981e+03
1.272434931240641163e+03
1.272449797973799832e+03
1.274136072182398038e+03
1.275518545032231486e+03
1.275765846138295956e+03
1.275798146282759944e+03
1.276000547188006294e+03
1.276007213884490056e+03
1.276515249490033739e+03
1.278777559608309275e+03
1.278787259651693148e+03
1.280561700921288548e+03
1.281096869981521195e+03
1.286784528753144059e+03
1.286788128769245304e+03
1.286795162134035536e+03
1.287194297252517117e+03
1.287636365896354164e+03
1.287642499257119198e+03
1.287650832627724185e+03
1.289541141082207105e+03
1.291561916786876509e+03
1.291574583510195907e+03
1.291854551429030607e+03
1.291871418171134337e+03
1.294010827739732349e+03
1.294692497455195053e+03
1.294761731098178871e+03
1.296349638200159006e+03
1.296413005150237041e+03
1.297903611817037017e+03
1.299347918276757810e+03
1.299486318895759950e+03
1.300611690595698292e+03
1.301940263204461189e+03
1.302463065542716095e+03
1.303437336566850263e+03
1.305310111609580872e+03
1.305913914310113569e+03
1.305919114333370999e+03
1.305923081017778713e+03
1.305928447708448175e+03
1.305940914430872908e+03
1.306798851601365641e+03
1.306963785672373433e+03
1.306970619036269454e+03
1.306975519058184773e+03
1.307665555477734642e+03
1.310470301355410129e+03
1.312383809913656251e+03
1.312512077154003691e+03
1.312517077176366456e+03
1.313895316673932939e+03
1.314424285706435739e+03
1.315342956481895499e+03
1.315347823170328638e+03
1.315357156545405815e+03
1.315365423249045534e+03
1.317145764545029124e+03
1.317168597980486084e+03
1.317501699470296217e+03
1.320807814257031623e+03
1.320819480975878150e+03
1.320827947680412535e+03
1.321465783866494576e+03
1.323416559258085272e+03
1.323662893693159504e+03
1.324795865427088984e+03
1.326367505789649158e+03
1.326384772533541764e+03
1.326902608182916538e+03
1.327351276856272534e+03
1.327357710218379452e+03
1.327732211893353679e+03
1.327990279714239250e+03
1.327995313070084649e+03
1.328004979779985888e+03
1.328370548081672041e+03
1.330140122662834528e+03
1.330385123758611826e+03
1.330978126410840787e+03
1.330981826427389251e+03
1.330985626444384934e+03
1.330990759800677552e+03
1.331031726650570135e+03
1.335863914929399016e+03
1.336907819598306105e+03
1.338716161019521451e+03
1.339134496223876113e+03
1.339138429574801421e+03
1.339151929635180977e+03
1.345103256252736173e+03
1.345404490933353827e+03
1.345408857619550872e+03
1.345412257634757680e+03
1.350365546455213689e+03
1.350524413832421260e+03
1.351932553463717568e+03
1.351936486814642876e+03
1.352109320920983919e+03
1.353489860428837346e+03
1.356182072469867308e+03
1.358894951269996909e+03
1.359061618682090511e+03
1.360075423216373338e+03
1.361647863582511263e+03
1.361654496945512619e+03
1.361658696964297178e+03
1.361663596986212951e+03
1.361667363669726228e+03
1.361682230402884898e+03
1.363776339768875914e+03
1.363789706495325618e+03
1.363802239884715163e+03
1.363808206578067939e+03
1.363811739927204599e+03
1.363815506610717648e+03
1.363820673300492672e+03
1.363829706674228191e+03
1.373112214857297431e+03
1.374394387258533243e+03
1.375457825348137476e+03
1.376974398797741742e+03
1.376980265490647298e+03
1.377444700901187389e+03
1.377691735339392380e+03
1.378504605641655417e+03
1.392521768333996079e+03
1.393534472863359042e+03
1.394268676147113865e+03
1.395652649003656506e+03
1.395991483852442570e+03
1.396103117685063125e+03
1.397031221836047280e+03
1.397054488606775294e+03
1.397060221965751452e+03
1.397065555322938280e+03
1.398850429972531174e+03
1.398855229993999274e+03
1.401836776662423745e+03
1.401968510584942578e+03
1.403079648887887970e+03
1.403088615594658449e+03
1.406123795836294676e+03
1.407381968130188852e+03
1.407510568705360356e+03
1.408900674922668031e+03
1.410140380467302521e+03
1.411553020118725044e+03
1.416711276522573826e+03
1.418354650539298973e+03
1.418359950563003622e+03
1.418849419418839943e+03
1.422002800189132813e+03
1.422008800215968222e+03
1.423123738535909297e+03
1.425739983570507093e+03
1.425744616924563161e+03
1.429281066074811861e+03
1.431390208841373806e+03
1.434377855537080677e+03
1.435659227934738510e+03
1.438930575899310952e+03
1.439738046177422120e+03
1.440303948708444523e+03
1.440692117111210564e+03
1.440962251652731766e+03
1.444792468783536606e+03
1.447735748614144313e+03
1.448607552513323299e+03
1.453401240619958799e+03
1.457220424368082831e+03
1.457492392251137289e+03
1.457496292268580191e+03
1.457658492994029530e+03
1.462642848620100040e+03
1.463267918082415918e+03
1.463286051496851542e+03
1.463603886251714130e+03
1.464388956429639620e+03
1.470365016491149163e+03
1.473216095909386695e+03
1.473221495933538563e+03
1.473225962620182827e+03
1.473782531776128053e+03
1.476302409713053066e+03
1.476305643060847615e+03
1.476325809817710933e+03
1.476330043169978126e+03
1.476334143188315693e+03
1.476349876592017381e+03
1.478622920091631840e+03
1.482842705631464469e+03
1.482846638982389550e+03
1.492732316529825312e+03
1.493442953041510009e+03
1.499364446192300193e+03
1.500109682858735368e+03
1.500113682876625717e+03
1.500118449564611637e+03
1.513053174082369651e+03
1.517059492000792488e+03
1.525411562689107996e+03
1.525418329386038977e+03
1.527449571804188281e+03
1.527458538510958988e+03
1.527462405194919711e+03
1.529643248282163768e+03
1.530027450000522094e+03
1.532151726168101959e+03
1.532162059547651552e+03
1.537636250697865080e+03
1.553346954297971251e+03
1.553350820981931747e+03
1.555961099323176768e+03
1.556150466836797250e+03
1.558915279202535203e+03
1.558921845898571746e+03
1.559936317102502699e+03
1.559941817127101785e+03
1.559964017226392798e+03
1.562559662168855766e+03
1.562572395559139522e+03
1.566851248029817953e+03
1.566858148060678559e+03
1.568685656234284579e+03
1.568690489589235312e+03
1.568711023014405328e+03
1.569669827302697286e+03
1.576306056983509507e+03
1.576831992669111969e+03
1.581562947161835154e+03
1.588785012796156479e+03
1.589648683325625370e+03
1.592869231062991958e+03
1.592876931097430543e+03
1.596034745220885043e+03
1.596038445237433507e+03
1.600102196746063782e+03
1.605215286281235421e+03
1.606159723838604805e+03
1.606171057222627041e+03
1.606583625734523821e+03
1.610147841675627205e+03
1.612225284300408703e+03
1.620696088853099809e+03
1.621856860711366608e+03
1.621861027396668987e+03
1.621869460767720966e+03
1.626222080234991836e+03
1.627855254206096788e+03
1.627858754221750814e+03
1.629517128305564256e+03
1.632074839745034524e+03
1.632366707717092822e+03
1.633529046249033399e+03
1.633544046316121921e+03
1.633917414652693878e+03
1.635838623245379040e+03
1.636538459708760001e+03
1.636971794980202958e+03
1.638510601862580643e+03
1.638514901881812648e+03
1.638519335234974278e+03
1.640774711988907029e+03
1.642449319478658481e+03
1.644806330020485802e+03
1.645016397626688331e+03
1.652087062583863826e+03
1.655647578508418746e+03
1.655652878532123395e+03
1.655658545224134514e+03
1.655699445407062285e+03
1.655703645425847071e+03
1.662060107188719030e+03
1.662411142092070577e+03
1.662426842162289859e+03
1.667783199452153212e+03
1.671336248676646392e+03
1.671339548691405753e+03
1.682985634112338630e+03
1.683563836698373734e+03
1.683642937052153229e+03
1.683646303733877630e+03
1.694659086322337316e+03
1.701209782287263351e+03
1.710695958047910835e+03
1.710698891394363500e+03
1.710701958074746017e+03
1.710707158098003447e+03
1.710710958114999130e+03
1.719426630429538136e+03
1.727824934657968470e+03
1.730855214877688923e+03
1.733283059069656019e+03
1.743122269742600110e+03
1.752375277793728628e+03
1.752378644475453029e+03
1.757330766624024363e+03
1.758248437395011706e+03
1.758256304096862550e+03
1.765806371198183797e+03
1.768264482192187188e+03
1.773347838261041034e+03
1.781169939912381551e+03
1.785482792535126919e+03
1.790480781555506610e+03
1.793022459589933533e+03
1.793440394792499546e+03
1.800483892961503670e+03
1.800500693036642588e+03
1.800523959807370829e+03
1.804303610045346659e+03
1.809323399163228032e+03
1.815406226368924536e+03
1.816847799483086874e+03
1.820141380880432735e+03
1.828765386118320293e+03
1.835676283694262793e+03
1.840203803943784578e+03
1.840218237341671966e+03
1.842801615562604638e+03
1.846420531748357462e+03
1.852215357665956390e+03
1.852219124349469666e+03
1.852222857699500537e+03
1.862952205686954130e+03
1.871194675885077004e+03
1.871198809236896750e+03
1.871202509253445442e+03
1.871205842601687209e+03
1.871209342617341008e+03
1.880272416485647909e+03
1.880275583166477873e+03
1.882485493050391142e+03
1.882669927208613899e+03
1.882674160560881091e+03
1.886990413198833267e+03
1.888745554382108367e+03
1.888922988509023071e+03
1.889116322707051722e+03
1.892238903339589569e+03
1.904616758700060700e+03
1.908380008864686260e+03
1.912795761947658093e+03
1.920809064454152349e+03
1.920815197814917383e+03
1.920819131165842691e+03
1.920823364518109884e+03
1.920831331220408174e+03
1.920836231242323720e+03
1.920843864609797492e+03
1.920850931308070130e+03
1.920855964663915529e+03
1.920873164740843549e+03
1.920878031429276689e+03
1.920886098132021971e+03
1.928499698850833511e+03
1.930952876489438722e+03
1.931104943836232906e+03
1.932074581506310778e+03
1.932374749515491430e+03
1.933346653862373842e+03
1.933360653924989720e+03
1.933367320621473482e+03
1.933371653974187893e+03
1.933376853997445096e+03
1.933380987349265069e+03
1.936165799804454309e+03
1.936733569010492147e+03
1.940829487329656558e+03
1.947735818218507802e+03
1.947739518235056266e+03
1.950103828809533297e+03
1.952472539403689552e+03
1.953987446179172593e+03
1.954557915397286706e+03
1.957475695113844040e+03
1.957485395157227686e+03
1.957488861839399533e+03
1.957492528522465591e+03
1.957496695207767743e+03
1.957513128614600191e+03
1.964682994015453687e+03
1.966684236299426175e+03
1.969101280443089536e+03
1.971248523380055985e+03
1.971996426725084575e+03
1.973613300623286705e+03
1.973644967431584519e+03
1.973649034116439680e+03
1.973653134134777019e+03
1.977150149775324508e+03
1.977878253031796476e+03
1.979079358403789911e+03
1.980791666062156764e+03
1.989307037480841700e+03
1.994263026313373757e+03
1.997030072022433842e+03
1.997034505375595472e+03
1.997037938724284686e+03
1.997043005413612264e+03
1.997046905431055166e+03
1.997053338793162084e+03
1.997057472144982057e+03
1.997061705497249250e+03
2.000910256043384379e+03
2.000927789455136690e+03
2.005487676516086822e+03
2.005493043206756511e+03
2.005496243221068653e+03
2.014375182932494454e+03
2.016842093965856066e+03
2.016924827669219439e+03
2.018780869303775944e+03
2.021062779509713891e+03
2.022719486919406563e+03
2.022724920277040610e+03
2.022730186967262625e+03
2.023499423741039436e+03
2.026290736225300407e+03
2.029569984225206099e+03
2.029579817602519597e+03
2.030322120922502108e+03
2.032192329287086523e+03
2.033240433974778171e+03
2.033401401361378021e+03
2.043753814329640818e+03
2.049129305038412440e+03
2.057422242128917333e+03
2.057435842189743653e+03
2.064181139025030461e+03
2.065007909389461474e+03
2.066955218098880323e+03
2.084879131597660034e+03
2.085045099006622422e+03
2.086510572227678495e+03
2.089020450119878205e+03
2.095158777573802126e+03
2.096339149519731109e+03
2.096414783191339211e+03
2.096773451462164758e+03
2.101470672470680256e+03
2.104655953383648011e+03
2.107391532285304493e+03
2.107539866282067578e+03
2.111441050396942046e+03
2.111447117090742267e+03
2.113004157388003023e+03
2.114018461924521944e+03
2.119035484363362684e+03
2.120359890286822974e+03
2.122075231292089939e+03
2.122079764645699470e+03
2.125656947311463682e+03
2.125661180663731102e+03
2.126949786427073377e+03
2.126956519790521725e+03
2.127033020132672846e+03
2.137592800695062579e+03
2.141568318475730393e+03
2.141572585161479765e+03
2.142695356849789732e+03
2.142699656869021510e+03
2.143215925844722733e+03
2.143223125876925224e+03
2.155029945350081107e+03
2.159567498977811283e+03
2.164137486083934164e+03
2.168089470426014486e+03
2.170863749500759695e+03
2.172944525473782960e+03
2.185100213173933298e+03
2.186164251266221072e+03
2.186656753468957504e+03
2.186978754909122017e+03
2.187006455033012116e+03
2.187478157142719738e+03
2.187891925659982917e+03
2.187898759023878938e+03
2.187912825753459401e+03
2.187928425823231464e+03
2.193264949691055790e+03
2.200192947343478863e+03
2.200197047361816658e+03
2.211940733219271351e+03
2.212579736077238067e+03
2.217101989636537837e+03
2.217105956320946007e+03
2.218260261483623253e+03
2.221658776683623728e+03
2.228037871881057526e+03
2.229279610768119255e+03
2.229283310784668174e+03
2.229287610803900407e+03
2.229410611354025150e+03
2.229419811395172928e+03
2.235724706260742551e+03
2.238022183202970609e+03
2.238755986484935875e+03
2.238759019831836213e+03
2.238762286513113395e+03
2.238767219868510892e+03
2.238808820054569424e+03
2.238811986735399387e+03
2.238816520089008463e+03
2.239646890469540722e+03
2.239652223826728004e+03
2.240031192188346267e+03
2.243725308710435911e+03
2.255573628369202652e+03
2.255588928437633058e+03
2.257852771896099966e+03
2.268291518583827383e+03
2.270531195267540625e+03
2.270536561958210314e+03
2.275176216042588294e+03
2.281336110259637280e+03
2.281724945332051902e+03
2.282678516263603797e+03
2.288785943579325703e+03
2.298176018910160110e+03
2.298743721449232908e+03
2.301860902057619114e+03
2.303512776112360825e+03
2.310868509011181231e+03
2.313207119470713224e+03
2.313211986159146363e+03
2.313666021523171821e+03
2.320277517760029696e+03
2.320281684445331848e+03
2.322262993306817862e+03
2.322661628423063121e+03
2.322665361773093991e+03
2.322668995122677643e+03
2.325196373093147031e+03
2.325203339790972677e+03
2.328095286058655347e+03
2.337596261885496915e+03
2.350250685149595938e+03
2.350291818666900326e+03
2.350354752281707079e+03
2.350955188300515147e+03
2.356830047909401856e+03
2.359396259386889142e+03
2.359407726104841004e+03
2.360281563346447456e+03
2.360448097424611660e+03
2.360452864112597126e+03
2.362309172415013109e+03
2.362355739289951998e+03
2.362668074020215499e+03
2.362671240701045008e+03
2.362676807392609135e+03
2.362682007415866337e+03
2.362685540765002770e+03
2.364575015882425305e+03
2.364583515920442096e+03
2.364589315946383067e+03
2.364596282644208259e+03
2.365176018570434735e+03
2.365182218598164582e+03
2.365186385283466734e+03
2.368589433837075831e+03
2.372192916620469077e+03
2.373148220893106554e+03
2.377577340702528545e+03
2.377580440716393696e+03
2.377584607401695848e+03
2.377596107453130116e+03
2.377604840825523752e+03
2.377609274178685610e+03
2.380987222620033208e+03
2.382760763885603410e+03
2.382764663903046767e+03
2.382774330612947779e+03
2.390495765147384191e+03
2.391179034870002852e+03
2.411268858055902456e+03
2.416709382388873109e+03
2.416712682403632698e+03
2.416716949089382069e+03
2.427502163993369322e+03
2.427506264011707117e+03
2.427511297367552288e+03
2.435298965531554131e+03
2.435302798882032221e+03
2.435305898895896917e+03
2.435309432245033804e+03
2.435329999003685771e+03
2.437806976748738180e+03
2.441671727367328913e+03
2.444841508210971824e+03
2.445237476648623669e+03
2.445241309999101304e+03
2.454608518560996799e+03
2.454612185244062857e+03
2.454616218595435839e+03
2.454621551952622212e+03
2.454624885300864662e+03
2.454629151986614033e+03
2.454642418712616745e+03
2.454648285405522529e+03
2.464879564498675791e+03
2.465338566551581152e+03
2.468379213484333832e+03
2.476902218270492540e+03
2.478940494053431848e+03
2.481033903416292105e+03
2.492478687936898496e+03
2.492490654657086907e+03
2.497875478740935705e+03
2.500464356986467465e+03
2.500477657045952583e+03
2.511039437617287149e+03
2.512818878909245541e+03
2.512851079053261856e+03
2.514290518824549508e+03
2.519805910159032464e+03
2.527965213318520910e+03
2.530698225542030741e+03
2.532261599200950968e+03
2.537800223972679760e+03
2.537807924007118800e+03
2.538008924906103402e+03
2.538012391588275023e+03
2.538015958270893861e+03
2.538020591624950157e+03
2.540976438178429817e+03
2.541050605176811132e+03
2.541055071863455396e+03
2.541912275697334735e+03
2.551188850520533833e+03
2.551344984552182723e+03
2.555217435205212041e+03
2.555229368591918046e+03
2.558795617875448897e+03
2.563454272044806203e+03
2.564074408151724128e+03
2.564079341507122081e+03
2.564082608188398808e+03
2.567766424664420811e+03
2.568309893761775584e+03
2.573632117565642147e+03
2.573643584283594464e+03
2.578150104439192546e+03
2.578154171124047025e+03
2.582017288401999394e+03
2.582026488443146718e+03
2.582727258244035511e+03
2.585380736778494793e+03
2.600591238141425947e+03
2.603385650639551841e+03
2.603395984019101434e+03
2.607949137716603218e+03
2.607952171063503556e+03
2.607956671083629772e+03
2.607960304433213423e+03
2.608393806372068866e+03
2.610328615025580802e+03
2.610333181712672285e+03
2.610739016861120490e+03
2.615098569692734145e+03
2.618641118870265473e+03
2.618645018887708829e+03
2.618648652237292026e+03
2.618652218919911320e+03
2.618656018936907003e+03
2.630589838978078205e+03
2.630627005810974879e+03
2.642986594423080078e+03
2.651541932687185181e+03
2.699785315124378940e+03
