2.512918128481859803e+00
3.837557386319163211e+00
6.480535873816634762e+00
6.642369930959493018e+00
7.592207512480769083e+00
7.953409127969962356e+00
8.885346629432387289e+00
1.076288836014891181e+01
1.120972369197178153e+01
1.207132754553072118e+01
1.284883102294724111e+01
1.285463104888809660e+01
1.318116584266182656e+01
1.434457104603980682e+01
1.465790578077572448e+01
1.471493936919414658e+01
1.608441216088462156e+01
1.632201322356522155e+01
1.721018386261187416e+01
1.864995696872341924e+01
1.873369067655922748e+01
1.969779498855571731e+01
2.487478480952387727e+01
2.517421948209118909e+01
2.618125731944298451e+01
2.623312421808650186e+01
3.093914526596064363e+01
3.146951430472481448e+01
3.220338425365523705e+01
3.364032401376118742e+01
3.385095828916504956e+01
3.415515964971823593e+01
3.438482734358318282e+01
3.455692811331100955e+01
3.477852910443062484e+01
3.551463239668310479e+01
3.665917084901208511e+01
3.873724680995960057e+01
3.956481717796903297e+01
4.176959370559007567e+01
4.434930524345682556e+01
4.500357483637135658e+01
4.519800903931972158e+01
4.560771087172814475e+01
4.596121245277861078e+01
4.799365487629490445e+01
4.862869104985384183e+01
5.026109835086313637e+01
5.045029919707175736e+01
5.089800119943752321e+01
5.168113803538280138e+01
5.348784611595955596e+01
5.403494856289792381e+01
5.426241624692323029e+01
5.449755063190484350e+01
5.464501795812523710e+01
5.577145632950086451e+01
5.966787375638926250e+01
6.067957828127967446e+01
6.214091815051612855e+01
6.234865241294956206e+01
6.242625276002032564e+01
6.471842967854324513e+01
6.502586438689104398e+01
6.907808251060451710e+01
6.995145308345726676e+01
7.002028672465191050e+01
7.013872058768559725e+01
7.037645498429587576e+01
7.107175809406784595e+01
7.848402457907018004e+01
7.968442994793292655e+01
7.973706351667208025e+01
8.121153677798149317e+01
8.129743716217453198e+01
8.135777076535241292e+01
8.180883944944245911e+01
8.217504108729445989e+01
8.228290823640142548e+01
8.297357799211718543e+01
8.299581142489046215e+01
8.304317830340745843e+01
8.816520121186717063e+01
8.955290741844066815e+01
8.961587436672962781e+01
8.967330795693708012e+01
9.518373260253963508e+01
9.538173348810680352e+01
9.562180122848637609e+01
9.817931266706227689e+01
9.895138278684453326e+01
9.948018515193503220e+01
9.995648728221604529e+01
1.018362623562546219e+02
1.025410321750335072e+02
1.050403766867887327e+02
1.054259784114084368e+02
1.054531451995796800e+02
1.060242144203770920e+02
1.076527217039434134e+02
1.089275607390471521e+02
1.094081628885601702e+02
1.136101150152985184e+02
1.137138821460679736e+02
1.161117262038582254e+02
1.161236929240465372e+02
1.233083583910938898e+02
1.245325971998860268e+02
1.257805694481602785e+02
1.262564382431698533e+02
1.279063122889665607e+02
1.279306123976497958e+02
1.330150018044587625e+02
1.330844687818193677e+02
1.332273360874660000e+02
1.366616847810661852e+02
1.367207183784297229e+02
1.402849676530156273e+02
1.402992010500084348e+02
1.403076677545427913e+02
1.403187344707058060e+02
1.415128064779089812e+02
1.427567120413281430e+02
1.431866139640823121e+02
1.452938567221462165e+02
1.453445236154226734e+02
1.453611903566320223e+02
1.478331347458390610e+02
1.486591051066923796e+02
1.487883056845473106e+02
1.495725758588948509e+02
1.495931426175471870e+02
1.498826439123537284e+02
1.514420508868660420e+02
1.523747550584240855e+02
1.548701995527363522e+02
1.558166371190509096e+02
1.565021068515093532e+02
1.574028775469103039e+02
1.608981931798542746e+02
1.609222266206781740e+02
1.647694771609989743e+02
1.651312454456893022e+02
1.662642838465837940e+02
1.663484508896910654e+02
1.681918924678932399e+02
1.684334602149816931e+02
1.698925667408960862e+02
1.707494039064691549e+02
1.710669053265073956e+02
1.712940063422261119e+02
1.719181091335516953e+02
1.719220424844770889e+02
1.723157109118421033e+02
1.730633142555290647e+02
1.740432519716744366e+02
1.747504884681523265e+02
1.752195238992660506e+02
1.780024696794396846e+02
1.800874123377654428e+02
1.808275156479082000e+02
1.812104506939343764e+02
1.817221529825440598e+02
1.822591220508271590e+02
1.822824221550378070e+02
1.828305912734135745e+02
1.828966915690498922e+02
1.829728919098590723e+02
1.829799252746494460e+02
1.831420926666164632e+02
1.831527593809904602e+02
1.831990929215524773e+02
1.839651296810169754e+02
1.847446998343434359e+02
1.874564119625883052e+02
1.882795156439536299e+02
1.894050206778215113e+02
1.917625312218851263e+02
1.925005678561178968e+02
1.928188026127693604e+02
1.930347369118777863e+02
1.940876749545201392e+02
1.941264417945731111e+02
1.949415454401579666e+02
1.949939790080025830e+02
1.967241200794635745e+02
1.968834541254250041e+02
1.969282543257957627e+02
1.971396552712952541e+02
1.973104560352087447e+02
1.986353619609053851e+02
1.994006987172390666e+02
2.014931747425914637e+02
2.015341415924840760e+02
2.030652817739053262e+02
2.054987593244011919e+02
2.063519631403905805e+02
2.067022647071288759e+02
2.074931349109952805e+02
2.108529499379072263e+02
2.108587166303656488e+02
2.108714500206496325e+02
2.109277502724548299e+02
2.113648188939289980e+02
2.115777865131021827e+02
2.164212748424710924e+02
2.175426798580015202e+02
2.185198508951061172e+02
2.185686844468495167e+02
2.185688844477440398e+02
2.185690511151561566e+02
2.205927601662787367e+02
2.206711605169275572e+02
2.206957606269525627e+02
2.207022273225417734e+02
2.212730965424446765e+02
2.218612658397229040e+02
2.222935344397288304e+02
2.242434764942587719e+02
2.258415836418592164e+02
2.264680531104365571e+02
2.264760531462170263e+02
2.281292605402556148e+02
2.284276952083503716e+02
2.288441637376897688e+02
2.292762990037660131e+02
2.296442006492213466e+02
2.306857386408765365e+02
2.308725394763509939e+02
2.317185765936203836e+02
2.336165850825420023e+02
2.341223206777987684e+02
2.343775884861612440e+02
2.362514968672941507e+02
2.363752307540324011e+02
2.364018308730025524e+02
2.370935006331908710e+02
2.374546355817152516e+02
2.374644022920639088e+02
2.392103767676737789e+02
2.402211479550564661e+02
2.402460480664232421e+02
2.403837486822949359e+02
2.414409200772045097e+02
2.425230249169632373e+02
2.434128288966483922e+02
2.434438957022626369e+02
2.443008662017653592e+02
2.447062346814593639e+02
2.468789110655112040e+02
2.469054778509989205e+02
2.481494500813829234e+02
2.498054574879446648e+02
2.503345265208945136e+02
2.515165318074621155e+02
2.529121380493688775e+02
2.565123541514845442e+02
2.566767215532912587e+02
2.572627908411770932e+02
2.572712908791938844e+02
2.576868260710255640e+02
2.577227928985553262e+02
2.583981959193233706e+02
2.587392307779492739e+02
2.594426339239489607e+02
2.602820043447346166e+02
2.603411046090629952e+02
2.605922723990880172e+02
2.609621407200060617e+02
2.611376081714581687e+02
2.677599044566193811e+02
2.682133731514435908e+02
2.685611080400356059e+02
2.688317425837931864e+02
2.695965793378905460e+02
2.696329795006918175e+02
2.697264132519114810e+02
2.698175136593617935e+02
2.698644805360897294e+02
2.700169478846729589e+02
2.706706174749040201e+02
2.711531196329148656e+02
2.712837868839962425e+02
2.713895540237108435e+02
2.719237564129531393e+02
2.731920954189852182e+02
2.734323298267768791e+02
2.752343712198149888e+02
2.768132449480598325e+02
2.770556460322088128e+02
2.770678460867740682e+02
2.781417175563753403e+02
2.781546176140714124e+02
2.783895519981584812e+02
2.787033534016482577e+02
2.788005538363811979e+02
2.788525874024368250e+02
2.788999209474714576e+02
2.812248980126943820e+02
2.812736315639905342e+02
2.832551404263709856e+02
2.833242407354250645e+02
2.833768743041641187e+02
2.853199829947982948e+02
2.857563849466241095e+02
2.860250194814365159e+02
2.862821539648145404e+02
2.862922540099873459e+02
2.878536943269272115e+02
2.880027616603037472e+02
2.880453951843172149e+02
2.880656952751102722e+02
2.889605326106406551e+02
2.907125071130858487e+02
2.909514748485456153e+02
2.911003421810275995e+02
2.915196440563726128e+02
2.915377774708084075e+02
2.916083777865712250e+02
2.938379544251118318e+02
2.939161547748661292e+02
2.940295886155370226e+02
2.948252255073892911e+02
2.962410651731242410e+02
2.964001992181911760e+02
2.966261002285427821e+02
2.967508007862712134e+02
2.974363371856945264e+02
2.974428038812837372e+02
2.974643039774438193e+02
2.985817423085663904e+02
3.012344208394476937e+02
3.016642894287193712e+02
3.017783566055562687e+02
3.017868566435730031e+02
3.020848913098787989e+02
3.020910580041262392e+02
3.032666965955518776e+02
3.036143981506614864e+02
3.054926065510263697e+02
3.059335085229786841e+02
3.059467752489813961e+02
3.059764420483340359e+02
3.060941759082369344e+02
3.064428108008542608e+02
3.079287507801157631e+02
3.093485904637408908e+02
3.099379597663861432e+02
3.108176637008984926e+02
3.110882649111736100e+02
3.111384984691786144e+02
3.128060725941396640e+02
3.132019743648267536e+02
3.134986090248708592e+02
3.136135762057330112e+02
3.138899441084665796e+02
3.149109153414693765e+02
3.152476835143456810e+02
3.152622169126802305e+02
3.152698502801541167e+02
3.176898611037527758e+02
3.199030376689433410e+02
3.199128043792920266e+02
3.201526054518122919e+02
3.204027399038823205e+02
3.217863794256007282e+02
3.224439823667571545e+02
3.225464494917122806e+02
3.247532926952432604e+02
3.248630598528480959e+02
3.254754625918447459e+02
3.254932626714563071e+02
3.277733728693436319e+02
3.281141743935925774e+02
3.283659755197835466e+02
3.293372465305000674e+02
3.299559492976738397e+02
3.303528177393510532e+02
3.303750178386418952e+02
3.305257851796217778e+02
3.330880966396659346e+02
3.334717650223053624e+02
3.351114723559643949e+02
3.366681459849183398e+02
3.369155137579476218e+02
3.373347489663278225e+02
3.374651828830322415e+02
3.377025839448182865e+02
3.378594513130807968e+02
3.409218650098529224e+02
3.415947346859571212e+02
3.418672025712476739e+02
3.420031365125512366e+02
3.421420038003075774e+02
3.428535736494998787e+02
3.428927404913418400e+02
3.429092072316567510e+02
3.445516479108740668e+02
3.482121642826851939e+02
3.504000074012375308e+02
3.525808504884819286e+02
3.530107190777536630e+02
3.537609557665517173e+02
3.539912567965826042e+02
3.544930923743963262e+02
3.598828831471255967e+02
3.603222517788866526e+02
3.623910943652041965e+02
3.632927650646304301e+02
3.636685000784542012e+02
3.641237354478465704e+02
3.671675157279466930e+02
3.673870167096739010e+02
3.713096342537434111e+02
3.721209712158149046e+02
3.743107476763475461e+02
3.765181575490796604e+02
3.781387314638303110e+02
3.815498133867022261e+02
3.817950144833743025e+02
3.831339204716867926e+02
3.845228266836274429e+02
3.856413983531522263e+02
3.876325739254341443e+02
3.876373406134200081e+02
3.876531406840864520e+02
3.877963079910748547e+02
3.879724421121753721e+02
3.886086782911013415e+02
3.888848128594580089e+02
3.893370148819502674e+02
3.900178512603525292e+02
3.901129183522106700e+02
3.901352184519488446e+02
3.902664857057137056e+02
3.904105196832449565e+02
3.945446715067436685e+02
3.953998753316782313e+02
3.957782770240954733e+02
3.960210781100333861e+02
3.961427786543441130e+02
3.974929180262317345e+02
3.993550930215532162e+02
3.995898940717106598e+02
3.996848611631215817e+02
3.997343947179957695e+02
4.031115764892478524e+02
4.038869466237895836e+02
4.040330139437483581e+02
4.042923484369659946e+02
4.043820488381547307e+02
4.060931231576722098e+02
4.065297584438749254e+02
4.066469923015415588e+02
4.073721622115606920e+02
4.075118961698599946e+02
4.075577630416681245e+02
4.079233646768365702e+02
4.080172317633276862e+02
4.080781320357066875e+02
4.083047663826715166e+02
4.083628999760097713e+02
4.095401052411090745e+02
4.096838392172985550e+02
4.097480061709545680e+02
4.097621395675001281e+02
4.099641404709575454e+02
4.101294745437543838e+02
4.101408412612591405e+02
4.104652760456404508e+02
4.130423875718785780e+02
4.133955558181048673e+02
4.149033292283505716e+02
4.155725988883535251e+02
4.156135324047637027e+02
4.156487992291627620e+02
4.173826069836897545e+02
4.178746091841899784e+02
4.180938434980578791e+02
4.184697118458113323e+02
4.192950155370162406e+02
4.218309935459496387e+02
4.225490634242136139e+02
4.226777973333146861e+02
4.227270975538119728e+02
4.240920703253759143e+02
4.243589715191025675e+02
4.264790143344152398e+02
4.268123158251199243e+02
4.279335208397558858e+02
4.279501209140003652e+02
4.284467898020392340e+02
4.285569902949154653e+02
4.287734579297426194e+02
4.291023927342504862e+02
4.300974971848963833e+02
4.308720339823776726e+02
4.320177724400737134e+02
4.322708069051141706e+02
4.326748087120290052e+02
4.329232764899780932e+02
4.329389098932325055e+02
4.335413792544683247e+02
4.337548802093601807e+02
4.338595140106725125e+02
4.370840617659293343e+02
4.371423286931972143e+02
4.387961027564369374e+02
4.396539399264825079e+02
4.404169433390469521e+02
4.407306780755719160e+02
4.418230496279155659e+02
4.422670516137328605e+02
4.424675858439638318e+02
4.432350892766547190e+02
4.454422658150099892e+02
4.457146003663708029e+02
4.458118341345862063e+02
4.459821348962634602e+02
4.461605023606859959e+02
4.464017701064326502e+02
4.464815037963782061e+02
4.464893371647465870e+02
4.480957776829516774e+02
4.481692780116849804e+02
4.503045208949805556e+02
4.504820550223427063e+02
4.505977222063356180e+02
4.506570558050409545e+02
4.506976559866269554e+02
4.520878288708994432e+02
4.522377962083011766e+02
4.524966640327649543e+02
4.540608710287455665e+02
4.541446714035462264e+02
4.547245739971846206e+02
4.547738075507169810e+02
4.593349279505169989e+02
4.613966705050793280e+02
4.635874469700845566e+02
4.636963474571464872e+02
4.637553810545099964e+02
4.653010213007834182e+02
4.671263627980322326e+02
4.673229303438554325e+02
4.673528304775849733e+02
4.675860315205863458e+02
4.684866022150927165e+02
4.700291424475011581e+02
4.700404424980411022e+02
4.704397109504524792e+02
4.705071445853855039e+02
4.713683817706378818e+02
4.722115522084192776e+02
4.733945574994594381e+02
4.753943664436878294e+02
4.759228688074365436e+02
4.759893691048619075e+02
4.760962695829787208e+02
4.774118088001156366e+02
4.777850104692755622e+02
4.791249164620606393e+02
4.792145168628021565e+02
4.792195168851649782e+02
4.792372169643293205e+02
4.810492250686106672e+02
4.812652927016487752e+02
4.821236632074130739e+02
4.821542633442734882e+02
4.824480646583120347e+02
4.828587998286754441e+02
4.829950337713207205e+02
4.840433717933893263e+02
4.842818728600952340e+02
4.867789173615635150e+02
4.873505865850444820e+02
4.878766556045766265e+02
4.891530279798716379e+02
4.923126421113768174e+02
4.946344858292523554e+02
4.948870869590213601e+02
4.960686922438000011e+02
4.967602286700586092e+02
4.979312672409105289e+02
5.003691448110856186e+02
5.019650852823288574e+02
5.037008597123186178e+02
5.037187931258598041e+02
5.041924619110297954e+02
5.046719640556229933e+02
5.064702387651478261e+02
5.066975064482786024e+02
5.080423457964616318e+02
5.082663801317978596e+02
5.082765468439355345e+02
5.085630147918419652e+02
5.086092149984743287e+02
5.114941945683316362e+02
5.120618971074047749e+02
5.131988021922597909e+02
5.144287410265455947e+02
5.146413086439298468e+02
5.151210441228998889e+02
5.151857777457570364e+02
5.175950885214992923e+02
5.177600892594718971e+02
5.177640892773622454e+02
5.180649572896735435e+02
5.181915578558997595e+02
5.188675275458689384e+02
5.189899614267928882e+02
5.191764289274431121e+02
5.193343629671430790e+02
5.197950983611345919e+02
5.200809329728749617e+02
5.215383061577036869e+02
5.253570565705564377e+02
5.256011576623086512e+02
5.257137248324366965e+02
5.257224915383128518e+02
5.260814264769975352e+02
5.290510064252335951e+02
5.292827741284908143e+02
5.293928079539550708e+02
5.295365085966620882e+02
5.299916439656071816e+02
5.308440811115009410e+02
5.311141823195399638e+02
5.316190512442537965e+02
5.316636181102475120e+02
5.339183615280143158e+02
5.339294615776597084e+02
5.351299002800047901e+02
5.367653742613966870e+02
5.371825427938669009e+02
5.379265794549349948e+02
5.408167923815320819e+02
5.415452956397931530e+02
5.422233986726370176e+02
5.423185657649424911e+02
5.423618659586043123e+02
5.423997661281144929e+02
5.425422667654544284e+02
5.425822336108744821e+02
5.451131782639625953e+02
5.465808181613762144e+02
5.472175876760210258e+02
5.481677919258488600e+02
5.482068587672436024e+02
5.483100925622943578e+02
5.487645612615910977e+02
5.487833946791577091e+02
5.506057361629888192e+02
5.509990712555295431e+02
5.520589759959975709e+02
5.534664489576452979e+02
5.538011837880940220e+02
5.538074504827887949e+02
5.540018180187722692e+02
5.546760877011380444e+02
5.552123234328079207e+02
5.562648614736611989e+02
5.564957625063756268e+02
5.569528645507836018e+02
5.570492316484560433e+02
5.570629983766948499e+02
5.578325018183309112e+02
5.596395099002494362e+02
5.622989551280618343e+02
5.625071227257666351e+02
5.652584350311250319e+02
5.654961694277352535e+02
5.655198362002524846e+02
5.685910832698656350e+02
5.689783183351239586e+02
5.690496853209823485e+02
5.692649862839248271e+02
5.712507618320548772e+02
5.713005953882709491e+02
5.714694294767216434e+02
5.721308657683562160e+02
5.722016660850134713e+02
5.728247022049017687e+02
5.736806060329671482e+02
5.738321733775250095e+02
5.749793118414826267e+02
5.751986794892802664e+02
5.756670815842279580e+02
5.781446593319637941e+02
5.790432300175250475e+02
5.814836075988815765e+02
5.824792120517637386e+02
5.829850476474678089e+02
5.834265829555860137e+02
5.842510533097305370e+02
5.872176332445490061e+02
5.881179372711959559e+02
5.885021389895541688e+02
5.906010150435308788e+02
5.920315881084948160e+02
5.923400228213151877e+02
5.923809230042429590e+02
5.924711900746328865e+02
5.929634589429924745e+02
5.929766590020302601e+02
5.930012591120553225e+02
5.934462944358275536e+02
5.935021946858436195e+02
5.956024040791172638e+02
5.966887756046255618e+02
5.977317136025422997e+02
5.984946503481418176e+02
5.995993886224629250e+02
6.009380279429161646e+02
6.017215981141328029e+02
6.023586009631544584e+02
6.026218688072974601e+02
6.030841708749626378e+02
6.030921375772607007e+02
6.032187048100046241e+02
6.045487440919936262e+02
6.066470201432869089e+02
6.070420885769135566e+02
6.072532561880361754e+02
6.081958604038725298e+02
6.089662305160513824e+02
6.090173307445993487e+02
6.090578642592204233e+02
6.091712980998912599e+02
6.092140649578345801e+02
6.098284677057763474e+02
6.098421344335679350e+02
6.098956680063324711e+02
6.099939017790204616e+02
6.100060018331383844e+02
6.109855062140122754e+02
6.113671412542241796e+02
6.129575483673859253e+02
6.140881867575462820e+02
6.140950534549245958e+02
6.144190215705519904e+02
6.158698613928265786e+02
6.199377462532769414e+02
6.207863833821749040e+02
6.212571188208919466e+02
6.247143676169138189e+02
6.249442686451557165e+02
6.253722038924471462e+02
6.254204374415071470e+02
6.300906916627459395e+02
6.317395323705875398e+02
6.318540328826959467e+02
6.323663351739891141e+02
6.334483066798181881e+02
6.336503075832756622e+02
6.341327764078040445e+02
6.341548431731652045e+02
6.353063149898373467e+02
6.353143483591003360e+02
6.372127568498108303e+02
6.379092266314675044e+02
6.381595610844320845e+02
6.393497997411571987e+02
6.398647020440789674e+02
6.399703691833462926e+02
6.403126373808216840e+02
6.403465708659240363e+02
6.405215716486221709e+02
6.411036075851353644e+02
6.431690168227637514e+02
6.447472572148427616e+02
6.460807965124857901e+02
6.461725969230669762e+02
6.464120313272806015e+02
6.471229011733420293e+02
6.473062019931626310e+02
6.473941357197830939e+02
6.474073357788208796e+02
6.490335763855828191e+02
6.491457102204393550e+02
6.500347141965464743e+02
6.505643498986974009e+02
6.521246568772349974e+02
6.527965265488666091e+02
6.528848602772762888e+02
6.528929936469863833e+02
6.542599997609779621e+02
6.543194333601304606e+02
6.570942124371115369e+02
6.572601798460742657e+02
6.579309828462685346e+02
6.582353508742338590e+02
6.619744009306234602e+02
6.625109366636351069e+02
6.628655382496053790e+02
6.645465124344988226e+02
6.704990390574207595e+02
6.705554393096731474e+02
6.710968083976355274e+02
6.711612086856684982e+02
6.737406202221934564e+02
6.737446535735660973e+02
6.738693207978121791e+02
6.756701955189655564e+02
6.757505958785595794e+02
6.758323629109327157e+02
6.767921338702146841e+02
6.770138681952639672e+02
6.773033028231056960e+02
6.774060366159202431e+02
6.777154379997307387e+02
6.792867116939839889e+02
6.803339497111327319e+02
6.808305852656892512e+02
6.809985193501147478e+02
6.827002269610725307e+02
6.828019274159320275e+02
6.839541992361822622e+02
6.844118346163087381e+02
6.846553690388598170e+02
6.856662068932073453e+02
6.887850541757144356e+02
6.896317912961145566e+02
6.897701919151171523e+02
6.909327304479521672e+02
6.909964640663367845e+02
6.917948676372297996e+02
6.919825018097646989e+02
6.922155361853540398e+02
6.922271029037532344e+02
6.934566417362500488e+02
6.977587276441742006e+02
6.999556374699443495e+02
7.011231426916599503e+02
7.011337760725514272e+02
7.016105115381038786e+02
7.025471157271049378e+02
7.054673287878788415e+02
7.058884973382392900e+02
7.093182793447482481e+02
7.093346460846157697e+02
7.098137148939374583e+02
7.108226860732695513e+02
7.151020052127017834e+02
7.151648388270609757e+02
7.186654211502271892e+02
7.198497931140465198e+02
7.214031000612761773e+02
7.226656057078851063e+02
7.226979725193135664e+02
7.246157810967919204e+02
7.254865516580160829e+02
7.261991881786457270e+02
7.278986291127990853e+02
7.282188305449132031e+02
7.283303643770863118e+02
7.301501058492888205e+02
7.301827726620590511e+02
7.305399075926931118e+02
7.308945758456283102e+02
7.348932603965772614e+02
7.351458948598287861e+02
7.353632291651987316e+02
7.355320632536496532e+02
7.376323726473704028e+02
7.379818742105305773e+02
7.392632799416708167e+02
7.394818142524078439e+02
7.394824809220563111e+02
7.412868889923461211e+02
7.412953223633980997e+02
7.434324985886739796e+02
7.464540121025183907e+02
7.465698792874057972e+02
7.466722797453960538e+02
7.475999172276265199e+02
7.509806990149797912e+02
7.526997400367954469e+02
7.565404905480445450e+02
7.567170246709340518e+02
7.581148975896452384e+02
7.583066651140001113e+02
7.583342985709251707e+02
7.606583422986404912e+02
7.624436169500220331e+02
7.626494845374400029e+02
7.627447849636749879e+02
7.627636850482065256e+02
7.648938279086920602e+02
7.677234072307694532e+02
7.708695879688598325e+02
7.712386229527173782e+02
7.712631563957775143e+02
7.728012966085067319e+02
7.741419692713875520e+02
7.748022388911374492e+02
7.753208412106077958e+02
7.795188266529381735e+02
7.825168067281949789e+02
7.859180219402710463e+02
7.863996240942565237e+02
7.883445994599061351e+02
7.900533404356543770e+02
7.902275078812921265e+02
7.925373848789793101e+02
7.925742183770520342e+02
7.933234217278950382e+02
7.955006314655558981e+02
7.988797132453057657e+02
8.013904244745658616e+02
8.016440922757722092e+02
8.017209259527472796e+02
8.032899996371610314e+02
8.056530102058238754e+02
8.066962815385647900e+02
8.077926864422810240e+02
8.078047864963990605e+02
8.078763201496697093e+02
8.108052332493548420e+02
8.141950150769612264e+02
8.142686820731065609e+02
8.144366828244969838e+02
8.158115889738215856e+02
8.161015236038995226e+02
8.161051902869656942e+02
8.181658328366081605e+02
8.192044708152928933e+02
8.196421394394506024e+02
8.200802080653973007e+02
8.200970748075012580e+02
8.236321906184532509e+02
8.250590970003511302e+02
8.274929412191536358e+02
8.287607135559844664e+02
8.317950271270776739e+02
8.322287624003099609e+02
8.346549399181562876e+02
8.387169580857008668e+02
8.394991949176206845e+02
8.399692303532070810e+02
8.422398405086049706e+02
8.449260191893172305e+02
8.452736540774619698e+02
8.480538998455596129e+02
8.491938716107973733e+02
8.492118050243385596e+02
8.532180896092789908e+02
8.538883592737546451e+02
8.541380270570707580e+02
8.583626126183713723e+02
8.617578944705768436e+02
8.648809417718687200e+02
8.677387545535547133e+02
8.692299612230383445e+02
8.699531311241123603e+02
8.715486382600840898e+02
8.731940456192367037e+02
8.742689837602754324e+02
8.748624864147407152e+02
8.763095262200195066e+02
8.764861270098739396e+02
8.803043107535254421e+02
8.829549226084968723e+02
8.834934250169711731e+02
8.872237083674847327e+02
8.875963100339611174e+02
8.878363444408582836e+02
8.883920469262607185e+02
8.884869473507068278e+02
8.910320254003404443e+02
8.918799958595901671e+02
8.925559988830417524e+02
8.956601460998020912e+02
8.956656127909187717e+02
8.973787871198286439e+02
9.031542462841423458e+02
9.044429520479322946e+02
9.079214009387724218e+02
9.106748465870055043e+02
9.110489149267082212e+02
9.144127966384753563e+02
9.146999645895126605e+02
9.158490697289329319e+02
9.161557044337026809e+02
9.172681094089800808e+02
9.206018243191581405e+02
9.212787273466349234e+02
9.226464334637572620e+02
9.236598713297333916e+02
9.240334396672000139e+02
9.240375396855374674e+02
9.246229423037749484e+02
9.247424761717284127e+02
9.249304770125700088e+02
9.278425567036337043e+02
9.297787320299247540e+02
9.305571355113665959e+02
9.308979037021331351e+02
9.322422763815623057e+02
9.328866125967160770e+02
9.347858877579695900e+02
9.365668623901191268e+02
9.385637713213770894e+02
9.427403233345122544e+02
9.466338740819127224e+02
9.479093797866647719e+02
9.482642813739769281e+02
9.503709907963220758e+02
9.523577996824071761e+02
9.532080701519437298e+02
9.567353525945271713e+02
9.623566777361369304e+02
9.624062112910111182e+02
9.635589497800150411e+02
9.660031607118497732e+02
9.666709970321087440e+02
9.693820091572227966e+02
9.710591166581555171e+02
9.714187515999710740e+02
9.795825881130681410e+02
9.798545559961224853e+02
9.826629018898992172e+02
9.878630918146308204e+02
9.878650584900934746e+02
9.919769102138540120e+02
9.921945445205658416e+02
9.923774453385972265e+02
9.934476834586149607e+02
9.977890362088282927e+02
9.979343701921740148e+02
1.003545861956470048e+03
1.003556795338703409e+03
1.003963163822870001e+03
1.004221798312956821e+03
1.004363365612789153e+03
1.006676942627024800e+03
1.007489746262322797e+03
1.008316983295507953e+03
1.008852052355293267e+03
1.009398188131241341e+03
1.011973632983358584e+03
1.018044826803691194e+03
1.024266454630179396e+03
1.026430797643626647e+03
1.026465931134096081e+03
1.026868766269126127e+03
1.027178167652936509e+03
1.027834037253007182e+03
1.032018155966651420e+03
1.032922560011636278e+03
1.034208365762455514e+03
1.037463346987160548e+03
1.043374106756612036e+03
1.043490473943735651e+03
1.046187686007128377e+03
1.047132890234593333e+03
1.051705110684039028e+03
1.051925845004615667e+03
1.052043345530141778e+03
1.052073678999142658e+03
1.053171650576532784e+03
1.053619085911039292e+03
1.055466627507578778e+03
1.055791662294643629e+03
1.056929000714770154e+03
1.056977200930347635e+03
1.058217173142841602e+03
1.058645441724956981e+03
1.061157952962267700e+03
1.068387785297992423e+03
1.073078739611813262e+03
1.075390949953269910e+03
1.075838085286434762e+03
1.076176620133879169e+03
1.076208720277448265e+03
1.076420754559113675e+03
1.077214024773714300e+03
1.078987732706696534e+03
1.079323767542959558e+03
1.082661415804062926e+03
1.084483590620482119e+03
1.086013464129571275e+03
1.101503500076065620e+03
1.103048940321444434e+03
1.103170740866202550e+03
1.104449446585266969e+03
1.117300304061259567e+03
1.124828337730702060e+03
1.125317873253503194e+03
1.126358944576404610e+03
1.126386678033776889e+03
1.127472316222671907e+03
1.133939278479761924e+03
1.136850691501177380e+03
1.136924991833488548e+03
1.137198526390216784e+03
1.139126401679385481e+03
1.139134068380341660e+03
1.140423674148157033e+03
1.140610241649254476e+03
1.141502412306191445e+03
1.141928447544985147e+03
1.142155715228115696e+03
1.142356016123969766e+03
1.142380882901854193e+03
1.142720451087253650e+03
1.145458329999197304e+03
1.145882765230834593e+03
1.147078470578676388e+03
1.147437105516019301e+03
1.151531623828922193e+03
1.153155764426291626e+03
1.153373332066038529e+03
1.153526399417305356e+03
1.155486941519244283e+03
1.155867076552747449e+03
1.156089410880480273e+03
1.156486512656534615e+03
1.157775051752912532e+03
1.157916985721051333e+03
1.159220591551482357e+03
1.160545897478968072e+03
1.164066513225067865e+03
1.167882196957538099e+03
1.167949397258094223e+03
1.168793567700348149e+03
1.169155335985038619e+03
1.170412841609284442e+03
1.172112782545674008e+03
1.174318359076873321e+03
1.175192362985891805e+03
1.175867366004870973e+03
1.176254067734410455e+03
1.176646669490337899e+03
1.176713936457859063e+03
1.177201538638679949e+03
1.178390343955661137e+03
1.178657178482422751e+03
1.180316919239015306e+03
1.183698867698253252e+03
1.183990269001557863e+03
1.184628671856841038e+03
1.185809643805453561e+03
1.186189512171097249e+03
1.186309146039498046e+03
1.186406546475125424e+03
1.186988015742437710e+03
1.187951786719609800e+03
1.188232221307198415e+03
1.188703023412880384e+03
1.189058525002876195e+03
1.189478360213939595e+03
1.190847933006077483e+03
1.192750941517361980e+03
1.193173510073983834e+03
1.193844879743379352e+03
1.194865750975935043e+03
1.196169156805471630e+03
1.197955698129184839e+03
1.198882568941319505e+03
1.199871340030306101e+03
1.200449642616788196e+03
1.200510176220860558e+03
1.201855348903867934e+03
1.202668885875778869e+03
1.202868386768055188e+03
1.205204530549888204e+03
1.207726008493969402e+03
1.207831242297965446e+03
1.209460116249838393e+03
1.209890451507863872e+03
1.212982665337918434e+03
1.213294866734252082e+03
1.214243170975582188e+03
1.214786473405524930e+03
1.214849940356049956e+03
1.214943574108164057e+03
1.215073908024421371e+03
1.221139868488014145e+03
1.221754671237745015e+03
1.222704042150512350e+03
1.222748842350883024e+03
1.223252611270677107e+03
1.223432178740466725e+03
1.223544312575323374e+03
1.224288015901567178e+03
1.224783718118615980e+03
1.225082119453228415e+03
1.225342353950471079e+03
1.225641055286425171e+03
1.225809122704780293e+03
1.226276124793466579e+03
1.227832731755455825e+03
1.227865031899919586e+03
1.230654977711401216e+03
1.231082379622973804e+03
1.232094150814829163e+03
1.232757687115856015e+03
1.233336023035820745e+03
1.233653691123271074e+03
1.233657057804995475e+03
1.233814725176835964e+03
1.233968925866505060e+03
1.234027892796903643e+03
1.239015981773005024e+03
1.239109915526461009e+03
1.239154449058972205e+03
1.240881556783533142e+03
1.241850027781726567e+03
1.243203700502750507e+03
1.246552248812604830e+03
1.246948750585975631e+03
1.250217565205884512e+03
1.251669905034867725e+03
1.251843072476032830e+03
1.252250874299943462e+03
1.253099878097148348e+03
1.257337997052311039e+03
1.258536069077404363e+03
1.259630607306105276e+03
1.260607978344104367e+03
1.261286048043465598e+03
1.261608949487655991e+03
1.262061884846761359e+03
1.267136107541432693e+03
1.267424908833108475e+03
1.268951615661368123e+03
1.268955749013187869e+03
1.269324050660432249e+03
1.269520118204019127e+03
1.269738785848685893e+03
1.270077254029165715e+03
1.271154392180043942e+03
1.272577565211910951e+03
1.272834866362700950e+03
1.273431669031925594e+03
1.273909737836774866e+03
1.274268206106705748e+03
1.275279543963289598e+03
1.275726745963418807e+03
1.275987880464687123e+03
1.276235114903786780e+03
1.276289181812270044e+03
1.277236286048232841e+03
1.277408420151443124e+03
1.283294079808633342e+03
1.284202517204990500e+03
1.286981696301650800e+03
1.287671532720306232e+03
1.288249768639823515e+03
1.288945871753173606e+03
1.289492007529121793e+03
1.291012814330993251e+03
1.291115214788983394e+03
1.292249086526938527e+03
1.292304153439894208e+03
1.295333333654694798e+03
1.295393367256530837e+03
1.295447867500285611e+03
1.295473600948712829e+03
1.295827702532446665e+03
1.296618706070242979e+03
1.297234575491411078e+03
1.297254708914791991e+03
1.297468443204060804e+03
1.298121312790713546e+03
1.299233417764649403e+03
1.299391251803901923e+03
1.300014987926921094e+03
1.300547256974183028e+03
1.300756324575913141e+03
1.300869325081312581e+03
1.301426760907800826e+03
1.301743728992120396e+03
1.302416632001706830e+03
1.302799767048627700e+03
1.302875300719788356e+03
1.303259502438146683e+03
1.303373669615430572e+03
1.303426636518993746e+03
1.303487403457443179e+03
1.303679170981798279e+03
1.303982339004396408e+03
1.304400007539102944e+03
1.305139110844773086e+03
1.305843780663104553e+03
1.306040781544199262e+03
1.306233049070790457e+03
1.306243749118646974e+03
1.306275915929180883e+03
1.306283849297996539e+03
1.307172119937490379e+03
1.307284053771452363e+03
1.307488688020020845e+03
1.307801922754309544e+03
1.307984523570999272e+03
1.308023190410604911e+03
1.308296824967780367e+03
1.310473768037581522e+03
1.310489168106459147e+03
1.314163617873921339e+03
1.314258351630955303e+03
1.315613857693512500e+03
1.315805091882148417e+03
1.316493394960612477e+03
1.316981097141880809e+03
1.317189231406103318e+03
1.318261436201583592e+03
1.318289436326815348e+03
1.318890805683131475e+03
1.321646718009063306e+03
1.322362787878382278e+03
1.323180024866841904e+03
1.323492926266306540e+03
1.323597360066724150e+03
1.324705598356699284e+03
1.325110100165850326e+03
1.325451135024476116e+03
1.325787103193774328e+03
1.325962803979603450e+03
1.326275405377726202e+03
1.326575706720836479e+03
1.326617706908683886e+03
1.327194476154974836e+03
1.327529577653730257e+03
1.327733278564790908e+03
1.328053813331729316e+03
1.328407814915016161e+03
1.328938783956463794e+03
1.329512453188889822e+03
1.330037622204396939e+03
1.330056755623305207e+03
1.330101922491982577e+03
1.330406557187807039e+03
1.330731491974424671e+03
1.331319261269914023e+03
1.331543528939627095e+03
1.331699729638241024e+03
1.332376532665270815e+03
1.332478966456743365e+03
1.332516633291876587e+03
1.332740634293730409e+03
1.334464142002189874e+03
1.336754885580968903e+03
1.338403892956222762e+03
1.340344768303534920e+03
1.341221772225971336e+03
1.345354624043655576e+03
1.348599871891494331e+03
1.352126620998359385e+03
1.353016324977597151e+03
1.353618861005797726e+03
1.355377102202937749e+03
1.355389735592774514e+03
1.355591236493995666e+03
1.356024738432850882e+03
1.357393744555787634e+03
1.358910851341110401e+03
1.359057218662411287e+03
1.359694054844020684e+03
1.359806788681560874e+03
1.359917822511497661e+03
1.360041289730376548e+03
1.360681992595946440e+03
1.361192161544365035e+03
1.361671797022887858e+03
1.362349566720907660e+03
1.362575101062952626e+03
1.363565972161331501e+03
1.363771739748302252e+03
1.363950240546654413e+03
1.364123941323538020e+03
1.364266308626948558e+03
1.365077445588125556e+03
1.365384080292895305e+03
1.365762381984865215e+03
1.365911849320030797e+03
1.368123425878065063e+03
1.369096663564244409e+03
1.370491003133819277e+03
1.370497369828961382e+03
1.371306140112886624e+03
1.371914009498274254e+03
1.371969209745159560e+03
1.372831746936226182e+03
1.374268620029367412e+03
1.375374024973336873e+03
1.375640659499204048e+03
1.377113966088629013e+03
1.377879602846304351e+03
1.378025170164026804e+03
1.378393338477341558e+03
1.378471172158789159e+03
1.378963707695008225e+03
1.378988674473339870e+03
1.379066241486928220e+03
1.379252908988473109e+03
1.379284142461499187e+03
1.379376576208246433e+03
1.379382142899810333e+03
1.379386842920831441e+03
1.379567577062505734e+03
1.379674344206692695e+03
1.379749544543029288e+03
1.380062845944282799e+03
1.380172879769747169e+03
1.380353713911868681e+03
1.380376180679018717e+03
1.380982183389390912e+03
1.381387751869979638e+03
1.381388518540075211e+03
1.386160006547419698e+03
1.387337778481720306e+03
1.390456992432533752e+03
1.390552659527075548e+03
1.391893198856026629e+03
1.392274600561861462e+03
1.394203542522467615e+03
1.394558044107990554e+03
1.394740511590750657e+03
1.395676515777068289e+03
1.395758582810783082e+03
1.395929250240767033e+03
1.396546986336950567e+03
1.396693686993075289e+03
1.396921654679337053e+03
1.397330689842096945e+03
1.397458190412348586e+03
1.398588695468579090e+03
1.398714162696403264e+03
1.399206098229938789e+03
1.399597333313087120e+03
1.400682771501087700e+03
1.401148473583959685e+03
1.401219907236782774e+03
1.401286407534208365e+03
1.401480508402332362e+03
1.401516775231204065e+03
1.401776976394964549e+03
1.402129344637612576e+03
1.402180378199195729e+03
1.402184178216191413e+03
1.402896381401549888e+03
1.402953881658721912e+03
1.403072648856579917e+03
1.403580717795605779e+03
1.403673918212448598e+03
1.403703985013590227e+03
1.404244020762256014e+03
1.404316987755270475e+03
1.404396721445215917e+03
1.404645755892366424e+03
1.404663155970188882e+03
1.404686789409223593e+03
1.404783123173413742e+03
1.404839490092183951e+03
1.405401725940140295e+03
1.405434792754699629e+03
1.405646727035917820e+03
1.405776960951727688e+03
1.406126795849712153e+03
1.406615131367146205e+03
1.407240900832592843e+03
1.407510568705360356e+03
1.407563535608923530e+03
1.407900470449211980e+03
1.407951737345171978e+03
1.408393739322044212e+03
1.408529606596383019e+03
1.408723874131919274e+03
1.408990741992163294e+03
1.409644211581499803e+03
1.409652044949868241e+03
1.411543386742305984e+03
1.413362761546201909e+03
1.415429937458398626e+03
1.419437222047811474e+03
1.422798303747055570e+03
1.422985637918248585e+03
1.426083651774243890e+03
1.426516853711757449e+03
1.426743254724345434e+03
1.427247590313340652e+03
1.427943560092760890e+03
1.428113494186131447e+03
1.429188298993240778e+03
1.429887502120455565e+03
1.429947369054879573e+03
1.429960435779987620e+03
1.430056102874529415e+03
1.430160803342806503e+03
1.430450437971542669e+03
1.431377608785019447e+03
1.431423608990757202e+03
1.431530442801909203e+03
1.434793890731148622e+03
1.437243835021959285e+03
1.440624016806629015e+03
1.441821955497792715e+03
1.445021736475612443e+03
1.446856144680079296e+03
1.446886578149527622e+03
1.447390047067979822e+03
1.447924682792493741e+03
1.448119216995889246e+03
1.448979154175327039e+03
1.451531932259399582e+03
1.452162901748103650e+03
1.453189839674459336e+03
1.453316373573720739e+03
1.454267011158820196e+03
1.458129661768018195e+03
1.458413296369919181e+03
1.458728464446187900e+03
1.460238071197966747e+03
1.460865974006288070e+03
1.461234742322286365e+03
1.461657544213285519e+03
1.462173179852820340e+03
1.464229322382336477e+03
1.468255173721456686e+03
1.470286749474430053e+03
1.470331683008730579e+03
1.470941252401721385e+03
1.471173386773285529e+03
1.473468130369954679e+03
1.474277500656563461e+03
1.474410401250966970e+03
1.475132271146226458e+03
1.476377976717696356e+03
1.476787211881350913e+03
1.478156418005181877e+03
1.479341423305167382e+03
1.479364023406247043e+03
1.480662662547797936e+03
1.481251798516066174e+03
1.481261031890696358e+03
1.484197611691337670e+03
1.484370312463749087e+03
1.484708747310746276e+03
1.485522984285788198e+03
1.485683551670599172e+03
1.486223720753194584e+03
1.487094091312629644e+03
1.488742398684752516e+03
1.490728007565470762e+03
1.492335981423866770e+03
1.492484382087595122e+03
1.492931250752900269e+03
1.493285685671458623e+03
1.493626387195260349e+03
1.494900226225891629e+03
1.495203027580183061e+03
1.496120831685099802e+03
1.497329870425909121e+03
1.498583409365747457e+03
1.498692543187186175e+03
1.499358579499394637e+03
1.499703247707604078e+03
1.499855581722257739e+03
1.500505417962010370e+03
1.501343855045288365e+03
1.501354055090908560e+03
1.503996866910993731e+03
1.504191434447871870e+03
1.506060309473159577e+03
1.508728788074707154e+03
1.509179123422184148e+03
1.509518124938382471e+03
1.509775726090514354e+03
1.510965598078932771e+03
1.511190265750434719e+03
1.511346199781189625e+03
1.512293537351529494e+03
1.515998253921027754e+03
1.516264288444211616e+03
1.516570256479333011e+03
1.516995191713206850e+03
1.517044825268528257e+03
1.517103758865444661e+03
1.520172572590841128e+03
1.520583574429063901e+03
1.520637641337547166e+03
1.521577212206483409e+03
1.522879651365029758e+03
1.523176086024179313e+03
1.525132294773404055e+03
1.525145828167266018e+03
1.525168494935310719e+03
1.525429429435684369e+03
1.526396633761545900e+03
1.526671301656676178e+03
1.526950002903178984e+03
1.527275704359892188e+03
1.527425071694610551e+03
1.528331675749434680e+03
1.529305313437402901e+03
1.529527681098618132e+03
1.529659615022031403e+03
1.529673215082858405e+03
1.529702215212562578e+03
1.529783148907875329e+03
1.529956483016452694e+03
1.529996316527943009e+03
1.530010783259312802e+03
1.530030716681799049e+03
1.530159950593136500e+03
1.530439185175358034e+03
1.530447251878103316e+03
1.530687319618482888e+03
1.531900958379865870e+03
1.532341193682169887e+03
1.532402227288478571e+03
1.533780266785150616e+03
1.534761371173180578e+03
1.537973418872530374e+03
1.538059752591994993e+03
1.539296124788387488e+03
1.540591730583038043e+03
1.540923932068822978e+03
1.542451772235484896e+03
1.543677311050091248e+03
1.543707477851680096e+03
1.544612748567207518e+03
1.545958021250662114e+03
1.546096621870559147e+03
1.546405623252580654e+03
1.546515923745904047e+03
1.546599757454187284e+03
1.547183160063479590e+03
1.547871963144179745e+03
1.548530732757220903e+03
1.549172235626369002e+03
1.549836805265351131e+03
1.552935185789652905e+03
1.553007219445159762e+03
1.553060286349170383e+03
1.553122619961293367e+03
1.553159253458471539e+03
1.553209253682099643e+03
1.555235562744850768e+03
1.555313329759333783e+03
1.555513797322599885e+03
1.555553964168914490e+03
1.556036032991653883e+03
1.556366167801528718e+03
1.556972837181549494e+03
1.557672540311000603e+03
1.558826345471441982e+03
1.559231813951583263e+03
1.559239780653881326e+03
1.559284614187734633e+03
1.559581682183050134e+03
1.559881016855170174e+03
1.560085051101055114e+03
1.560575553294846486e+03
1.560866654596809212e+03
1.561138289145039380e+03
1.561210189466616384e+03
1.561282323122570460e+03
1.561536824260837420e+03
1.561745391860331210e+03
1.561750525216623828e+03
1.561981659583715327e+03
1.561991326293616567e+03
1.562385328055805758e+03
1.562443628316555987e+03
1.563293565451268478e+03
1.563475566265274665e+03
1.563503399723094390e+03
1.563679233842852909e+03
1.564044202141855521e+03
1.564285869889391051e+03
1.564369870265086320e+03
1.564413703794466983e+03
1.564671171612669241e+03
1.564966406266451713e+03
1.565216907386828325e+03
1.565541642172551292e+03
1.565735309705404234e+03
1.565948243991094841e+03
1.566027877680593292e+03
1.566184311713584293e+03
1.566357345820819774e+03
1.566765880981343571e+03
1.567138015979066267e+03
1.567206982954190380e+03
1.567231716398145181e+03
1.567278049938706999e+03
1.567672685037062138e+03
1.567861419214517127e+03
1.568092486914643587e+03
1.568161620557180186e+03
1.568293354479698792e+03
1.568456888544445064e+03
1.568495588717533110e+03
1.568546122276879942e+03
1.568702156308082067e+03
1.569112958145410175e+03
1.569375459319457605e+03
1.569476159769844344e+03
1.571972570935146905e+03
1.575658654087972991e+03
1.576376490631860179e+03
1.576416157475938462e+03
1.577084660465845900e+03
1.578663934195879619e+03
1.579684572094058240e+03
1.581909582045507477e+03
1.582944253339784382e+03
1.583418955462909253e+03
1.583433322193831827e+03
1.584027224850085986e+03
1.584192525589400475e+03
1.585857499702732866e+03
1.586038867180573106e+03
1.586265734861914780e+03
1.586517269320246442e+03
1.586634369843983222e+03
1.586646436564618853e+03
1.586837437418878153e+03
1.587394539910542107e+03
1.588772779408108818e+03
1.589111414256000444e+03
1.590555554048308977e+03
1.591263957216671315e+03
1.592506696108205915e+03
1.592563463028764772e+03
1.592593029827670534e+03
1.592836997585493009e+03
1.592936864698819591e+03
1.594064469742079837e+03
1.594825239811322035e+03
1.595053707499819893e+03
1.595955478199693289e+03
1.596050578625033950e+03
1.596297213061450066e+03
1.596347779954279076e+03
1.596901782432078335e+03
1.598914758101862162e+03
1.599880662421909165e+03
1.600341764484207033e+03
1.600915833718422391e+03
1.601219935078528124e+03
1.602001971909553731e+03
1.602509474179378458e+03
1.603545178811610640e+03
1.603560478880040819e+03
1.603697912828053177e+03
1.604156948214441172e+03
1.604571450068317972e+03
1.604597350184157222e+03
1.605015818722441963e+03
1.605221719643342112e+03
1.605383053698248887e+03
1.605696521766914202e+03
1.605740288629330053e+03
1.606191657314761869e+03
1.606396391563777797e+03
1.606455925163377515e+03
1.606518992112113665e+03
1.606534792182780166e+03
1.606770559903927733e+03
1.606780593282135897e+03
1.606793560006796724e+03
1.607008360967502995e+03
1.607049361150877985e+03
1.607071661250615989e+03
1.607115528113479058e+03
1.607472829711525264e+03
1.607790931134246875e+03
1.607959198553496662e+03
1.608011365453482085e+03
1.608030098870601250e+03
1.608232066440576318e+03
1.608261166570727937e+03
1.609507238810504305e+03
1.609527072232543560e+03
1.609552639013558519e+03
1.609805240143327410e+03
1.610014541079434593e+03
1.610030774485372604e+03
1.610138041631796114e+03
1.610260908847991459e+03
1.610435676296312749e+03
1.610472276460008516e+03
1.610527076705104946e+03
1.610665210656247837e+03
1.610704810833361307e+03
1.610789777880046813e+03
1.610819878014670849e+03
1.611050179044701736e+03
1.611248079929821415e+03
1.611443247469383323e+03
1.611593848142950947e+03
1.611749348838434344e+03
1.611864582687155689e+03
1.612016783367879498e+03
1.612564285816607025e+03
1.612987554376359867e+03
1.613510390048097406e+03
1.613902191800447099e+03
1.617038405827294127e+03
1.617394907421762355e+03
1.617927009801612257e+03
1.618781180288591941e+03
1.619840151691551910e+03
1.621272824765908354e+03
1.621505492473190770e+03
1.621592592862750962e+03
1.621991894648644802e+03
1.622282429281406166e+03
1.622863131878622653e+03
1.623785169335806813e+03
1.623823069505317108e+03
1.623843969598793592e+03
1.624297171625758210e+03
1.625792078311790419e+03
1.626002712587194310e+03
1.628005621545287568e+03
1.628276256089045319e+03
1.629844363102468833e+03
1.630191797989719134e+03
1.630266798325161062e+03
1.631105168741474245e+03
1.631591970918717152e+03
1.632492374945811434e+03
1.632610808808845150e+03
1.632620008849992701e+03
1.633002877229054093e+03
1.633033510699396857e+03
1.633241544963172146e+03
1.633403779022103890e+03
1.633964014861115174e+03
1.634071515341915756e+03
1.634888252328139060e+03
1.634908352418037339e+03
1.635190020344475670e+03
1.635533488547317802e+03
1.635807256438422883e+03
1.636192991496972354e+03
1.637086095491416927e+03
1.637265096292005410e+03
1.637277229679605853e+03
1.637464263849457211e+03
1.637487497286703046e+03
1.637504497362736402e+03
1.638039099753768141e+03
1.638849803379673631e+03
1.639262005223263486e+03
1.639272805271566995e+03
1.639431505981362534e+03
1.639473039500456252e+03
1.639622106833832731e+03
1.639798107621003510e+03
1.639930674880582956e+03
1.640595077852152599e+03
1.640648144756162992e+03
1.640667944844719841e+03
1.640902812561842211e+03
1.640951779447515264e+03
1.641161313717999292e+03
1.641431114924696203e+03
1.641431614926932752e+03
1.641784183170475444e+03
1.642210718411505241e+03
1.642424286033362023e+03
1.643329056746653123e+03
1.643500324179320614e+03
1.643813725581021345e+03
1.643830192321336199e+03
1.644106093555315738e+03
1.644130960333200164e+03
1.644196127291328821e+03
1.644415628273055972e+03
1.644686096149401465e+03
1.644910363819114536e+03
1.644915663842819185e+03
1.644935263930481142e+03
1.645027197674992067e+03
1.645175865006579670e+03
1.645238265285667467e+03
1.645353865802695509e+03
1.645804434484549347e+03
1.645814801197581573e+03
1.645865034755586521e+03
1.645950968473262037e+03
1.648607013685867514e+03
1.650789856782057086e+03
1.651534526779291127e+03
1.652063695812688366e+03
1.652131529449410209e+03
1.652155596223716884e+03
1.652169762953744794e+03
1.654151738484879161e+03
1.655248243389042500e+03
1.657321319327627180e+03
1.658257123513050374e+03
1.659521662502086656e+03
1.661288437070725877e+03
1.661391504198364601e+03
1.662450208933465092e+03
1.662473009035439873e+03
1.662621176364790927e+03
1.663042611583010512e+03
1.666190458995222116e+03
1.669332906383281625e+03
1.669824475248510225e+03
1.670138076651105621e+03
1.671084247549560814e+03
1.671348482064693826e+03
1.671441615814571833e+03
1.671573216403161041e+03
1.671973784861386775e+03
1.673592392100674715e+03
1.674066060885844536e+03
1.675459667118806237e+03
1.676668505858720891e+03
1.678647848044744023e+03
1.679572852181863254e+03
1.680647723655937398e+03
1.680982825154692591e+03
1.682900367064311695e+03
1.682933267211458769e+03
1.683397435954139382e+03
1.683401102637205440e+03
1.683622870295737357e+03
1.683863204703976180e+03
1.684301039995546034e+03
1.684861675836346421e+03
1.685284311059933316e+03
1.686000480929699279e+03
1.687502854315793229e+03
1.687540154482619755e+03
1.689084294722184268e+03
1.690811669114604683e+03
1.692578377016278864e+03
1.694117050564726696e+03
1.694759153436558336e+03
1.695683224236169963e+03
1.695804824780033414e+03
1.695850991653183428e+03
1.697071530445427015e+03
1.697430765385453697e+03
1.697482632284097235e+03
1.698220102249128786e+03
1.702232620195281470e+03
1.702369254139715622e+03
1.702412354332483119e+03
1.702473121270932552e+03
1.702945790051629729e+03
1.704398029880165950e+03
1.704768431536802836e+03
1.704893765430697158e+03
1.705161933296755706e+03
1.705881936516999986e+03
1.706755173755923124e+03
1.707507210452771687e+03
1.708310214044238592e+03
1.708332614144423815e+03
1.708444547978385799e+03
1.710783258438365237e+03
1.710806091873822197e+03
1.713204369266883759e+03
1.714772809615131564e+03
1.714862143348013888e+03
1.716314649844409132e+03
1.717313820979910133e+03
1.717453654938656882e+03
1.718086757770235408e+03
1.718758027439183479e+03
1.718771294165186191e+03
1.718788494242114211e+03
1.719176229309608516e+03
1.719367730166104366e+03
1.719695431631762631e+03
1.720204833910085426e+03
1.721024970911515538e+03
1.722530510978438997e+03
1.723043079937591756e+03
1.723237514140540043e+03
1.726263494341028490e+03
1.726284894436741524e+03
1.726733063107860971e+03
1.728579771367340300e+03
1.729211874194446409e+03
1.729677109608564479e+03
1.730574780290100307e+03
1.730589813690671008e+03
1.730990582149791180e+03
1.731359717134096172e+03
1.731957419807346014e+03
1.732023253435123024e+03
1.732221787656409106e+03
1.733844628247964010e+03
1.736654407481484668e+03
1.736990208983371076e+03
1.737912846443238550e+03
1.738129480745477622e+03
1.738955617773743370e+03
1.739653054226389941e+03
1.739715721173337215e+03
1.739854388460199061e+03
1.740422557668025775e+03
1.740512358069662014e+03
1.740933326619127911e+03
1.744023140438448308e+03
1.744412275512204360e+03
1.744636276514057954e+03
1.744668043322803214e+03
1.744697076785990021e+03
1.744718976883938922e+03
1.745352279716412113e+03
1.745688447886604990e+03
1.747151154428620430e+03
1.749942566913328392e+03
1.750979538217892468e+03
1.751714774839601887e+03
1.752492078316123980e+03
1.752516045089982981e+03
1.753036414084021544e+03
1.753136514531724970e+03
1.753301948604969084e+03
1.753395182355294082e+03
1.753396649028520415e+03
1.754629687876671369e+03
1.754643487938392582e+03
1.754689521477612743e+03
1.755394024628532406e+03
1.757285633088829627e+03
1.757669601472810882e+03
1.757675834834023135e+03
1.758032736430280238e+03
1.758279937535897488e+03
1.758647105844739599e+03
1.758702739426896414e+03
1.758773139741764680e+03
1.758963640593787659e+03
1.758994440731542682e+03
1.759111074586525774e+03
1.760556481051165974e+03
1.760873582469415169e+03
1.761857720204345242e+03
1.762142988146884591e+03
1.762432889443480235e+03
1.763323993428979747e+03
1.763803895575362048e+03
1.763818528974143646e+03
1.763840129070751118e+03
1.763848262440461212e+03
1.763852295791833967e+03
1.768416516205498965e+03
1.770554992436589146e+03
1.770641292822571131e+03
1.770987127702665248e+03
1.771050161317919219e+03
1.771982398820723120e+03
1.772885502859893450e+03
1.774637444028856407e+03
1.775017379061464908e+03
1.775665781961473613e+03
1.775858949492090005e+03
1.775932449820823422e+03
1.777722924495462166e+03
1.777763358009636249e+03
1.779687999951010397e+03
1.779736700168824200e+03
1.780266869206693855e+03
1.780911672090601542e+03
1.782324078407647221e+03
1.782709846799678871e+03
1.783390483177186525e+03
1.784545121674688517e+03
1.785123390927688206e+03
1.785176691166075898e+03
1.785419925587285206e+03
1.785731193646111024e+03
1.785854427530613293e+03
1.786501097089536188e+03
1.786694331287117620e+03
1.787023499426002445e+03
1.788037437294214897e+03
1.788080937488771269e+03
1.788244871555306418e+03
1.789178275729995448e+03
1.789444943589345030e+03
1.789794711820364455e+03
1.789811911897292475e+03
1.792446890349009664e+03
1.792461723748685927e+03
1.793162193548232835e+03
1.793559728659558459e+03
1.795261402937033836e+03
1.795402636902042104e+03
1.795438803730466134e+03
1.795593304421477114e+03
1.795931339266685200e+03
1.796885376866991237e+03
1.797579846639702737e+03
1.798228416207123701e+03
1.798426450426173233e+03
1.798449983864760725e+03
1.799122753540417762e+03
1.800478926272623085e+03
1.802107766891013625e+03
1.802753469778946510e+03
1.802764836496451380e+03
1.802822136752728966e+03
1.804085509069880800e+03
1.805360148104090058e+03
1.805474815283610496e+03
1.805914683917607817e+03
1.805926283969489532e+03
1.806464253042245218e+03
1.806628453776639617e+03
1.807297123433959086e+03
1.807406890591563979e+03
1.808309261294120915e+03
1.809244632144272373e+03
1.809389032790110377e+03
1.809538733459652804e+03
1.809643100593105828e+03
1.809739501024260790e+03
1.809784167890701838e+03
1.810026368973956323e+03
1.810031035661495025e+03
1.812414446321397918e+03
1.812591580446970966e+03
1.813451150958102289e+03
1.813534884665938080e+03
1.814097020513447205e+03
1.814154854105443746e+03
1.814831257130684207e+03
1.815610660616598580e+03
1.815833561613532765e+03
1.816290796991870138e+03
1.818238539036560496e+03
1.818670740969601411e+03
1.819203010016863573e+03
1.819313610511528850e+03
1.819507878047065105e+03
1.819516844753835812e+03
1.819527544801692102e+03
1.819670512107786180e+03
1.819987613526035375e+03
1.821951188974874412e+03
1.822212456810072354e+03
1.822258557016257328e+03
1.822412557705031759e+03
1.822455624564317077e+03
1.822907326584572957e+03
1.823065827293473831e+03
1.828296717355513238e+03
1.828465451443516486e+03
1.829218521478320099e+03
1.829957491450060843e+03
1.834359711139170713e+03
1.835189581517467104e+03
1.835538583078390957e+03
1.835573183233141663e+03
1.835926151478473457e+03
1.835992018439732874e+03
1.837595892279791542e+03
1.837715292813815495e+03
1.838215061715719457e+03
1.839395666996025284e+03
1.839786135409078270e+03
1.840163703764434786e+03
1.840296637692320701e+03
1.840387671432806201e+03
1.841500276408977925e+03
1.843814653426791892e+03
1.843937953978258747e+03
1.845153292747244905e+03
1.845672061734127510e+03
1.845679061765435335e+03
1.846230197563746515e+03
1.846671499537487762e+03
1.846719966420924720e+03
1.849264511134839722e+03
1.849564812477949999e+03
1.849851147091926578e+03
1.850100581540865960e+03
1.851171286329637496e+03
1.851518154547686436e+03
1.853027194630264148e+03
1.853959598800480535e+03
1.855354871707563007e+03
1.856011341310317221e+03
1.856816578245106029e+03
1.860191493339553745e+03
1.861506865889278743e+03
1.861523132628698932e+03
1.861576999536287531e+03
1.862462370162810885e+03
1.862510970380177469e+03
1.863099339678350134e+03
1.863330074043652530e+03
1.864247578147227614e+03
1.865213315799862812e+03
1.866183653473071445e+03
1.866782122816417086e+03
1.867163457855287106e+03
1.867287058408095845e+03
1.867817860782131447e+03
1.868343563133357065e+03
1.869027832860448370e+03
1.869224000404482467e+03
1.869724069307728087e+03
1.869878736666150871e+03
1.869915103495469566e+03
1.870737507173704216e+03
1.870929608032883152e+03
1.870988341628904891e+03
1.871046075220454441e+03
1.871081042043511616e+03
1.871165675755372831e+03
1.871655411279068403e+03
1.872139146775928793e+03
1.872165546894004365e+03
1.872643715699300856e+03
1.872662582450349873e+03
1.873444352613516003e+03
1.873475519419577495e+03
1.873790220827092526e+03
1.874265289618524093e+03
1.875751896267433949e+03
1.877022001948034131e+03
1.877072168839074266e+03
1.877280669771603471e+03
1.878478541795802357e+03
1.879409545959756997e+03
1.879414945983908865e+03
1.879421546013427815e+03
1.879465279542361259e+03
1.879546513239015667e+03
1.879610113523470318e+03
1.879928148279227571e+03
1.880177482727719280e+03
1.880520150926983661e+03
1.880884685890714763e+03
1.883021828782508464e+03
1.883173362793583692e+03
1.883881299293192342e+03
1.883895966025456801e+03
1.885570073512971703e+03
1.886240743179236233e+03
1.886998479901578548e+03
1.887015546644576943e+03
1.887042680099265681e+03
1.887313814645259754e+03
1.888070551363129198e+03
1.888447119714013525e+03
1.888697187499118854e+03
1.889150456193048512e+03
1.889614358267869648e+03
1.889755958901184385e+03
1.889760758922652485e+03
1.890547795776041085e+03
1.891027731255905564e+03
1.892325270392536595e+03
1.893175440861625702e+03
1.893980944464273989e+03
1.895313750425304079e+03
1.895639085213710587e+03
1.895682152072995450e+03
1.896103553957733084e+03
1.896326421621184409e+03
1.896984357897164955e+03
1.898013462499877960e+03
1.898438597734646464e+03
1.899085900629735306e+03
1.899229967940749020e+03
1.899669269905545207e+03
1.901811912821937767e+03
1.902183981152695424e+03
1.902595616327084144e+03
1.902599949679798556e+03
1.902694416768973269e+03
1.902756917048508285e+03
1.902825584022290968e+03
1.903259352629005662e+03
1.903991389236403165e+03
1.904192423468870402e+03
1.904992427046919374e+03
1.905103627544268420e+03
1.905360162024962619e+03
1.906250332672954528e+03
1.906256266032825124e+03
1.907058702955090666e+03
1.907950706944615604e+03
1.908131541086737116e+03
1.908154941191395210e+03
1.908167407913819716e+03
1.908346808716197074e+03
1.908424709064609715e+03
1.908451675851886421e+03
1.908543776263809377e+03
1.908658076775023119e+03
1.908777877310836175e+03
1.908785777346169198e+03
1.909143045610732997e+03
1.909752581670241625e+03
1.910403651248843971e+03
1.910533751830724214e+03
1.910551285242476297e+03
1.910903453484230113e+03
1.910936120297000571e+03
1.910975987141973292e+03
1.911323222028328928e+03
1.911405455729455980e+03
1.911901957950082760e+03
1.912089192120828557e+03
1.912362293342285284e+03
1.912493860597391858e+03
1.912655894655429165e+03
1.912913062472289539e+03
1.912992396160446106e+03
1.913055729777041734e+03
1.913645065746204637e+03
1.913696999311812988e+03
1.913764866282017465e+03
1.913825966555290961e+03
1.914177701461773268e+03
1.914492869538042214e+03
1.914508336273884424e+03
1.916003042959021968e+03
1.916177977074755518e+03
1.916182943763635876e+03
1.916193443810597728e+03
1.916874213522035234e+03
1.917836917827770094e+03
1.917857651253834547e+03
1.918027152011933595e+03
1.918511787512819183e+03
1.918774288686866612e+03
1.918946489457041707e+03
1.919199590589047148e+03
1.919207657291792430e+03
1.919215357326231242e+03
1.919860393544515773e+03
1.920058527764012524e+03
1.920378829196574088e+03
1.921197966193531556e+03
1.922237537509724007e+03
1.922288637738271746e+03
1.922765306536859498e+03
1.923960611882912190e+03
1.924079445747734781e+03
1.924193212923230021e+03
1.925233284241658794e+03
1.925339651384056879e+03
1.925609719258613268e+03
1.926115221519493161e+03
1.926648123902921043e+03
1.927001458816559307e+03
1.927811662440228702e+03
1.928011229999469606e+03
1.928882833897754153e+03
1.929024867866340173e+03
1.930394440658478061e+03
1.930481374380625994e+03
1.930489507750336088e+03
1.930655808494122994e+03
1.930918843003889151e+03
1.930943543114361319e+03
1.930949476474231915e+03
1.930978909939207824e+03
1.931148010695517769e+03
1.931491312230948097e+03
1.932038714679228406e+03
1.932093481590842202e+03
1.932331382654864683e+03
1.932420083051580832e+03
1.932758984567331936e+03
1.932891485159946342e+03
1.933135219583391972e+03
1.933320320411263083e+03
1.933435254258642772e+03
1.933442620958257294e+03
1.933739055617406848e+03
1.933743788971910362e+03
1.934136224060425775e+03
1.934300224793925963e+03
1.934331124932128205e+03
1.934789860317174316e+03
1.935490530117615890e+03
1.935686597661202768e+03
1.935940765464645438e+03
1.936186199895694472e+03
1.936208566662397516e+03
1.936417534263680409e+03
1.938099941788317665e+03
1.938289575969797852e+03
1.938380343042423874e+03
1.938388809746958259e+03
1.938649277578577994e+03
1.939105012950206856e+03
1.939169913240476035e+03
1.939566948349565337e+03
1.940533786007120170e+03
1.940758320344692720e+03
1.941031888234903136e+03
1.941377656448032440e+03
1.941623957549624265e+03
1.943576766283642201e+03
1.943752333735541470e+03
1.944542403935829952e+03
1.944615937598045775e+03
1.945948643558628191e+03
1.946993781566384541e+03
1.947283149527261457e+03
1.947653317849521500e+03
1.947693251361459033e+03
1.947917585698136918e+03
1.948062753014070495e+03
1.948275320631454406e+03
1.948569921949071158e+03
1.949265791728044178e+03
1.950215362641706179e+03
1.950906665733587943e+03
1.951681869200717529e+03
1.951697702604866436e+03
1.952014170686949683e+03
1.952165571364095513e+03
1.952191171478593105e+03
1.952674840308488456e+03
1.953167009176400825e+03
1.954062479848097382e+03
1.954233913948176678e+03
1.954301547584004311e+03
1.954530381940808866e+03
1.954637049084548835e+03
1.954915616997122015e+03
1.954923917034244141e+03
1.954992984009815700e+03
1.955252518503927831e+03
1.955264785225457899e+03
1.955277018613505561e+03
1.955471752817795732e+03
1.955507552977913519e+03
1.955725753953826143e+03
1.955748420721871071e+03
1.956082388882224222e+03
1.956099455625222618e+03
1.956355490103680722e+03
1.956400190303604177e+03
1.956513657477757306e+03
1.956797858748859426e+03
1.957031826461956371e+03
1.957385528043901559e+03
1.958803634386440763e+03
1.961595380205973015e+03
1.962981386404943123e+03
1.963393154913261469e+03
1.963695056263527704e+03
1.965432264033261617e+03
1.965632498262150648e+03
1.967487373224822477e+03
1.969773750117404688e+03
1.970632853959782096e+03
1.971215089897189728e+03
1.971508991211675720e+03
1.971688125346193829e+03
1.971849826069406845e+03
1.972350161640511942e+03
1.974018969104322423e+03
1.974310837076380722e+03
1.974409137516033525e+03
1.974598905031443337e+03
1.974636305198717082e+03
1.974815205998858346e+03
1.975570909378772967e+03
1.975682676545322920e+03
1.976199945525496560e+03
1.977164949841518364e+03
1.977277783679505546e+03
1.977770252548759572e+03
1.978004186928374338e+03
1.978038653749195191e+03
1.978133254172299530e+03
1.978138420862074554e+03
1.978671556579879507e+03
1.979108825202247999e+03
1.979346759599752886e+03
1.979870828610339913e+03
1.980668565511584575e+03
1.981004867015706850e+03
1.981180067799299877e+03
1.981609169718475869e+03
1.982176405588795205e+03
1.983296177263687014e+03
1.983972380288033264e+03
1.986466191441706769e+03
1.986869026576737042e+03
1.987029860629407267e+03
1.987470929268771670e+03
1.987839664251287559e+03
1.988566034166673717e+03
1.988657667909842758e+03
1.988979669350007498e+03
1.990189674761806828e+03
1.990331675396910668e+03
1.991056045303351766e+03
1.991220179370781580e+03
1.991307279760341544e+03
1.991320746487238921e+03
1.991510314001753841e+03
1.992388151261250869e+03
1.993035820824646635e+03
1.993767657431149246e+03
1.993774490795045267e+03
1.994056792057649091e+03
1.994704061619255981e+03
1.994731861743593072e+03
1.994754395177708147e+03
1.996301802098549615e+03
1.996783070917711029e+03
1.996796370977196375e+03
1.997019371974577325e+03
1.997127339124131595e+03
1.997340240076340024e+03
1.997543674319541424e+03
1.999150781507394868e+03
2.000746655311673067e+03
2.001229390804061040e+03
2.001753059812858965e+03
2.001950094027436080e+03
2.002612530323543297e+03
2.002682497303140053e+03
2.003295400044372855e+03
2.003906669444967292e+03
2.005018541084526078e+03
2.005074841336331247e+03
2.005129274913120980e+03
2.005404842812276684e+03
2.006375347152897348e+03
2.006825515832962083e+03
2.007166050689351778e+03
2.008096188182763399e+03
2.008270655629743032e+03
2.008391122835204214e+03
2.009401327353385796e+03
2.010489665554356861e+03
2.011447236503799331e+03
2.012056005893212387e+03
2.014600417273197763e+03
2.015781489222257505e+03
2.016319624962425223e+03
2.018281800405002969e+03
2.018635935322219439e+03
2.019054470527468538e+03
2.019205371202378274e+03
2.021136613173271144e+03
2.022497252592120958e+03
2.022947121270843809e+03
2.024350927549425478e+03
2.024370127635298786e+03
2.024401761110113966e+03
2.025012263840612832e+03
2.025443399102216517e+03
2.025563366305441605e+03
2.026285836203384633e+03
2.026452736949855080e+03
2.026486237099685923e+03
2.027215507028042566e+03
2.027245440495254797e+03
2.028424545768851885e+03
2.028973514890805745e+03
2.029481050494113106e+03
2.029567850882331186e+03
2.029833752071585423e+03
2.030302154166533228e+03
2.030309054197393834e+03
2.031291725259097575e+03
2.031639893482961043e+03
2.031748660636093291e+03
2.031810594246427399e+03
2.032032361904958861e+03
2.032799398668895947e+03
2.032812832062310918e+03
2.032836532168310669e+03
2.033390901314415942e+03
2.033435834848716468e+03
2.033517901882431488e+03
2.033622269015884513e+03
2.034364505668901984e+03
2.035767178609081384e+03
2.035981512901033739e+03
2.036557248809369867e+03
2.036915183743582020e+03
2.037560853298032498e+03
2.037827321156487642e+03
2.038032155405950789e+03
2.038039888773872008e+03
2.038060422199041795e+03
2.038072122251370729e+03
2.039180093873486385e+03
2.039193093931629846e+03
2.039424661633992628e+03
2.040411932716270030e+03
2.040963701850746929e+03
2.042368074798529960e+03
2.043051977857314796e+03
2.043731580896867399e+03
2.044068915738944952e+03
2.044754452138368151e+03
2.044899052785100366e+03
2.044953286360995889e+03
2.044957619713710301e+03
2.045485622075222636e+03
2.045980624289140451e+03
2.047262630022964231e+03
2.047272563400725176e+03
2.047480964332806934e+03
2.047558264678535807e+03
2.047579398106389363e+03
2.048296234645803452e+03
2.048792403531606396e+03
2.048816570306359608e+03
2.048836237060987060e+03
2.048933137494378116e+03
2.048994637769440487e+03
2.049071004777661983e+03
2.049133205055855342e+03
2.049133571724161811e+03
2.049336139296820420e+03
2.049404039600507531e+03
2.049534173515869952e+03
2.052398252992250946e+03
2.052567087080701640e+03
2.053276623587466474e+03
2.053567424888087317e+03
2.053680292059556905e+03
2.053773992478636046e+03
2.054342161686462987e+03
2.055187332133189102e+03
2.055875368543794139e+03
2.057031573714969909e+03
2.057434675517859432e+03
2.057775010373354235e+03
2.058033344862099057e+03
2.058155178740340034e+03
2.060837090735302354e+03
2.060990558088358284e+03
2.061001458137108784e+03
2.062974166960131242e+03
2.063334535238559965e+03
2.063861504262116796e+03
2.064128272121914051e+03
2.064507907153180895e+03
2.064715974750438363e+03
2.064800575128817400e+03
2.064832908606762885e+03
2.064880608820104499e+03
2.064892642207257722e+03
2.065206010275475819e+03
2.066047714040030769e+03
2.066210948103435385e+03
2.066272115043673693e+03
2.066282381756258928e+03
2.066530282865006484e+03
2.066896584503305803e+03
2.067189419146354339e+03
2.067198485853572038e+03
2.067212319248776112e+03
2.067381786673392980e+03
2.067641921170188198e+03
2.067658054575679216e+03
2.067738988270991740e+03
2.067876288885074246e+03
2.068078323122014353e+03
2.068152256786018825e+03
2.068168590192404281e+03
2.068182656921984744e+03
2.068321090874469974e+03
2.068326224230761909e+03
2.068411224610929821e+03
2.068436591391050570e+03
2.068534525162396676e+03
2.068542525198177373e+03
2.069496429464553330e+03
2.071465471604509275e+03
2.073175312585177380e+03
2.073222912798071775e+03
2.074218917252742358e+03
2.076617594647593251e+03
2.076895262556141006e+03
2.077249664141217181e+03
2.077256064169841466e+03
2.077397998137980267e+03
2.078122334710938958e+03
2.078191868355264432e+03
2.078755737543859595e+03
2.079299606643002789e+03
2.079355940228290820e+03
2.079466140721166994e+03
2.079484540803462096e+03
2.079551907771430251e+03
2.080346544658810217e+03
2.080360144719636992e+03
2.080565312303923747e+03
2.080644412657703924e+03
2.083396324965745407e+03
2.084882831614208044e+03
2.084905398381805298e+03
2.085421434023129677e+03
2.086260371108643994e+03
2.086399605064706975e+03
2.086936907467813853e+03
2.087267342279030800e+03
2.088811749186454563e+03
2.088899216244321451e+03
2.088945483117918684e+03
2.090337889345512849e+03
2.090502456748214172e+03
2.090593757156559150e+03
2.090624690628244025e+03
2.090962758806934744e+03
2.090981858892360378e+03
2.092959601071227553e+03
2.093243835675811624e+03
2.093555037067672856e+03
2.094170039818297937e+03
2.096145981989115171e+03
2.096289182629585866e+03
2.096330416147337928e+03
2.096685017733308086e+03
2.096783551507337961e+03
2.096791851544459860e+03
2.097086486195559246e+03
2.097147186467043412e+03
2.097693155575579567e+03
2.099323829535503137e+03
2.099472996869326835e+03
2.099901132117512589e+03
2.100300600570818460e+03
2.101120570904836768e+03
2.101215271328388098e+03
2.101515506004533563e+03
2.102980379222906322e+03
2.103226280322709044e+03
2.103513114938922172e+03
2.103568515186702371e+03
2.103598848655703023e+03
2.103624582104130695e+03
2.103992150414761909e+03
2.103997083770159406e+03
2.104346485332872817e+03
2.104812820751910294e+03
2.105170422351298384e+03
2.105307656298416077e+03
2.105793091802879644e+03
2.105862758781135199e+03
2.106132326653455493e+03
2.106248227171824965e+03
2.106257393879490337e+03
2.106276093963127096e+03
2.106468594824095362e+03
2.107292631842968149e+03
2.107331132015161984e+03
2.107512566159966809e+03
2.107521866201561352e+03
2.107914434624006844e+03
2.108062668620323166e+03
2.108500203910551136e+03
2.108560737514623270e+03
2.108571437562479787e+03
2.109279874064324758e+03
2.109283907415697286e+03
2.109508375086305477e+03
2.109536375211536779e+03
2.109713276002732982e+03
2.109945410374296898e+03
2.110239945024948611e+03
2.111333583249624098e+03
2.111466550510992420e+03
2.112002519574803046e+03
2.112419788107720706e+03
2.112895256900940694e+03
2.112912756979210826e+03
2.112975123924816216e+03
2.113052690938404339e+03
2.113062124313928962e+03
2.113091791113281943e+03
2.113449592713564016e+03
2.113491726235341503e+03
2.113564726561838143e+03
2.113610826768023344e+03
2.113692293799055278e+03
2.113888561343536367e+03
2.113981595092966927e+03
2.115514735283333266e+03
2.115538035387543914e+03
2.115657735922909524e+03
2.116613606864748817e+03
2.116801974373896428e+03
2.117693945029939186e+03
2.118127880304065911e+03
2.118146547054220264e+03
2.118434148340529191e+03
2.118476681864095099e+03
2.118765883157559983e+03
2.118872150299510849e+03
2.118990650829509832e+03
2.119055184451472087e+03
2.120123455896027281e+03
2.120203489587314834e+03
2.120333756836606881e+03
2.120409457175179796e+03
2.120434890622264902e+03
2.121267494346119747e+03
2.121311527876394848e+03
2.121336561321691079e+03
2.121904697196036068e+03
2.121917697254179529e+03
2.121926897295326853e+03
2.122224098624571980e+03
2.122437232911157480e+03
2.122563033473805717e+03
2.122586566912393209e+03
2.122622000404204300e+03
2.123362703717030399e+03
2.123819872428403414e+03
2.124057306823671752e+03
2.124069906880026338e+03
2.124089340300276490e+03
2.124843443673034471e+03
2.124894743902476876e+03
2.125126744940111166e+03
2.125240345448194148e+03
2.125389579448983113e+03
2.125695614151069549e+03
2.125877914966417393e+03
2.125881981651271872e+03
2.125932181875794868e+03
2.126019515599731676e+03
2.126091549255238533e+03
2.126189616360514265e+03
2.126221983171943066e+03
2.126680385222165114e+03
2.126798185749033109e+03
2.126953853111928311e+03
2.126970619853584594e+03
2.127013920047247211e+03
2.127195854194288131e+03
2.127344121524086859e+03
2.127349688215650531e+03
2.127462722054532605e+03
2.127491255515482862e+03
2.127552222454827188e+03
2.127625856117489548e+03
2.127731156588450631e+03
2.127738156619758229e+03
2.127821556992770184e+03
2.128212458741093997e+03
2.128542293549627175e+03
2.128553160264896178e+03
2.129164096330666325e+03
2.129211329875253341e+03
2.129399264049130124e+03
2.129441797572696032e+03
2.129867466143183719e+03
2.131074371541117671e+03
2.132020275771713841e+03
2.132535144741153545e+03
2.132898679700411776e+03
2.133026280271110409e+03
2.133322314928471314e+03
2.134469953394665026e+03
2.134471153400032108e+03
2.134472320071916783e+03
2.135480257913293826e+03
2.135869092985708448e+03
2.135878693028644648e+03
2.135977660137945804e+03
2.136615629657957470e+03
2.136831397289653978e+03
2.136851830714376774e+03
2.136914030992570133e+03
2.137161665433458893e+03
2.137529767079808607e+03
2.137709501217009802e+03
2.137936135563975313e+03
2.138012069236924617e+03
2.138029102646441061e+03
2.138305470549174515e+03
2.138488604701582972e+03
2.138525971535374538e+03
2.138531638227385429e+03
2.138548504969489386e+03
2.138664872156613001e+03
2.138714672379346666e+03
2.138798039418875760e+03
2.138945206743754170e+03
2.138963240157742803e+03
2.139203407898569822e+03
2.139254541460600194e+03
2.139327041784860739e+03
2.139519809313688256e+03
2.139580442918208064e+03
2.139619476426120400e+03
2.139999578126140932e+03
2.140206479051513725e+03
2.140251912588050345e+03
2.140327612926623260e+03
2.140391546545902202e+03
2.140432546729277419e+03
2.140460880189333238e+03
2.140539613874806491e+03
2.140590080767188283e+03
2.140622580912546709e+03
2.140624114252737854e+03
2.140656847732473125e+03
2.140737548093408805e+03
2.140792748340294111e+03
2.140809115080161519e+03
2.140904215505502179e+03
2.140991815897298693e+03
2.141042549457539735e+03
2.141106549743783944e+03
2.141187583439543687e+03
2.141518284918619884e+03
2.141546351710816452e+03
2.141567218470810531e+03
2.141568418476177612e+03
2.141594785260770550e+03
2.141740085910633752e+03
2.142103887537751689e+03
2.142311121797948999e+03
2.142675890096057174e+03
2.142744623736803987e+03
2.142778390554494763e+03
2.143043158405346276e+03
2.143069591856904481e+03
2.143099391990186632e+03
2.143356959808836109e+03
2.143377593234453343e+03
2.143380826582248119e+03
2.143662927843957732e+03
2.143702228019729318e+03
2.143895128882486460e+03
2.144163496749439219e+03
2.144353297598331665e+03
2.144703232496763576e+03
2.148431915840120382e+03
2.148959218198502640e+03
2.152015731868886178e+03
2.155638381404669872e+03
2.160902304947785979e+03
2.161507640988509593e+03
2.161881775995177122e+03
2.163040014508780587e+03
2.164717488678019890e+03
2.166556363569131008e+03
2.167931469719349934e+03
2.168207804288600983e+03
2.168484638860088580e+03
2.168823673709769537e+03
2.168855440518514570e+03
2.169071374817623109e+03
2.169908178560262513e+03
2.170017979051349357e+03
2.170161146358337646e+03
2.170766482399061715e+03
2.170810649263266441e+03
2.171541952534050324e+03
2.172614690665249782e+03
2.172969992254350927e+03
2.173633395221448154e+03
2.177847280734892138e+03
2.177859747457317098e+03
2.179303587248283748e+03
2.179309120606365468e+03
2.179350854126353170e+03
2.180377858719673895e+03
2.180675660051602790e+03
2.181913898923010493e+03
2.182055332888913199e+03
2.182943170193135757e+03
2.183369938768542397e+03
2.183477605916755238e+03
2.183547172894562664e+03
2.183664240084817266e+03
2.185928550212037862e+03
2.186410319033435826e+03
2.187732891615363314e+03
2.187852925485553442e+03
2.188004259495734004e+03
2.189129264527365649e+03
2.190110635583254862e+03
2.191074206559532740e+03
2.191108973381695705e+03
2.191503475146120763e+03
2.191867943442887281e+03
2.192094411122439851e+03
2.192420379247012534e+03
2.192661780326689041e+03
2.192857614535898847e+03
2.192878381295445706e+03
2.192886247997296323e+03
2.193090015575322468e+03
2.193104915641963089e+03
2.193117649032247300e+03
2.193271649721021731e+03
2.193365516807512904e+03
2.193607851224697242e+03
2.194901223676025893e+03
2.195640393648660393e+03
2.195740760764223523e+03
2.195802694374557177e+03
2.195986561863578572e+03
2.196112929095428171e+03
2.196314696664508574e+03
2.196635564766271273e+03
2.198008004237896785e+03
2.199031975484317172e+03
2.199830279054763650e+03
2.199906179394230548e+03
2.199914946100107045e+03
2.199926612818953345e+03
2.200201547381942873e+03
2.200286881096934849e+03
2.200564615672447871e+03
2.200680416190370124e+03
2.200723983051891082e+03
2.201212751904597098e+03
2.204225398712118022e+03
2.204321765809790577e+03
2.204359665979300644e+03
2.204498566600539561e+03
2.204975735401363181e+03
2.207032511267045265e+03
2.207087011510800039e+03
2.207860981639079910e+03
2.208392717350623570e+03
2.210452959898476820e+03
2.211139096300583788e+03
2.211730532279138515e+03
2.211860099525300484e+03
2.212196734364247277e+03
2.212235701205194346e+03
2.212588702784008547e+03
2.213676407648813893e+03
2.214992180200327766e+03
2.215270548112006054e+03
2.216046551582714073e+03
2.216348319599050683e+03
2.217180356653704621e+03
2.218064727275755104e+03
2.218229494679350864e+03
2.218233628031170610e+03
2.218352828564300125e+03
2.218607129701672420e+03
2.218996898111594419e+03
2.219614967542602699e+03
2.219800635039674489e+03
2.220328870735563669e+03
2.220627705405447614e+03
2.221152141084341565e+03
2.221606143114884617e+03
2.221889344381513638e+03
2.221897277750329522e+03
2.222069045185233335e+03
2.222141878844317944e+03
2.222160578927954703e+03
2.222166112286035968e+03
2.222170345638303388e+03
2.222249445992083110e+03
2.223392351103773763e+03
2.223398484464538797e+03
2.223833286409208540e+03
2.223847153137894566e+03
2.224454955856317156e+03
2.225994396074861015e+03
2.227208234837138207e+03
2.228097938816376427e+03
2.228121638922375951e+03
2.228177505838909838e+03
2.228227072727266204e+03
2.228814475354448859e+03
2.228876908967019517e+03
2.229459411572286172e+03
2.229536745251497450e+03
2.229546545295328542e+03
2.229666145830246933e+03
2.229986180594949019e+03
2.230832051044806576e+03
2.231392020215958837e+03
2.232630392421296165e+03
2.234084798926189706e+03
2.234668968205577585e+03
2.235438071645424316e+03
2.235686439422926469e+03
2.235724272925471723e+03
2.235743806346169094e+03
2.238663719405601114e+03
2.239465456324735896e+03
2.239497889803129510e+03
2.239557290068799375e+03
2.239836024648784587e+03
2.240093192465645188e+03
2.240125092608319846e+03
2.240610428112336649e+03
2.240943629602593774e+03
2.241046330061925801e+03
2.241324164637886042e+03
2.241333631346892616e+03
2.241426465095428739e+03
2.241484332020907914e+03
2.242882271606583799e+03
2.243289006759056974e+03
2.243935376316638212e+03
2.243987576550106041e+03
2.244008209975723275e+03
2.244084310316085066e+03
2.244112210440869603e+03
2.244152343953701802e+03
2.244227277622179372e+03
2.244346544822273245e+03
2.246035419042499598e+03
2.246805022484582878e+03
2.246878356145904036e+03
2.247090990430253441e+03
2.247128690598868616e+03
2.247354291607878622e+03
2.247576392601234602e+03
2.247705459845159567e+03
2.247792993569991268e+03
2.248073728158921767e+03
2.248078361512978063e+03
2.248229028853510499e+03
2.248478396635485296e+03
2.248716631034331385e+03
2.248757731218153822e+03
2.248806131434625513e+03
2.248845331609950335e+03
2.248921298616382501e+03
2.248993532272783796e+03
2.249218099943838297e+03
2.251827711615434964e+03
2.252543214815552346e+03
2.253071083843135511e+03
2.254213588953036833e+03
2.254795158220796111e+03
2.255107226283200362e+03
2.255347660691886631e+03
2.255520294797333008e+03
2.256197597826598667e+03
2.256460065667164145e+03
2.257152835432271786e+03
2.257336702921293636e+03
2.257550570544492075e+03
2.257609904143197582e+03
2.257707471246236764e+03
2.257728904675432204e+03
2.257878772012386435e+03
2.259460879088426282e+03
2.259924814496730050e+03
2.260345716379230907e+03
2.261902356674702332e+03
2.261908423368503009e+03
2.261919023415911852e+03
2.261923690103450554e+03
2.262346758662308730e+03
2.263158162291344979e+03
2.265110371022679828e+03
2.265368372176600133e+03
2.266573577566931817e+03
2.266638411190236184e+03
2.268089584347334494e+03
2.268335818781961734e+03
2.268375252291662946e+03
2.270188427067828798e+03
2.270401594687896704e+03
2.270854163378695375e+03
2.272556904327608208e+03
2.272670038166937502e+03
2.274678380482665034e+03
2.275128882497553604e+03
2.275594651247390630e+03
2.275710085097006413e+03
2.276059386659272604e+03
2.276286121006684425e+03
2.277969828537135982e+03
2.278089529072502046e+03
2.278554531152243271e+03
2.281219109736347491e+03
2.281237209817301391e+03
2.281533977811274781e+03
2.282103847026704898e+03
2.282213147515556102e+03
2.282348448120693774e+03
2.282446915227758836e+03
2.282510548845695666e+03
2.282595315891486734e+03
2.282672549570251249e+03
2.283808187982774143e+03
2.284224456511219159e+03
2.285518862300502406e+03
2.285530195684524642e+03
2.285969230981461806e+03
2.286033564602530078e+03
2.287183603079457953e+03
2.287290503557574539e+03
2.287361937210398082e+03
2.287818405918639655e+03
2.288179907535470647e+03
2.288804343661620806e+03
2.289294079185316150e+03
2.290986253420302546e+03
2.291414222001076268e+03
2.292043658149589191e+03
2.292130691872184343e+03
2.292543327051045708e+03
2.293272430311990320e+03
2.293331763910695372e+03
2.293341097285772321e+03
2.293350263993437693e+03
2.293355197348836100e+03
2.293517164739908367e+03
2.293572064985452016e+03
2.293677098788553394e+03
2.293685498826122512e+03
2.293725132336718616e+03
2.293738999065404641e+03
2.293748299106999639e+03
2.293939966630907293e+03
2.294955137837969232e+03
2.294981937957833907e+03
2.295518373690398221e+03
2.296302010528579558e+03
2.296686545581761948e+03
2.296992580283848383e+03
2.296998513643718979e+03
2.298515420428147536e+03
2.299198823484695822e+03
2.299882293208209376e+03
2.300074860736142000e+03
2.300220561387794532e+03
2.300826930766472742e+03
2.301124232096165542e+03
2.302209203615412662e+03
2.302300004021521090e+03
2.302326770807902903e+03
2.302900206705952314e+03
2.303164474554567732e+03
2.303332441972475863e+03
2.303431509082224238e+03
2.303532376200023464e+03
2.304692781389983793e+03
2.305304484125849285e+03
2.306428822487832804e+03
2.306831490955451045e+03
2.308762699592861736e+03
2.309130234570010089e+03
2.309583969932693435e+03
2.310233472837622230e+03
2.310544907563860306e+03
2.312591983386158518e+03
2.313046218751078413e+03
2.313597687884213428e+03
2.313800488791248881e+03
2.314119823552819980e+03
2.314157923723224940e+03
2.314450925033685053e+03
2.314652792603213129e+03
2.314756793068359457e+03
2.314807326627706061e+03
2.314844026791849046e+03
2.314918060456301191e+03
2.314928493836298458e+03
2.315051161051599138e+03
2.315433996097177896e+03
2.315476162952437789e+03
2.315521363154597566e+03
2.315688197234103427e+03
2.315910498228353390e+03
2.315943165041123848e+03
2.316131199215447850e+03
2.316352400204778405e+03
2.316446000623410328e+03
2.316691668388836206e+03
2.317008136470919453e+03
2.317978674145022524e+03
2.318074307906081685e+03
2.318116974763577673e+03
2.318494309784557572e+03
2.319111379211093208e+03
2.319157412750313597e+03
2.319394213809415760e+03
2.320026349970004503e+03
2.320204317432637708e+03
2.321758024381656469e+03
2.321835524728280234e+03
2.321863858188336053e+03
2.322095359223733794e+03
2.322112192632355800e+03
2.322191126318723036e+03
2.322252493259855783e+03
2.322291093432496837e+03
2.322291926769557449e+03
2.322577661380850259e+03
2.322662328426194108e+03
2.322730028728986326e+03
2.322768095565908425e+03
2.322793395679064361e+03
2.322967696458631508e+03
2.323037063435545406e+03
2.323080963631890427e+03
2.323243897693953386e+03
2.323272597822315674e+03
2.323548665723707472e+03
2.323825800296536727e+03
2.324142568379961631e+03
2.324337169250322404e+03
2.324390869490498972e+03
2.324448236413741142e+03
2.324540670160488389e+03
2.324581737010827965e+03
2.324678504110289850e+03
2.324726170990148603e+03
2.324735937700497288e+03
2.324749571094806470e+03
2.325154406238782030e+03
2.325198139767715475e+03
2.325284073485390763e+03
2.325330273692022729e+03
2.325357273812781841e+03
2.326015276755727427e+03
2.326042643544793009e+03
2.326260311184987586e+03
2.326354844941127340e+03
2.326384678407891442e+03
2.326487478867671143e+03
2.326891280673691199e+03
2.327040014672243615e+03
2.327189182006067313e+03
2.327266749019655890e+03
2.327545283598746664e+03
2.328070619281665586e+03
2.328154819658255292e+03
2.328233920012034559e+03
2.328536688032843813e+03
2.328604655003495736e+03
2.328769322406644278e+03
2.328802955890404974e+03
2.328958289918476112e+03
2.329004890126897408e+03
2.329264791289316236e+03
2.329307524813777036e+03
2.329312891504446270e+03
2.329689926524084058e+03
2.329762493515309870e+03
2.329884127392655500e+03
2.329888494078852545e+03
2.329892260762365822e+03
2.330199462136336933e+03
2.331522334719606079e+03
2.332530839230184029e+03
2.335616919699473783e+03
2.336195088952026254e+03
2.337929363375306821e+03
2.337955163490698851e+03
2.338057830616548472e+03
2.338079464046638805e+03
2.338101730812893948e+03
2.338281631617508083e+03
2.338293598337696039e+03
2.339563770685261261e+03
2.340230407000153718e+03
2.340700475769222066e+03
2.340984843707736218e+03
2.343074586387529962e+03
2.343098086492635503e+03
2.345140962296148700e+03
2.349063379839323716e+03
2.349676249247074338e+03
2.350090717767468504e+03
2.353695067221404315e+03
2.353804967712938378e+03
2.356669113856284184e+03
2.360808099034733459e+03
2.362240072105959371e+03
2.362571773589507757e+03
2.362687607440912871e+03
2.364444715299650852e+03
2.364599182657178517e+03
2.367237394456690708e+03
2.367736530022428269e+03
2.368343166068966639e+03
2.368495666751032331e+03
2.368535500262522419e+03
2.368570467085579821e+03
2.368793434749478820e+03
2.368800501447751230e+03
2.370317141564320082e+03
2.370872144046591984e+03
2.371124445175018991e+03
2.371565213813042192e+03
2.371602647313798116e+03
2.371996115740268579e+03
2.372166716503287716e+03
2.372176616547566027e+03
2.372207783353627292e+03
2.372453284451641139e+03
2.373102354021298652e+03
2.373120687436628941e+03
2.373331821714269154e+03
2.374038291540651244e+03
2.375041929362796054e+03
2.375047662721772213e+03
2.376361868599612535e+03
2.376397268757941220e+03
2.377427373365126641e+03
2.377818841782652271e+03
2.377820141788466572e+03
2.378042442782716989e+03
2.379165481138885752e+03
2.379177581193003789e+03
2.379202914639642131e+03
2.379417282265076665e+03
2.379420748947248285e+03
2.379533649452200279e+03
2.379856217561566154e+03
2.380999756009422981e+03
2.381095023102175674e+03
2.381178156807327468e+03
2.381610425407333423e+03
2.381750159365632953e+03
2.382244461576420235e+03
2.382655163413301125e+03
2.382709996991879962e+03
2.382757097202537807e+03
2.382762430559724180e+03
2.382866331024423744e+03
2.383037331789231757e+03
2.383076131962766794e+03
2.383171765723826411e+03
2.383195232495449090e+03
2.383249499404826565e+03
2.387237850576226265e+03
2.387860786695666775e+03
2.387865653384099915e+03
2.388263321829355391e+03
2.388539423064229595e+03
2.389447960461033745e+03
2.389849028921496028e+03
2.391297235398659268e+03
2.392393873636752687e+03
2.393158110388166733e+03
2.393179077148608030e+03
2.393282010942316901e+03
2.393434644958312219e+03
2.393686579418432757e+03
2.393841080109443737e+03
2.393912080426995544e+03
2.394032180964150484e+03
2.394041547672709839e+03
2.394071147805097553e+03
2.394153548173636409e+03
2.394413449336055237e+03
2.394436982774642729e+03
2.395725721871915084e+03
2.395849355758206457e+03
2.396387224830514697e+03
2.396582292369629158e+03
2.396745893101340243e+03
2.399597139186989807e+03
2.401257613280195528e+03
2.401463014198859582e+03
2.401512747754628435e+03
2.404567094748655109e+03
2.407949743211024270e+03
2.408086677156800306e+03
2.410706188872674829e+03
2.410886756346937091e+03
2.410941523258551115e+03
2.411015123587731523e+03
2.411158824230438313e+03
2.412183595480436907e+03
2.414507939209493998e+03
2.415558110573095746e+03
2.420207198032998804e+03
2.426826594305189246e+03
2.429079304380528356e+03
2.431632682467284667e+03
2.432142751415256043e+03
2.432399652564256940e+03
2.432946988345572208e+03
2.433811358878171632e+03
2.434031793197406387e+03
2.434749563074329217e+03
2.435216798497392119e+03
2.439684418479007491e+03
2.440342088087128559e+03
2.441728394287440551e+03
2.442242563253749267e+03
2.443131733897268532e+03
2.443775970111974857e+03
2.444083104818981155e+03
2.444160105163368371e+03
2.444815941429956638e+03
2.445368443901046703e+03
2.446447115392116302e+03
2.446825517084533658e+03
2.446883950679213285e+03
2.447617987295556304e+03
2.447875988449477063e+03
2.451257203572101844e+03
2.451430971015950490e+03
2.452022106993163561e+03
2.452061273835005977e+03
2.453888515340752747e+03
2.453907748760108007e+03
2.454126116403433116e+03
2.454672918849029884e+03
2.454838819591027914e+03
2.456516527094644061e+03
2.456664327755688646e+03
2.456917095552869796e+03
2.457290230555065136e+03
2.457727232509574151e+03
2.457761332662088535e+03
2.460809412961420549e+03
2.461228714836765448e+03
2.461233581525198588e+03
2.461255614957077341e+03
2.462581487553764418e+03
2.463190390277106872e+03
2.464260428396230054e+03
2.464585596517224531e+03
2.465471867147773537e+03
2.467656543585495911e+03
2.468296846449276927e+03
2.468464113864054525e+03
2.468557647615721180e+03
2.468805182056162266e+03
2.469079216615126825e+03
2.469374884604180806e+03
2.469558352091413326e+03
2.471100025653278863e+03
2.471410660375939187e+03
2.471565261067396932e+03
2.471586627829627560e+03
2.472042429868221006e+03
2.473292768793746745e+03
2.474118105818434287e+03
2.474437207245628542e+03
2.476998152032893813e+03
2.477039485551092639e+03
2.477772988831716702e+03
2.478159190559019862e+03
2.478960260808506519e+03
2.481284571204081203e+03
2.481397905044304480e+03
2.481420138477077671e+03
2.481927140744666303e+03
2.482771111186025792e+03
2.482837111481214833e+03
2.483052579111569685e+03
2.483314413615968533e+03
2.484471918792958604e+03
2.487274564661241584e+03
2.488130501822789483e+03
2.488136535183107299e+03
2.489747642388851091e+03
2.489859209554506378e+03
2.490333278341465302e+03
2.490436912138304706e+03
2.490546645962427647e+03
2.490904714230569425e+03
2.492204753378381611e+03
2.492226153474094190e+03
2.492444487783936893e+03
2.492743255786856025e+03
2.492823822813861625e+03
2.494176495530413376e+03
2.494244495834547706e+03
2.494280029326806016e+03
2.494352129649277686e+03
2.494371596403010244e+03
2.494499563642015346e+03
2.497360109769260362e+03
2.497646744384578597e+03
2.497689911244310679e+03
2.497815711806958916e+03
2.498155113324946342e+03
2.498160513349098437e+03
2.498165813372802859e+03
2.499449085778958761e+03
2.499569319650042871e+03
2.500312222972708696e+03
2.500566857444905509e+03
2.500649357813891584e+03
2.502595099849636426e+03
2.502607899906885450e+03
2.502699500316572085e+03
2.502971534866591355e+03
2.503135168931784847e+03
2.503268969530213781e+03
2.504554675280585798e+03
2.504755276177781980e+03
2.505651580186538467e+03
2.506021381840491813e+03
2.507699689346791729e+03
2.508668427012843949e+03
2.510410468137528369e+03
2.511945775004252027e+03
2.513005113075518693e+03
2.513055046632182439e+03
2.513159647100012080e+03
2.513205547305302389e+03
2.514636320371161219e+03
2.515101622452244101e+03
2.518787005601939200e+03
2.519875910472111627e+03
2.520770481139782987e+03
2.522256721120385919e+03
2.522885190597908149e+03
2.527451444354000614e+03
2.528133314070358210e+03
2.529114285124458547e+03
2.529879921882134113e+03
2.530302623772685820e+03
2.530386124146144539e+03
2.532444366685052955e+03
2.532677567728053873e+03
2.533356670765370836e+03
2.533683772228345788e+03
2.533805539439621043e+03
2.537787490582396003e+03
2.538159292245294182e+03
2.539838633089548694e+03
2.539903733380712765e+03
2.540694336916719749e+03
2.541032238427998436e+03
2.541837775364129357e+03
2.542182810240645267e+03
2.543921618017534911e+03
2.544542187459724119e+03
2.544849755502001699e+03
2.546101994436025507e+03
2.546800430893144949e+03
2.546980998367407210e+03
2.547074998787828008e+03
2.547096565550952619e+03
2.547150565792470843e+03
2.547301299799968547e+03
2.549989311822213949e+03
2.551119483543619936e+03
2.551187350513824640e+03
2.551273484232394367e+03
2.551300517686636340e+03
2.551706386168566496e+03
2.552560689989475577e+03
2.553896362629993746e+03
2.553949662868381438e+03
2.553974896314572106e+03
2.554332464580477790e+03
2.554836633502060977e+03
2.555226001910194100e+03
2.555266735425709612e+03
2.555391935985674081e+03
2.555594436891367877e+03
2.556195772914201370e+03
2.557988414265197662e+03
2.558249982101737260e+03
2.559091485865397772e+03
2.560117657121657885e+03
2.562228666563234583e+03
2.562420334087142237e+03
2.562427434118897963e+03
2.563330171489761597e+03
2.563403838485906817e+03
2.563951540935528556e+03
2.564225042158774158e+03
2.564846611605436010e+03
2.565832016012697750e+03
2.565934683138547825e+03
2.565941683169855423e+03
2.566247117869258545e+03
2.566515185734869647e+03
2.566618486196885442e+03
2.566973587785091695e+03
2.567068454876055512e+03
2.567598357246065916e+03
2.567644657453145555e+03
2.567719991123411546e+03
2.567966758893757287e+03
2.568044125906451427e+03
2.568282593639674815e+03
2.570354169571550756e+03
2.570549770446383718e+03
2.571344674001622479e+03
2.572450445613898410e+03
2.573120148609173157e+03
2.573128581980224681e+03
2.573474916862555347e+03
2.573562317253456968e+03
2.573676084428952436e+03
2.575651959932803948e+03
2.576171128921475884e+03
2.577457868009802496e+03
2.577512101585698019e+03
2.577584801910853002e+03
2.577816902948934967e+03
2.578041570620436687e+03
2.578303205123941552e+03
2.578405772249343499e+03
2.578494505979542282e+03
2.579409143403629514e+03
2.579466210325530483e+03
2.579478843715367020e+03
2.579565477436173296e+03
2.579617644336158719e+03
2.579727244826351125e+03
2.579868378790912175e+03
2.579991646008896623e+03
2.580308480759286340e+03
2.580459914769914576e+03
2.580997717175258458e+03
2.581006683882028483e+03
2.581571953076885620e+03
2.582176955782785171e+03
2.582402956793584053e+03
2.582725224901608271e+03
2.582863092184891684e+03
2.582880725597091441e+03
2.582889492302967483e+03
2.582936059177906372e+03
2.582941025866786731e+03
2.583144293442575872e+03
2.583205160381472524e+03
2.583228027150411890e+03
2.583381194502126164e+03
2.583420294677003312e+03
2.583550395258883327e+03
2.583674829148752451e+03
2.583697529250279786e+03
2.583786629648785038e+03
2.584210598211668184e+03
2.584240931680669291e+03
2.584410199104391722e+03
2.584543966369337795e+03
2.584658133546622139e+03
2.584854334424138415e+03
2.585094268830588589e+03
2.585457370454575994e+03
2.585564770934928674e+03
2.585599104421819902e+03
2.585625771207754951e+03
2.585733738357309448e+03
2.585756105124012265e+03
2.585760438476726449e+03
2.586006406243494439e+03
2.586206840473278135e+03
2.586271107427381139e+03
2.586375674561728829e+03
2.586385141270735403e+03
2.586408441374946506e+03
2.586551608681934795e+03
2.586686509285283591e+03
2.586690109301384837e+03
2.586773476340913930e+03
2.586885576842287719e+03
2.587371012346751741e+03
2.589034986455611488e+03
2.589873490205854523e+03
2.591918099350453303e+03
2.592042499906840021e+03
2.594059342260583890e+03
2.594805912266316227e+03
2.597161989470635945e+03
2.599120331562735373e+03
2.599483899855476011e+03
2.599521400023197657e+03
2.600319236924889083e+03
2.600531571207896377e+03
2.600871739395979603e+03
2.600996506620672335e+03
2.603142716219684189e+03
2.604775823523824329e+03
2.604788623581072898e+03
2.604789856919922386e+03
2.607763236885154129e+03
2.607813337109229451e+03
2.608227872296588885e+03
2.608238005675244040e+03
2.610932151058254021e+03
2.611792188238139715e+03
2.612504424756979915e+03
2.612630291986592965e+03
2.612799159408526066e+03
2.614316232860366654e+03
2.615010569299148756e+03
2.615187236755968115e+03
2.615323070696824288e+03
2.615337070759439939e+03
2.617153712217777866e+03
2.618449851348146694e+03
2.618542785097130491e+03
2.618608385390530202e+03
2.619811490771468925e+03
2.619973924831295335e+03
2.620223725948540960e+03
2.620239859354031978e+03
2.620261559451086669e+03
2.620582160884989662e+03
2.620613661025874990e+03
2.622183734714761613e+03
2.622394435657130089e+03
2.622703603706564081e+03
2.623345373243571430e+03
2.623464307108841240e+03
2.623478240504492078e+03
2.623577507615135346e+03
2.623648774600546403e+03
2.624346611054982532e+03
2.627155956953231453e+03
2.628469829496247712e+03
2.628636463574859135e+03
2.629099865647443949e+03
2.629137732483471609e+03
2.630398004786758520e+03
2.630578805595397625e+03
2.630637739192313802e+03
2.632991216385004464e+03
2.633666586072290102e+03
2.635406560521064421e+03
2.636569465722206587e+03
2.636736533136088838e+03
2.638855342612552249e+03
2.639233510970592306e+03
2.639412978439934705e+03
2.639724213165278343e+03
2.640308849113420365e+03
2.641205286456106933e+03
2.641335153703610104e+03
2.641369220522642081e+03
2.641506821138066698e+03
2.642805393612652097e+03
2.643083694857366027e+03
2.643316629232508149e+03
2.643321829255765351e+03
2.643702230957127995e+03
2.644750702313126112e+03
2.645065703721983027e+03
2.645575639336024324e+03
2.646234442282547661e+03
2.647704982192931766e+03
2.651949467843236562e+03
2.652189335582721469e+03
2.652317536156104325e+03
2.652530870443583808e+03
2.656886689925166593e+03
2.658421730124031001e+03
2.659293667357139839e+03
2.659611802113343856e+03
2.659992570483012969e+03
2.660048837401336186e+03
2.660493039388047691e+03
2.660516039490916228e+03
2.660532039562477166e+03
2.662458948180656080e+03
2.662518915115527307e+03
2.664145522390595488e+03
2.665060826484331301e+03
2.665271160758393307e+03
2.665317894300744229e+03
2.665446461542433553e+03
2.665675862568439243e+03
2.665684562607350472e+03
2.665820729883030708e+03
2.666864234550148467e+03
2.667061402098655435e+03
2.668050139854159625e+03
2.669038577608321248e+03
2.669234378484048648e+03
2.669603913470142743e+03
2.674682036182256979e+03
2.674825336823174894e+03
2.676907612802907352e+03
2.676959113033244194e+03
2.678090384759570497e+03
2.678814988000388894e+03
2.680437728591496580e+03
2.681192098632114266e+03
2.681377666128739747e+03
2.681827934809251474e+03
2.683165307457372819e+03
2.683340341573553360e+03
2.684208912124937797e+03
2.685071382649039606e+03
2.685507651266935682e+03
2.688940233285967679e+03
2.688961233379891382e+03
2.689047767100250439e+03
2.689383201933830151e+03
2.692718150182857698e+03
2.692847917429913650e+03
2.692912684386253204e+03
2.697229470359923653e+03
2.698146474461263097e+03
2.699874848858155929e+03
2.701242854976620038e+03
