5.201500619528864888e+01
5.342084581629794116e+01
6.305225555984378616e+01
1.028557002490661745e+02
1.029709007643052558e+02
1.126628107784410560e+02
1.312088937265655773e+02
1.478259013801541926e+02
2.007755048661165631e+02
2.170780111130846137e+02
2.232768388375984614e+02
2.264970199066584087e+02
2.707861513249672498e+02
2.849629813980939161e+02
2.849919148608333330e+02
2.976121379719708102e+02
3.322995597795688809e+02
3.325950611012107174e+02
3.363217111021406822e+02
3.484022984664015894e+02
4.129460204742060796e+02
4.132321550872883336e+02
4.159290338158568829e+02
4.166659037782049495e+02
4.335663793662823764e+02
4.335735793984848101e+02
4.335782460860234551e+02
4.450163972436284325e+02
4.699505420959578146e+02
4.702930436278101638e+02
4.704335109227226326e+02
5.106380574058894126e+02
5.107325244950640126e+02
5.108553250442945455e+02
5.108603250666573672e+02
5.108672584310004368e+02
5.108760918038414047e+02
5.110237591309563072e+02
5.294942417409552036e+02
5.333729590886791811e+02
5.335853600386512881e+02
5.351370669787248744e+02
5.351435336743140851e+02
5.393886526607846008e+02
5.394603863149496874e+02
5.397648543433623445e+02
5.397878211127488157e+02
5.453198458549587713e+02
5.453347125881174406e+02
5.453895461666962774e+02
5.498981996651691588e+02
5.519620088956414747e+02
5.677601462201320146e+02
5.677646129067760512e+02
5.677675795867113493e+02
5.793443980311782298e+02
5.793544647428685721e+02
5.860360946267351210e+02
5.897096443901720022e+02
5.897751780166072422e+02
5.898853785094835303e+02
5.900785127066175164e+02
5.902239466904103438e+02
5.903724806880682081e+02
5.934897279634191136e+02
5.934940279826511187e+02
5.935633949595645618e+02
5.948538007309578006e+02
5.952347691015212376e+02
6.056066488235164798e+02
6.056925825411918822e+02
6.162112295862765450e+02
6.163632302661060294e+02
6.166071313569638050e+02
6.459938961238201500e+02
6.685463303238499293e+02
6.686519641296348482e+02
6.688801984837558621e+02
6.728653163073604446e+02
6.924513705734664200e+02
6.925898711929162346e+02
6.930861400791660571e+02
6.930938067801222360e+02
6.930967401265751278e+02
7.046780252576860448e+02
7.047483589055896118e+02
7.120874583966827913e+02
7.237339104859223653e+02
7.241944458790194403e+02
7.243175464295917436e+02
7.262081548854163202e+02
7.325002830272202345e+02
7.326502170311396185e+02
7.533619429985255920e+02
7.590277016721993277e+02
7.590905686200410400e+02
7.667437028490010107e+02
7.668251032130674503e+02
7.669254703286302401e+02
7.670976710988053355e+02
7.706787871154951972e+02
7.732189318097308615e+02
7.732269985124761433e+02
7.797565943830310289e+02
7.797626944103135429e+02
7.797664277603444134e+02
7.798846282890011707e+02
7.800704957869679674e+02
7.803085635184024795e+02
7.803812971770400964e+02
7.880145646504785191e+02
7.949864291657647755e+02
7.952508636817924526e+02
7.953374974025987285e+02
8.105818655836669677e+02
8.270818060470011233e+02
8.271041061467393547e+02
8.271080061641822567e+02
8.349538079215224116e+02
8.441516490592480295e+02
8.482315006398866899e+02
8.482540340740016518e+02
8.482615341075459128e+02
8.482650341231998254e+02
8.564505040663866566e+02
8.565436711497469560e+02
8.798830088692353684e+02
8.799751759481231375e+02
8.799794093003903299e+02
8.799826759816673984e+02
8.800638096778744739e+02
8.801770768511332790e+02
8.803096107772300911e+02
8.804634781320748971e+02
8.879607116637624813e+02
8.880325453183747868e+02
8.880467787153676227e+02
8.887929153858281097e+02
8.890856500284291997e+02
8.904449561079820796e+02
8.904500561307921771e+02
8.904545561509186200e+02
8.904583561679143031e+02
8.922451974929695098e+02
8.973413536190723789e+02
8.979072228166124887e+02
9.113779830651458269e+02
9.123743541881236752e+02
9.170816085748473370e+02
9.308376034324377315e+02
9.517017967484068777e+02
9.640272185410331076e+02
9.746343993154221153e+02
1.007208711672050640e+03
1.008913152628566763e+03
1.014393743807404462e+03
1.020407770705388998e+03
1.020477637684538649e+03
1.022701680964997763e+03
1.029187076637865175e+03
1.029647712031409583e+03
1.029948580043720767e+03
1.030003213621404939e+03
1.035609338695031738e+03
1.038658418998836396e+03
1.041790066338592169e+03
1.045826651059051301e+03
1.048424662678766026e+03
1.048475129571148045e+03
1.048527763139887156e+03
1.056428065140981971e+03
1.056779433379157354e+03
1.057086301418304174e+03
1.069721657930459742e+03
1.069730424636335783e+03
1.072477570256392028e+03
1.072554803935155860e+03
1.072558703952598989e+03
1.072567137323650968e+03
1.072571337342435754e+03
1.075277916114388063e+03
1.075404783348473757e+03
1.077623826606569764e+03
1.130853198010472624e+03
1.147310471616310679e+03
1.147661673187074257e+03
1.147708106728083749e+03
1.148030341502625333e+03
1.148122141913206406e+03
1.149138179790811137e+03
1.150051183874259777e+03
1.150055383893044791e+03
1.150058350572979862e+03
1.150063883931061355e+03
1.150069017287353745e+03
1.150074183977128769e+03
1.150113484152900355e+03
1.150121317521268793e+03
1.150124450868616350e+03
1.150128417553024065e+03
1.150135250916919858e+03
1.150144284290655378e+03
1.150149584314360027e+03
1.150156951013974322e+03
1.150193617844635128e+03
1.150207151238497090e+03
1.150246118079444614e+03
1.150370518635831104e+03
1.150491252509151764e+03
1.154587337495728207e+03
1.157042381809349081e+03
1.157048981838867803e+03
1.158176420214716018e+03
1.158686189161345510e+03
1.158708989263319836e+03
1.158792489636778782e+03
1.161255467319215313e+03
1.164466648348022090e+03
1.164476748393195066e+03
1.165751887429640419e+03
1.168538866561186751e+03
1.168570766703861636e+03
1.169032135434018983e+03
1.169337470132974204e+03
1.169348203514313127e+03
1.169474837414021749e+03
1.169484804125265100e+03
1.169951672880021533e+03
1.170443341745697808e+03
1.170482008585303220e+03
1.171594513561027952e+03
1.171599580250355530e+03
1.171602480263326015e+03
1.171606413614251323e+03
1.171706814063296633e+03
1.171710280745468253e+03
1.171745580903349719e+03
1.177113504911612154e+03
1.177154571761951956e+03
1.177324639189252139e+03
1.180751987851544300e+03
1.182430928694010163e+03
1.182435862049408343e+03
1.182471162207289808e+03
1.184743139035466811e+03
1.188556989426404243e+03
1.188643189811939010e+03
1.188652123185227083e+03
1.188656423204459088e+03
1.188662256563882238e+03
1.188665289910782576e+03
1.188690456690008659e+03
1.188693856705215239e+03
1.188804557200327963e+03
1.188854057421719745e+03
1.190131963137205958e+03
1.192159972207560486e+03
1.192258905983379464e+03
1.193128043203964808e+03
1.193135543237509182e+03
1.193252377093386713e+03
1.193261943802840733e+03
1.193691045722016952e+03
1.193761679371262062e+03
1.193766512726213023e+03
1.193771112746786685e+03
1.193776246103079302e+03
1.194688850184738612e+03
1.194714350298789213e+03
1.194718250316232115e+03
1.198013431720733934e+03
1.198698068116132163e+03
1.198920569111277018e+03
1.199020402891121194e+03
1.199114169977164920e+03
1.201524580757826925e+03
1.204855328988069914e+03
1.211151057145974846e+03
1.211221824129149809e+03
1.211251524261984969e+03
1.214400405012151168e+03
1.214407405043458994e+03
1.214719639773275048e+03
1.214739673196208969e+03
1.214747906566366282e+03
1.214768506658501110e+03
1.214807873501237509e+03
1.214819906888390733e+03
1.214822740234396178e+03
1.214825673580849298e+03
1.214852440367231338e+03
1.214861707075343702e+03
1.214864340420454937e+03
1.215735877651774672e+03
1.215741644344233009e+03
1.215827644728873338e+03
1.215880111630200417e+03
1.217761486711395037e+03
1.218607790496523648e+03
1.220772600178724815e+03
1.222205106585669228e+03
1.222222339996079427e+03
1.222263106845077800e+03
1.222268406868782222e+03
1.222294173650691846e+03
1.222324307118798288e+03
1.222345807214958540e+03
1.222351307239557627e+03
1.225216420053893216e+03
1.225981756810226898e+03
1.225985256825880924e+03
1.227044194895358714e+03
1.227049328251651332e+03
1.227053994939189806e+03
1.228128466411474619e+03
1.228972603520246366e+03
1.238689513646196019e+03
1.240395654610315660e+03
1.243012232979737291e+03
1.243021399687402663e+03
1.243027399714237845e+03
1.243083399964701357e+03
1.243118966790442073e+03
1.243131366845901994e+03
1.243135633531651365e+03
1.243138266876762373e+03
1.243177833720393664e+03
1.243306167627705690e+03
1.243320334357733600e+03
1.243354201175870912e+03
1.245353543451345558e+03
1.245357076800481764e+03
1.245361776821502872e+03
1.245400910329862654e+03
1.245436077153814267e+03
1.245455677241476451e+03
1.245472677317510033e+03
1.245479610681853273e+03
1.245482010692587210e+03
1.245486144044407183e+03
1.245492344072137030e+03
1.245627311342450412e+03
1.245668578193684880e+03
1.245775578672248912e+03
1.246387614742938922e+03
1.248064588909941904e+03
1.248073155614923508e+03
1.248867925836232871e+03
1.249129793674114353e+03
1.249171560527585143e+03
1.249174760541897285e+03
1.252468041937901489e+03
1.253874548228559206e+03
1.254725452034261707e+03
1.256832561458395730e+03
1.257587898170003882e+03
1.257847732665457897e+03
1.257898999561417895e+03
1.258005733372122450e+03
1.258048533563548062e+03
1.258051933578754870e+03
1.260481977780561465e+03
1.260748512305981649e+03
1.260754345665404799e+03
1.260758112348918075e+03
1.260777579102650634e+03
1.260870846186458266e+03
1.260890846275909553e+03
1.261791683638275344e+03
1.261799183671819492e+03
1.261851483905734540e+03
1.261912350844630964e+03
1.261949417677080646e+03
1.261970217770109912e+03
1.264523895858207652e+03
1.264539162593155424e+03
1.264542362607467567e+03
1.264595129510136303e+03
1.264605429556203944e+03
1.264649229752101974e+03
1.264653863106158269e+03
1.264659596465134200e+03
1.264663296481682664e+03
1.264667496500467450e+03
1.264672863191136685e+03
1.264686863253752790e+03
1.264690429936371629e+03
1.264697429967679454e+03
1.264702696657901697e+03
1.264709663355727116e+03
1.264719263398663770e+03
1.264824197201317929e+03
1.264834663914797375e+03
1.264838397264828245e+03
1.264844997294347195e+03
1.268219445720040994e+03
1.268246345840352660e+03
1.268321346175794815e+03
1.268380546440570470e+03
1.268391246488426987e+03
1.268396379844719377e+03
1.268529013771263408e+03
1.268954682341750640e+03
1.271092658570604499e+03
1.272491998162542131e+03
1.274380173274150138e+03
1.278766159557322226e+03
1.281639572408780168e+03
1.282993645131593439e+03
1.285239621843483974e+03
1.285244588532364332e+03
1.288348069079476318e+03
1.288385535913714875e+03
1.288452769547753405e+03
1.288509736469207155e+03
1.288515903163454368e+03
1.288521603188948120e+03
1.288623003642465846e+03
1.288756804240894553e+03
1.290115676985175924e+03
1.290727946390242778e+03
1.292582721352467388e+03
1.292715055277669762e+03
1.294355229280082540e+03
1.294867998240129737e+03
1.295575334737054845e+03
1.295796435725937954e+03
1.295815335810469605e+03
1.295899702854471343e+03
1.295935336347176872e+03
1.296081070332311583e+03
1.296179204104552127e+03
1.296385271692864762e+03
1.297608177162360107e+03
1.297627210580821156e+03
1.322182920407250776e+03
1.324061595476369575e+03
1.324599264547783378e+03
1.326683140534672020e+03
1.326690507234286315e+03
1.326757740868325072e+03
1.326867341358517706e+03
1.328421814977632039e+03
1.329611320297743987e+03
1.330014822102422386e+03
1.333678205153721592e+03
1.334195007465141316e+03
1.334263241103652490e+03
1.334288907885114895e+03
1.334376274942534337e+03
1.335065644692435626e+03
1.336737452169663811e+03
1.337365621645844612e+03
1.340272834648475282e+03
1.340472002205927083e+03
1.340572535988902018e+03
1.343219014492053248e+03
1.344870521878488489e+03
1.346727896852341928e+03
1.346736563557770751e+03
1.346747330272591853e+03
1.346821830605797913e+03
1.346863630792750882e+03
1.346874530841501837e+03
1.346880464201372206e+03
1.346883164213448254e+03
1.346915331023982162e+03
1.347000431404597293e+03
1.347004831424276517e+03
1.351247683733942495e+03
1.352515222736396709e+03
1.352585189715993465e+03
1.354300997390014345e+03
1.354499931613089302e+03
1.354505031635899286e+03
1.354508264983693834e+03
1.354613432120725065e+03
1.354624165502063761e+03
1.354627132181999059e+03
1.354634898883402457e+03
1.354755166087969428e+03
1.354891200029720039e+03
1.356524940670026126e+03
1.358610849999342008e+03
1.358715150465830220e+03
1.358887851238241637e+03
1.362854468979103785e+03
1.364012707492706795e+03
1.365812415541975724e+03
1.365821715583570494e+03
1.365829248950597275e+03
1.365832082296602721e+03
1.367077654534142766e+03
1.367258522009746912e+03
1.368960862956870642e+03
1.369093196882073016e+03
1.370707670769540982e+03
1.375241157712415770e+03
1.375829760344965507e+03
1.375833327027584346e+03
1.375840860394610900e+03
1.375845060413395686e+03
1.375981627690865025e+03
1.375985361040896123e+03
1.376158528482061229e+03
1.376574397008717142e+03
1.376857898276688502e+03
1.377350700480766591e+03
1.380477714466466296e+03
1.380510314612271713e+03
1.380788849191362488e+03
1.380811049290653273e+03
1.380899416352545359e+03
1.384087397277588934e+03
1.384094530642826385e+03
1.384104997356305830e+03
1.386141839799501440e+03
1.386227406848870260e+03
1.387572846199736887e+03
1.388545317215820432e+03
1.391271696076329590e+03
1.391298729530571109e+03
1.391399529981405294e+03
1.391539897275870544e+03
1.391678397895320359e+03
1.391685064591804121e+03
1.391688697941387773e+03
1.391693331295443841e+03
1.395847783209735553e+03
1.399100264423259205e+03
1.399104364441596772e+03
1.401390908001591015e+03
1.407685702821988343e+03
1.407690036174702755e+03
1.407697402874317277e+03
1.407701969561408760e+03
1.407837770168782527e+03
1.412479890930859710e+03
1.413514528891654436e+03
1.417532446861958988e+03
1.417540480231221864e+03
1.417555046963038876e+03
1.417558713646104934e+03
1.417566980349744654e+03
1.417663114113040365e+03
1.417727014398836900e+03
1.418122849502559347e+03
1.419485455596871589e+03
1.419536655825866546e+03
1.423888008620805749e+03
1.424004509141858989e+03
1.424033975940317077e+03
1.424036675952393125e+03
1.424040242635011964e+03
1.430738539260087919e+03
1.431271808311822497e+03
1.431276041664089689e+03
1.431284375034694222e+03
1.431317575183183180e+03
1.431333075252508024e+03
1.431339341947202684e+03
1.431362508717483706e+03
1.432002744914299910e+03
1.432020411659981846e+03
1.432550747365263533e+03
1.432776648375615423e+03
1.434106020987956072e+03
1.437019000683045078e+03
1.441271486369130344e+03
1.441276553058457921e+03
1.441347820043868978e+03
1.441412453666278907e+03
1.443521963101147321e+03
1.444170199333743994e+03
1.444183532726711519e+03
1.444187199409777577e+03
1.444190199423195281e+03
1.444199999467026373e+03
1.444289633201250354e+03
1.444297833237925261e+03
1.444317833327376547e+03
1.444323100017598790e+03
1.444338866754782885e+03
1.444343666776250984e+03
1.444420133784919472e+03
1.444566034437466215e+03
1.447691881751281244e+03
1.447920549440673767e+03
1.448030016596936548e+03
1.448074016793729470e+03
1.450549661199484945e+03
1.450559027908044527e+03
1.450562061254944638e+03
1.450701728546279128e+03
1.454821113637066219e+03
1.454847980423895933e+03
1.454900180657363535e+03
1.454953914231022509e+03
1.454968014294085378e+03
1.454978481007565051e+03
1.455110181596601478e+03
1.457071123700329508e+03
1.457229191073958873e+03
1.457358358318331739e+03
1.457525759067038280e+03
1.458014194584919778e+03
1.458903365228439043e+03
1.458923865320126424e+03
1.458966232176280528e+03
1.459034932483545617e+03
1.459040399174662298e+03
1.459079132681232977e+03
1.459174366440503263e+03
1.459844202769707181e+03
1.459847602784913988e+03
1.459888969636595448e+03
1.460022736901541975e+03
1.465006425857963904e+03
1.467276836012467356e+03
1.467282536037960881e+03
1.467313636177057788e+03
1.467319402869516125e+03
1.467323469554371286e+03
1.467597737447712234e+03
1.470994185971802381e+03
1.470997519320044375e+03
1.471108619816945975e+03
1.471915523425855781e+03
1.471921590119656003e+03
1.471925956805852820e+03
1.472008190506979872e+03
1.472057257393100144e+03
1.472060590741342139e+03
1.472063524087794804e+03
1.472068590777122381e+03
1.472088457532644043e+03
1.472091490879544153e+03
1.472094190891620201e+03
1.472204824719767657e+03
1.473623597731955442e+03
1.476606911074948130e+03
1.478324585423984445e+03
1.478337985483916782e+03
1.478348418863913821e+03
1.478480019452503029e+03
1.478487952821318686e+03
1.478973554993194512e+03
1.482609037919709181e+03
1.482659538145573606e+03
1.489526635525617849e+03
1.492360948202198642e+03
1.492508582195831195e+03
1.492516215563304968e+03
1.492703449734050992e+03
1.493411352900177008e+03
1.493514386694333325e+03
1.493551586860712632e+03
1.493556520216110584e+03
1.493559386895598664e+03
1.493696987511023053e+03
1.493992088830876128e+03
1.494311490259412039e+03
1.494316090279985701e+03
1.494318690291614530e+03
1.500697718822083971e+03
1.500763419115931129e+03
1.501156487540612716e+03
1.501798557078961949e+03
1.503891966441822206e+03
1.504132700851850132e+03
1.505105305201863302e+03
1.505172605502866872e+03
1.505175605516284350e+03
1.505178905531043938e+03
1.505181872210979236e+03
1.505323139509469684e+03
1.505336739570296459e+03
1.505563473917708734e+03
1.505730207996766921e+03
1.508225985825903308e+03
1.508609187539788991e+03
1.508616487572438700e+03
1.508727121400586384e+03
1.508768188250926187e+03
1.508905255530632076e+03
1.508983089212079676e+03
1.508997889278273533e+03
1.510586196382042999e+03
1.511271599447536573e+03
1.511279366148940198e+03
1.511330333043558312e+03
1.511390699980218642e+03
1.511394066661942816e+03
1.511421033449219749e+03
1.511544800669440292e+03
1.511590100872047287e+03
1.512788906233754005e+03
1.515319217550676285e+03
1.519214134970855866e+03
1.520681008198173686e+03
1.520694308257658804e+03
1.525088161242681736e+03
1.525232895223343803e+03
1.527363504752583140e+03
1.544029612625774689e+03
1.544147113151300573e+03
1.544198480047707790e+03
1.545379818664627237e+03
1.545421952186404269e+03
1.545432985569084849e+03
1.547545228349511490e+03
1.547579295168543467e+03
1.548540432800604776e+03
1.550958543615705366e+03
1.554327292015905641e+03
1.556887670133969550e+03
1.556892703489814721e+03
1.556896336839398373e+03
1.557013304029205756e+03
1.557017604048437761e+03
1.557054670880887443e+03
1.561915792622455683e+03
1.562275394230788834e+03
1.562482395156609073e+03
1.569075757979030868e+03
1.569571726863938920e+03
1.570155562808502737e+03
1.570680865157939252e+03
1.570728465370833192e+03
1.570817065767102122e+03
1.571135633858577876e+03
1.572904308435714711e+03
1.576309890333987596e+03
1.576370657272436802e+03
1.576378957309559155e+03
1.576430824208202694e+03
1.577463828828358601e+03
1.577633629587799533e+03
1.577639796282047200e+03
1.577643796299937321e+03
1.578215765524759945e+03
1.581073744973858084e+03
1.581133511907835100e+03
1.581154578668723616e+03
1.581158078684377642e+03
1.581161245365207378e+03
1.581166812056771278e+03
1.581174545424692269e+03
1.581189945493569667e+03
1.581192745506093161e+03
1.582646752009197371e+03
1.585830766249833005e+03
1.586674370022885796e+03
1.588604345321446999e+03
1.589010413804271820e+03
1.590355753154691001e+03
1.590465686979707925e+03
1.590476220360152411e+03
1.590481453716892020e+03
1.590487287076315397e+03
1.590516153872089944e+03
1.590687587972169467e+03
1.591403391173628734e+03
1.591448691376235956e+03
1.591552825175311909e+03
1.597727319457660315e+03
1.597840486630471560e+03
1.597880620143303759e+03
1.598038454182556279e+03
1.598272455229135858e+03
1.598417655878551614e+03
1.598435489291645808e+03
1.598438822639887576e+03
1.598520223003954015e+03
1.598535389738454569e+03
1.598539223088932886e+03
1.598576156587452715e+03
1.598614156757410001e+03
1.598808857628217766e+03
1.599038425321635486e+03
1.599042325339078388e+03
1.599044858683742405e+03
1.599048192031984172e+03
1.599177559277251248e+03
1.599303993176065433e+03
1.599338326662956661e+03
1.600627365761570900e+03
1.600631899115179749e+03
1.600639699150065780e+03
1.600670165952996513e+03
1.600742432942879987e+03
1.600784933132963943e+03
1.600794799843760075e+03
1.600806999898325103e+03
1.600810199912637472e+03
1.600813833262221124e+03
1.600915600384045320e+03
1.600936733811898876e+03
1.601052200994997293e+03
1.603310611095829927e+03
1.603316944457489626e+03
1.603321844479405172e+03
1.603346744590771777e+03
1.603349744604189709e+03
1.603372444705716816e+03
1.603374978050380605e+03
1.603416311568579886e+03
1.603423811602124033e+03
1.603443545023715842e+03
1.603456945083648179e+03
1.603499311939802510e+03
1.604975751876574577e+03
1.604980985233314186e+03
1.611039245662468375e+03
1.612252884423851356e+03
1.612265417813240902e+03
1.613944591990083381e+03
1.614057559162000643e+03
1.617078939341915202e+03
1.617083939364278194e+03
1.617087306046002368e+03
1.617728042245055121e+03
1.620110486233967777e+03
1.620813922713449756e+03
1.621107590693558677e+03
1.621267324741309267e+03
1.622330829497878312e+03
1.624684206690121982e+03
1.627001317053494176e+03
1.627088850778325650e+03
1.627284484986641019e+03
1.627396752155427521e+03
1.627401618843860660e+03
1.627514052680058739e+03
1.627622153163542635e+03
1.629457394705069873e+03
1.629463994734588823e+03
1.629467094748453746e+03
1.629477061459696870e+03
1.629479928139184949e+03
1.629546261769198281e+03
1.629591028636086548e+03
1.629596628661132854e+03
1.629602328686626379e+03
1.629607195375059518e+03
1.629609895387135339e+03
1.629644028873132129e+03
1.629648762227635643e+03
1.629653662249551189e+03
1.629748129338725903e+03
1.629821129665222998e+03
1.633042877407956439e+03
1.633047077426741225e+03
1.633104177682124600e+03
1.633197178098072754e+03
1.636985328374065148e+03
1.638595835577125399e+03
1.639248671830295962e+03
1.640337643367432975e+03
1.641413381512049682e+03
1.641417581530834241e+03
1.642656387071443532e+03
1.642675420489904582e+03
1.642707220632132021e+03
1.642763320883042752e+03
1.643407923766055774e+03
1.645116964743145672e+03
1.645125898116433973e+03
1.645140131513426695e+03
1.645728334144187556e+03
1.645945768450004607e+03
1.652247363300815323e+03
1.653213667622651428e+03
1.653216467635174695e+03
1.653223400999517708e+03
1.653226034344628943e+03
1.653247834442130852e+03
1.653250067785452757e+03
1.653252701130563992e+03
1.653257567818997131e+03
1.653275734566915162e+03
1.653279301249534001e+03
1.653289767963013446e+03
1.653292767976431151e+03
1.653366368305611786e+03
1.653375601680241516e+03
1.653379735032061490e+03
1.653386268394615627e+03
1.653390268412505748e+03
1.653397101776401769e+03
1.653560035838464273e+03
1.663629147539650376e+03
1.663682847779826943e+03
1.663690447813818309e+03
1.663693481160718648e+03
1.663728381316810783e+03
1.663741914710672745e+03
1.663760848128686803e+03
1.663778548207850918e+03
1.663781481554304037e+03
1.663784214899862263e+03
1.663790148259732860e+03
1.663793581608421846e+03
1.664049082751161222e+03
1.664069182841059728e+03
1.664074582865211596e+03
1.666959395767656815e+03
1.667056496201942537e+03
1.667064062902451496e+03
1.667082796319570889e+03
1.667085896333436040e+03
1.667110696444355426e+03
1.667130863201218745e+03
1.667152896633097498e+03
1.667182496765485212e+03
1.667192363476281344e+03
1.667229930310967120e+03
1.677998778475086965e+03
1.678758981875128029e+03
1.678877682406020995e+03
1.678906115866524260e+03
1.678930282641277699e+03
1.678999416283814298e+03
1.679012183007580688e+03
1.679024749730452413e+03
1.679029449751473521e+03
1.679033449769363870e+03
1.679036249781886909e+03
1.679098550060527486e+03
1.679243817376908282e+03
1.679307684329222639e+03
1.679406784772453193e+03
1.680305155457120236e+03
1.684048572199706769e+03
1.684127539219556411e+03
1.684131205902622696e+03
1.684157739354627893e+03
1.684185572812447617e+03
1.684195006187972240e+03
1.684283006581557629e+03
1.684956176259003541e+03
1.684967476309543372e+03
1.685096443553021345e+03
1.685197044002961093e+03
1.689247428785141437e+03
1.689717764222069491e+03
1.694583385983764629e+03
1.694796120268560799e+03
1.695197155395540221e+03
1.695203022088446005e+03
1.695205555433109794e+03
1.695208755447422163e+03
1.695242255597253006e+03
1.695271355727404398e+03
1.695285955792703817e+03
1.695305989215637283e+03
1.695342089377096727e+03
1.695347522734731228e+03
1.695350022745912383e+03
1.695361056128593191e+03
1.695366789487569122e+03
1.695369622833574795e+03
1.695379956213124615e+03
1.695432723115793351e+03
1.695438256473874844e+03
1.695452989873104116e+03
1.695533390232697684e+03
1.695668590837388365e+03
1.697937767653042101e+03
1.700391378626918822e+03
1.700420745424929692e+03
1.700441478850994372e+03
1.700445645536296752e+03
1.700450278890352820e+03
1.700490879071938707e+03
1.700511945832827450e+03
1.700551346009046483e+03
1.700579512801690043e+03
1.700583212818238508e+03
1.700587846172294803e+03
1.700640446407551508e+03
1.700676113233739670e+03
1.700682913264152830e+03
1.700685746610158731e+03
1.700688413288752145e+03
1.700695313319612751e+03
1.700700913344659057e+03
1.700880980816684996e+03
1.703088024021110641e+03
1.703523525968910917e+03
1.703560792802255037e+03
1.703564659486215760e+03
1.703570792846980794e+03
1.703628859773354179e+03
1.703632893124726934e+03
1.703719460178568170e+03
1.708358847595087354e+03
1.708666482304329747e+03
1.711588528706636680e+03
1.711714529270179355e+03
1.712922368005621593e+03
1.712930534708814093e+03
1.712935734732071296e+03
1.713996739477459187e+03
1.715167178045627452e+03
1.715329645438936268e+03
1.715667246948873071e+03
1.715673180308743667e+03
1.715752013994663685e+03
1.715772580753316106e+03
1.717623789032921877e+03
1.717937057100692982e+03
1.717941057118583103e+03
1.717949923824906364e+03
1.717952623836982411e+03
1.718089824450617925e+03
1.718223258380740162e+03
1.724638053737844757e+03
1.725623924813860640e+03
1.725709525196712093e+03
1.725719625241884842e+03
1.725751525384559500e+03
1.730653447308608520e+03
1.730797547953104640e+03
1.731125182751798093e+03
1.731589151493584268e+03
1.731650785102576265e+03
1.731704718677129904e+03
1.731839519280031254e+03
1.731997319985801369e+03
1.732436588617115149e+03
1.733957195418091942e+03
1.734232196648046511e+03
1.737197476577050338e+03
1.737212476644138860e+03
1.737215809992380855e+03
1.739298019305148273e+03
1.739316152719583897e+03
1.739435053251371528e+03
1.739461286702035295e+03
1.739466886727081601e+03
1.739813421610306477e+03
1.740701125580599182e+03
1.740707725610118132e+03
1.740870793006110489e+03
1.745062045084992405e+03
1.745069545118536553e+03
1.745072378464542226e+03
1.745081478505242558e+03
1.745084011849906346e+03
1.745107245287152182e+03
1.745121378683697685e+03
1.745832215196276820e+03
1.746073582942470694e+03
1.746076782956783063e+03
1.746093616365404387e+03
1.746119349813831604e+03
1.746169216703529855e+03
1.746202016850229938e+03
1.746209183548950023e+03
1.746215050241855806e+03
1.746218816925369083e+03
1.746221750271821747e+03
1.746229283638848528e+03
1.746247183718907309e+03
1.746249950397948169e+03
1.746254417084592205e+03
1.751878142236936128e+03
1.753125881150833493e+03
1.754166985807217088e+03
1.755777493010277340e+03
1.819827046141224400e+03
1.821835421790434339e+03
1.827021078316831336e+03
1.831572432006282725e+03
1.863389974311559172e+03
1.897676594326554323e+03
1.897864195165607043e+03
1.897869561856276277e+03
1.897872595203176616e+03
1.897875895217936204e+03
1.897878528563047212e+03
1.897883395251480351e+03
1.897886895267134150e+03
1.899447235579154267e+03
1.900280805973999122e+03
1.900622874170579962e+03
1.900878175312424901e+03
1.900907008774717042e+03
1.900974075741343540e+03
1.901806212796444242e+03
1.902692016758239106e+03
1.903050485028169987e+03
1.903054485046060108e+03
1.903062351747911180e+03
1.903069518446631037e+03
1.903073518464521385e+03
1.903076185143114799e+03
1.903202352374069505e+03
1.903813155105910255e+03
1.903969455804971403e+03
1.904108089758350843e+03
1.904227456958892390e+03
1.904231323642852885e+03
1.904236123664321212e+03
1.904239157011221323e+03
1.904388091010668177e+03
1.904539625021743632e+03
1.904846759728749703e+03
1.905030193882499816e+03
1.905071427400251650e+03
1.906012131607590391e+03
1.906457933601458308e+03
1.906530600593131112e+03
1.906540633971339048e+03
1.906545967328526103e+03
1.906549400677215317e+03
1.906554334032613042e+03
1.907803239618395082e+03
1.909483113798368549e+03
1.911947258152689756e+03
1.912759828453610908e+03
1.912781095215393862e+03
1.912820428724648082e+03
1.913892133517892034e+03
1.913914366950665453e+03
1.913919466973475664e+03
1.913922400319928329e+03
1.913926567005230481e+03
1.913931433693663621e+03
1.914212734951795255e+03
1.914395435768932430e+03
1.914409769166372371e+03
1.914449136009108770e+03
1.914577403249455983e+03
1.914601736691621682e+03
1.914719603885454262e+03
1.914722803899766632e+03
1.914727370586857660e+03
1.918996523014152444e+03
1.921288399931333515e+03
1.922102170237621522e+03
1.924159046103750597e+03
1.928302164634020073e+03
1.928310698005519271e+03
1.928741633266228291e+03
1.933699855442082480e+03
1.937731206805802003e+03
1.937811740499325424e+03
1.938848111801205732e+03
1.949396925647879470e+03
1.949650293447744161e+03
1.953422943654411711e+03
1.970652487380926686e+03
1.971883992888886269e+03
1.971888026240259023e+03
1.971899659625623144e+03
1.971903526309583640e+03
1.971906792990860595e+03
1.974110569514009285e+03
1.974335403852923264e+03
1.974339637205190456e+03
1.975915744254394440e+03
1.980442264499443809e+03
1.995028363069707666e+03
2.002820731254730617e+03
2.004801606780944894e+03
2.004806906804649543e+03
2.006899949499203103e+03
2.021265013747548210e+03
2.029894385676105003e+03
2.030222687144447036e+03
2.033176033686745313e+03
2.033399834687704470e+03
2.037428319371935686e+03
2.044395883867989824e+03
2.045056120154257314e+03
2.045115753754304706e+03
2.045195487444250148e+03
2.045271221116305469e+03
2.045274754465441674e+03
2.045277621144929753e+03
2.045378054927457470e+03
2.045840156994227982e+03
2.049874141703058285e+03
2.058142145348714166e+03
2.062515564909014302e+03
2.069069527555217064e+03
2.099202362325569538e+03
2.099676131111186351e+03
2.100896003233781812e+03
2.101544706135131946e+03
2.101676606725063266e+03
2.104575419690124363e+03
2.105815158568241259e+03
2.106834396460158132e+03
2.106842796497727704e+03
2.106855029885775366e+03
2.107003563883433344e+03
2.107223564867396362e+03
2.108262336180011062e+03
2.108990006101211748e+03
2.109200340375273754e+03
2.109788043003798066e+03
2.109795309702965369e+03
2.110097011052337166e+03
2.111022415191245273e+03
2.112490788425272513e+03
2.113553626512193205e+03
2.113560559876535990e+03
2.113630326855238764e+03
2.113782960871233627e+03
2.113815127681767990e+03
2.113908661433434645e+03
2.113956294979810991e+03
2.116660340407099739e+03
2.116676773813931959e+03
2.116679807160832297e+03
2.116685107184536719e+03
2.116690307207793921e+03
2.116695973899805267e+03
2.117941279469486290e+03
2.118391081481243873e+03
2.121077493496333318e+03
2.121198927372784510e+03
2.121638796006781831e+03
2.121654396076553894e+03
2.123941172970924981e+03
2.124604542604539802e+03
2.124627342706514355e+03
2.125453879736568979e+03
2.133163114216439226e+03
2.133368915136892610e+03
2.135141689732367013e+03
2.135167556514723856e+03
2.135379090794152944e+03
2.135383957482586084e+03
2.135388524169677567e+03
2.138163736581929697e+03
2.139667543307767573e+03
2.143671994551175430e+03
2.144153263370336845e+03
2.144160596736468960e+03
2.144163996751675768e+03
2.144241463764816672e+03
2.151086427712535169e+03
2.151217661632817453e+03
2.157426556069021899e+03
2.165326991404046112e+03
2.170273913529360016e+03
2.170295146957661018e+03
2.170692982070328526e+03
2.170884449593341742e+03
2.171407785267315376e+03
2.172801091498934966e+03
2.177170311040450542e+03
2.181911132243969860e+03
2.183504539370549082e+03
2.183677773478679228e+03
2.185846749846182774e+03
2.186026183982042767e+03
2.186035517357119716e+03
2.186039284040632992e+03
2.186748120544267294e+03
2.187671724675125006e+03
2.190615037839215347e+03
2.190897372435301349e+03
2.190914339177852526e+03
2.191136673505585804e+03
2.192185744864267235e+03
2.192891281353141494e+03
2.193572884401639840e+03
2.197063800014904245e+03
2.197169333820242173e+03
2.197793336611120139e+03
2.198004604222689977e+03
2.199701078476908151e+03
2.199812845643458331e+03
2.200042880005629740e+03
2.205234203224038083e+03
2.205486804353806747e+03
2.205499137742302082e+03
2.205504137764664847e+03
2.205509537788816942e+03
2.220767639364641582e+03
2.224422922379712872e+03
2.227540802991230066e+03
2.227548803027010308e+03
2.227554903054292936e+03
2.227559369740937200e+03
2.227563803094098603e+03
2.228678141411356137e+03
2.228789208574775785e+03
2.230148314653433772e+03
2.231058652058289226e+03
2.231146185783120472e+03
2.231169219219471870e+03
2.231172485900749052e+03
2.231423287022467321e+03
2.231520787458541690e+03
2.239608723632171404e+03
2.240093259132610456e+03
2.240100125829988428e+03
2.240417560583061913e+03
2.240571494604871532e+03
2.243553607942496456e+03
2.243558674631824033e+03
2.243563707987669659e+03
2.243572174692204044e+03
2.243578774721722766e+03
2.243585441418206756e+03
2.247182824174316920e+03
2.247224857695646733e+03
2.247238924425227651e+03
2.250616672865680357e+03
2.251007674614452299e+03
2.252519114707764402e+03
2.254308422710518244e+03
2.256406465427434341e+03
2.271159131409344809e+03
2.272260603002388507e+03
2.275628184730704106e+03
2.275699751717456820e+03
2.275788152112831540e+03
2.275825418946175432e+03
2.276125653622320897e+03
2.285508228919610701e+03
2.285659662930238937e+03
2.286309132501685326e+03
2.287038602430936407e+03
2.287096536023380395e+03
2.287262170097518720e+03
2.287438170884689498e+03
2.287534437981914834e+03
2.288696909847785264e+03
2.292143191928091710e+03
2.294532235946522633e+03
2.294591569545228595e+03
2.301990635971192660e+03
2.302163970079770479e+03
2.302332970835633205e+03
2.310749408478499390e+03
2.310757975183480539e+03
2.310766108553190861e+03
2.310768875232231949e+03
2.314347424570775274e+03
2.314496091902362423e+03
2.315763230903027306e+03
2.316074398961406587e+03
2.317475505227912436e+03
2.317482138590913564e+03
2.317485738607014810e+03
2.322962529768857166e+03
2.323901700636004080e+03
2.324110034901121253e+03
2.330056694831137065e+03
2.345176062453135728e+03
2.345491097195475049e+03
2.358220720795910438e+03
2.363885512798594391e+03
2.364724883219379535e+03
2.364808816928109991e+03
2.365935421966898048e+03
2.368188465377061220e+03
2.368198198753927500e+03
2.368202732107536576e+03
2.371446879950455696e+03
2.371803314877959110e+03
2.371886148581769248e+03
2.371954948889481329e+03
2.372028282550802942e+03
2.373910090967268843e+03
2.379186281231915473e+03
2.379301681748048395e+03
2.379396215504188149e+03
2.382361128764885507e+03
2.383593167608563363e+03
2.383600067639424196e+03
2.383946702523096519e+03
2.385002240577367502e+03
2.385614209981092699e+03
2.385626676703517205e+03
2.388287655271520634e+03
2.388473589436452130e+03
2.388591489963767344e+03
2.388610556715711027e+03
2.389205792711262347e+03
2.393026876467883994e+03
2.393763013093619065e+03
2.393992580787036786e+03
2.394148381483862067e+03
2.394859684665194891e+03
2.394884418109149465e+03
2.395569087838030100e+03
2.405474798808399555e+03
2.417019583776261697e+03
2.424864318862164509e+03
2.439476684216573631e+03
2.439491684283662380e+03
2.439494984298421969e+03
2.439498650981487572e+03
2.446486415567887889e+03
2.447146951855497264e+03
2.447768154633852191e+03
2.448130722922120640e+03
2.450162432009023632e+03
2.456185225612884551e+03
2.461568283022164906e+03
2.465217966012190118e+03
2.465224766042603733e+03
2.465491700569812565e+03
2.469061983204716398e+03
2.479190695172467258e+03
2.489994410159196832e+03
2.525839103809407334e+03
2.525858170561351017e+03
2.554492598630017255e+03
2.583961630431483172e+03
2.584836201009703018e+03
2.585313203143114606e+03
2.585358170010897538e+03
2.585887172376882518e+03
2.585897005754196016e+03
2.597732258687854937e+03
2.597936259600257927e+03
2.598044293416776782e+03
2.598194427421590717e+03
2.600084769209555816e+03
2.602145711760540507e+03
2.605139658484424217e+03
2.608766508038992470e+03
2.609268376950289166e+03
2.609378044107446840e+03
2.609460344475538022e+03
2.609542344842288458e+03
2.609610511813834364e+03
2.609623611872425045e+03
2.609626578552360115e+03
2.609638545272548981e+03
2.609641145284177128e+03
2.609874812995932643e+03
2.610241614636468057e+03
2.610300748234278672e+03
2.610693683325030634e+03
2.610718416768985207e+03
2.611202518934152522e+03
2.614735734736606446e+03
2.616198307944692260e+03
2.619616789900661388e+03
2.619735223763694648e+03
2.619739723783821319e+03
2.619742990465098501e+03
2.619746057145480790e+03
2.633939553959816749e+03
2.642592525993926756e+03
2.642695693122012017e+03
2.642826427040058206e+03
2.647464647784692716e+03
2.652592004050339256e+03
2.652834138466629156e+03
2.652839871825605314e+03
2.652842838505540385e+03
2.656444454613917515e+03
2.656598588636622026e+03
2.663638220121665654e+03
2.663643520145370076e+03
2.663835787671961498e+03
2.668951743886620534e+03
2.670498117469507179e+03
2.678018384437546047e+03
2.678461719753714988e+03
2.681900901802266162e+03
2.684332546011228715e+03
