3.295988297462305372e+00
3.332221792851448150e+00
3.344521847863954012e+00
3.355788564921479811e+00
3.791657181028592838e+00
3.803490567287236779e+00
3.820890645109805916e+00
3.832090695202493791e+00
4.480760263070681759e+00
4.840428538368613864e+00
4.855228604562523032e+00
5.027396041255184578e+00
5.429364505742465319e+00
5.811366214260935692e+00
6.170201152498400177e+00
6.374168731418515144e+00
6.952237983523865239e+00
6.965771377385863161e+00
7.377073216950384094e+00
7.485173700434277322e+00
7.614940947490332235e+00
7.665074505048080411e+00
7.682007914116786296e+00
8.434644613648945466e+00
8.506178266919507180e+00
8.530611709532424314e+00
8.568211877700735002e+00
8.628178812572004475e+00
9.902717846333979779e+00
1.003991845996940846e+01
1.005425185740945615e+01
1.081045523956041876e+01
1.082075528562780065e+01
1.086622215564692873e+01
1.088978892771695861e+01
1.196699374556014206e+01
1.208282759696517772e+01
1.233539539325177792e+01
1.249672944815835685e+01
1.266519686830254088e+01
1.267383024024898752e+01
1.277939737906905648e+01
1.285143103457589930e+01
1.303699853120088470e+01
1.329193300473921546e+01
1.423330388172613681e+01
1.436940449044174883e+01
1.455493865358431549e+01
1.573821061248384900e+01
1.575221067509971107e+01
1.578367748250297709e+01
1.606631207993126154e+01
1.610084556771704811e+01
1.611934565045943657e+01
1.621424607490551395e+01
1.631901321014753492e+01
1.638034681779797097e+01
1.645131380186741410e+01
1.710491672513357031e+01
1.711661677746254284e+01
1.822355506162321959e+01
1.843258932987098220e+01
1.874055737393748444e+01
1.876655749022408060e+01
1.878069088676961584e+01
1.879199093730956349e+01
1.881109102273548572e+01
1.885612455748316663e+01
1.923275957533222780e+01
1.924575963347552587e+01
1.926492638586628914e+01
1.976772863467017771e+01
1.978439537587953723e+01
1.995619614426558996e+01
2.062629914132901376e+01
2.263787480485119019e+01
2.311661027934877310e+01
2.367551277906336082e+01
2.478505107485269932e+01
2.485061803477031006e+01
2.487175146262377723e+01
2.569365513862202377e+01
2.582958907992554387e+01
2.585795587346386881e+01
2.588235598259436898e+01
2.590265607338736586e+01
2.612485706719051848e+01
2.633952469396703933e+01
2.637939153893982080e+01
2.661589259670060414e+01
2.664215938084655022e+01
2.665262609432602758e+01
2.673582646644313954e+01
2.704132783281065855e+01
2.800333213541476596e+01
2.805566570281214567e+01
2.807119910561926801e+01
2.809446587634753101e+01
2.810963261084804543e+01
2.813829940572814081e+01
2.822323311893102726e+01
2.823963319228103330e+01
2.825343325400238115e+01
2.828280005201326830e+01
2.915493728601652279e+01
2.952260559709494459e+01
3.080311132420986908e+01
3.081814472478071210e+01
3.085681156438642248e+01
3.109817931058033125e+01
3.146784763060387746e+01
3.157678145114823920e+01
3.159801487944896081e+01
3.162044831311675352e+01
3.184691599266950135e+01
3.205155024123799024e+01
3.228395128066127029e+01
3.231161807106879991e+01
3.298695442487196061e+01
3.334145601039499240e+01
3.345292317560317485e+01
3.346625656857066389e+01
3.348012329725684566e+01
3.349499003041559320e+01
3.351582345692729348e+01
3.369382425304322481e+01
3.437426062965644746e+01
3.511203059602986087e+01
3.610673504488672592e+01
3.621546886453657521e+01
3.622840225571503936e+01
3.624046897635061271e+01
3.625220236216200220e+01
3.628400250438945562e+01
3.668283762152938010e+01
3.672513781071872785e+01
3.696000552784099114e+01
3.707450603994927718e+01
3.710953952997134309e+01
3.796594336027295924e+01
3.802681029916953293e+01
3.855944601473817812e+01
3.858387945735109525e+01
3.860774623076289913e+01
3.862561297733932264e+01
3.875038020203257361e+01
3.950661691766595141e+01
4.012585302055841652e+01
4.013541973001258611e+01
4.014748645064816657e+01
4.048542129540908974e+01
4.051678810236510486e+01
4.059282177576218942e+01
4.078992265730404654e+01
4.088322307459403504e+01
4.090902318998612230e+01
4.140142539227537810e+01
4.198239465735115061e+01
4.262743087563570299e+01
4.266456437505014776e+01
4.268586447031570685e+01
4.299929920549887896e+01
4.304796608983020434e+01
4.307373287173987819e+01
4.315929992110871183e+01
4.330923392502808866e+01
4.386143639477651845e+01
4.387976981010681499e+01
4.482910738939180106e+01
4.518107563025101570e+01
4.519547569465590442e+01
4.520510907107490794e+01
4.521897579976109682e+01
4.523544254007593679e+01
4.525447595853702154e+01
4.530260950714964707e+01
4.575281152069680957e+01
4.582897852802356908e+01
4.600007929327883716e+01
4.700928380698784537e+01
4.884165866902701225e+01
4.885719207183412749e+01
4.886649211342895427e+01
4.888752554083516344e+01
4.892822572286840455e+01
4.894232578593152994e+01
4.896312587896080259e+01
4.977302950128832038e+01
4.978842957016576776e+01
4.979936295239910038e+01
4.981422968555784792e+01
4.984566315947869697e+01
5.003379733424991826e+01
5.005259741833407361e+01
5.006609747871365101e+01
5.019149803957286338e+01
5.022616486128832491e+01
5.045286587521800215e+01
5.078310068554021228e+01
5.095330144677016193e+01
5.322641161334957616e+01
5.349861283078080731e+01
5.351071288489879407e+01
5.354551304054393768e+01
5.375741398827970841e+01
5.379791416941844062e+01
5.381791425886967062e+01
5.386381446416024232e+01
5.390401464395721121e+01
5.410904889431472498e+01
5.456491759987306978e+01
5.550662181168417675e+01
5.696149498533139877e+01
5.841323481163126274e+01
5.866056925117812426e+01
5.898927072130907590e+01
5.924507186539028680e+01
5.926870530442515417e+01
5.929583875911399105e+01
5.931427217489153492e+01
5.973157404129142378e+01
5.985800794010561532e+01
5.988744140508133285e+01
5.990267480654669185e+01
5.991904154641428448e+01
5.993454161573897920e+01
6.144871505460909589e+01
6.171911626398971151e+01
6.201965094147684709e+01
6.212631808521673094e+01
6.221898516634075804e+01
6.224258527189320489e+01
6.235221909556835840e+01
6.237341919038666305e+01
6.243365279311727534e+01
6.264812041899928374e+01
6.444802846916262240e+01
6.492673061017778480e+01
6.588143488013218985e+01
6.739990833823432581e+01
6.741710841516237451e+01
6.874191434041176763e+01
6.895644863325861706e+01
6.898008207229349864e+01
6.923348320564056735e+01
6.924174990928041495e+01
6.925181662097085677e+01
6.926118332953051038e+01
6.939268391767234334e+01
7.020172086945696321e+01
7.022172095890819321e+01
7.024612106803868983e+01
7.050182221167266050e+01
7.107189142799751380e+01
7.108879150358380627e+01
7.111182493993513276e+01
7.112359165922894988e+01
7.290536629495649379e+01
7.312136726102977491e+01
7.356633591783719339e+01
7.360083607214056656e+01
7.361466946734432781e+01
7.363373621928784019e+01
7.398743780123281510e+01
7.424593895738995286e+01
7.425820567892003510e+01
7.427480575316454292e+01
7.429133916044423813e+01
7.431050591283499784e+01
7.449514007195226384e+01
7.569274542829184327e+01
7.580544593234951378e+01
7.582294601061934713e+01
7.584407943847281786e+01
7.586031284441072842e+01
7.755482042316607760e+01
7.795308887110488172e+01
7.803142255478886113e+01
7.807985610474325711e+01
7.811418959163454190e+01
7.815185642676767941e+01
7.817022317558038935e+01
7.841735761423274198e+01
7.843012433799911776e+01
7.844482440374575560e+01
7.846642450035309935e+01
7.848382457817565694e+01
7.852749144014417482e+01
7.967899659029866655e+01
7.970429670345447448e+01
7.971933010402531750e+01
8.103816933592176497e+01
8.118930334520821646e+01
8.120810342929236469e+01
8.122490350443140983e+01
8.124360358806829652e+01
8.126620368914819892e+01
8.186630637313231773e+01
8.188103977236139031e+01
8.190127319618954971e+01
8.192650664238051661e+01
8.193890669784028091e+01
8.197820687361193848e+01
8.200320698542597597e+01
8.318957895819045234e+01
8.320821237486251221e+01
8.324527920731212305e+01
8.326507929586884416e+01
8.328861273445644997e+01
8.448075139967936309e+01
8.450118482440204559e+01
8.451181820529360778e+01
8.507452072200392479e+01
8.511918758844501554e+01
8.628342612888344831e+01
8.639155994584977805e+01
8.650249377533926065e+01
8.651702717367381013e+01
8.655766068874223151e+01
8.658202746439030761e+01
8.779196620922481031e+01
8.853386952741813332e+01
8.914353892085642883e+01
8.915627231114038409e+01
8.918620577835240226e+01
8.919913916953085220e+01
8.928100620235122165e+01
8.944950695597781021e+01
8.950024051621910814e+01
8.951487391500091917e+01
8.952397395570123706e+01
8.981870860724750116e+01
8.984480872398135887e+01
9.047581154616761978e+01
9.148644939962063916e+01
9.190875128838334263e+01
9.191838466480234615e+01
9.192585136486414399e+01
9.196445153750501333e+01
9.320135706961625033e+01
9.394366038959860532e+01
9.395906045847605981e+01
9.420119487476560494e+01
9.424472840280444075e+01
9.518049925474501549e+01
9.521629941486271775e+01
9.524209953025480502e+01
9.525729959823775062e+01
9.527106632647665663e+01
9.529353309362687696e+01
9.548516728405206777e+01
9.550313403107575994e+01
9.566216807569544756e+01
9.604330311367102979e+01
9.606716988708284077e+01
9.608413662963396007e+01
9.631220431634280033e+01
9.671703946031810517e+01
9.678303975550714711e+01
9.782614442083598760e+01
9.794254494144213652e+01
9.795397832591176268e+01
9.798344512436989362e+01
9.799931186200120692e+01
9.820117943152895634e+01
9.833711337283246223e+01
9.998122072617071865e+01
9.999638746067124373e+01
1.000102875228398602e+02
1.000772878225014608e+02
1.011775927436608242e+02
1.014192271577140758e+02
1.014284938658264963e+02
1.014513939682481407e+02
1.015353610104608890e+02
1.017714287329502270e+02
1.017950955054675006e+02
1.018063288890426179e+02
1.018212956226486199e+02
1.019453295107286550e+02
1.021895639364105790e+02
1.022032639976846724e+02
1.042693065714790350e+02
1.047641421179848464e+02
1.047753088345951227e+02
1.047864422177229784e+02
1.051407771358339005e+02
1.052020774100019196e+02
1.052283108606654451e+02
1.053928782633666401e+02
1.054071783273242744e+02
1.054420784834166653e+02
1.055037454258912959e+02
1.057955133975022903e+02
1.061160481644406701e+02
1.061291148895487879e+02
1.062123819286307480e+02
1.074729875667417076e+02
1.074935543253940438e+02
1.075136544152925353e+02
1.075410212043583016e+02
1.076727551268770497e+02
1.076896552024633422e+02
1.077066219450144757e+02
1.088408270177936572e+02
1.088751605046849278e+02
1.089104939960487712e+02
1.091368950086366851e+02
1.093384625768226499e+02
1.093623960171992877e+02
1.093842294481835467e+02
1.103158336148217842e+02
1.108141691769815651e+02
1.110666703063033367e+02
1.110828037117939857e+02
1.111036704717881065e+02
1.122639423278187252e+02
1.122766090511378394e+02
1.122885757713261654e+02
1.133845140062886685e+02
1.134027807546541169e+02
1.134140141382292200e+02
1.134473809541303524e+02
1.134598476765549577e+02
1.136184483859031928e+02
1.136399151485808545e+02
1.137296488832520254e+02
1.154530565912644136e+02
1.155014568077363890e+02
1.155459236732829709e+02
1.157939247824781859e+02
1.159473588020515393e+02
1.159584255182145540e+02
1.161562597363696199e+02
1.176478997411246894e+02
1.178380672583234485e+02
1.179260676519088662e+02
1.180368348139862604e+02
1.180554015636934651e+02
1.181851021437846896e+02
1.183481028728122197e+02
1.183604362613071288e+02
1.185356037114174796e+02
1.187878715063623076e+02
1.214357833492577470e+02
1.214616501316146753e+02
1.218805186716882503e+02
1.219552856727534191e+02
1.219642857130064755e+02
1.219734190871891997e+02
1.219971525266713286e+02
1.220306193430197084e+02
1.233664919844321304e+02
1.234300922688870372e+02
1.234440923315028869e+02
1.237762604838053875e+02
1.237870605321090522e+02
1.243895965603097409e+02
1.244035299559607495e+02
1.244254300539098494e+02
1.244402634535861836e+02
1.244561301912174827e+02
1.245094970965698593e+02
1.249465323845616211e+02
1.259567035692607675e+02
1.259770369935361884e+02
1.259866703699551920e+02
1.263205051963786190e+02
1.264170389614632199e+02
1.273990433535185645e+02
1.277116114181588529e+02
1.277310448384089483e+02
1.277506782595535668e+02
1.277630116480485043e+02
1.277770450441467887e+02
1.277934117840143671e+02
1.278127118703347946e+02
1.279133456537569060e+02
1.280075794085546192e+02
1.280680463456621681e+02
1.295653197089459923e+02
1.309828927157666953e+02
1.312489272389504436e+02
1.318249298151458220e+02
1.320479641460094626e+02
1.320641642184649527e+02
1.320798642886841776e+02
1.320925310120032918e+02
1.321089310853533050e+02
1.322087315317149034e+02
1.322338649774586372e+02
1.323811656362669282e+02
1.325834998745485223e+02
1.326024999595271936e+02
1.327161004676101754e+02
1.327332672110558178e+02
1.329031679709439970e+02
1.329457681614751152e+02
1.341957070852120637e+02
1.343682078567289295e+02
1.355244130279044441e+02
1.356481135811603167e+02
1.363002498312000341e+02
1.363512500593006962e+02
1.366880515656593786e+02
1.391810960492374534e+02
1.394801307200157510e+02
1.394934641129832471e+02
1.395264975940602028e+02
1.397179984505557115e+02
1.397433985641587810e+02
1.397568319575735245e+02
1.398049988396685706e+02
1.398790658376029228e+02
1.400734333735864539e+02
1.400959668077015294e+02
1.403109011023373967e+02
1.415684400600658250e+02
1.422783765686196205e+02
1.424990442222315039e+02
1.426750116759199045e+02
1.443203523681076490e+02
1.446570205405366778e+02
1.448223879468158941e+02
1.449150883614223631e+02
1.449317884361141466e+02
1.449928220424227732e+02
1.450621556858537247e+02
1.451028558678869729e+02
1.453255901974088431e+02
1.453355902421344297e+02
1.453542903257713306e+02
1.454133905900997092e+02
1.474797998322006833e+02
1.475281000482253830e+02
1.475498001452799883e+02
1.478057012898084679e+02
1.478902016677398876e+02
1.484702375953079638e+02
1.484937377004131349e+02
1.487462054962524860e+02
1.487642055767585987e+02
1.487755722942633838e+02
1.490610735711796906e+02
1.493959750690405031e+02
1.494093084620079992e+02
1.494207751799600317e+02
1.497053764528509987e+02
1.497643433832496953e+02
1.498244769855330674e+02
1.513710172358317720e+02
1.514400508779209247e+02
1.514496175873750872e+02
1.514719510205956396e+02
1.515526513815313479e+02
1.515696847910473082e+02
1.519766532778973840e+02
1.519938866883078674e+02
1.522951213689257770e+02
1.523504882832232852e+02
1.538389949406309825e+02
1.538515616635028209e+02
1.538649617234351581e+02
1.541592630397099981e+02
1.541733964362555298e+02
1.544769311271603556e+02
1.544844644941869660e+02
1.546720319997570812e+02
1.558671373449152497e+02
1.558978041487404766e+02
1.559113708760849022e+02
1.559269709458568514e+02
1.560044712924803605e+02
1.560180380198247860e+02
1.568176415960849113e+02
1.568335416671986593e+02
1.573400439325509979e+02
1.574788445533425545e+02
1.587081167179798911e+02
1.597386213269544442e+02
1.602884904529335870e+02
1.605285581933131596e+02
1.611658610436765571e+02
1.612092279043033329e+02
1.613384284821582639e+02
1.613574952341017763e+02
1.613883953723039042e+02
1.623660330781624168e+02
1.627283013650889814e+02
1.633496374773738182e+02
1.640382405571796198e+02
1.645542761985037714e+02
1.645648429124304641e+02
1.646356432290878331e+02
1.646497099586685238e+02
1.646994435144372630e+02
1.650522450923569409e+02
1.650670451585508545e+02
1.650846119037854862e+02
1.650989453012255694e+02
1.672374215323157784e+02
1.676074565206459397e+02
1.679049911847153851e+02
1.679192579151905704e+02
1.679288246246447613e+02
1.679590580931985357e+02
1.679713914816934732e+02
1.685456607168030700e+02
1.685625274589069420e+02
1.685914942551287936e+02
1.697064659085523886e+02
1.700993009988569327e+02
1.701762680097617420e+02
1.701869680576181736e+02
1.702009014532692106e+02
1.702302015843152390e+02
1.702431349754936889e+02
1.703082352666574479e+02
1.703771689082993532e+02
1.707079703878226837e+02
1.707241371267957391e+02
1.707687706597544093e+02
1.708314709401840048e+02
1.714725404740607360e+02
1.715696409083464573e+02
1.718654755648125274e+02
1.718898423404606319e+02
1.739907517368649508e+02
1.740716854321775884e+02
1.741118522784921652e+02
1.741813192558527419e+02
1.742693196494381596e+02
1.742935864246389599e+02
1.743667534185480577e+02
1.748191221084524329e+02
1.749577560618318728e+02
1.749928562188187868e+02
1.758433600227322700e+02
1.762155950209020716e+02
1.763668956976006257e+02
1.776842349227882210e+02
1.776959349751171828e+02
1.777105017069341670e+02
1.778894691740402436e+02
1.789911074344963708e+02
1.790079408431178081e+02
1.792284418293176032e+02
1.792388085423498012e+02
1.792537419424733969e+02
1.793511423781008887e+02
1.794752762666281853e+02
1.796182435727220366e+02
1.810686500597251722e+02
1.810909501594632900e+02
1.811038835506417399e+02
1.811784838842948488e+02
1.814980853137254542e+02
1.815299187894353281e+02
1.815810523514656722e+02
1.820400210708889119e+02
1.820652545170798930e+02
1.820867546132399752e+02
1.824178560941050478e+02
1.824305561509065683e+02
1.824472895590807866e+02
1.830407255465811716e+02
1.830565256172476154e+02
1.830969924649039626e+02
1.843744981786012147e+02
1.843860648970004945e+02
1.846827328905270633e+02
1.847108663496884446e+02
1.847414664865488305e+02
1.849539341034857216e+02
1.850127010329898951e+02
1.851270682111685346e+02
1.851396349340403731e+02
1.851636350413818377e+02
1.852471020813583209e+02
1.867000419130252453e+02
1.867090419532783017e+02
1.867515754768445788e+02
1.868416092128575201e+02
1.868587092893383215e+02
1.874940121307566017e+02
1.878444136979421444e+02
1.878585137610052698e+02
1.880376478955234347e+02
1.887106175720748524e+02
1.887988846335196058e+02
1.888145180367739897e+02
1.895143545001549228e+02
1.895279545609817546e+02
1.895576880272992355e+02
1.908553271643773712e+02
1.908697938957471081e+02
1.910935948967063496e+02
1.911084282963826979e+02
1.911309283970153103e+02
1.911746285924662345e+02
1.917043309615820590e+02
1.917597645428443798e+02
1.917906646810465361e+02
1.930227035247246477e+02
1.930419702775626547e+02
1.930598370241390569e+02
1.930919371677082950e+02
1.944920434297415852e+02
1.945080435013025522e+02
1.945623437441626322e+02
1.950205791269727058e+02
1.950290458315070623e+02
1.950552792821706021e+02
1.950738126983954146e+02
1.950951127936609453e+02
1.962608513408082729e+02
1.962693513788250357e+02
1.962832181075112317e+02
1.963016181898063337e+02
1.963141515791957659e+02
1.963332516646217130e+02
1.968096871288323939e+02
1.969845879110833664e+02
1.984017609161150517e+02
1.984917279851631520e+02
1.987015955904713849e+02
1.987335290666285346e+02
1.989376633129607228e+02
1.989645300997902098e+02
1.989820301780600289e+02
2.011405398320839026e+02
2.011510732125282175e+02
2.011636066019176496e+02
2.014726079839391275e+02
2.015085748114689181e+02
2.015283082330608124e+02
2.015499749966329830e+02
2.015684417458929261e+02
2.015867084942584029e+02
2.016229086561651229e+02
2.017211424288530850e+02
2.017368091655898752e+02
2.035389838925576953e+02
2.035629173329343189e+02
2.047858561359120984e+02
2.053724254260342263e+02
2.054264256675525644e+02
2.056026931225827070e+02
2.056156931807260264e+02
2.064970971228416943e+02
2.067097647406730800e+02
2.067237648032889297e+02
2.067409648802170068e+02
2.067598649647484024e+02
2.079142034609085101e+02
2.079379369003906390e+02
2.079535703036450229e+02
2.079905704691297501e+02
2.080178372577482833e+02
2.080356373373598728e+02
2.089718081910894796e+02
2.091252088771803983e+02
2.091429422898271469e+02
2.091567756850309081e+02
2.091709424150588745e+02
2.099159457471171777e+02
2.103034808137171296e+02
2.103251475772893002e+02
2.103436143265492717e+02
2.103622477432213032e+02
2.106289822695358964e+02
2.107670828871966080e+02
2.107792829417618634e+02
2.108986501423032962e+02
2.111771180544292292e+02
2.111917514532110260e+02
2.115173529094770402e+02
2.115329863127314241e+02
2.115331196466611061e+02
2.115502530566243138e+02
2.138958968809468502e+02
2.140211641078763876e+02
2.140890977450457058e+02
2.140997311259372964e+02
2.141223978939819972e+02
2.141412313115485802e+02
2.145553998306011181e+02
2.146072333957622220e+02
2.156871382256813376e+02
2.157917053600288284e+02
2.172680119628712703e+02
2.172871453817796237e+02
2.175436465289916157e+02
2.177022472383398792e+02
2.177370140605026165e+02
2.177657475223475387e+02
2.185251509188106809e+02
2.185348176287121191e+02
2.185425509966332811e+02
2.185611844133053125e+02
2.185759511460168198e+02
2.203245923002201607e+02
2.203632258063434506e+02
2.204118593571923554e+02
2.204492595244661572e+02
2.204595262370511364e+02
2.204762263117428915e+02
2.205284265452106069e+02
2.207156940494389517e+02
2.207465941876410795e+02
2.207674942811176209e+02
2.207865943665435680e+02
2.212936966345794474e+02
2.213355634884973711e+02
2.213823636978132470e+02
2.214155305128198563e+02
2.215117309430802948e+02
2.215367310548943180e+02
2.215701978712426978e+02
2.223042344875852052e+02
2.223312346083444027e+02
2.239468751676970726e+02
2.242727099583399877e+02
2.242805766601908317e+02
2.243637103653431097e+02
2.258330502703600189e+02
2.258500503463935729e+02
2.258705171045986617e+02
2.263839194008117204e+02
2.263925861062405716e+02
2.264020528152474867e+02
2.264824865083238592e+02
2.279258262970541864e+02
2.283144613685739728e+02
2.283496948594905689e+02
2.283671282707955754e+02
2.283853283521961544e+02
2.284003284192845911e+02
2.284175618296950745e+02
2.284424952745442852e+02
2.288350970304718999e+02
2.288678305102070851e+02
2.289206640798407193e+02
2.291308316864907511e+02
2.291565984684004036e+02
2.291753985524845518e+02
2.296283005781076554e+02
2.296425006416179997e+02
2.296581673783548183e+02
2.306289050533526108e+02
2.306588385205646148e+02
2.306753719278443100e+02
2.306880386511634242e+02
2.307097720817004074e+02
2.307237388108338507e+02
2.316106761110310117e+02
2.323597127944619558e+02
2.333367838311193054e+02
2.337162521949739755e+02
2.337875858473500159e+02
2.342650879829980965e+02
2.342763880335380691e+02
2.342921214372396719e+02
2.343054548302071680e+02
2.344848889660671034e+02
2.345115557520020673e+02
2.361352630141001043e+02
2.361439297195289555e+02
2.361579297821448051e+02
2.361672964907044729e+02
2.362228300724140411e+02
2.362738303005147031e+02
2.376050029209060597e+02
2.376231030018594197e+02
2.376352363894598341e+02
2.376485364489448955e+02
2.377007033489301762e+02
2.377262034629804930e+02
2.379587045028510488e+02
2.382452057842398858e+02
2.382777725965629827e+02
2.383564062815887326e+02
2.391446098068616664e+02
2.393943442571426772e+02
2.394681445872177221e+02
2.397111790075325644e+02
2.402023812044547242e+02
2.412688526409590963e+02
2.427047923965924667e+02
2.427247591525612904e+02
2.427503259335764483e+02
2.430933274676650342e+02
2.431334943139795826e+02
2.431498943873295673e+02
2.431724278214446144e+02
2.434525290742090817e+02
2.434816292043606154e+02
2.436562633187522806e+02
2.445611006990082785e+02
2.446273676620566846e+02
2.446512344354684956e+02
2.466366766487743973e+02
2.466557767342003160e+02
2.467832439709694938e+02
2.468318775218183987e+02
2.468663443426393371e+02
2.469052111831395564e+02
2.469289779561041200e+02
2.470163116800411558e+02
2.472483793846402023e+02
2.472624127807385150e+02
2.472881795626481676e+02
2.473297464152242924e+02
2.474576136537824880e+02
2.476712812760864608e+02
2.494729226673355527e+02
2.496753235725820161e+02
2.496859236199911436e+02
2.496976903392849749e+02
2.497208237760835630e+02
2.499260246938531509e+02
2.499530248146122915e+02
2.501028588180844281e+02
2.501248255829983691e+02
2.504347936360099993e+02
2.504622270920406208e+02
2.524811694551773371e+02
2.529682049667971739e+02
2.530529720125879578e+02
2.530667054073444717e+02
2.533273399063763804e+02
2.533659400790172640e+02
2.533831401559453127e+02
2.534017069056525315e+02
2.534704072129175074e+02
2.536426413165750091e+02
2.544320781806974310e+02
2.552755486198205972e+02
2.554730828366338926e+02
2.555277497478005841e+02
2.555646165793556861e+02
2.564480871973812555e+02
2.565565210156893841e+02
2.565775877765780137e+02
2.565952878557422991e+02
2.566089545835340004e+02
2.566197546318376794e+02
2.566487214280595026e+02
2.566841882533529997e+02
2.567462218641342702e+02
2.567809553528145443e+02
2.567993221016272969e+02
2.569486894363455463e+02
2.569622561636899718e+02
2.570320898093571600e+02
2.573560912584670746e+02
2.575535588083155289e+02
2.578313600507931369e+02
2.591073324242991021e+02
2.591362658870385189e+02
2.591492992786642731e+02
2.591619326685009241e+02
2.602940043984053204e+02
2.605913723950627059e+02
2.606039391179345444e+02
2.606213391957571162e+02
2.606831394721614288e+02
2.609784074594263643e+02
2.610210743169223520e+02
2.610531744604915616e+02
2.611804750298485942e+02
2.612329085976932674e+02
2.612634754010712186e+02
2.613595091639195402e+02
2.628009489441520259e+02
2.644417896162132706e+02
2.648597914857439264e+02
2.651191593124439692e+02
2.667425665732001789e+02
2.681766729873005488e+02
2.681952064035253898e+02
2.682095064674829814e+02
2.682308732297134384e+02
2.682432399516907822e+02
2.682663733884893418e+02
2.685604413703872524e+02
2.685862414857792828e+02
2.688615427170755083e+02
2.688735094372638059e+02
2.692683112030310326e+02
2.693808117061942085e+02
2.694022118019070149e+02
2.696228127885541426e+02
2.696864797399738336e+02
2.697238132402828228e+02
2.700013811483834161e+02
2.701082482930178799e+02
2.709476187138034788e+02
2.711969198288130656e+02
2.712598534436195905e+02
2.712737535057881928e+02
2.721784242186321308e+02
2.729144941774021618e+02
2.729411609633371540e+02
2.731866953948334071e+02
2.731975954435843050e+02
2.732210622152070982e+02
2.732383622925823943e+02
2.732761624616452423e+02
2.733767629115848763e+02
2.734904634201151339e+02
2.760990084202740604e+02
2.761781087740536691e+02
2.762000755389676101e+02
2.762165756127648706e+02
2.762527757746716475e+02
2.762905092767696260e+02
2.765649438375228897e+02
2.765994439918262060e+02
2.769091120434960658e+02
2.770832794891338722e+02
2.771694132077038830e+02
2.784218521426222424e+02
2.785434526864856934e+02
2.788094205427046290e+02
2.805864951574110933e+02
2.811142975180290478e+02
2.811986978955132486e+02
2.812137979630489326e+02
2.812257980167196934e+02
2.812450314360752941e+02
2.812679982054617653e+02
2.815063659382379910e+02
2.827942383649674412e+02
2.829881058987147071e+02
2.830126060082924369e+02
2.831875401240258725e+02
2.832006735160988455e+02
2.832167069211421904e+02
2.832331403279746382e+02
2.832902739168403627e+02
2.849145145146570712e+02
2.855704841151749065e+02
2.855965175649440084e+02
2.856095176230872426e+02
2.856740512450498954e+02
2.857383515326355905e+02
2.859506191486779585e+02
2.859980193606774037e+02
2.862637538825193246e+02
2.877746939735948786e+02
2.878642277073715263e+02
2.880473285262975196e+02
2.885131972765814794e+02
2.885283640110820329e+02
2.885406640660945072e+02
2.885568308050675910e+02
2.901636713250617277e+02
2.907170071332124053e+02
2.908858745551456195e+02
2.909038413021693259e+02
2.909179746987148292e+02
2.909336081019692415e+02
2.910026750775407436e+02
2.913400099196181259e+02
2.927217827663211551e+02
2.930048506990208921e+02
2.930594176097403079e+02
2.932786519236082086e+02
2.932953519982999637e+02
2.933241854605921617e+02
2.937021204842555449e+02
2.937211205692341878e+02
2.937327539545983655e+02
2.961697648542306069e+02
2.962201650796476429e+02
2.964190993027225431e+02
2.964414327359431240e+02
2.964737662138892347e+02
2.966277335691813164e+02
2.966868338335096951e+02
2.966992672224518515e+02
2.967194339793152267e+02
2.970239686746925827e+02
2.971677359843644695e+02
2.998472479685928533e+02
3.002164162863801380e+02
3.004478506548132373e+02
3.004665507384501666e+02
3.016206225667509102e+02
3.016380226445734820e+02
3.016511893701288614e+02
3.016674561095492209e+02
3.017024562660888591e+02
3.031526960856798496e+02
3.032790299840467583e+02
3.032949300551605347e+02
3.036943318415015369e+02
3.037073318996448847e+02
3.037181986149133763e+02
3.046424694154194981e+02
3.052004385776263575e+02
3.055349067402157175e+02
3.055936403362375131e+02
3.056026070430081631e+02
3.058492748129066285e+02
3.059204751313529869e+02
3.059291751702643296e+02
3.059482752556901914e+02
3.072472810655475541e+02
3.072605811250325587e+02
3.072951146128183950e+02
3.073247480786886285e+02
3.073655482611691241e+02
3.100248268215693201e+02
3.100353602020136350e+02
3.100621603218783093e+02
3.100838270854504799e+02
3.103001947198303583e+02
3.103205948110705776e+02
3.109653643614958014e+02
3.111264317485430411e+02
3.111710319480192766e+02
3.127474389985650873e+02
3.136518763770321243e+02
3.136713764642470892e+02
3.137530101626905434e+02
3.137646435480546074e+02
3.138720773618901489e+02
3.148774818586034030e+02
3.152454501710236059e+02
3.152658835957462884e+02
3.153793507698995882e+02
3.154101175741720340e+02
3.154264509805572629e+02
3.154442843936512304e+02
3.165013224546311221e+02
3.168151238581208986e+02
3.171914922081106170e+02
3.174398266521300229e+02
3.174925268878340034e+02
3.175098269652093563e+02
3.196356031394980164e+02
3.198653041668453625e+02
3.198819042410898987e+02
3.199083710261303395e+02
3.199370378210104491e+02
3.203007061141986469e+02
3.218927465679988700e+02
3.220695140252653346e+02
3.221128808858920252e+02
3.221570810835792713e+02
3.221740144926479275e+02
3.224531157409398929e+02
3.226076830989154587e+02
3.236366877011811880e+02
3.245630251775972397e+02
3.248183929864070478e+02
3.248312263771382504e+02
3.248483264536190518e+02
3.254755959257744280e+02
3.254914626634056845e+02
3.255102627474898895e+02
3.255439962316976334e+02
3.270285695381799087e+02
3.274724715235499843e+02
3.274993049768969513e+02
3.275106050274369522e+02
3.275353384713916398e+02
3.275476718598865773e+02
3.275661052756640856e+02
3.276136721550756192e+02
3.281047743515505317e+02
3.296828147427349336e+02
3.300102162070515419e+02
3.301069499730306234e+02
3.301583502029203032e+02
3.327541618127953029e+02
3.328210954454920625e+02
3.328337955022935830e+02
3.328506622443974265e+02
3.328706956673311197e+02
3.329956628929189151e+02
3.330168629877371700e+02
3.331986638008488626e+02
3.350780722065807709e+02
3.350956389518154879e+02
3.364314782597454609e+02
3.366437125423054226e+02
3.366611792870928070e+02
3.366749126818493210e+02
3.368311133804634210e+02
3.369542805980005937e+02
3.370256809173414467e+02
3.370396476464749185e+02
3.370627477497910718e+02
3.373627490915595217e+02
3.374408494408665433e+02
3.374659495531278708e+02
3.377305174030852299e+02
3.377437841290878282e+02
3.394109915857422948e+02
3.409272650340047903e+02
3.414757008202398652e+02
3.417490687095557860e+02
3.418568691916979105e+02
3.419233028221584050e+02
3.419392362267545877e+02
3.420206699243034336e+02
3.420534367375210536e+02
3.421211703737958487e+02
3.443271469067839803e+02
3.443648137419171462e+02
3.451877840893527605e+02
3.451989174724806730e+02
3.477723623156526287e+02
3.501314061999075307e+02
3.502705734890056988e+02
3.503749739559411296e+02
3.504667076995573893e+02
3.505446080479699162e+02
3.505559414319922666e+02
3.517108799308359153e+02
3.519366809407403025e+02
3.521484485545464054e+02
3.521713486569680640e+02
3.522620157291469241e+02
3.536348552025617096e+02
3.536442885780862184e+02
3.536774220596103646e+02
3.536990888231825920e+02
3.537149888942963116e+02
3.539972901569004193e+02
3.540675571378390600e+02
3.541594242153850018e+02
3.552278956608345197e+02
3.561693998717511249e+02
3.561834666013317587e+02
3.561991000045861711e+02
3.562385001808050902e+02
3.562614336167091551e+02
3.568876030839447253e+02
3.569842035159941815e+02
3.569985035799517732e+02
3.571839044091647111e+02
3.577801070757058142e+02
3.586914444850334576e+02
3.591709132961442492e+02
3.594906480595046219e+02
3.596726822069932155e+02
3.596991156585512499e+02
3.601470176618115033e+02
3.604292522574507416e+02
3.614633568825265115e+02
3.616552244073286602e+02
3.617191913600901785e+02
3.618898587900739585e+02
3.619702591496679247e+02
3.621543933065489114e+02
3.633140984933784239e+02
3.640256350090883188e+02
3.644624036292207165e+02
3.646589711750439164e+02
3.665233461802049533e+02
3.672247493172596364e+02
3.672373160401314749e+02
3.672725161975656079e+02
3.672890829383276809e+02
3.673179497341022852e+02
3.673890500521014246e+02
3.676226510968917864e+02
3.676389178363120891e+02
3.688742566947497039e+02
3.699510281773214615e+02
3.702378627935344753e+02
3.702464294985160791e+02
3.704998972988279888e+02
3.711569002373008175e+02
3.711677336190869596e+02
3.712078337984366954e+02
3.712320339066726547e+02
3.713455010808259544e+02
3.714806350185514248e+02
3.742015471879438451e+02
3.742125472371420187e+02
3.762436229878791210e+02
3.762911565338082482e+02
3.768889592075054225e+02
3.781142980212174507e+02
3.781312314302861068e+02
3.782115984563976667e+02
3.782333318869346499e+02
3.782473652830329343e+02
3.782980988432742606e+02
3.807500764765124472e+02
3.811484449248985129e+02
3.812466453641040403e+02
3.815916802406201782e+02
3.816092136523723752e+02
3.816195470319221954e+02
3.816302137462961923e+02
3.816461804843747245e+02
3.817370142239657866e+02
3.818177812518662790e+02
3.820918824777953660e+02
3.820940158206701653e+02
3.821227492825150875e+02
3.843113257376807042e+02
3.845232600188988386e+02
3.858337658801905832e+02
3.858435659240217319e+02
3.859346996649544508e+02
3.871104049233449587e+02
3.876126738364301900e+02
3.876270405673526511e+02
3.876436739750795937e+02
3.876650074038275307e+02
3.876970742139143908e+02
3.879250752336583332e+02
3.891668807876851588e+02
3.893982818226358518e+02
3.894096485401406653e+02
3.897424833620915479e+02
3.897726168301980465e+02
3.899572176558328920e+02
3.899684843728904298e+02
3.926473963544352728e+02
3.926937632284797246e+02
3.927082299598494046e+02
3.927305300595875792e+02
3.927607301946588905e+02
3.927922970025094287e+02
3.928883307653576935e+02
3.930567648520195121e+02
3.945283047668760901e+02
3.946036717706248282e+02
3.946171384975219780e+02
3.954459088708984495e+02
3.954711089836070528e+02
3.957981437796170212e+02
3.958804774811912353e+02
3.959375110696096272e+02
3.961600787317194090e+02
3.961806454903717736e+02
3.973968509299010066e+02
3.974149843443367445e+02
3.974347510994110735e+02
3.974638178960801724e+02
3.975096847678883591e+02
3.987460236307985042e+02
3.994682935278472087e+02
3.995634606201526253e+02
3.995857273864083368e+02
3.997140946272027691e+02
3.997349947206793104e+02
3.998513952412854451e+02
4.002299969345971817e+02
4.013136017810648468e+02
4.013269685075147208e+02
4.013462685938351342e+02
4.028369419276000940e+02
4.033634776158860404e+02
4.035525784616474425e+02
4.036166454148562366e+02
4.038271130228479819e+02
4.040762141369630172e+02
4.051611189892449261e+02
4.057185548157331141e+02
4.057343548863996148e+02
4.057550549789816046e+02
4.060167561494509414e+02
4.061354233468615575e+02
4.070337940315283163e+02
4.077835973850549180e+02
4.080116984052461930e+02
4.096026388541266101e+02
4.097308727609913603e+02
4.097479728374722185e+02
4.097814729873030046e+02
4.119710494469411515e+02
4.119825494983755334e+02
4.119975495654639985e+02
4.130349208718167802e+02
4.130511209442723271e+02
4.131374879972191820e+02
4.131778548444282819e+02
4.131962882602058471e+02
4.132679885808884706e+02
4.155943656523729715e+02
4.156054657020184209e+02
4.156162990838044493e+02
4.156453992139560114e+02
4.173456068182049989e+02
4.176835749964483284e+02
4.179353094556744850e+02
4.180522099785168848e+02
4.180657767058613103e+02
4.180823767801058466e+02
4.194712163250816275e+02
4.209394562251787306e+02
4.214980920570339435e+02
4.215132587915344970e+02
4.215308922037339698e+02
4.215493589529939413e+02
4.217220263919228955e+02
4.217398598050168630e+02
4.222598621307488429e+02
4.223023956543151485e+02
4.223474625225451859e+02
4.223726626352537892e+02
4.223961627403589318e+02
4.226892973847491248e+02
4.227056641246167032e+02
4.243386380948271608e+02
4.243591715199970622e+02
4.243834716286802973e+02
4.245015054899250231e+02
4.257192442696455146e+02
4.271802841375401840e+02
4.278950206675622780e+02
4.280731547976078559e+02
4.280793881588201089e+02
4.280998215835428482e+02
4.281116216363190574e+02
4.284439897895160243e+02
4.302789313297014928e+02
4.320123724159219023e+02
4.323778407171606659e+02
4.323928074507666679e+02
4.324419743373342726e+02
4.324593410816744381e+02
4.325288080590350432e+02
4.327266422771900807e+02
4.336347130052407692e+02
4.337425468208652433e+02
4.351393530681390871e+02
4.354025209118348130e+02
4.354203209914464310e+02
4.359104898504136258e+02
4.359809568322468181e+02
4.361694243418422161e+02
4.365414926725999294e+02
4.365678927906755007e+02
4.371465953789468699e+02
4.386648355026720765e+02
4.386873689367870384e+02
4.389997703340152952e+02
4.390122370564399148e+02
4.390256371163721951e+02
4.392597714968812284e+02
4.392952383221747255e+02
4.397254402462706935e+02
4.397425736562339011e+02
4.404146766622424707e+02
4.416869490191999716e+02
4.418145829233812378e+02
4.418268496449113059e+02
4.418631498072653017e+02
4.420521506525794280e+02
4.431895890731531722e+02
4.435459240002092542e+02
4.436015575823660697e+02
4.453912655869092987e+02
4.456816002187763388e+02
4.457368337991441081e+02
4.457616339100636651e+02
4.457822006687159728e+02
4.459193346153866173e+02
4.459610014684100179e+02
4.466498045491102857e+02
4.466667046246965924e+02
4.481273444908022157e+02
4.481570112901549123e+02
4.481840447443964877e+02
4.501202534041699437e+02
4.502428206190235755e+02
4.502552873414481951e+02
4.505987555442906114e+02
4.506491557697077042e+02
4.506743225489338442e+02
4.536360691288014664e+02
4.544223726455765018e+02
4.544394060550924905e+02
4.544943396341185462e+02
4.545490398787676440e+02
4.547211406484954637e+02
4.547354740459355185e+02
4.562455141329857042e+02
4.562599808643554411e+02
4.565094819802595225e+02
4.565270153920117764e+02
4.577283540983822263e+02
4.579418883867564887e+02
4.593434279885337901e+02
4.593589947248233329e+02
4.594269283619926796e+02
4.595502289134594776e+02
4.595625956354368213e+02
4.595874957468035973e+02
4.610388689047968569e+02
4.612172697027018557e+02
4.612347697809716465e+02
4.612425364823752147e+02
4.612674365937419907e+02
4.612829366630667209e+02
4.613139701351985309e+02
4.613721703955015983e+02
4.630152110774024550e+02
4.630392445182263259e+02
4.651699207144305888e+02
4.651838541100816542e+02
4.652093542241319710e+02
4.652836545564433095e+02
4.652975879520943181e+02
4.671320961570082773e+02
4.671428628718294931e+02
4.671883297418485768e+02
4.672045964812689363e+02
4.672310299328270276e+02
4.672461966673275242e+02
4.672699301068096815e+02
4.672949968855884890e+02
4.677540322719766550e+02
4.690018045193563694e+02
4.704392776151810267e+02
4.705172112970759599e+02
4.705352113775821294e+02
4.705685115265184209e+02
4.705840115958430943e+02
4.710330136040231537e+02
4.714429154373261213e+02
4.724472865960843819e+02
4.724743200503260141e+02
4.725132535577910176e+02
4.726637208974291298e+02
4.734533577624461032e+02
4.735365248010807591e+02
4.749674645343513362e+02
4.753092660630728119e+02
4.756719010183060163e+02
4.759465689134362378e+02
4.760135358796154605e+02
4.770258737406718410e+02
4.770454071613691553e+02
4.773694752774438825e+02
4.773827753369290008e+02
4.774000754143042968e+02
4.774766090899377105e+02
4.775014758678220232e+02
4.789038821401421728e+02
4.790999830172115139e+02
4.792636504158873549e+02
4.794198844479839181e+02
4.795092848478308838e+02
4.810252582947516089e+02
4.811040253137070408e+02
4.814070600023756015e+02
4.821423632910500032e+02
4.826948990956225884e+02
4.827061991461625325e+02
4.827852328329773286e+02
4.828404997468275610e+02
4.840308384039998941e+02
4.840557385153666701e+02
4.840703052471836259e+02
4.867787506941514835e+02
4.869474847821549588e+02
4.873029530386681358e+02
4.880748564910383038e+02
4.911478035682548011e+02
4.922740752722183402e+02
4.926887771269895779e+02
4.928135443516828218e+02
4.928345444456066389e+02
4.929516783028259397e+02
4.931434791606632189e+02
4.948790202562760783e+02
4.952599219598747027e+02
4.952767887019786031e+02
4.952879887520712714e+02
4.961658260115681287e+02
4.964571606479076991e+02
4.965615944483254793e+02
4.968765958571823944e+02
4.982134685030673609e+02
4.989887053036794100e+02
4.990102720668042480e+02
4.990189054387507213e+02
5.001814773050681993e+02
5.002043774074899147e+02
5.006095792197718310e+02
5.006346126650682891e+02
5.018513514403161935e+02
5.018818515767293320e+02
5.018939516308472548e+02
5.033377247548490914e+02
5.037099930865012993e+02
5.037874267661599674e+02
5.037964601398954301e+02
5.039660275649594041e+02
5.041332949797366041e+02
5.049606653468514992e+02
5.050379990260628915e+02
5.078135447731395971e+02
5.078555782944695807e+02
5.079635787775062568e+02
5.079901122295115101e+02
5.080106456546814115e+02
5.082322466458010695e+02
5.082422800240090623e+02
5.082731134952464345e+02
5.087765157467338213e+02
5.112266267049566295e+02
5.115544948380270966e+02
5.115821616284346192e+02
5.121161640167823634e+02
5.121285640722421704e+02
5.129170675988568746e+02
5.143651074086083099e+02
5.143796408069428026e+02
5.145156080817287148e+02
5.146530086962587802e+02
5.146626087391953206e+02
5.149619767447977665e+02
5.169353855709505297e+02
5.170692195028617562e+02
5.172801871130898235e+02
5.172947205114242024e+02
5.177750893265603054e+02
5.177943227459160198e+02
5.179320233617877420e+02
5.182268246802988187e+02
5.189594279568973434e+02
5.189792613789364850e+02
5.193478296940402288e+02
5.193790965005489397e+02
5.203571342081963849e+02
5.203775009659543684e+02
5.216495399885349116e+02
5.248496543011788162e+02
5.248607210173416888e+02
5.252195226220968607e+02
5.252584227960794578e+02
5.252689561765237158e+02
5.252904896061662612e+02
5.253374898163765465e+02
5.254686570696942454e+02
5.261707268763972252e+02
5.267046625977801568e+02
5.267252293564324646e+02
5.290815732286115463e+02
5.290920399420909916e+02
5.291360401388836863e+02
5.291747069784893256e+02
5.291876070361853408e+02
5.299390437303504768e+02
5.299647105118128820e+02
5.312899497723337845e+02
5.314221836970888262e+02
5.315241841532900935e+02
5.315435509065753195e+02
5.315609509843978913e+02
5.316410513426500302e+02
5.339512283416790979e+02
5.341216291038035706e+02
5.342633630710479338e+02
5.343000632351909189e+02
5.343162633076464090e+02
5.343345633894944058e+02
5.344624306280525161e+02
5.344835640559060721e+02
5.351369003113128429e+02
5.363477057266901511e+02
5.367014406421176318e+02
5.367125073582806181e+02
5.378313790291472287e+02
5.378538457962973780e+02
5.397293541845864411e+02
5.400705890441067822e+02
5.400829557660840692e+02
5.401169892516335267e+02
5.401616227845921685e+02
5.401787895280378962e+02
5.423033656969595313e+02
5.423553659295326952e+02
5.424166328702182227e+02
5.428850682986484344e+02
5.446827096720073769e+02
5.446957097301507247e+02
5.448777772111216109e+02
5.449066106734139794e+02
5.449192773967330368e+02
5.449871777004199203e+02
5.450023444349204738e+02
5.454028462261812820e+02
5.473077547459636207e+02
5.477348233227121455e+02
5.477650234577835135e+02
5.478033902960474961e+02
5.478498905040215732e+02
5.478821239815204081e+02
5.481874253469934501e+02
5.482073587694798107e+02
5.504287020378629904e+02
5.506350696275172822e+02
5.508934041162623316e+02
5.509039041632241833e+02
5.509377376478792030e+02
5.509661711083823548e+02
5.517915748000345957e+02
5.534765490028181603e+02
5.540301181453457957e+02
5.540372181771009537e+02
5.540569182652104701e+02
5.540830517154266772e+02
5.541092851660902170e+02
5.544334199491297568e+02
5.544560200502096450e+02
5.555056914115750715e+02
5.559573267648662522e+02
5.559686934823708953e+02
5.569554645624120894e+02
5.569653646066905139e+02
5.579194355404789576e+02
5.579665357511365755e+02
5.599993115094771383e+02
5.604666802664698935e+02
5.604867136894035866e+02
5.609702825188518318e+02
5.624557891628418247e+02
5.624707558964478267e+02
5.624989560225741343e+02
5.647269326539585563e+02
5.647396327107600200e+02
5.647675995025093698e+02
5.647792995548383033e+02
5.648000329809028699e+02
5.648464665219121343e+02
5.650384007136790387e+02
5.650759675483649289e+02
5.655817364771040729e+02
5.656583034862198929e+02
5.663059397161331390e+02
5.680097806699656076e+02
5.684921494940468847e+02
5.685047162169187231e+02
5.690310852377925812e+02
5.690457853035393327e+02
5.690727854242985586e+02
5.690871521552210197e+02
5.692341861461699182e+02
5.706320923983635112e+02
5.707238928089446972e+02
5.707365595322637546e+02
5.707490262546883741e+02
5.714911629072587402e+02
5.721688992717960218e+02
5.721919993751121183e+02
5.722096661207940542e+02
5.731375369374013644e+02
5.744969763508837559e+02
5.751271125025272113e+02
5.752045128487034162e+02
5.752347796507397106e+02
5.754489806087623265e+02
5.754592806548297403e+02
5.775788568013886106e+02
5.777565242626802728e+02
5.777652243015915019e+02
5.778152911921844179e+02
5.781284925929907104e+02
5.792322641963215801e+02
5.793193979193640644e+02
5.801852684586725672e+02
5.815654412982195254e+02
5.815757746777693455e+02
5.818159424185961370e+02
5.830951481398967644e+02
5.843043535481181152e+02
5.872045665194407320e+02
5.872171665757950905e+02
5.881211039520258055e+02
5.881696708359097556e+02
5.884449387337235748e+02
5.900102124011416436e+02
5.903956141248668246e+02
5.908703495814741018e+02
5.909671500144179390e+02
5.921472552924877846e+02
5.921955888419948906e+02
5.922107555764954441e+02
5.922941226160246515e+02
5.923125560318021599e+02
5.929821590266293470e+02
5.935802950351508116e+02
5.936089951635132138e+02
5.971050107995880580e+02
5.973535785779844218e+02
5.974718124401235855e+02
5.974924458657408195e+02
5.978265140265411901e+02
5.980649817597645779e+02
5.995586884404295915e+02
5.995736551740357072e+02
6.008098940364985765e+02
6.022651338784523887e+02
6.023573676243049704e+02
6.047969452020834069e+02
6.064048190600325370e+02
6.066357867597117774e+02
6.069368547729176271e+02
6.069574215315700485e+02
6.070307885263736125e+02
6.082067937861058908e+02
6.087370294909403583e+02
6.087740629899076339e+02
6.088107631540506191e+02
6.090343308206329311e+02
6.097595340641344137e+02
6.110800399701516881e+02
6.110910400193499754e+02
6.129731817706402808e+02
6.140985534705785085e+02
6.173689347641610539e+02
6.173845015004504830e+02
6.188193079176817264e+02
6.188864415512730375e+02
6.189717085993000865e+02
6.189866753329060884e+02
6.190120421130267232e+02
6.190316088672065007e+02
6.200605468025074742e+02
6.201721473016452819e+02
6.205968492011421631e+02
6.206263493330826577e+02
6.210702179849702134e+02
6.231162604693134881e+02
6.242071986819130416e+02
6.244128996019189799e+02
6.244289996739272510e+02
6.247936013046231665e+02
6.248131680588028303e+02
6.252669367549689241e+02
6.253819039358310192e+02
6.254077373847055696e+02
6.259471731306875881e+02
6.276985142969668914e+02
6.278097147943155960e+02
6.279686155050056868e+02
6.281888498233461178e+02
6.283231837574936662e+02
6.300800249483719426e+02
6.300917916676658024e+02
6.301094917468301446e+02
6.307870281104728747e+02
6.310207624891928617e+02
6.311699631564990796e+02
6.317271656486103666e+02
6.330233714459444627e+02
6.353614485697579539e+02
6.354001487428459995e+02
6.373446907732242153e+02
6.373708575569228287e+02
6.393091995595711978e+02
6.393187662690252182e+02
6.393882665798684002e+02
6.397594349066007453e+02
6.405238383254265955e+02
6.418507442600683817e+02
6.436510523120207381e+02
6.437247526416485925e+02
6.447573905934980303e+02
6.447725573279985838e+02
6.455624608608748076e+02
6.460128962087989066e+02
6.460278296089225023e+02
6.460591964158784322e+02
6.472841352278013574e+02
6.485822077001510024e+02
6.490524431366318368e+02
6.504426160209043246e+02
6.508682845913912161e+02
6.527804264768584517e+02
6.533948292248001053e+02
6.564531095697524279e+02
6.568766781308470399e+02
6.568899448568496382e+02
6.573074133906616225e+02
6.573431468838144838e+02
6.578717825814928801e+02
6.578999827076190741e+02
6.579319495172586585e+02
6.602251264402541437e+02
6.604564608082399673e+02
6.618760004905234382e+02
6.619587341938865848e+02
6.619814676288962119e+02
6.641864774908941627e+02
6.642001442186858640e+02
6.646326461530686629e+02
6.655558169486549787e+02
6.656997509257390675e+02
6.657372177599777388e+02
6.669435231552284904e+02
6.691666664316622928e+02
6.691995999122920011e+02
6.692548334926598272e+02
6.711113751294524263e+02
6.711227085134748904e+02
6.711469086217109634e+02
6.734080187346195316e+02
6.734502855903265299e+02
6.737189201251389932e+02
6.737307868448799582e+02
6.772921027730129708e+02
6.773008028119243136e+02
6.773171695517918351e+02
6.773312696148549321e+02
6.791455443959407603e+02
6.792886783694467567e+02
6.795257794298911449e+02
6.796280132204692563e+02
6.798504808821318193e+02
6.825573596554260121e+02
6.826808268743048984e+02
6.843502343407989201e+02
6.871582135662690689e+02
6.872124804756466574e+02
6.872231471900206543e+02
6.872455472902061047e+02
6.882398184037914461e+02
6.895021573829882300e+02
6.898528922849978926e+02
6.922818364818848522e+02
6.922930365319775774e+02
6.945628466837974884e+02
6.946284469771974273e+02
6.966704227766855411e+02
6.966838895035826908e+02
6.966927895433884714e+02
6.967192563284289690e+02
6.970676578866693944e+02
6.982658632456925716e+02
6.987910989281641605e+02
6.988237324074520984e+02
7.006564739377978412e+02
7.007571743881848079e+02
7.007766078084349601e+02
7.008034079282995208e+02
7.008167746547494517e+02
7.010093755161648232e+02
7.011230426912126177e+02
7.017573788616407455e+02
7.017688455795927212e+02
7.032193520670431326e+02
7.053329615202490004e+02
7.053521616061221948e+02
7.055308624053689073e+02
7.055419624550142998e+02
7.059473309347083614e+02
7.060528314065636550e+02
7.060725981616378704e+02
7.087863436323102633e+02
7.090170446641302533e+02
7.090328114013142340e+02
7.091886454316218078e+02
7.093248127073022715e+02
7.094110797598018507e+02
7.108641862588808635e+02
7.109706200682438748e+02
7.109879868125839266e+02
7.128077616182689553e+02
7.128192283362209309e+02
7.143948687166711125e+02
7.144232688436919716e+02
7.169776802684028780e+02
7.169897469890383945e+02
7.170274471576540236e+02
7.211381988764946982e+02
7.211966991381394791e+02
7.224051378762651439e+02
7.226945058371420600e+02
7.227047392162446613e+02
7.241368122879174507e+02
7.257787529648984446e+02
7.259192535932933197e+02
7.276392279526165794e+02
7.276544280205995392e+02
7.279060958128608263e+02
7.279647960754002725e+02
7.281647303029477598e+02
7.294459693666757403e+02
7.298587045459843239e+02
7.301498058479469364e+02
7.334345538724519429e+02
7.346818594510777984e+02
7.347732931933524014e+02
7.367998689239630039e+02
7.368354690831862399e+02
7.387494109767038708e+02
7.391304793477146404e+02
7.403308513830950233e+02
7.429673631750032428e+02
7.429814632380663397e+02
7.430021966641307927e+02
7.463434782748179259e+02
7.463761784210706764e+02
7.464243453031656372e+02
7.507101978051520064e+02
7.507293978910252008e+02
7.518377361814473261e+02
7.519991369033187993e+02
7.532788092933733424e+02
7.533170427977075860e+02
7.533903097920639311e+02
7.534068431993435979e+02
7.549483500937971030e+02
7.550962507552887928e+02
7.584854325802117501e+02
7.592772694550682218e+02
7.602640072016270096e+02
7.622836495678944857e+02
7.641479912395732299e+02
7.673634389541298333e+02
7.675247396755539739e+02
7.693828479860203515e+02
7.708930214070001057e+02
7.739425683795586792e+02
7.760715779016420584e+02
7.772929166974637383e+02
7.782534876603239127e+02
7.807648988927146547e+02
7.825375734877418381e+02
7.851593518804211271e+02
7.856457540558750452e+02
7.857168877073564772e+02
7.858104214590233596e+02
7.858413882641904138e+02
7.883757662659676271e+02
7.884725333654291717e+02
7.896195051619747574e+02
7.898279060940565159e+02
7.900786405488101991e+02
7.901049073329561452e+02
7.906385763864797127e+02
7.957172657677950838e+02
7.959671002185233419e+02
7.960582672929385808e+02
7.972296391986145636e+02
7.974445734932504593e+02
8.003788532836050535e+02
8.009713892670802124e+02
8.032288326969228365e+02
8.103665979542070090e+02
8.106939660850412110e+02
8.120042052784735915e+02
8.137929132785442334e+02
8.168263935125769422e+02
8.192228708975881091e+02
8.196367394152988481e+02
8.247334288771203319e+02
8.250291635331391262e+02
8.267956381004364630e+02
8.268497716758844263e+02
8.273221737887224663e+02
8.273804073825079968e+02
8.274093741787298768e+02
8.290116480116325874e+02
8.290325814385915919e+02
8.302113533773646168e+02
8.314387922004689244e+02
8.318316272907735538e+02
8.322171623484283600e+02
8.330903995873514987e+02
8.347928738684048540e+02
8.352093423977443081e+02
8.361799800722948248e+02
8.362115135466628999e+02
8.363254140560876522e+02
8.391072264978590738e+02
8.391403933128657400e+02
8.442308827469572634e+02
8.536583582450655285e+02
8.547872632941400752e+02
8.552656987672958167e+02
8.566703050494556919e+02
8.566921051469574877e+02
8.574767753230941025e+02
8.577115097062867335e+02
8.577214430840473369e+02
8.583116457237531449e+02
8.586581139400133225e+02
8.603339881020965549e+02
8.612517255400485965e+02
8.620236956593836339e+02
8.625237645626292533e+02
8.645917404784038354e+02
8.665917827570092413e+02
8.675129868771327892e+02
8.677424212366207712e+02
8.680039224061956702e+02
8.764626602382510328e+02
8.800390095669549737e+02
8.802732106144288764e+02
8.803341108868078209e+02
8.825674542088617045e+02
8.865476386770684485e+02
8.870526409357119064e+02
8.892465174145820583e+02
8.903149888600315762e+02
8.909269582637566600e+02
8.915860945451042880e+02
8.923250645168448045e+02
8.924388650258223379e+02
8.949468429095239799e+02
8.973640203871170797e+02
8.973795871234066226e+02
8.975161544008760757e+02
8.975787880143408302e+02
9.008009690923458948e+02
9.009456030725607434e+02
9.016441061966448842e+02
9.017006731163095310e+02
9.042759513010145156e+02
9.044468520653753103e+02
9.045147857025446001e+02
9.061885598552355532e+02
9.061956598869907111e+02
9.067120955301038521e+02
9.068569295112131385e+02
9.079601677788253937e+02
9.099791101419621100e+02
9.106459797912308431e+02
9.117676514746206067e+02
9.125899884858903306e+02
9.142278624780162772e+02
9.142399291986519074e+02
9.145288304907749080e+02
9.147040646078501140e+02
9.173430764109397160e+02
9.188358830875794183e+02
9.219037634754682813e+02
9.219533970307896880e+02
9.285786933293686616e+02
9.286643270457022936e+02
9.318915748130349357e+02
9.320541422067909707e+02
9.340085509479652046e+02
9.361383271401441561e+02
9.382295364931645736e+02
9.417754190189377823e+02
9.426770230513991464e+02
9.440013623078947376e+02
9.440189623866117472e+02
9.453281349086067848e+02
9.466089406370634833e+02
9.467952081368193831e+02
9.485320159047639663e+02
9.501200230071915485e+02
9.509062598570017144e+02
9.522686326169371114e+02
9.523555996725674504e+02
9.549248111634723273e+02
9.576454899984878466e+02
9.594788315315171303e+02
9.596177988197207469e+02
9.606574368028781237e+02
9.617164415393206127e+02
9.629137468943184786e+02
9.636711169483540971e+02
9.639787183241139701e+02
9.651868237274154581e+02
9.680999367564342037e+02
9.681189701748953667e+02
9.689622739466063877e+02
9.689700739814923054e+02
9.704022137201300211e+02
9.720221876321970740e+02
9.726775572300314252e+02
9.736442948871389262e+02
9.747893333417042641e+02
9.749466673787205764e+02
9.761140059330240319e+02
9.766921751855765024e+02
9.768095423771728747e+02
9.774811453809451223e+02
9.774959121136566864e+02
9.794862876823605120e+02
9.826328350887574743e+02
9.826401684548895901e+02
9.859779833834052170e+02
9.863557184061739918e+02
9.872691558248941419e+02
9.878603584690723665e+02
9.878799918902170702e+02
9.902990360428256054e+02
9.915654417068774364e+02
9.951930245980589689e+02
9.967760316781236725e+02
1.000392114517870596e+03
1.002390723456731962e+03
1.002432190308860868e+03
1.002458557093454033e+03
1.003553961992697850e+03
1.005766571888687281e+03
1.007663280371794599e+03
1.007690280492553711e+03
1.010942828373042289e+03
1.011048828847133791e+03
1.011475730756470170e+03
1.011989233053130533e+03
1.014375510392521505e+03
1.015273081073610115e+03
1.015402381651912378e+03
1.015644916069990927e+03
1.015797850087328015e+03
1.016881621601207712e+03
1.018462362004467991e+03
1.019651367322343503e+03
1.020230169911062148e+03
1.023012782356411549e+03
1.025044458109832249e+03
1.026186296550085217e+03
1.029476844600531194e+03
1.031555853898986470e+03
1.033792997238035923e+03
1.040652361250159174e+03
1.042789470808470014e+03
1.050457571771036328e+03
1.050490305250771371e+03
1.051149074863812302e+03
1.052083245708596905e+03
1.052511080955441230e+03
1.052548347788785122e+03
1.053392418230591829e+03
1.053623685931612954e+03
1.054560656788920596e+03
1.055863262614879204e+03
1.057741171013902203e+03
1.058669975168017345e+03
1.061440420892284010e+03
1.062697093179469675e+03
1.062708726564833569e+03
1.063093128284086106e+03
1.064807369284433435e+03
1.065078303829532615e+03
1.067660382044651442e+03
1.067828249462111899e+03
1.068802020484009745e+03
1.073740875906578594e+03
1.075354883125292872e+03
1.075524150549015076e+03
1.083722153881591339e+03
1.085710862776174281e+03
1.091537322168588616e+03
1.091548155550374759e+03
1.091647955996736528e+03
1.092059924505949311e+03
1.095731474260441246e+03
1.095745140988232606e+03
1.100359761627314811e+03
1.101696400938822762e+03
1.101840734917695954e+03
1.102665305272287696e+03
1.102879339562898167e+03
1.111058609478355038e+03
1.116900068937857895e+03
1.117342004247765317e+03
1.119048778548050677e+03
1.119106078804328490e+03
1.122075392084705072e+03
1.122094058834859652e+03
1.122337926592234908e+03
1.125523174171720029e+03
1.126328577773920870e+03
1.126346744521839128e+03
1.135602519252008733e+03
1.140454007617157913e+03
1.141061010332002979e+03
1.144809660431328894e+03
1.150847487435760513e+03
1.151594390776316686e+03
1.151623757574327556e+03
1.153295665052003187e+03
1.154811305164099622e+03
1.157609917681010074e+03
1.158994623874165882e+03
1.165298618735710761e+03
1.166248622984644271e+03
1.166257423024002492e+03
1.167314227750605596e+03
1.170456108469463970e+03
1.170476775228563611e+03
1.171456912945603335e+03
1.176268434465332803e+03
1.178844179318791703e+03
1.179035580174839879e+03
1.180453119848178403e+03
1.182799563676078833e+03
1.183303432596320135e+03
1.183317799327242710e+03
1.186216345624444330e+03
1.187944586687407536e+03
1.187982453523435197e+03
1.188722256832236098e+03
1.191686936758556385e+03
1.196021656145768702e+03
1.196537658453610447e+03
1.198618667761010784e+03
1.198894168993201447e+03
1.200020507364129799e+03
1.202566218749929249e+03
1.202684585945998379e+03
1.206662237069541106e+03
1.206759770839098110e+03
1.209798051094599259e+03
1.209871051421096354e+03
1.210905089379207311e+03
1.212297928942073213e+03
1.212913065026628146e+03
1.214015803292003966e+03
1.214694772995390849e+03
1.217384818360063491e+03
1.217506318903479951e+03
1.217752320003729892e+03
1.218917558548640955e+03
1.220347964946192860e+03
1.220964834371833604e+03
1.221448836536553245e+03
1.221463469935335070e+03
1.224003014626887307e+03
1.224402083078404075e+03
1.224413483129391352e+03
1.224428349862550021e+03
1.227833198424209741e+03
1.227865031899919586e+03
1.230152108795632557e+03
1.230175475566807791e+03
1.231835916326531333e+03
1.231845783037327237e+03
1.237472474869606458e+03
1.237526908446395964e+03
1.240987590591106937e+03
1.242467563877015664e+03
1.246544582111648651e+03
1.246567248879693352e+03
1.249934463939702255e+03
1.250787234420420191e+03
1.250867668113496393e+03
1.251824139058019227e+03
1.252992577617242205e+03
1.253975848681629486e+03
1.253994382097854441e+03
1.255388354999122612e+03
1.256129758315079698e+03
1.256507626671778098e+03
1.256944861960664412e+03
1.259553140292963917e+03
1.260836512699567038e+03
1.261018146845266756e+03
1.262241052314762101e+03
1.266295237113938128e+03
1.267405442079375916e+03
1.267420842148253314e+03
1.267456775642300727e+03
1.268698347861950424e+03
1.269337450720364586e+03
1.269353384124960712e+03
1.269925920018984471e+03
1.269973886900185107e+03
1.271364526453211283e+03
1.271382759868094581e+03
1.274123605459973305e+03
1.276479149328574294e+03
1.278921693586288029e+03
1.280578034327674004e+03
1.280587234368821555e+03
1.280766535170751695e+03
1.283208346091852263e+03
1.283385980219661633e+03
1.283821815502286427e+03
1.286282993176671880e+03
1.286296893238840767e+03
1.286307859954556307e+03
1.286361460194285883e+03
1.286726928495524589e+03
1.287663132682736432e+03
1.287688266128480109e+03
1.288584370136342613e+03
1.291122581488597916e+03
1.291821451280988640e+03
1.292319920177078302e+03
1.294017827771040402e+03
1.294697497477558045e+03
1.296354971557346062e+03
1.296375804983857734e+03
1.298763548996475265e+03
1.299042783578696572e+03
1.299061850330640254e+03
1.300139655151166835e+03
1.303497603503063374e+03
1.312654977793132730e+03
1.312676144554468692e+03
1.313048446219603420e+03
1.314208884743045928e+03
1.314311151867106673e+03
1.315240622690869941e+03
1.315252422743646093e+03
1.320688847058279180e+03
1.321172382554245132e+03
1.321183049268619243e+03
1.323208824995651639e+03
1.325671469343263880e+03
1.329253185362637169e+03
1.337032086820762970e+03
1.338570327033939293e+03
1.338718827698114637e+03
1.339211763236122806e+03
1.343058480440724679e+03
1.343103580642437237e+03
1.347174132181480900e+03
1.350309612871715217e+03
1.350316879570882293e+03
1.351197183508078069e+03
1.351267217154639866e+03
1.352439022395587472e+03
1.355835837587984315e+03
1.358105381071944748e+03
1.358756417317064688e+03
1.359054885318641936e+03
1.359381753447239589e+03
1.369913233883055682e+03
1.371107839225977614e+03
1.373426749597400203e+03
1.376101128225336197e+03
1.376549763565209787e+03
1.377452634270002818e+03
1.378689206467289978e+03
1.379385709582429172e+03
1.386263773678189182e+03
1.386682708885227612e+03
1.389901623281955381e+03
1.390346658605727725e+03
1.391838198610035533e+03
1.391866398736161727e+03
1.393908041200825664e+03
1.395663849053749118e+03
1.395680649128888035e+03
1.396296285215679291e+03
1.399572433201720514e+03
1.401362341207158124e+03
1.401376774605045284e+03
1.403005581889953419e+03
1.403067782168146778e+03
1.403584384478672064e+03
1.408269538766552159e+03
1.408706340720166736e+03
1.414685600795988648e+03
1.416568709218269078e+03
1.418048749171142617e+03
1.418152316301017436e+03
1.418161549675647393e+03
1.418171849721714807e+03
1.418820319288688324e+03
1.418845952736668551e+03
1.421560131542612226e+03
1.421591398349120936e+03
1.422000300177951431e+03
1.423371406310280236e+03
1.423451440001567789e+03
1.425402848729323978e+03
1.425428915512575713e+03
1.427196356750863060e+03
1.434718557060882176e+03
1.440045914221041357e+03
1.440584949965234500e+03
1.446549276640932476e+03
1.446892511509397991e+03
1.448089250195194836e+03
1.448605719171790270e+03
1.456054485820041236e+03
1.457492292250690070e+03
1.462873316317542958e+03
1.470318116281385983e+03
1.470634517696504417e+03
1.480816629903089961e+03
1.482842238962710326e+03
1.482966472851685012e+03
1.485788218805393853e+03
1.490808607925959222e+03
1.495421428556990350e+03
1.497458571001527616e+03
1.499919515341536680e+03
1.506824446224126177e+03
1.514297046312306293e+03
1.527454038490832545e+03
1.536304178073448384e+03
1.559804816514360937e+03
1.564012135331768832e+03
1.572662040685495640e+03
1.581701714449144447e+03
1.585978900245701880e+03
1.588369344270395004e+03
1.600523398629906751e+03
1.604512549804884202e+03
1.609940040746228760e+03
1.616283569117922298e+03
1.621613259621850602e+03
1.621628626357245821e+03
1.630237464860632599e+03
1.630255664942033263e+03
1.631833805333664714e+03
1.632388474481112098e+03
1.633388278952779274e+03
1.662020240343746309e+03
1.662039473763102023e+03
1.682614365785158952e+03
1.684643674861328009e+03
1.733216358771335990e+03
1.733321359240954962e+03
1.742725334633958028e+03
1.749712065882403067e+03
1.749721165923103399e+03
1.754703288205851777e+03
1.768033814493849832e+03
1.773339404889989282e+03
1.778980563453638069e+03
1.780339569531848838e+03
1.805490915355618654e+03
1.841698777296781600e+03
1.853301762524947208e+03
1.876535866440439577e+03
1.936841036157810322e+03
1.958834234523301120e+03
2.121400461607488069e+03
