3.563989496108771693e+00
3.930457801820121055e+00
6.487569238606981870e+00
9.073914139475055762e+00
9.126514374731788948e+00
9.218981454961303612e+00
9.239514880131231678e+00
9.254748281596583581e+00
1.297566492355044865e+01
1.394973594679013118e+01
1.458427211811278390e+01
1.466673915361668534e+01
1.686538232047269048e+01
1.688011571970175950e+01
1.927345975736547956e+01
1.933719337575005781e+01
1.934589341466134371e+01
1.942342709476727691e+01
2.004122985791573441e+01
2.728909560762896547e+01
2.770556413696838760e+01
2.789439831487040422e+01
2.868250183969607647e+01
2.898390318772609575e+01
2.916270398742008041e+01
2.943377186644906729e+01
2.948350542221779236e+01
3.234461821866332798e+01
3.414689294607839543e+01
3.674340455908418335e+01
3.707827272346258951e+01
3.909151506110569585e+01
4.109669069600348479e+01
4.290443211453522565e+01
4.634078081708052110e+01
4.634498083586527173e+01
4.783068748074980903e+01
5.148793717128393155e+01
5.471401826673197633e+01
5.494335262577273937e+01
5.496291937995252397e+01
5.650265959983779140e+01
6.045351060351595152e+01
6.047761071130468480e+01
6.238848592443991947e+01
6.378712551324677094e+01
6.388035926357191130e+01
6.391052606516085888e+01
6.401289318966871633e+01
6.413106038484306737e+01
6.432022789756926784e+01
6.466462943791943019e+01
6.467836283267594411e+01
6.506069787601860810e+01
6.643557069186090303e+01
6.948778434301293316e+01
7.039892175144608188e+01
7.045952202248331275e+01
7.069008972037354965e+01
7.385927056133284907e+01
7.386390391538905931e+01
7.560987839099891517e+01
7.831112380576431065e+01
7.933589505576284751e+01
8.159627183205832068e+01
8.165123874456676845e+01
8.351234706845087885e+01
8.351891376448735116e+01
8.353101381860534502e+01
8.602529164103292203e+01
8.612342541327362255e+01
8.664582774973972334e+01
9.004734296315746178e+01
9.007120973656925855e+01
9.138931563185249729e+01
9.378655968695920819e+01
9.935828460672979645e+01
1.024605318149923079e+02
1.063428158453351813e+02
1.063558825704433133e+02
1.064280828933622587e+02
1.064358829282482191e+02
1.064949831925765977e+02
1.078366891934122975e+02
1.092718956124324876e+02
1.092797956477657095e+02
1.160988594796446023e+02
1.183983364308172099e+02
1.186900377354633918e+02
1.187537380203655459e+02
1.188015715676364010e+02
1.188947386509967146e+02
1.265900730686987572e+02
1.282690139111645919e+02
1.283696810280691238e+02
1.284900482330830869e+02
1.285313484177998760e+02
1.551261673642296728e+02
1.615946629615109202e+02
1.615997629843209893e+02
1.677898906699235795e+02
1.681578589823437540e+02
1.708434043268899245e+02
1.757664263453098954e+02
1.782029705761882497e+02
1.798929114678522581e+02
1.802412796926102487e+02
1.818141533940197121e+02
1.836839617568150800e+02
1.851577350149937331e+02
1.934375720469079454e+02
1.939724077723162452e+02
1.952135466566946604e+02
1.964635189139140437e+02
1.972736892041009185e+02
2.105016817001788070e+02
2.108802167265257310e+02
2.116194866996079895e+02
2.117086537650780542e+02
2.224138016442955177e+02
2.262654855377780052e+02
2.395684783692980488e+02
2.419319889401969874e+02
2.435993297307811076e+02
2.460677741043341769e+02
2.574964918864147307e+02
2.576842593928793121e+02
2.602751043138739533e+02
2.614800763698279980e+02
2.615172765362073619e+02
2.687165420685540766e+02
2.687391755031163711e+02
2.689899099578699975e+02
2.689954099824690275e+02
2.732947958783173021e+02
2.733066959315407871e+02
2.733388627420748094e+02
2.736662308729090114e+02
2.926655491814807419e+02
2.931676514271538849e+02
2.938987880305260205e+02
2.939108214176791307e+02
2.941283223904612214e+02
2.974526039251148291e+02
3.158409528344339492e+02
3.224766158460450924e+02
3.227843172222521844e+02
3.227926839263392935e+02
3.305613520053625507e+02
3.378292511780094287e+02
3.378440179107209360e+02
3.381707860388715972e+02
3.423372046733516072e+02
3.488040002630295362e+02
3.492470689113390563e+02
3.561689665364796156e+02
3.590496460871049749e+02
3.645982042365945972e+02
3.647229714612877842e+02
3.798254723411821487e+02
3.895399824563978655e+02
3.930934983496449036e+02
4.018586375520932279e+02
4.018639042423153569e+02
4.064432913904807947e+02
4.064596581303484299e+02
4.065434918386314394e+02
4.071493278815916028e+02
4.071548612396731528e+02
4.097615395648165872e+02
4.102927086071588292e+02
4.103019753152711928e+02
4.122462173443075812e+02
4.154337982675619969e+02
4.181414437109518190e+02
4.227565310187876548e+02
4.227771311109224257e+02
4.255627435696896441e+02
4.327412423424894996e+02
4.341488153045845593e+02
4.348783852342829732e+02
4.423541853367754015e+02
4.461494023110406033e+02
4.539773706552866770e+02
4.540336375736094396e+02
4.633374458519441532e+02
4.679284330519913624e+02
4.699413753882926699e+02
4.702897102795682827e+02
4.702961769751574934e+02
4.707902125180852408e+02
4.708433127555782676e+02
4.708596128284809765e+02
4.730267225209689173e+02
4.733621906880308643e+02
4.737031588796918982e+02
4.791674833191093512e+02
4.808823576556226271e+02
4.818001617605394813e+02
4.831325010528155417e+02
4.844636403397244635e+02
4.844774404014457900e+02
4.852889773644118350e+02
4.865367162783091430e+02
4.872942863332393131e+02
4.992948733396952434e+02
5.015759835420552122e+02
5.025193544279871958e+02
5.025256544561643750e+02
5.046351305575503261e+02
5.047485643982211627e+02
5.052983668572354645e+02
5.053124002533338057e+02
5.089774833122362452e+02
5.090456502837825496e+02
5.128184338243798948e+02
5.134497699813903182e+02
5.150692772247036828e+02
5.184930925378595248e+02
5.185190593206635867e+02
5.204312345396132287e+02
5.204380345700267299e+02
5.220393083984569103e+02
5.220547084673343079e+02
5.220827085925660640e+02
5.231088131818613647e+02
5.231149465426262850e+02
5.304211125530899835e+02
5.349368994168004292e+02
5.366547737667314095e+02
5.412698610745673022e+02
5.440646735744819580e+02
5.444534419799315401e+02
5.479822910961886464e+02
5.480335913256310505e+02
5.516028072890974272e+02
5.516175073548439514e+02
5.517018077318809901e+02
5.584511379185398710e+02
5.585657050976129767e+02
5.587115390831949071e+02
5.695007873385548010e+02
5.764361850240750300e+02
5.776864239491536637e+02
5.797603998917637682e+02
5.842005197503838190e+02
5.847771556627451446e+02
5.848112224817770084e+02
5.871223661517962000e+02
5.877246688456200445e+02
5.927721914208739236e+02
5.973076117057290730e+02
6.028066029668619876e+02
6.033386053462645577e+02
6.033433387007681858e+02
6.050467796528116651e+02
6.096370001827632450e+02
6.105640376623100565e+02
6.134616506220040719e+02
6.212014185717703185e+02
6.350140803494724651e+02
6.402935372953958222e+02
6.403728043165874624e+02
6.481218389744660726e+02
6.481284723374674286e+02
6.494312114973556618e+02
6.503666823479544519e+02
6.510102852264949433e+02
6.606070281483254121e+02
6.611919640978089774e+02
6.652636489752550233e+02
6.660990527116327939e+02
6.663678872473398087e+02
6.666399217973588520e+02
6.751596932357230116e+02
6.771172019907619415e+02
6.778945054672840342e+02
6.790056771037118324e+02
6.793565120061689413e+02
6.800571818066102878e+02
6.804466835486729224e+02
6.804611502800426024e+02
6.804785503578652879e+02
6.807800850398248258e+02
6.816717223610431802e+02
6.816776223874312564e+02
6.840839331497558078e+02
6.843143008467516211e+02
6.987007318573270140e+02
6.989607330201929472e+02
6.992173675013347065e+02
7.023378814579626805e+02
7.066627008008964594e+02
7.097633480020028856e+02
7.147102701273170169e+02
7.153418729521868045e+02
7.226536723211792150e+02
7.265201562808555309e+02
7.299747050648014692e+02
7.299834051037128120e+02
7.303199732756944513e+02
7.307022749855547090e+02
7.307172417191608247e+02
7.317394129575307034e+02
7.357619642818914372e+02
7.369917364487650957e+02
7.375696723669408357e+02
7.378791070842337376e+02
7.385704101761153879e+02
7.398430825348618782e+02
7.469694477411590015e+02
7.511337663662466184e+02
7.511381663859258424e+02
7.554424189702071999e+02
7.586299332264968598e+02
7.591725023198262079e+02
7.628683855164836132e+02
7.630643197261408659e+02
7.630719197601323458e+02
7.670616376043107039e+02
7.694310815350802386e+02
7.694376815645990746e+02
7.694835151029247982e+02
7.694946151525703044e+02
7.758179434339180034e+02
7.780403533737386397e+02
7.829783087922820641e+02
7.845466491400826499e+02
7.856682874899900071e+02
7.864401242753953056e+02
7.864441242932856539e+02
7.868486261024366968e+02
7.869146930645905513e+02
7.878013636969283198e+02
7.904974424219187767e+02
7.905072091322675760e+02
7.933415551423308898e+02
7.978529086528797052e+02
7.980786096623368167e+02
7.981808101194326355e+02
8.029607981647938004e+02
8.029684315322678003e+02
8.040490696988001673e+02
8.041120033136065786e+02
8.066295479067624683e+02
8.144822496949633432e+02
8.145728167666949275e+02
8.155518211453326103e+02
8.155552211605393040e+02
8.157355886339070139e+02
8.159000560361608905e+02
8.165135254465949401e+02
8.198280736043822117e+02
8.201525750557284482e+02
8.201634417709968830e+02
8.201695084647971044e+02
8.201789085068390932e+02
8.234399564253444623e+02
8.254266986444647500e+02
8.290206147184032943e+02
8.290250480715650383e+02
8.296059173361934427e+02
8.321739288217313515e+02
8.321918622352725379e+02
8.534222571890936706e+02
8.635551358421466830e+02
8.643713728261337792e+02
8.645757404068428968e+02
8.645907404739313051e+02
8.667073499405547636e+02
8.667302167094940160e+02
8.676495208211198360e+02
8.682333234322012459e+02
8.692171278323071419e+02
8.693009615405901513e+02
8.729913447126485835e+02
8.740338493752939257e+02
8.744805513731870406e+02
8.776382654961943217e+02
8.783299019229002624e+02
8.784064689320159687e+02
8.850978988597136095e+02
8.914992274899211679e+02
8.915215275896592857e+02
8.915320609701035437e+02
9.004349341219060534e+02
9.004413341505303379e+02
9.063015936941174004e+02
9.104829457287208925e+02
9.130671906201966976e+02
9.204525569848871100e+02
9.210156928368688796e+02
9.210216595302217684e+02
9.259204814404058652e+02
9.308073699638838434e+02
9.331583804788757561e+02
9.348715548077856283e+02
9.543575752931531042e+02
9.543689420106578609e+02
9.550188449173755316e+02
9.565870519312463784e+02
9.644843539189233752e+02
9.651248901170814634e+02
9.654835250544244900e+02
9.809842943822575307e+02
9.813793294824016584e+02
9.853649139747602703e+02
9.909729057234023912e+02
9.961109620369054483e+02
9.977953362370054720e+02
9.979793370599568334e+02
1.004514566289040317e+03
1.004518699640860291e+03
1.004600766674575198e+03
1.004998535120277666e+03
1.007703547218556423e+03
1.008085115591803401e+03
1.008467283967734033e+03
1.011266729821704871e+03
1.011279096543682158e+03
1.012383101481390099e+03
1.016984788729293655e+03
1.017482057620016008e+03
1.017486690974072189e+03
1.022092544907278125e+03
1.022156645193969325e+03
1.022166011902529021e+03
1.023128049538615528e+03
1.023133549563214615e+03
1.023141116263723688e+03
1.027321101625547954e+03
1.027327768322031716e+03
1.027352701766880955e+03
1.029968413465760023e+03
1.033096560789861769e+03
1.034548233949196856e+03
1.035305704003679693e+03
1.035309604021122595e+03
1.035700839104271154e+03
1.035959140259533797e+03
1.038314617461169973e+03
1.038320250819698458e+03
1.038328617523785624e+03
1.038797819622311408e+03
1.038819686386778130e+03
1.043203372659663273e+03
1.043220806070968365e+03
1.043691541509685521e+03
1.045386949092466239e+03
1.045545416467884706e+03
1.045560283201043376e+03
1.045568783239060167e+03
1.045573183258739618e+03
1.046442953815490910e+03
1.047494791853213428e+03
1.055604394790415427e+03
1.056776966701458605e+03
1.057553436840920085e+03
1.057831271416880099e+03
1.057886671664659843e+03
1.058547507953611102e+03
1.061632955086734228e+03
1.062287324680096390e+03
1.062299758069038489e+03
1.062606626108185083e+03
1.068214951191651608e+03
1.068440785535038231e+03
1.071448832321985265e+03
1.071584499595429634e+03
1.072828505159295901e+03
1.073872043159896521e+03
1.075500983778734053e+03
1.075556284026066578e+03
1.075605017577363014e+03
1.075836951948032265e+03
1.075841518635123748e+03
1.076637688862694631e+03
1.076643222220776352e+03
1.078158395664118871e+03
1.079284334033258119e+03
1.080984008301788663e+03
1.080991408334885591e+03
1.081004675060888076e+03
1.081007508406893749e+03
1.081013775101588408e+03
1.081016908448935737e+03
1.081188509216427292e+03
1.081193975907543972e+03
1.081205375958531249e+03
1.083224418322115071e+03
1.086339432254143958e+03
1.086347965625643383e+03
1.086356098995353477e+03
1.086362265689600690e+03
1.086374599078095571e+03
1.086462466137751562e+03
1.088001939689777373e+03
1.088513975313211404e+03
1.091419588308685888e+03
1.094499635417657373e+03
1.094704703001497364e+03
1.098679587445999459e+03
1.098728220996848222e+03
1.098748721088535831e+03
1.102833372690642818e+03
1.104152478590398459e+03
1.106073887183978059e+03
1.106079987211260686e+03
1.112440782326847057e+03
1.112742650343631112e+03
1.117581071983672473e+03
1.121439589241050498e+03
1.121602289968736386e+03
1.124141834660288623e+03
1.127301682126170590e+03
1.130225928538317021e+03
1.130787697717519677e+03
1.131377667022848527e+03
1.137676595195065829e+03
1.137935163018187723e+03
1.138030163443081165e+03
1.145765231371826303e+03
1.146717368963634726e+03
1.146722968988681032e+03
1.147338771742884319e+03
1.147343971766141522e+03
1.147365271861407109e+03
1.147462838964446519e+03
1.147609506287089062e+03
1.147620273001910164e+03
1.147640939761009804e+03
1.148365843003169630e+03
1.148671877705255838e+03
1.148876711954718985e+03
1.149712182358061455e+03
1.149716082375504584e+03
1.150115384161398424e+03
1.150124984204335078e+03
1.150133450908869236e+03
1.150265418165764913e+03
1.150816453963628874e+03
1.150825387336916947e+03
1.150829087353465411e+03
1.151995159235436859e+03
1.152004992612750357e+03
1.152881863201257147e+03
1.154219869185544439e+03
1.154461970268351479e+03
1.156090410884952917e+03
1.156098077585909095e+03
1.156114244324882293e+03
1.156317478567189255e+03
1.156334311975810806e+03
1.156932914653085845e+03
1.157179882424326252e+03
1.157938185815869474e+03
1.157940985828392741e+03
1.157945785849860840e+03
1.158275520657947027e+03
1.158284387364270287e+03
1.158292220732638725e+03
1.158885723387103781e+03
1.158891223411702867e+03
1.159944761457029017e+03
1.160419263579259450e+03
1.160500630609843256e+03
1.160511597325559251e+03
1.161089899912041346e+03
1.161095599937535098e+03
1.161099066619706491e+03
1.161105733316190253e+03
1.161108133326924417e+03
1.163212842740324504e+03
1.167369794665797599e+03
1.168162131542890393e+03
1.168167631567489479e+03
1.168178031614004340e+03
1.168751267511158858e+03
1.169551437756620089e+03
1.169555137773168553e+03
1.169558271120515883e+03
1.170605909139453843e+03
1.171178711701336852e+03
1.171824014587480633e+03
1.171925515041445806e+03
1.171952848497028981e+03
1.174775094452974372e+03
1.174788627846836334e+03
1.174794961208496034e+03
1.175420297338670935e+03
1.175427897372662528e+03
1.178699412004647456e+03
1.178706745370779345e+03
1.180569920370573527e+03
1.180582487093445252e+03
1.183946268804764941e+03
1.184068169349970276e+03
1.184777272521463601e+03
1.186079945014387022e+03
1.186235379042905606e+03
1.186771814775469920e+03
1.187029115926259919e+03
1.187340250651156111e+03
1.187347284015946570e+03
1.189421193291591862e+03
1.189424926641622505e+03
1.189429559995678801e+03
1.190222930210726645e+03
1.190225763556732318e+03
1.190240630289890987e+03
1.191414902208537569e+03
1.191422202241187279e+03
1.192217039129461455e+03
1.192241072570285269e+03
1.192244272584597411e+03
1.193337277473107179e+03
1.193810579589970530e+03
1.193814579607860878e+03
1.194118147632247883e+03
1.194623583226162964e+03
1.194633483270441275e+03
1.195212419193089545e+03
1.195239819315637533e+03
1.195243352664774193e+03
1.196622558833330686e+03
1.197406229004994884e+03
1.197410695691638921e+03
1.197417662389464340e+03
1.197845630970238290e+03
1.198091532070041239e+03
1.198187199164582807e+03
1.198419800204900639e+03
1.198470467098177096e+03
1.199391237883029362e+03
1.199394504564306317e+03
1.200384942327413683e+03
1.200613343348946728e+03
1.200620443380701772e+03
1.200814710916238027e+03
1.201108378896346949e+03
1.203564223213545802e+03
1.203572956585939437e+03
1.203577356605618661e+03
1.203585923310600265e+03
1.204107825644829973e+03
1.204267193024274093e+03
1.204271826378330161e+03
1.205048996520922628e+03
1.205088930032860162e+03
1.205120096838921881e+03
1.205628932448043543e+03
1.205650499211168153e+03
1.208240777462961660e+03
1.209355815783350181e+03
1.209493783067081267e+03
1.209944418415899918e+03
1.209949118436921026e+03
1.210690088417606376e+03
1.212334429105321760e+03
1.213387833816717830e+03
1.214933274062096871e+03
1.216566781368025886e+03
1.217492952177029792e+03
1.218162021836138138e+03
1.218170155205848459e+03
1.218253855580201844e+03
1.218489689968314224e+03
1.218492556647802303e+03
1.218503090028246788e+03
1.218506023374699453e+03
1.219119526118616022e+03
1.220930934220213658e+03
1.221379336225710176e+03
1.221382002904303818e+03
1.221386969593184176e+03
1.223494345685177677e+03
1.223498279036103213e+03
1.224664817586828349e+03
1.226738360194167171e+03
1.227768898136624102e+03
1.228192266696824163e+03
1.228197200052222115e+03
1.228200866735287946e+03
1.229814540619177933e+03
1.229825707335788366e+03
1.232250318179960686e+03
1.234551961807490670e+03
1.235571033031995512e+03
1.235574899715956235e+03
1.235578566399022293e+03
1.235581299744580519e+03
1.236267069478380790e+03
1.236288469574093597e+03
1.236302836305015944e+03
1.236550704080281548e+03
1.236554870765583928e+03
1.236559204118298339e+03
1.236561637462514909e+03
1.236571670840722845e+03
1.237483274917910194e+03
1.237486541599187149e+03
1.237496641644359897e+03
1.238152311243536133e+03
1.238713780421396905e+03
1.241056090897477588e+03
1.241060524250639219e+03
1.242923699250433401e+03
1.243549902051151321e+03
1.245568877747770330e+03
1.246302481028841612e+03
1.246307747719063627e+03
1.246701882815182671e+03
1.246706416168791520e+03
1.246741882994085017e+03
1.248439723921082305e+03
1.248896459297183355e+03
1.248904192665104574e+03
1.249241527507182127e+03
1.249480195241299953e+03
1.250825634592166580e+03
1.251169769464657293e+03
1.251177002830342190e+03
1.251191202893852505e+03
1.252054906756803803e+03
1.252060173447026045e+03
1.252464975257518972e+03
1.253034077802853744e+03
1.253041677836845111e+03
1.253074411316580381e+03
1.254638084976842265e+03
1.254643451667511499e+03
1.254647051683612744e+03
1.254651851705081299e+03
1.254656085057348264e+03
1.254658818402906718e+03
1.255666356242494658e+03
1.257187963047944322e+03
1.257196663086855551e+03
1.257412330718104613e+03
1.257417430740914824e+03
1.257421397425322539e+03
1.258074433679387539e+03
1.258083933721876747e+03
1.258794336899184600e+03
1.258798336917074721e+03
1.258802336934964842e+03
1.259706040976818713e+03
1.259711941003206903e+03
1.259716474356815752e+03
1.259724274391701783e+03
1.259726674402435947e+03
1.260100642741691445e+03
1.260114709471272135e+03
1.260788445817919182e+03
1.262729054497372090e+03
1.264211294460084900e+03
1.265513700285148843e+03
1.267426742174641277e+03
1.268439813372311164e+03
1.268811048366008208e+03
1.268830715120635205e+03
1.269347484098572522e+03
1.270203221259225757e+03
1.270912291097236903e+03
1.270990124778684503e+03
1.271002124832355094e+03
1.271706294648450466e+03
1.271982795885113774e+03
1.272118363158110697e+03
1.272197430178408013e+03
1.272200196857448645e+03
1.275248143822851034e+03
1.275283743982074157e+03
1.276429249105393410e+03
1.276966384841088484e+03
1.277702421466376109e+03
1.279567296473773695e+03
1.279841197698808173e+03
1.280959769368332900e+03
1.280963736052740842e+03
1.281151670226617398e+03
1.281293937529580489e+03
1.286052492145746783e+03
1.287514565351596502e+03
1.288544769959229143e+03
1.289177106120712097e+03
1.289275939896083628e+03
1.290061976744999356e+03
1.290483078628394878e+03
1.290501112042383511e+03
1.290506512066535379e+03
1.290510912086214603e+03
1.290513578764808244e+03
1.290560412307606384e+03
1.290564212324602067e+03
1.290903180507317984e+03
1.292511321033126478e+03
1.292530421118552340e+03
1.295538801240323664e+03
1.296486072143698948e+03
1.296684973033291271e+03
1.296719406520629946e+03
1.296722939869766151e+03
1.298158746291469924e+03
1.300701890999123407e+03
1.300896358535554100e+03
1.300907058583410617e+03
1.302794900360194561e+03
1.302807900418337795e+03
1.304858176254948148e+03
1.305245577987618390e+03
1.305261744726591360e+03
1.305297411552779295e+03
1.306546450472491188e+03
1.306697351147400695e+03
1.306876685282813469e+03
1.306906652083507652e+03
1.306910885435774844e+03
1.306917018796540106e+03
1.306920485478711498e+03
1.307020685926862370e+03
1.307130253083572370e+03
1.307250120286350239e+03
1.307256620315421742e+03
1.307264287016378375e+03
1.307280153754009461e+03
1.310001599259120667e+03
1.310008199288639616e+03
1.312187742370069600e+03
1.312194442400035769e+03
1.312206042451917483e+03
1.313114746516134119e+03
1.313119179869295749e+03
1.313122179882713453e+03
1.314603586508365879e+03
1.315257389432526679e+03
1.316911496830590522e+03
1.318281102956210589e+03
1.318293269677293438e+03
1.320330512122277923e+03
1.320334945475439554e+03
1.320338345490646361e+03
1.320342245508089491e+03
1.321237516178891383e+03
1.321264682967062527e+03
1.321708918287256665e+03
1.323265525249245911e+03
1.323410659231696854e+03
1.323559059895425207e+03
1.323695893840753797e+03
1.323722527293206440e+03
1.323736427355374872e+03
1.323760594130128766e+03
1.324415963727963117e+03
1.325143333647821919e+03
1.325149100340280256e+03
1.325154233696572874e+03
1.325698469464022992e+03
1.326074204477846706e+03
1.326082171180144769e+03
1.328640649289711064e+03
1.328699282885285584e+03
1.330065922330970352e+03
1.330071055687262742e+03
1.330841925801677917e+03
1.330909792771882394e+03
1.331146227162678315e+03
1.331149993846191592e+03
1.331153827196669909e+03
1.331157793881077851e+03
1.331165927250787945e+03
1.331168360595004287e+03
1.331170827272703491e+03
1.331846863629637255e+03
1.332028497775336973e+03
1.332095498074998659e+03
1.332101098100044965e+03
1.332109464804131903e+03
1.332160231697855806e+03
1.332173298422963853e+03
1.332176765105135246e+03
1.332179698451588138e+03
1.332487699829137227e+03
1.334421708479070958e+03
1.338471626592497614e+03
1.343751050204938565e+03
1.343790683715534442e+03
1.345377157477770652e+03
1.345392990881919559e+03
1.346223027927627754e+03
1.347125898632421240e+03
1.347950668987907420e+03
1.347958002354039763e+03
1.347963969047392538e+03
1.348316103955663948e+03
1.348327037337897082e+03
1.348514538176502356e+03
1.350701714625406566e+03
1.350742814809228776e+03
1.351423151185394545e+03
1.351426117865329843e+03
1.353538093977897461e+03
1.353543294001154436e+03
1.354590198683479230e+03
1.355609603242808362e+03
1.355617269943764768e+03
1.357281044051729850e+03
1.357284544067383877e+03
1.357288310750897153e+03
1.357305977496579089e+03
1.358808750884462142e+03
1.359148919072545141e+03
1.360225590554669452e+03
1.360592492195652312e+03
1.361685497084161852e+03
1.361691397110550042e+03
1.361699330479365699e+03
1.362318966584047303e+03
1.362325199945259556e+03
1.362328533293501323e+03
1.362333633316311534e+03
1.362338500004744674e+03
1.363236770688964043e+03
1.363241337376055526e+03
1.363252704093560169e+03
1.365184446066689588e+03
1.365189712756911831e+03
1.365904849288722744e+03
1.365908382637859404e+03
1.365914449331659398e+03
1.366968254044844571e+03
1.366971554059604159e+03
1.366977220751615278e+03
1.367378689213866437e+03
1.369291731103358643e+03
1.369295397786424928e+03
1.369299831139586558e+03
1.369303931157924126e+03
1.369309697850382463e+03
1.369313497867378146e+03
1.369317597885715713e+03
1.369326331258109349e+03
1.369329197937597428e+03
1.374146152814960942e+03
1.374153319513681026e+03
1.374161719551250599e+03
1.374971489839648484e+03
1.374979989877665048e+03
1.374986456573254372e+03
1.375539959048817082e+03
1.378109637208475988e+03
1.378129903965786525e+03
1.378141837352492303e+03
1.378168370804497727e+03
1.378192670913181018e+03
1.378195737593563535e+03
1.378222171045121286e+03
1.378225104391574405e+03
1.379308409236700072e+03
1.381784786979068713e+03
1.381790087002773362e+03
1.381793687018874607e+03
1.381801487053760638e+03
1.381811653765898427e+03
1.384966034540663713e+03
1.385263335870356286e+03
1.385269235896744476e+03
1.385284002629455927e+03
1.387962114607422563e+03
1.387965881290936068e+03
1.387970114643203033e+03
1.387973281324032769e+03
1.390909661123780097e+03
1.391129895442120414e+03
1.391452830219792986e+03
1.391580897459245534e+03
1.395490048276417838e+03
1.395505481678777642e+03
1.395781516246687033e+03
1.396271518438242083e+03
1.396274785119519265e+03
1.396286551838813011e+03
1.396454752591097986e+03
1.398149560171195162e+03
1.399299331980263787e+03
1.399843367746819695e+03
1.400658238058027564e+03
1.400672371454573067e+03
1.400694538220381446e+03
1.400745271780622943e+03
1.400761171851736435e+03
1.400798672019457626e+03
1.401124273475723612e+03
1.401133273515976725e+03
1.401146140240190334e+03
1.402412479237277239e+03
1.402422145947178706e+03
1.404013353063918430e+03
1.404037586505636682e+03
1.405910494882297144e+03
1.405957095090718667e+03
1.405987561893649172e+03
1.406069828928258630e+03
1.406723565185454390e+03
1.408200505124462779e+03
1.408203471804398077e+03
1.408438606189379698e+03
1.408514773196706528e+03
1.408518639880667024e+03
1.409658978314211254e+03
1.413470795362720992e+03
1.413478928732431314e+03
1.413961330889994770e+03
1.413975064284751397e+03
1.413981697647752526e+03
1.413984264325898948e+03
1.415268470069562454e+03
1.415275003432116364e+03
1.415967006527128888e+03
1.415988039954535225e+03
1.416014106737786506e+03
1.416019940097209883e+03
1.416022973444109994e+03
1.416027040128965155e+03
1.417396112918866493e+03
1.417399079598801791e+03
1.417401912944807236e+03
1.417409246310939579e+03
1.417411679655156149e+03
1.417992348918889775e+03
1.417995048930965822e+03
1.417998448946172630e+03
1.418002215629685907e+03
1.418004948975244133e+03
1.418010048998054344e+03
1.418020482378051383e+03
1.418022882388785320e+03
1.418882286232504839e+03
1.421490764565699010e+03
1.421517131350291947e+03
1.421520564698981389e+03
1.421528931403068327e+03
1.421534698095526892e+03
1.421539731451371836e+03
1.421992633476995024e+03
1.422309734895244219e+03
1.422406901996494753e+03
1.423234739032363677e+03
1.423256839131207244e+03
1.423435539930453842e+03
1.423440873287641125e+03
1.423452540006487425e+03
1.423460473375303081e+03
1.423464206725334179e+03
1.425675383281579343e+03
1.425688850008476720e+03
1.425911317670139169e+03
1.425921751050136209e+03
1.426048751618151528e+03
1.426051651631122013e+03
1.426054318309715427e+03
1.426693887836883505e+03
1.426703321212407900e+03
1.426709721241032412e+03
1.427139389829409538e+03
1.429492667021205762e+03
1.429664767790933638e+03
1.430431171218705003e+03
1.430439837924133826e+03
1.430462504692178300e+03
1.430476404754346959e+03
1.431501509339169843e+03
1.432022845004198416e+03
1.432032478380617476e+03
1.432038811742277176e+03
1.434008487218398841e+03
1.434011887233605648e+03
1.435198625874676736e+03
1.436000929463012653e+03
1.436013096184095502e+03
1.436544331893402614e+03
1.436547565241197390e+03
1.436554798606882059e+03
1.437110101090495391e+03
1.437112934436500836e+03
1.440633650183048076e+03
1.440745817351387132e+03
1.440753717386720382e+03
1.440840884443245159e+03
1.441462220555530166e+03
1.441475787282874307e+03
1.442774793092731670e+03
1.442782626461100108e+03
1.442789559825443121e+03
1.442814193268950703e+03
1.442820726631504840e+03
1.443046227640067400e+03
1.443056094350863304e+03
1.443058961030351384e+03
1.444069965552110943e+03
1.444074832240544083e+03
1.444397933685628686e+03
1.444722535137422028e+03
1.445456438419834967e+03
1.445459505100217484e+03
1.445483605208006338e+03
1.447066045618869794e+03
1.447530247695033040e+03
1.448106850273911732e+03
1.450120125945037444e+03
1.450738995379623248e+03
1.450745395408247759e+03
1.453968376489830689e+03
1.453974209849253839e+03
1.453977843198837718e+03
1.453989043248930329e+03
1.454235477684451780e+03
1.454331978116054188e+03
1.455895951777657729e+03
1.455900251796889734e+03
1.458224862193806075e+03
1.459092632741612533e+03
1.461671310941524098e+03
1.463000383552523090e+03
1.464096255120520937e+03
1.464847758481650999e+03
1.464858591863436914e+03
1.465420727710946267e+03
1.467320169539611697e+03
1.467329569581653914e+03
1.467337936285740852e+03
1.468087972973644355e+03
1.468092672994665463e+03
1.468098406353641622e+03
1.468102039703225046e+03
1.468106006387632988e+03
1.470172315629286686e+03
1.470691117949651471e+03
1.471636055509257403e+03
1.472309891856351669e+03
1.472317225222483557e+03
1.472669660132096851e+03
1.472673193481233056e+03
1.472679260175033278e+03
1.472681760186214660e+03
1.473972199291090419e+03
1.473997432737281315e+03
1.474012532804817056e+03
1.474079366437066710e+03
1.474091299823772488e+03
1.474309300798790900e+03
1.474315500826520747e+03
1.474909070147950843e+03
1.478256651786814928e+03
1.478841087734062512e+03
1.478858887813673846e+03
1.478865754511052273e+03
1.478874487883446136e+03
1.478877787898205270e+03
1.480818829912929687e+03
1.481993035164611229e+03
1.482347370082722136e+03
1.483210607276919745e+03
1.483237907399020514e+03
1.483251207458505633e+03
1.484755480853097424e+03
1.484758847534821598e+03
1.484762847552711946e+03
1.486473721871334874e+03
1.486882457032753109e+03
1.486902990457923124e+03
1.487657327165058632e+03
1.488541931121486641e+03
1.488545931139376762e+03
1.488549697822890039e+03
1.488554764512217616e+03
1.490405939458340981e+03
1.490810674601869096e+03
1.492066613552441368e+03
1.492073480249819795e+03
1.492905383970543426e+03
1.493613053802292825e+03
1.496711267659182568e+03
1.499236912288566145e+03
1.499241678976552066e+03
1.499245445660065570e+03
1.500839986125047062e+03
1.500846386153671574e+03
1.500852719515331046e+03
1.501252954638732490e+03
1.501256487987868923e+03
1.503993933564541067e+03
1.504001000262813704e+03
1.504591736238238354e+03
1.504595269587374560e+03
1.504603536291014507e+03
1.504605969635231077e+03
1.505206805655828248e+03
1.505217139035378068e+03
1.505231239098441392e+03
1.505245372494986896e+03
1.506008842576304914e+03
1.506014242600456782e+03
1.506899613226980364e+03
1.506902646573880475e+03
1.506906479924358791e+03
1.506912946619947661e+03
1.506915746632470928e+03
1.506919613316431423e+03
1.506925146674513144e+03
1.506929680028121993e+03
1.507009580385479694e+03
1.508980955869204763e+03
1.509422024508569393e+03
1.509426224527354179e+03
1.511206832491196792e+03
1.511837468645076569e+03
1.512262903881186730e+03
1.512272537257605791e+03
1.513082974215652030e+03
1.514442113627792651e+03
1.514541114070576214e+03
1.514710281493851198e+03
1.514734581602534263e+03
1.514953049246306591e+03
1.514960849281192623e+03
1.515069949769148934e+03
1.518215830505897657e+03
1.518426664782195985e+03
1.518430331465262270e+03
1.519418102549775995e+03
1.519421135896676105e+03
1.522305282129472971e+03
1.522316915514837092e+03
1.522319748860842765e+03
1.526489434176599616e+03
1.526498667551229573e+03
1.526509900934804818e+03
1.526766468748981652e+03
1.526793668870635202e+03
1.528799777843040829e+03
1.528830311312936374e+03
1.529248446516396825e+03
1.531403289487354414e+03
1.531978558726936626e+03
1.531986292094857845e+03
1.532435894105721445e+03
1.532771662274124992e+03
1.536564079235867212e+03
1.536585445998097384e+03
1.538647121885695014e+03
1.539073723793689851e+03
1.541992636848649227e+03
1.541999570212992239e+03
1.542007770249667601e+03
1.544229546853322063e+03
1.544232280198880289e+03
1.548721500277103132e+03
1.548925067854234385e+03
1.548930801213210316e+03
1.548934934565030062e+03
1.550060172931038778e+03
1.550063172944456483e+03
1.550070572977553411e+03
1.551371478795908615e+03
1.551886014430523801e+03
1.551891014452886793e+03
1.551932247970638628e+03
1.551935847986739645e+03
1.552019381693681225e+03
1.552296882934816949e+03
1.552321449711359492e+03
1.553143320053875414e+03
1.553215653710723927e+03
1.553233287122923457e+03
1.553239653818065563e+03
1.553266353937482791e+03
1.553692922511995221e+03
1.553775089546157233e+03
1.553781156239957454e+03
1.554606059929373259e+03
1.554618593318762805e+03
1.554625993351859961e+03
1.555671831362747071e+03
1.555696064804465550e+03
1.556438168123553169e+03
1.556442968145021496e+03
1.556451234848661443e+03
1.556516701808131756e+03
1.556524235175158537e+03
1.559316914332198166e+03
1.560198218273866587e+03
1.560220451706640006e+03
1.560555519871913020e+03
1.560583553330626955e+03
1.561295823182950016e+03
1.561307489901796771e+03
1.564739171916803343e+03
1.564742905266834214e+03
1.566015444291651193e+03
1.567872519264162520e+03
1.568962924141043459e+03
1.570175462897506577e+03
1.571211734198939666e+03
1.573111609362876834e+03
1.575688920890009285e+03
1.575707220971857396e+03
1.580921944294923378e+03
1.580952044429547414e+03
1.580965044487690648e+03
1.580974444529732864e+03
1.581287179261785241e+03
1.581880981917592180e+03
1.582871753015523609e+03
1.583388088658189645e+03
1.583398355370774652e+03
1.583402955391348314e+03
1.584111558560605317e+03
1.584114791908400093e+03
1.584118791926290214e+03
1.584130091976830272e+03
1.584362393015806219e+03
1.584372493060978968e+03
1.584387226460208240e+03
1.584533360447131827e+03
1.585529164900908427e+03
1.586173501116062198e+03
1.587941209022209023e+03
1.587954109079905038e+03
1.588767212716544691e+03
1.590570554115397272e+03
1.590574487466322580e+03
1.591359490977283485e+03
1.591594958697089169e+03
1.592648030073661175e+03
1.592675663530586235e+03
1.593004365000717371e+03
1.593010298360587740e+03
1.593016365054387961e+03
1.593019365067805893e+03
1.595342908793284550e+03
1.595357508858583969e+03
1.595361842211298381e+03
1.595370075581455922e+03
1.595372542259154898e+03
1.595873944501697224e+03
1.595907477985010473e+03
1.595910277997533512e+03
1.595918044698937365e+03
1.595930411420914425e+03
1.596000678401853065e+03
1.596012278453734780e+03
1.596014978465810827e+03
1.596095478825852069e+03
1.596171912501037923e+03
1.596188512575282630e+03
1.596211712679045831e+03
1.596478880540631963e+03
1.596487780580437857e+03
1.596494447276921619e+03
1.596497347289891877e+03
1.597926653682524147e+03
1.599085358864880845e+03
1.599105958957015673e+03
1.599113025655288538e+03
1.599949296062209214e+03
1.599955196088597404e+03
1.600396831397162941e+03
1.600621665736077148e+03
1.602618974669124100e+03
1.605178319449232959e+03
1.605189052830571882e+03
1.605248553096689193e+03
1.606671392793732139e+03
1.606676559483507162e+03
1.607356995860120151e+03
1.607362529218201871e+03
1.607990032024733864e+03
1.608021032163383552e+03
1.608030065537119071e+03
1.608052598971233920e+03
1.608064265690080674e+03
1.608556967893711544e+03
1.612771553410286515e+03
1.612774553423704219e+03
1.613126688331975402e+03
1.614154292927979668e+03
1.619459016653576327e+03
1.620479154549518853e+03
1.620483421235268224e+03
1.620485887912967428e+03
1.620490554600505902e+03
1.620497187963507258e+03
1.620500154643442556e+03
1.621181857692387666e+03
1.622211628964749025e+03
1.622215895650498624e+03
1.622221962344298845e+03
1.622522630355715819e+03
1.622527830378972794e+03
1.622873998593891201e+03
1.622880898624752035e+03
1.622927765501032582e+03
1.622931998853299774e+03
1.622936798874768101e+03
1.622970299024598944e+03
1.623065566117351636e+03
1.623226266836092236e+03
1.624457872344498810e+03
1.624475939091969849e+03
1.624497372521165062e+03
1.626427447820173484e+03
1.626432247841641811e+03
1.626507814846285100e+03
1.626511781530692815e+03
1.626718449121688991e+03
1.626843049678969919e+03
1.627154184403866338e+03
1.627159617761500385e+03
1.629515661632337697e+03
1.632715209275780353e+03
1.633548246334906480e+03
1.636011557352167301e+03
1.636014790699961850e+03
1.636729793897843138e+03
1.636752060664098963e+03
1.638568268787165152e+03
1.638759269641424225e+03
1.638763369659761793e+03
1.638766936342380632e+03
1.639134304652117407e+03
1.639140271345470182e+03
1.639161204772429073e+03
1.639502039630160425e+03
1.640441843833473740e+03
1.640447543858967265e+03
1.642077151147453378e+03
1.642846421254712595e+03
1.642860521317775465e+03
1.643705958432361513e+03
1.644350227980550471e+03
1.644357594680164993e+03
1.645336799059697114e+03
1.645349132448192222e+03
1.645359932496495730e+03
1.645365132519753161e+03
1.646460104083725355e+03
1.647230374195456989e+03
1.649249483226005850e+03
1.649273016664593570e+03
1.649301683459473679e+03
1.649306683481836444e+03
1.649319716873462085e+03
1.649549217899914765e+03
1.651172558493706447e+03
1.651178858521883512e+03
1.651182391871019945e+03
1.651562426904075664e+03
1.652703532007715694e+03
1.652714765391290712e+03
1.652718565408286395e+03
1.652721498754739059e+03
1.652724332100744959e+03
1.652728332118635080e+03
1.652743665520547665e+03
1.652748298874603961e+03
1.652870732755527797e+03
1.653001833341880683e+03
1.653114867180762531e+03
1.653252867797976023e+03
1.655627511752002874e+03
1.656150714092046883e+03
1.656169080840859579e+03
1.657495186771923272e+03
1.657553587033120948e+03
1.659895497507412529e+03
1.660831935029001443e+03
1.661315203857107917e+03
1.661324603899150134e+03
1.661333903940744904e+03
1.662175074369581125e+03
1.662180074391944117e+03
1.662183807741974761e+03
1.662186707754945246e+03
1.662190607772388375e+03
1.662318808345770549e+03
1.662324708372158966e+03
1.662506209183928604e+03
1.663822448404196621e+03
1.665295954994515796e+03
1.665460655731146517e+03
1.665466222422710644e+03
1.666525260492635653e+03
1.666537627214612939e+03
1.671635350014389360e+03
1.672412853491805890e+03
1.672745721647239179e+03
1.675951469318411910e+03
1.676874606780515705e+03
1.676987173950643637e+03
1.677009574050829087e+03
1.677015540744182090e+03
1.678137245761054146e+03
1.679151283629713816e+03
1.680164054826041820e+03
1.680412955939262247e+03
1.680421422643796632e+03
1.680431222687627724e+03
1.681712995087074432e+03
1.681776362037152467e+03
1.683204268423522990e+03
1.683213901799942050e+03
1.684247906424570601e+03
1.684264406498367862e+03
1.685142043756969997e+03
1.685149510457031965e+03
1.685154910481183833e+03
1.685159443834792910e+03
1.685819146785341445e+03
1.688562125720095082e+03
1.688605825915546120e+03
1.688678692908113362e+03
1.689371029337950176e+03
1.692726777680006990e+03
1.692731677701922308e+03
1.692744377758723886e+03
1.693760115634987187e+03
1.693764582321631224e+03
1.693771082350702954e+03
1.693774582366356981e+03
1.693787015755299080e+03
1.693791015773189201e+03
1.693880749507860628e+03
1.695406622999059437e+03
1.695750157868866609e+03
1.696315027061934416e+03
1.696318593744553027e+03
1.696343460522437454e+03
1.696520761315422533e+03
1.696535161379827514e+03
1.696864962854878286e+03
1.696881796263499609e+03
1.697321998232321221e+03
1.697378765152880305e+03
1.697889534103982214e+03
1.697967301118465002e+03
1.698606970646080299e+03
1.699778075883896918e+03
1.699783275907154348e+03
1.700600546229096381e+03
1.700610379606409879e+03
1.701552750487869389e+03
1.703230124656661701e+03
1.703235258012954091e+03
1.703246191395187452e+03
1.705622502023335073e+03
1.706041637231267941e+03
1.706048337261234110e+03
1.708756916042131706e+03
1.708770749437335326e+03
1.709952254721666804e+03
1.709961354762367137e+03
1.709974654821852027e+03
1.709977921503129210e+03
1.710500490507007271e+03
1.710750091623358685e+03
1.710755558314475365e+03
1.710760191668531661e+03
1.712387665614142861e+03
1.712392632303023447e+03
1.712395298981616861e+03
1.712397998993692681e+03
1.715076644307378274e+03
1.715080144323032300e+03
1.715083411004309255e+03
1.715086944353445460e+03
1.715089544365074289e+03
1.715093444382517191e+03
1.715096011060663614e+03
1.715100377746860204e+03
1.715102911091523993e+03
1.715105744437529893e+03
1.715110011123279264e+03
1.716065515396811861e+03
1.717509788523049792e+03
1.719702931665306778e+03
1.719729298449900170e+03
1.720454001691165331e+03
1.721029437598159575e+03
1.721035670959371828e+03
1.721044604332660128e+03
1.722309909991792210e+03
1.722559444441178357e+03
1.722569611153316146e+03
1.722578711194016478e+03
1.722584377886027596e+03
1.722587411232927934e+03
1.722826378968387417e+03
1.722862812464671379e+03
1.722871945838853890e+03
1.722944446163114662e+03
1.722964646253460614e+03
1.723051079973371998e+03
1.723058380006021935e+03
1.723070780061481628e+03
1.723675749433899000e+03
1.724967455211106653e+03
1.724973288570529803e+03
1.724977421922349549e+03
1.724979755266118900e+03
1.724982188610335470e+03
1.724985788626436715e+03
1.724989455309502773e+03
1.724992655323815143e+03
1.724999155352886646e+03
1.725003922040872567e+03
1.725017955436970851e+03
1.725022688791474366e+03
1.725190789543311894e+03
1.726319294590597565e+03
1.726714196356812181e+03
1.726788430022158536e+03
1.726799963407075438e+03
1.726803163421387353e+03
1.726827363529623426e+03
1.726839096915434766e+03
1.726848696958371420e+03
1.726851496970894686e+03
1.726919797276370446e+03
1.727209898573860755e+03
1.727221231957883219e+03
1.727635400476935729e+03
1.727839901391574358e+03
1.727844334744736216e+03
1.727853401451953914e+03
1.727856068130547555e+03
1.727859201477894885e+03
1.727865301505177285e+03
1.727878301563320747e+03
1.728661505066230802e+03
1.728665705085015588e+03
1.728684671836512052e+03
1.729772743369623413e+03
1.729819943580728477e+03
1.729841110342064439e+03
1.729900677275146563e+03
1.731029715658150963e+03
1.731272216742747105e+03
1.731280016777632909e+03
1.731932753030356253e+03
1.732297754662841271e+03
1.732323421444303676e+03
1.732356988261099332e+03
1.733969162138280353e+03
1.735224301085274647e+03
1.736352172796394370e+03
1.736482273378274613e+03
1.736523773563885925e+03
1.737302343712739912e+03
1.737357077290871302e+03
1.737458811079213092e+03
1.737943546580546354e+03
1.738038180337132872e+03
1.738052213733231156e+03
1.738055747082367589e+03
1.739044018169117635e+03
1.739047418184324442e+03
1.739054684883491745e+03
1.739087251695814530e+03
1.739914755396859391e+03
1.739925122109891618e+03
1.740193889978633479e+03
1.740198356665277743e+03
1.740202223349238238e+03
1.740208223376073647e+03
1.740904426489870957e+03
1.740920093226607605e+03
1.742465133470197543e+03
1.742490066915046782e+03
1.742496933612424982e+03
1.742501333632104206e+03
1.742507066991080364e+03
1.742511133675935298e+03
1.742514700358554364e+03
1.742527433748838121e+03
1.742530067093949128e+03
1.743357704128923388e+03
1.744116774190562410e+03
1.744134740937586002e+03
1.744140307629150129e+03
1.745700947942511675e+03
1.746506718213019440e+03
1.746510784897874601e+03
1.746513818244774711e+03
1.746517518261323175e+03
1.756934498185030861e+03
1.768710284186055105e+03
1.777179622065519652e+03
1.777188888773632016e+03
1.780678571048047161e+03
1.780693271113793799e+03
1.781238073550445506e+03
1.784440654540788273e+03
1.785639359902047772e+03
1.785645859931119276e+03
1.787250367107344118e+03
1.792854225504166379e+03
1.792890659000450114e+03
1.795395970205558342e+03
1.795426603675901106e+03
1.795429770356730842e+03
1.797981648436777959e+03
1.798001248524439916e+03
1.798087448909974910e+03
1.798189882701447686e+03
1.798221982845016782e+03
1.801002828615798080e+03
1.803929308371266643e+03
1.803933741724428501e+03
1.804071775675124172e+03
1.805528582190751877e+03
1.805643382704201713e+03
1.806670287297075220e+03
1.815046024757908071e+03
1.816324997144831741e+03
1.816423864253685679e+03
1.822721025751334764e+03
1.822905459909557521e+03
1.824072165127694916e+03
1.825954373545950148e+03
1.831010862827974734e+03
1.834348244421218851e+03
1.834538111937075655e+03
1.834848579992323494e+03
1.837210923891338098e+03
1.837518391933168232e+03
1.838812597721557268e+03
1.842463414049984522e+03
1.847022467773874496e+03
1.847395602776069609e+03
1.847403669478814891e+03
1.848074839147315743e+03
1.851237353291791123e+03
1.851422620787074493e+03
1.851894322896781659e+03
1.852060823641463230e+03
1.853449129850720283e+03
1.854274433541925191e+03
1.855770773567701326e+03
1.858379085233483465e+03
1.858706986700036168e+03
1.860366894124040982e+03
1.860391127565759462e+03
1.866355620908869696e+03
1.868691131354536765e+03
1.868902432299589236e+03
1.868916065693898418e+03
1.869517868385485826e+03
1.869523535077496945e+03
1.869687102475725851e+03
1.869941803614887249e+03
1.870127971114195589e+03
1.870158471250608727e+03
1.870181538020442531e+03
1.870185804706192130e+03
1.870248904988410686e+03
1.870254238345597741e+03
1.870261071709493535e+03
1.870516139516961630e+03
1.871163575745980097e+03
1.871579544273083457e+03
1.871730044946203861e+03
1.872326747614981286e+03
1.872334747650761756e+03
1.872338447667310220e+03
1.872342181017341090e+03
1.873762454036237841e+03
1.874077022109823247e+03
1.877445070506892534e+03
1.877583271125000465e+03
1.877708938353719077e+03
1.879711180642163981e+03
1.880601851292391984e+03
1.886968579767848951e+03
1.890136360602546574e+03
1.895051982587869816e+03
1.897362826256547123e+03
1.897680861012304149e+03
1.899510269194408011e+03
1.899810837205377538e+03
1.899954771182461400e+03
1.899969804583032328e+03
1.900340806242352755e+03
1.900433706657853463e+03
1.900653774308781976e+03
1.902835650733981311e+03
1.908630043316308956e+03
1.910927220257194676e+03
1.910939986980961066e+03
1.911457989297747872e+03
1.911463322654934927e+03
1.911475489376017777e+03
1.911535089642582534e+03
1.911691123673784432e+03
1.912070025368437882e+03
1.912628361198951325e+03
1.912639061246807842e+03
1.912643961268723160e+03
1.915877575731198021e+03
1.919364391326125315e+03
1.920733597449956278e+03
1.920748997518833676e+03
1.922449705125319042e+03
1.922532738830024073e+03
1.924526781081794070e+03
1.924823982411039424e+03
1.927238059874767487e+03
1.927833895873002120e+03
1.931424445265216264e+03
1.935798364827752721e+03
1.936260400227558421e+03
1.936269566935223793e+03
1.936510701347040595e+03
1.937572406095559245e+03
1.939640982014017254e+03
1.941499756994132213e+03
1.941720991316944946e+03
1.949154124561941444e+03
1.952055537538631370e+03
1.952758707350254326e+03
1.954709616075774193e+03
1.954718749449956931e+03
1.955079017727938435e+03
1.955096751140585184e+03
1.958603333490586692e+03
1.960894410404189784e+03
1.971608124988388909e+03
1.971631891761353245e+03
1.972317094825952609e+03
1.973599967230319180e+03
1.974751239046096771e+03
1.974772372473950099e+03
1.974968006682265468e+03
1.974976973389036402e+03
1.978294454893276452e+03
1.979680161090904903e+03
1.980900599882701272e+03
1.982622674251417038e+03
1.994573994370857918e+03
2.011863538365726754e+03
2.011869271724702685e+03
2.011993105611888041e+03
2.019121804161954515e+03
2.022850420838346963e+03
2.027949176976078661e+03
2.029537117411541203e+03
2.031639760149031417e+03
2.034959074994804496e+03
2.044039448940486636e+03
2.044045782302146335e+03
2.047943433067884143e+03
2.049032871273774617e+03
2.049565340321931671e+03
2.051408781900133818e+03
2.052371386205421004e+03
2.052444919867637054e+03
2.054393995251624347e+03
2.054939031022652671e+03
2.064543440645439205e+03
2.065250577141469876e+03
2.065428044601866986e+03
2.072533309713793187e+03
2.076910729291983444e+03
2.086014570009288491e+03
2.104775153916777526e+03
2.104783453953899425e+03
2.106522461731683961e+03
2.106763429476088731e+03
2.107891234520243415e+03
2.109724376052378375e+03
2.109728809405539778e+03
2.118886583697398237e+03
2.118909317132407523e+03
2.122953535220341109e+03
2.125202345278236862e+03
2.125339345890978166e+03
2.126640951712463902e+03
2.126707785344713557e+03
2.127153287337239817e+03
2.127375421664077749e+03
2.127384488371295447e+03
2.129102596055603499e+03
2.129128362837513123e+03
2.131478640015891870e+03
2.132399544134673761e+03
2.134175452077495720e+03
2.134206152214803296e+03
2.135217456737904740e+03
2.136042793762592282e+03
2.137067698346520046e+03
2.137974135733932599e+03
2.140581680729618711e+03
2.141482118090195399e+03
2.151671530329430425e+03
2.152309866517749015e+03
2.154286275357319482e+03
2.155266546408289287e+03
2.156896320364186977e+03
2.156907053745526355e+03
2.157027920952776640e+03
2.157090587899723687e+03
2.159137297053714974e+03
2.162196077400903505e+03
2.163302782350687266e+03
2.163733117608712746e+03
2.190761771828822020e+03
2.193155615868722180e+03
2.198877341459377021e+03
2.212574102718709582e+03
2.212920604268451825e+03
2.215700416701278300e+03
2.215959851194942985e+03
2.222409313373763325e+03
2.223668685673024811e+03
2.229970280523835299e+03
2.239611390310764818e+03
2.240315493459895606e+03
2.240338826897588660e+03
2.240420860597821047e+03
2.240526094401817318e+03
2.241492165389276124e+03
2.241845166968090325e+03
2.243680775177924261e+03
2.243735242088196628e+03
2.243749375484741904e+03
2.243756442183014315e+03
2.244650479514967174e+03
2.249350933871277448e+03
2.250367871752907377e+03
2.250852173918969129e+03
2.250856973940437001e+03
2.250863907304780241e+03
2.250866707317303280e+03
2.252765282475425920e+03
2.254364256293569724e+03
2.256310764999410367e+03
2.256602532971021446e+03
2.257754038121176109e+03
2.258479208031194958e+03
2.258614941971603912e+03
2.263554230729444043e+03
2.268755987327849653e+03
2.270442661538236734e+03
2.272994739619178290e+03
2.274038377620225674e+03
2.275051515484860374e+03
2.288997244524377493e+03
2.297061947260761372e+03
2.297183647805072269e+03
2.298802521712219914e+03
2.301552900680070252e+03
2.301887868844896275e+03
2.301895168877545530e+03
2.301900502234732812e+03
2.302316237427458873e+03
2.302728872606320238e+03
2.302733072625104796e+03
2.303442909133211288e+03
2.306604789941521176e+03
2.307894562376748581e+03
2.309852204465717023e+03
2.310392206880900176e+03
2.313963422853311840e+03
2.313991589645955173e+03
2.315942498371475722e+03
2.318941278450310620e+03
2.319475814174377319e+03
2.320181483997180749e+03
2.320551285651134549e+03
2.328482787791772807e+03
2.347126904511691009e+03
2.347358105545747094e+03
2.348051541980503316e+03
2.349791283094901246e+03
2.351615424586782865e+03
2.360814232395498493e+03
2.367612496134348021e+03
2.369198703228725208e+03
2.369206836598435530e+03
2.369951539929152204e+03
2.370886577444479371e+03
2.371164212019544721e+03
2.371171712053088868e+03
2.371321179388254677e+03
2.372288017045809283e+03
2.372486851268437022e+03
2.377223772454513437e+03
2.377230139149655315e+03
2.379271048277705631e+03
2.383168732376926073e+03
2.385018940652058973e+03
2.387927120325679880e+03
2.387933787022163870e+03
2.388755024028513617e+03
2.388766224078606228e+03
2.390805899867807511e+03
2.392232939583635016e+03
2.392238739609575987e+03
2.392525740893201146e+03
2.392896442551179462e+03
2.393659312629813940e+03
2.394510483103376373e+03
2.396197590649034737e+03
2.396744926430350006e+03
2.396748626446898470e+03
2.399052703418644796e+03
2.401696381909272986e+03
2.403755757786583672e+03
2.407573308194069796e+03
2.408512045725944972e+03
2.411272491405486107e+03
2.411288358143117875e+03
2.411569492733836796e+03
2.412370729650735939e+03
2.412376429676229236e+03
2.412528763690882897e+03
2.414439305569193493e+03
2.414540406021370018e+03
2.415554377223064421e+03
2.416635782059692701e+03
2.419122059846339653e+03
2.419312994033633913e+03
2.427173795858062476e+03
2.434414294908161537e+03
2.437609775866748805e+03
2.438262612119919595e+03
2.444979842163009380e+03
2.446011413443421134e+03
2.452094273982600498e+03
2.452108740713969837e+03
2.452385475285010671e+03
2.455262054817298122e+03
2.457800599504377715e+03
2.457829632967564521e+03
2.457903133296297710e+03
2.460199810234947108e+03
2.461163681212566644e+03
2.462256819435006037e+03
2.465133932303012898e+03
2.465281232961820933e+03
2.467245141745484034e+03
2.467929044804268869e+03
2.468931249286669754e+03
2.468943016005964182e+03
2.468967682782953943e+03
2.470292288707308671e+03
2.471051525436359498e+03
2.477405320520638270e+03
2.477412587219805573e+03
2.477446987373661614e+03
2.483797849111487267e+03
2.483854382697669280e+03
2.489652841964852087e+03
2.490685979918937846e+03
2.505060810877631411e+03
2.512884112534339238e+03
2.513029413184201985e+03
2.522726923223384347e+03
2.528399115259165228e+03
2.529572820508610221e+03
2.530375924100524571e+03
2.530386324147038977e+03
2.530562458268139380e+03
2.532603234062260526e+03
2.539221463662566748e+03
2.539348030895310785e+03
2.539432031271005599e+03
2.539538298412956465e+03
2.539561031847965751e+03
2.540291001779453381e+03
2.540552302948133729e+03
2.542048976308733927e+03
2.542942380304520157e+03
2.547463333858006081e+03
2.547483700615764064e+03
2.551404451484817855e+03
2.551463518415664112e+03
2.559361853741295818e+03
2.561654730662949532e+03
2.561670930735404909e+03
2.561898631753807422e+03
2.561947765306892506e+03
2.564741011133133725e+03
2.564775111285647654e+03
2.566295951421001973e+03
2.568186426542896697e+03
2.568332293861961261e+03
2.568425994281039948e+03
2.568498794606642605e+03
2.568504227964276652e+03
2.569604699552848160e+03
2.573367516382202211e+03
2.573387949806925008e+03
2.576059428421890061e+03
2.577156166660430699e+03
2.578343738638562627e+03
2.578909041166901261e+03
2.578914407857570950e+03
2.579000008240422176e+03
2.583125626692421974e+03
2.584425499172822128e+03
2.584581199869199736e+03
2.584594433261720042e+03
2.584738367238804130e+03
2.585430236999886802e+03
2.585513570705933944e+03
2.587008577392412917e+03
2.588362083446024826e+03
2.588876652414122418e+03
2.590987061853016257e+03
2.591200829475767478e+03
2.592534902109129234e+03
2.592550935514172579e+03
2.592554602197238637e+03
2.592651402630182929e+03
2.595826250163152963e+03
2.595835850206090072e+03
2.595893483797191948e+03
2.605530193564442015e+03
2.607151934151077512e+03
2.612070556149818003e+03
2.614077065124012279e+03
2.618800786251050795e+03
2.623190205882912323e+03
2.623609874426563692e+03
2.624025509618842989e+03
2.625307082017395260e+03
2.625325948768444050e+03
2.629933536042735795e+03
2.631021374241470767e+03
2.633615152508918072e+03
2.634311388956197789e+03
2.634347555784622273e+03
2.634357122494076521e+03
2.637709504154408933e+03
2.637806337920835176e+03
2.638479440931316276e+03
2.638483907617960540e+03
2.638548607907335281e+03
2.638904809500461397e+03
2.639103843723983573e+03
2.639111010422703657e+03
2.639163077322241406e+03
2.639251444384133720e+03
2.639405378405943338e+03
2.639542745686990656e+03
2.639900247285931528e+03
2.640027447854841284e+03
2.640666584046738080e+03
2.640671450735171220e+03
2.640707484229665624e+03
2.640767451164536851e+03
2.640897151744627990e+03
2.640976385432337338e+03
2.641248186647979765e+03
2.641292553513078929e+03
2.643786798002024170e+03
2.648986687925414117e+03
2.649507790256065618e+03
2.654513445977401716e+03
2.661973646010122138e+03
2.665190993733176583e+03
2.665693229312779295e+03
2.665801163128850931e+03
2.673952266251664241e+03
2.678971455366861846e+03
2.679171456261374260e+03
2.686079987160065230e+03
2.686096853902168732e+03
2.686167720885791368e+03
2.691831812885343879e+03
2.691867779712873471e+03
2.693735521399758909e+03
2.696625900993768028e+03
2.699800315191467689e+03
2.702194025897437768e+03
