2.300097642883824989e+01
3.116674628391563218e+01
3.882344719549439560e+01
4.134465847171630060e+01
4.134945849318459210e+01
4.135222517222534577e+01
4.183942735125728518e+01
4.184656071649489206e+01
4.203202821267261413e+01
4.203609489752769690e+01
5.107506865804572982e+01
5.115970236990684583e+01
5.116470239226966044e+01
5.117123575482371933e+01
5.117433576868866396e+01
5.252810849015992289e+01
5.253114183706002649e+01
6.118951389532116991e+01
6.202491763169899741e+01
6.342332388612891947e+01
6.728660783149311442e+01
7.230316360157999611e+01
8.515618775392978534e+01
8.709702976775945160e+01
9.661517233804650573e+01
9.866918152468770131e+01
1.225081548121502237e+02
1.283479142640497059e+02
1.329629015714383229e+02
1.329667349219164976e+02
1.330763354121092163e+02
1.367402517991270656e+02
1.378356900318533178e+02
1.417162073876279749e+02
1.763544956421408472e+02
1.763574956555585516e+02
1.781942372037945574e+02
1.781990705587452908e+02
1.919507320636211887e+02
1.920443658157353468e+02
1.968021870952881613e+02
1.968200871753470267e+02
1.968250538642274421e+02
2.123287565385133746e+02
2.142167983161918130e+02
2.175336464842660291e+02
2.175370131659903166e+02
2.321612785736233491e+02
2.321651785910663364e+02
2.376828366023537740e+02
2.390991429368425258e+02
2.391096763172868407e+02
2.392814437521904836e+02
2.393234439400380609e+02
2.446752678762923949e+02
2.493768222375223900e+02
2.576353925076534779e+02
2.794975569537565434e+02
2.836112086855677035e+02
2.840880441515674306e+02
2.851614156189324376e+02
2.853795499278805323e+02
2.853910166458325648e+02
2.855956842278835097e+02
2.882375627104611340e+02
2.962114650407364138e+02
2.962218317537685834e+02
3.153595840148253160e+02
3.153627840291374582e+02
3.153654840412133922e+02
3.153690173903497680e+02
3.153714507345663378e+02
3.153768507587182057e+02
3.155239847501143799e+02
3.155267514291551265e+02
3.155293514407837847e+02
3.155315181171410472e+02
3.155338847943927476e+02
3.155363848055741869e+02
3.155389181502379756e+02
3.155422181649974505e+02
3.155498848659537430e+02
3.211100430673250230e+02
3.227913505870425865e+02
3.279833071416167627e+02
3.281914747393216203e+02
3.281940747509502785e+02
3.281964080947195725e+02
3.282008081143988534e+02
3.282039747952286461e+02
3.396907261702001506e+02
3.424087383266221423e+02
3.463953228234531707e+02
3.539122897767326776e+02
3.560814661451305483e+02
3.560857661643625534e+02
3.560885995103681694e+02
3.562975671116510625e+02
3.588314117777096612e+02
3.588348784598812244e+02
3.642632027382864521e+02
3.650462062403020695e+02
3.712044337832299448e+02
3.744573149985426426e+02
3.811229114773657898e+02
3.865431357195432724e+02
3.933029659531641187e+02
4.123300510525906475e+02
4.171486059371104034e+02
4.171513726161511499e+02
4.171539392942974018e+02
4.282224887988436990e+02
4.406250109363045340e+02
4.406306109613508966e+02
4.530278997420720088e+02
4.867133837351283319e+02
4.894252625307853464e+02
4.934748806428701187e+02
4.934807806692582517e+02
4.934832806804396341e+02
4.934899807104057459e+02
4.959873585466983172e+02
4.959911918971764635e+02
5.042004952802926709e+02
5.042041286298763225e+02
5.042084953160731970e+02
5.042124620004810254e+02
5.149347099561792902e+02
5.181978578840769387e+02
5.183301918092791993e+02
5.395366866562062569e+02
5.395395866691766287e+02
5.533809819087238111e+02
5.533883486083382195e+02
5.548667885540554607e+02
5.548804886153295683e+02
5.548928553373069690e+02
5.570617983713278818e+02
5.570655317213587523e+02
5.570764651035919997e+02
5.570796651179043693e+02
5.570830317996285430e+02
5.570865651487649757e+02
5.570911985028211575e+02
5.633416264581192081e+02
5.786293281663319021e+02
5.786326615145737833e+02
5.786367948663936431e+02
5.786409948851784293e+02
5.786442948999379041e+02
5.786483282513105451e+02
5.786521949352711545e+02
5.835563835361245992e+02
5.835589502142707943e+02
5.850948904171603999e+02
5.930016924473267181e+02
5.946834999692805468e+02
6.042289759951510177e+02
6.042348426880566876e+02
6.046243444301193222e+02
6.117902098130825834e+02
6.118003431917378521e+02
6.118045765440050445e+02
6.149099570996148714e+02
6.207061496899930262e+02
6.260778403817689650e+02
6.318538328818013952e+02
6.318598995756016166e+02
6.375416916543188108e+02
6.383483619288517730e+02
6.401446366294313748e+02
6.401476033093666729e+02
6.401518699951162716e+02
6.401554366777349969e+02
6.401606033675100207e+02
6.539255982653533010e+02
6.540008319351724140e+02
6.540057986240527725e+02
6.540097986419430072e+02
6.540998323779559769e+02
6.551046035385032837e+02
6.551076368854033944e+02
6.553747047465420792e+02
6.553807714403424143e+02
6.553840381216193691e+02
6.553875714707558018e+02
6.553914381547164112e+02
6.582496842716738001e+02
6.652554822720622951e+02
6.688209315520152813e+02
6.688238315649857668e+02
6.794876792594865265e+02
6.795074460145608555e+02
6.807226847830997940e+02
6.807279848068044430e+02
6.807408181975356456e+02
6.807454848850743474e+02
6.807504849074371123e+02
6.807557515976592413e+02
6.807602182843033916e+02
6.807646183039826155e+02
6.832338293476313993e+02
6.846925358717566041e+02
6.846953025507974644e+02
6.846991359012755538e+02
6.847027025838943928e+02
6.847067692687495537e+02
6.847112026219111840e+02
6.850694708909475139e+02
6.850767709235972234e+02
6.870047795466957723e+02
6.872355472454803476e+02
6.873168476090996819e+02
6.910761644227998204e+02
6.962139207349612207e+02
7.026009159677287244e+02
7.053001947070314372e+02
7.053104280861340385e+02
7.053173614504771649e+02
7.053200614625530989e+02
7.405068855037482081e+02
7.534745768356183362e+02
7.575815285374634414e+02
7.575935285911341452e+02
7.741182358319053947e+02
7.741213358457702043e+02
7.741269692042991437e+02
7.741310358891541910e+02
7.741389025910050350e+02
7.741481359656349923e+02
7.741529026536207994e+02
7.752677743065970617e+02
7.752709409874269113e+02
7.752749076718347396e+02
7.848909506799856217e+02
7.856351540084657472e+02
7.902407746072947248e+02
7.902435079528530650e+02
7.902459746305521548e+02
7.902489413104873393e+02
7.986417788478009925e+02
7.986446788607713643e+02
7.986506455541243668e+02
7.986536789010244775e+02
7.986571455831959838e+02
7.986609122667093743e+02
7.986659122890721392e+02
7.986699123069624875e+02
7.986750123297724713e+02
7.986806790217837033e+02
7.986850123744981147e+02
7.992580482707581950e+02
7.992620816221309497e+02
7.992687816520970046e+02
7.992717483320323026e+02
7.992817150432755398e+02
7.992873484018042518e+02
7.992907817504933519e+02
7.992959151067858556e+02
7.993049818140037814e+02
8.019296268861709223e+02
8.060614786993827465e+02
8.088456911518882180e+02
8.197321398419811658e+02
8.197352731893284954e+02
8.197393065407012500e+02
8.197434398925211099e+02
8.197469065746927299e+02
8.197545732756490224e+02
8.197625733114293780e+02
8.233820561663832223e+02
8.407416671412959204e+02
8.407476005011665166e+02
8.429498770176061271e+02
8.429540103694261006e+02
8.429582770551755857e+02
8.429613437355581027e+02
8.429640437476340367e+02
8.429668104266747832e+02
8.429696771061628624e+02
8.458128231555847378e+02
8.495237730862953640e+02
8.508530790316712000e+02
8.510459132274635294e+02
8.510509799167911069e+02
8.510534465944901967e+02
8.510584132833705553e+02
8.510638799744872358e+02
8.510688799968500007e+02
8.529521550865424615e+02
8.537813254617080929e+02
8.537976588680932082e+02
8.924720318408290041e+02
8.926839994555294879e+02
9.040542836429300451e+02
9.096626753933612690e+02
9.205079905661494877e+02
9.252937786374515099e+02
9.254514793427745190e+02
9.256311134795288353e+02
9.256736136696127915e+02
9.256777803549151713e+02
9.257075804881975500e+02
9.257811474838955519e+02
9.257871141772485544e+02
9.274766550671234882e+02
9.274838884328083850e+02
9.274863217770249548e+02
9.280838244493803586e+02
9.280863244605618547e+02
9.354189239225834172e+02
9.362555609978106759e+02
9.579073245028868087e+02
9.579101578488923678e+02
9.579117911895309589e+02
9.581201254546479049e+02
9.581261921484481263e+02
9.581289588274888729e+02
9.581316921730472131e+02
9.613868400651643924e+02
9.621626435349775193e+02
9.622390772101637140e+02
9.622419105561691595e+02
9.635506830763753214e+02
9.635548164281951813e+02
9.635783832002651934e+02
9.635808165444817632e+02
9.638938846113583168e+02
9.642659529421159732e+02
9.642719529689513820e+02
9.643093864697076469e+02
9.655709921122911510e+02
9.656254923560458110e+02
9.755846368987323558e+02
9.755949036113172497e+02
9.755975702899108910e+02
9.765249077707994729e+02
9.765429411847879919e+02
9.817150643173230264e+02
9.937818849533450702e+02
1.002293789689858386e+03
1.002319289803908646e+03
1.002354689962237330e+03
1.002362889998912351e+03
1.002365690011435504e+03
1.002510323991650239e+03
1.009434888295384326e+03
1.012638035954928455e+03
1.016019851080236776e+03
1.027192167715552614e+03
1.027218667834075404e+03
1.027221767847940100e+03
1.027229467882379140e+03
1.027236701248063810e+03
1.027241667936944168e+03
1.027248534634322596e+03
1.027253101321413851e+03
1.027259768017897613e+03
1.027272901409970473e+03
1.027275868089905771e+03
1.027278401434569560e+03
1.027280934779233348e+03
1.027322801633151357e+03
1.027329468329635120e+03
1.027353635104388786e+03
1.035917506739992632e+03
1.036032207252995477e+03
1.037602280941881872e+03
1.043491173946866638e+03
1.045320848796829978e+03
1.045324348812483549e+03
1.045812150994199328e+03
1.045919551474552463e+03
1.054670523946972708e+03
1.054681823997512538e+03
1.054684390675658960e+03
1.054686657352463271e+03
1.054690090701152485e+03
1.054692524045369055e+03
1.054695557392269166e+03
1.054699890744983577e+03
1.054705557436994695e+03
1.055553261228385054e+03
1.055558227917265413e+03
1.055936696276647353e+03
1.057258635522408895e+03
1.057411436205816244e+03
1.057729604295502895e+03
1.057798371269732570e+03
1.057801171282256064e+03
1.057804404630050385e+03
1.057807004641679214e+03
1.057811171326981594e+03
1.057813571337715530e+03
1.058249839955611833e+03
1.058592374820946588e+03
1.058595808169635575e+03
1.058606108215702989e+03
1.058609908232698899e+03
1.064616168429279696e+03
1.068912054309473888e+03
1.068915254323786257e+03
1.068987687981081990e+03
1.069131388623789235e+03
1.073916143357136207e+03
1.075278849451895894e+03
1.075818285197877913e+03
1.076465154757695245e+03
1.076468154771113177e+03
1.076472121455520892e+03
1.076476321474305678e+03
1.076483688173920200e+03
1.076490654871745846e+03
1.076495154891872289e+03
1.076513521640684985e+03
1.076527421702853644e+03
1.076534988403362604e+03
1.078066895254879455e+03
1.078071628609382969e+03
1.078076061962544600e+03
1.078079695312128251e+03
1.078083095327335059e+03
1.078093795375191348e+03
1.078098062060940947e+03
1.078465363703712910e+03
1.078468797052401897e+03
1.078473630407352630e+03
1.078477063756041844e+03
1.078480897106519933e+03
1.078500830529006180e+03
1.078505463883062475e+03
1.078510530572390053e+03
1.078515997263506961e+03
1.078521863956412517e+03
1.078527330647529197e+03
1.078533697342671076e+03
1.078542764049889001e+03
1.078550864086116690e+03
1.079252900559337149e+03
1.079263667274158706e+03
1.079383301142559276e+03
1.081410443542371240e+03
1.087124635765999301e+03
1.087902372577792676e+03
1.088033239829768490e+03
1.088084706726622926e+03
1.098807921353311485e+03
1.099657325152305248e+03
1.099660325165722725e+03
1.106868857406182087e+03
1.106872124087459042e+03
1.109923071066279135e+03
1.112389982099640974e+03
1.112466382441344649e+03
1.112514049321203629e+03
1.112622783140853244e+03
1.112626283156507270e+03
1.113938155690578242e+03
1.114307357341847819e+03
1.114590058606240973e+03
1.114597358638890910e+03
1.114599958650519284e+03
1.114602391994735854e+03
1.114604992006364455e+03
1.114610358697033917e+03
1.114612992042145152e+03
1.118107374337581405e+03
1.121539156353035423e+03
1.123507231822000904e+03
1.125784375339953158e+03
1.128428987168088952e+03
1.128434453859205860e+03
1.128438253876201543e+03
1.128441353890066466e+03
1.128445787243228096e+03
1.128449953928530476e+03
1.129821060060859509e+03
1.132609239197772922e+03
1.135002749902848791e+03
1.142981385587627301e+03
1.142985152271140578e+03
1.143032752484034745e+03
1.143117952865096868e+03
1.143122519552188351e+03
1.143250986793430002e+03
1.143254886810872904e+03
1.145959298906468121e+03
1.147597139565111547e+03
1.150862820837673098e+03
1.150907321036702115e+03
1.151434823395978356e+03
1.151437290073677104e+03
1.154003368217234765e+03
1.157946619186921453e+03
1.162234671698747434e+03
1.163794678675943260e+03
1.164144680241339756e+03
1.165028384193742113e+03
1.165030950871888535e+03
1.165034384220577749e+03
1.165036750897829279e+03
1.165047950947921890e+03
1.165050450959103273e+03
1.165056150984597025e+03
1.165058750996225626e+03
1.170104973565665205e+03
1.172377950398314852e+03
1.192933775668428552e+03
1.193619578735711229e+03
1.193788012822373048e+03
1.203582723296288123e+03
1.204087892222343726e+03
1.204491394027022125e+03
1.204494760708746526e+03
1.204498460725294990e+03
1.204500860736029381e+03
1.211501625380572477e+03
1.213438067374723005e+03
1.213441234055552741e+03
1.213447067414975891e+03
1.213450200762323448e+03
1.213453100775293706e+03
1.213456634124430138e+03
1.213460700809285072e+03
1.214005536579419186e+03
1.214008236591495006e+03
1.214866907098601132e+03
1.214875473803582736e+03
1.214878473817000440e+03
1.214887140522429263e+03
1.215857278194743685e+03
1.215860378208608381e+03
1.215863511555955938e+03
1.224643517491562989e+03
1.224814718257265440e+03
1.225490254611963110e+03
1.225493087957968555e+03
1.225496421306210550e+03
1.225499654654005099e+03
1.225503321337071156e+03
1.225506854686207589e+03
1.225510621369720866e+03
1.225809689373981655e+03
1.225818356079410478e+03
1.225822022762476536e+03
1.225825556111612968e+03
1.225828956126819776e+03
1.225834689485795479e+03
1.225838222834932139e+03
1.225846356204642234e+03
1.225852189564065611e+03
1.225855922914096254e+03
1.225860756269047215e+03
1.225866356294093521e+03
1.225870689646807932e+03
1.228196666716503387e+03
1.228262800345622054e+03
1.228270700380955304e+03
1.229344305182697326e+03
1.235947134714125923e+03
1.235949701392272118e+03
1.235954668081152477e+03
1.236683838009062129e+03
1.236689138032766550e+03
1.236691671377430339e+03
1.236771838402647518e+03
1.241625993446390339e+03
1.244672940407320084e+03
1.245158009243477409e+03
1.249280961016883339e+03
1.265113731829606877e+03
1.272488264812511034e+03
1.273526569456371817e+03
1.273784803944669420e+03
1.273787837291569758e+03
1.273790970638917088e+03
1.273794670655465552e+03
1.273841237530404442e+03
1.273846270886249613e+03
1.274042305096354085e+03
1.275769979490115929e+03
1.276936118039052417e+03
1.277024951769698191e+03
1.277028151784010333e+03
1.277090152061309254e+03
1.285320222203972435e+03
1.289887909299808825e+03
1.294488363208862893e+03
1.294492063225411357e+03
1.295203833075498096e+03
1.296299171307776987e+03
1.297211942056848784e+03
1.297217542081895090e+03
1.297479476586741612e+03
1.297482743268018567e+03
1.297486609951979062e+03
1.297490843304246255e+03
1.297494409986864866e+03
1.297497776668589268e+03
1.297543710207362210e+03
1.297547110222569017e+03
1.297976378809157268e+03
1.298789149110972630e+03
1.298793082461898166e+03
1.298795915807903611e+03
1.298809615869177833e+03
1.298817149236204386e+03
1.298829682625593932e+03
1.298834582647509478e+03
1.298839782670766681e+03
1.298846416033768037e+03
1.298852549394533071e+03
1.298858282753509229e+03
1.298865449452229086e+03
1.299003750070784463e+03
1.299013583448097961e+03
1.299304451415683616e+03
1.299307751430443204e+03
1.301173059773111845e+03
1.301176159786976768e+03
1.301179559802183576e+03
1.301183159818284821e+03
1.301193093196045538e+03
1.301204393246585596e+03
1.301208559931887748e+03
1.301212526616295690e+03
1.301217159970351986e+03
1.301226626679358787e+03
1.301232426705299531e+03
1.301237160059803273e+03
1.301276260234680194e+03
1.301582528271143474e+03
1.301585861619385469e+03
1.301588361630566624e+03
1.301590961642195225e+03
1.301593694987753679e+03
1.301598795010563663e+03
1.301601661690051742e+03
1.301604495036057415e+03
1.301617695095095087e+03
1.301620595108065572e+03
1.301623861789342754e+03
1.301632395160841725e+03
1.301636061843907783e+03
1.301639761860456247e+03
1.302581199404408153e+03
1.303088401672891223e+03
1.303241302356746019e+03
1.304073606079258752e+03
1.304327540548324578e+03
1.304330773896119126e+03
1.304337273925190857e+03
1.304340607273432624e+03
1.304343840621227400e+03
1.304351307321289141e+03
1.304800442663398826e+03
1.304805042683972715e+03
1.304817042737643305e+03
1.306473650146888531e+03
1.306476583493341650e+03
1.306482116851422916e+03
1.306493650236339818e+03
1.307391587585735124e+03
1.307394687599600275e+03
1.307399054285797092e+03
1.307401854298320131e+03
1.307406887654165530e+03
1.307410954339020464e+03
1.307492754704876006e+03
1.307496421387942064e+03
1.307499954737078497e+03
1.307508088106788819e+03
1.307512021457713900e+03
1.307516054809086654e+03
1.307524154845314342e+03
1.307532721550295946e+03
1.307540054916428289e+03
1.307549488291952684e+03
1.307555288317893655e+03
1.307560321673738827e+03
1.307667622153644515e+03
1.307670255498755523e+03
1.307674155516198653e+03
1.307680888879647227e+03
1.307686055569422251e+03
1.307705755657531654e+03
1.307708989005326430e+03
1.310004499272091152e+03
1.320321078746753756e+03
1.322075486593415235e+03
1.322078753274692417e+03
1.322137320203302124e+03
1.322140786885473517e+03
1.322143953566303480e+03
1.322148686920806767e+03
1.322151853601636503e+03
1.322159353635180878e+03
1.323420859277317049e+03
1.323544326496195936e+03
1.324749565220009345e+03
1.325123666893194695e+03
1.325127433576707972e+03
1.325130566924055529e+03
1.325135700280347919e+03
1.325139633631273455e+03
1.325143500315233723e+03
1.326126104709972651e+03
1.326131471400642113e+03
1.326136471423004878e+03
1.326140271440000788e+03
1.326144538125750387e+03
1.326148038141404186e+03
1.326153104830731763e+03
1.326157438183446175e+03
1.326161538201783969e+03
1.326234771862657681e+03
1.326348039035916599e+03
1.326352072387289127e+03
1.326358172414571754e+03
1.326360572425305918e+03
1.326424639378514712e+03
1.326443639463493355e+03
1.326453806175631144e+03
1.326456772855566442e+03
1.326472939594539412e+03
1.326478272951726467e+03
1.326482239636134409e+03
1.326489273000924641e+03
1.326991875248834049e+03
1.328217080728616111e+03
1.328223680758135288e+03
1.328227714109507815e+03
1.328233480801966152e+03
1.328235914146182722e+03
1.328238447490846738e+03
1.328244414184199741e+03
1.328986584170252399e+03
1.328989550850187698e+03
1.328993484201112778e+03
1.329000350898491206e+03
1.329003617579768161e+03
1.329007617597658509e+03
1.329012850954398345e+03
1.329016950972735685e+03
1.329172651669113520e+03
1.330849359168257251e+03
1.330857325870555314e+03
1.330859892548701737e+03
1.331111960342751900e+03
1.331347994731758945e+03
1.331613462585741672e+03
1.338803361409528634e+03
1.340321734867183523e+03
1.340342834961554445e+03
1.353547060684667940e+03
1.353596260904717838e+03
1.359455087108560974e+03
1.359461053801913977e+03
1.359819022069608536e+03
1.359822155416955866e+03
1.359830355453631000e+03
1.360217557185406577e+03
1.360220357197929843e+03
1.360435058158188667e+03
1.360599992229196687e+03
1.361978998396858742e+03
1.363331137777691538e+03
1.363541205383894294e+03
1.364369675755928938e+03
1.365135745848875786e+03
1.369998667598494876e+03
1.370013100996382036e+03
1.377324367029655832e+03
1.378101170503941603e+03
1.378104003849947048e+03
1.378108870538380188e+03
1.378846607171271216e+03
1.387755747017768499e+03
1.388385183166280967e+03
1.388388049845769046e+03
1.390009690431956869e+03
1.390014523786907830e+03
1.391714964725533719e+03
1.393801707391909986e+03
1.395628848897209309e+03
1.397234289410941983e+03
1.397236889422570812e+03
1.397252289491448209e+03
1.397255089503971249e+03
1.397258122850871587e+03
1.397265422883521069e+03
1.397268889565692689e+03
1.397272656249205966e+03
1.397276922934955564e+03
1.397281222954187569e+03
1.397285689640831833e+03
1.397296056353863833e+03
1.397304856393222508e+03
1.397314089767852465e+03
1.397685224761102290e+03
1.397688358108449847e+03
1.397691258121420105e+03
1.397694558136179694e+03
1.397699524825060053e+03
1.397703691510362205e+03
1.397713424887228484e+03
1.397721891591762869e+03
1.397725891609653218e+03
1.397730658297639138e+03
1.397741925014696562e+03
1.397747425039295649e+03
1.397752158393799164e+03
1.397756991748749897e+03
1.397763991780057950e+03
1.397770158474305163e+03
1.397781958527081542e+03
1.398235860557177148e+03
1.399350232207917088e+03
1.399352632218651252e+03
1.399355232230280080e+03
1.399357798908426048e+03
1.399365832277689151e+03
1.399971734987614127e+03
1.400090435518507093e+03
1.400093502198889837e+03
1.400097202215438301e+03
1.400100868898504132e+03
1.400104768915947261e+03
1.400110635608853045e+03
1.400119235647316827e+03
1.400123402332619435e+03
1.400132235705460289e+03
1.400137169060858014e+03
1.400142469084562663e+03
1.400149102447564019e+03
1.400154102469926784e+03
1.400161502503023939e+03
1.400167469196376942e+03
1.400174169226342883e+03
1.400180969256756498e+03
1.400191569304165341e+03
1.400241269526451788e+03
1.401487575100605000e+03
1.401492875124309649e+03
1.401947277156641803e+03
1.401952043844627497e+03
1.401955277192422272e+03
1.401958510540216821e+03
1.401965277237147802e+03
1.401969910591203870e+03
1.403365516833110860e+03
1.403451583884716001e+03
1.403454050562414750e+03
1.403464817277236079e+03
1.403528450895173364e+03
1.403533050915747253e+03
1.403580617795158560e+03
1.403585784484933583e+03
1.403597317869850485e+03
1.403600717885057065e+03
1.403609184589591678e+03
1.403618784632528104e+03
1.403623617987478838e+03
1.403629984682620716e+03
1.404318821096803504e+03
1.404322754447729039e+03
1.404326521131242316e+03
1.404330854483956728e+03
1.404334854501846849e+03
1.404347587892131060e+03
1.404355054592192801e+03
1.404359287944459993e+03
1.405745027475570623e+03
1.405748927493013525e+03
1.405876994732466301e+03
1.405912628225172057e+03
1.405922594936415180e+03
1.405926161619034019e+03
1.405929994969512109e+03
1.405933694986060573e+03
1.406243263037283214e+03
1.406484997451783556e+03
1.406491397480408068e+03
1.406499397516188537e+03
1.406594497941529198e+03
1.406598297958524881e+03
1.406601097971048148e+03
1.406604831321079018e+03
1.406611898019351656e+03
1.406620198056474010e+03
1.406674998301570440e+03
1.406678198315882582e+03
1.406683065004315722e+03
1.406689065031150903e+03
1.406692065044568835e+03
1.406694565055749990e+03
1.406702565091530687e+03
1.406764898703653671e+03
1.406871665847840859e+03
1.406944766174785173e+03
1.408003737577745142e+03
1.408068937869356205e+03
1.408171704995653272e+03
1.408174438341211498e+03
1.408921375015250078e+03
1.408924375028667555e+03
1.408927941711286621e+03
1.408934308406428272e+03
1.408941541772113396e+03
1.408952608488276383e+03
1.408957475176709522e+03
1.408963941872298619e+03
1.408971275238430735e+03
1.408975108588908824e+03
1.408980775280919943e+03
1.411406119461705657e+03
1.411761921053043125e+03
1.411766087738345504e+03
1.412057122373343418e+03
1.412059855718901645e+03
1.412962259754941215e+03
1.412967526445163230e+03
1.412970726459475600e+03
1.412974926478260159e+03
1.412980626503753911e+03
1.412984326520302375e+03
1.412988426538639715e+03
1.412994059897168654e+03
1.412997893247646743e+03
1.423500773555547539e+03
1.427834326270874726e+03
1.427859626384030662e+03
1.427863393067543939e+03
1.427865859745242915e+03
1.427869193093484682e+03
1.427871893105560730e+03
1.428278061588832770e+03
1.429729768081650263e+03
1.429732701428103155e+03
1.430485971463801206e+03
1.430718939172425507e+03
1.430721672517983961e+03
1.430724139195682937e+03
1.430874239867014239e+03
1.430877739882668266e+03
1.430886206587202651e+03
1.430889973270715927e+03
1.430897706638637146e+03
1.430901506655632829e+03
1.430907740016845082e+03
1.430911873368665056e+03
1.430915973387002623e+03
1.431085140810277608e+03
1.431090640834876694e+03
1.431649410000661646e+03
1.446103007978310870e+03
1.454610979363898650e+03
1.456772255696963384e+03
1.458856898353947145e+03
1.458867798402698099e+03
1.458871198417904907e+03
1.458875165102312849e+03
1.459735302282645307e+03
1.459739102299640990e+03
1.460174737581371346e+03
1.460178437597919810e+03
1.460183104285458512e+03
1.460187137636830812e+03
1.460190437651590400e+03
1.460197504349863038e+03
1.460210104406217397e+03
1.461124308495033347e+03
1.461127775177204740e+03
1.461133175201356607e+03
1.461136641883528227e+03
1.461143241913046950e+03
1.461146841929148195e+03
1.461151075281415388e+03
1.461155541968059424e+03
1.461402643073229456e+03
1.461405076417446026e+03
1.461783344775933529e+03
1.461787511461235908e+03
1.461795044828262462e+03
1.461798811511775739e+03
1.463028683679096730e+03
1.463031917026891506e+03
1.463043883747079462e+03
1.463732653494297665e+03
1.463757920273970967e+03
1.463761020287836118e+03
1.463765720308856999e+03
1.463770453663360286e+03
1.463774153679908750e+03
1.463779987039332127e+03
1.463784520392940976e+03
1.463788920412620200e+03
1.463795053773385234e+03
1.463800320463607477e+03
1.463806587158302136e+03
1.463812653852102585e+03
1.463870354110169274e+03
1.463993054658952587e+03
1.463997454678631811e+03
1.464002188033135099e+03
1.464499923592611594e+03
1.465104659630651895e+03
1.465108759648989462e+03
1.465111759662406939e+03
1.465118559692820554e+03
1.465126959730390126e+03
1.465130326412114300e+03
1.467569337320691602e+03
1.467572404001074119e+03
1.467715271306720751e+03
1.474689635833188277e+03
1.474692169177852065e+03
1.482345136739400232e+03
1.485961419580041820e+03
1.486942823969413439e+03
1.494543557964011143e+03
1.495519295661371871e+03
1.497579771543602192e+03
1.497586871575357463e+03
1.497589471586986065e+03
1.497593938273630329e+03
1.497596271617399452e+03
1.497601904975928164e+03
1.499167945313441805e+03
1.499513180190852609e+03
1.499518680215451695e+03
1.499525780247206967e+03
1.499590447203099302e+03
1.499602247255875454e+03
1.511510200514689814e+03
1.513280841767289303e+03
1.514902482353477581e+03
1.522113781272977576e+03
1.522303982123658670e+03
1.522750584121104566e+03
1.524313357777341253e+03
1.524319624472035684e+03
1.524322057816252254e+03
1.524324991162705373e+03
1.524327591174333975e+03
1.524811393338159178e+03
1.525080927876996839e+03
1.528980878653021819e+03
1.528984112000816140e+03
1.530084483588940429e+03
1.541808969360522269e+03
1.544475581287054638e+03
1.554592393201581899e+03
1.557448839310488665e+03
1.560006517416476754e+03
1.561070288840905050e+03
1.561304923223650349e+03
1.561307989904032866e+03
1.561327589991695277e+03
1.561424923760357842e+03
1.561428423776011869e+03
1.561434357135882237e+03
1.561437490483229567e+03
1.561444490514537620e+03
1.561448390531980522e+03
1.561452857218624786e+03
1.561459890583415017e+03
1.561465157273637033e+03
1.561472490639769376e+03
1.561479157336253138e+03
1.561486124034078557e+03
1.561503190777076952e+03
1.561507457462826551e+03
1.561511857482505775e+03
1.561517224173175237e+03
1.561542790954190195e+03
1.561546957639492803e+03
1.563281765398492325e+03
1.563976168504239013e+03
1.563979001850244458e+03
1.563982368531968859e+03
1.563986168548964770e+03
1.563989801898548194e+03
1.563993235247237408e+03
1.563996935263785872e+03
1.564000801947746368e+03
1.564006468639757486e+03
1.564010968659884156e+03
1.564014935344291871e+03
1.564019902033172229e+03
1.564024668721158150e+03
1.564030035411827612e+03
1.564034468764989242e+03
1.564039235452975163e+03
1.564045302146775384e+03
1.564137202557803903e+03
1.564782305443053247e+03
1.565076673426292700e+03
1.565207540678268742e+03
1.565218907395773613e+03
1.565224840755643982e+03
1.565227740768614467e+03
1.565231674119540003e+03
1.565238707484330234e+03
1.565245174179919559e+03
1.565248974196915242e+03
1.565276174318568792e+03
1.565279007664574465e+03
1.565457075127655116e+03
1.565508475357544739e+03
1.565896110424592052e+03
1.566317045640575770e+03
1.566320012320510841e+03
1.566329945698271786e+03
1.566334612385810260e+03
1.566342245753284033e+03
1.566388312625986828e+03
1.566438479517026963e+03
1.566636347068664463e+03
1.566641980427193403e+03
1.566644580438821777e+03
1.566647147116968199e+03
1.566650747133069444e+03
1.566658113832683966e+03
1.568922757294728854e+03
1.568926590645207170e+03
1.568930423995685260e+03
1.568934690681434859e+03
1.568945790731080251e+03
1.568954757437850958e+03
1.569209658577906794e+03
1.569214325265445495e+03
1.569216625275732213e+03
1.569218791952089532e+03
1.569223891974899743e+03
1.569226358652598492e+03
1.569229625333875674e+03
1.569233125349529701e+03
1.569877861566472575e+03
1.569922595099878208e+03
1.569925995115085016e+03
1.573775678999622414e+03
1.573787012383644878e+03
1.578593967216282863e+03
1.578623034012952075e+03
1.578670367557986310e+03
1.579855639525831066e+03
1.581289812606896248e+03
1.584588360693122468e+03
1.584590827370821671e+03
1.584594827388711792e+03
1.584597460733822800e+03
1.589696750207273226e+03
1.594404704597127420e+03
1.594776939595297335e+03
1.597771452988382634e+03
1.605823355667517717e+03
1.605828589024257326e+03
1.607081194626587830e+03
1.607084394640899973e+03
1.607136394873473364e+03
1.607143594905675400e+03
1.607355562520376225e+03
1.607358629200758742e+03
1.607362995886955559e+03
1.607366329235197554e+03
1.607371229257113100e+03
1.607374562605354868e+03
1.607378562623245216e+03
1.607487129775482799e+03
1.607490563124172013e+03
1.609158337250027444e+03
1.609172237312196103e+03
1.609175570660437870e+03
1.609179370677433781e+03
1.609184537367208577e+03
1.609413038389188841e+03
1.609416138403053992e+03
1.609422071762924588e+03
1.609426905117875094e+03
1.609429971798257611e+03
1.609433671814806075e+03
1.611497381044831172e+03
1.612271117838734426e+03
1.612275984527167566e+03
1.612283651228123745e+03
1.612287151243777771e+03
1.612290551258984578e+03
1.620500154643442556e+03
1.620502654654623939e+03
1.621195591087144066e+03
1.626848049701332911e+03
1.634163449086426454e+03
1.634166882435115667e+03
1.634169649114156300e+03
1.634177882484313841e+03
1.634419516898366965e+03
1.634421783575171503e+03
1.634424083585458447e+03
1.634428683606032109e+03
1.634431216950695898e+03
1.634435950305199412e+03
1.634438716984240045e+03
1.634448550361553544e+03
1.634451117039699966e+03
1.634457650402253876e+03
1.634461850421038662e+03
1.634467283778672936e+03
1.634824885378061026e+03
1.634827218721830150e+03
1.634829552065599501e+03
1.634831818742404039e+03
1.634836452096460334e+03
1.634841318784893474e+03
1.634844218797863959e+03
1.634847218811281437e+03
1.634850552159523431e+03
1.634866352230189932e+03
1.634870252247632834e+03
1.634885152314273910e+03
1.634895885695612833e+03
1.635641689031249143e+03
1.635724389401129883e+03
1.636071457620073716e+03
1.636074824301797889e+03
1.636077657647803562e+03
1.636080990996045330e+03
1.636087124356810364e+03
1.636094624390354511e+03
1.636101991089969260e+03
1.636107757782427598e+03
1.636204224880547372e+03
1.636208324898884939e+03
1.636211891581503551e+03
1.636216158267253377e+03
1.636227324983863582e+03
1.636231658336577993e+03
1.636235658354468114e+03
1.636243925058108061e+03
1.636398092414294524e+03
1.636903061339455689e+03
1.636945794863916717e+03
1.637285429716280760e+03
1.637295363094041477e+03
1.637299096444072575e+03
1.637302863127585852e+03
1.637308896487903667e+03
1.637312863172311609e+03
1.637316696522789471e+03
1.637320696540679819e+03
1.637324696558570167e+03
1.637328263241189006e+03
1.637565397635115687e+03
1.637603631139449817e+03
1.637615031190437094e+03
1.637620397881106328e+03
1.637626231240529705e+03
1.637630197924937420e+03
1.637634197942827996e+03
1.637637997959823679e+03
1.637642164645125831e+03
1.637739998416024719e+03
1.637745531774106439e+03
1.637747765117428344e+03
1.637750031794232882e+03
1.637752498471931858e+03
1.637755131817042866e+03
1.637760965176466243e+03
1.637807598718369945e+03
1.637923365902810247e+03
1.637950066022227475e+03
1.638017766325019920e+03
1.638331134393238244e+03
1.638334234407103395e+03
1.638340401101350608e+03
1.638422168133723744e+03
1.638474835035945489e+03
1.638477735048915747e+03
1.638483735075751156e+03
1.638636902427465202e+03
1.638665402554933053e+03
1.638708402747253331e+03
1.639105637857237070e+03
1.639148204714285839e+03
1.639157438088916024e+03
1.639164104785399559e+03
1.639171504818496487e+03
1.639177571512296709e+03
1.639182038198940973e+03
1.639187071554786144e+03
1.639195538259320529e+03
1.639199904945517346e+03
1.639205504970563425e+03
1.639215538348771815e+03
1.639221738376501662e+03
1.639306838757116566e+03
1.639314038789319056e+03
1.639317138803183980e+03
1.643660724896719330e+03
1.646128735935001032e+03
1.646137569307842114e+03
1.646142435996275253e+03
1.646145469343175137e+03
1.646148936025346757e+03
1.646155969390136988e+03
1.646160236075886587e+03
1.646164469428153780e+03
1.646168469446044128e+03
1.646173536135371705e+03
1.646178502824252064e+03
1.646183169511790766e+03
1.646188069533706312e+03
1.653066566964737831e+03
1.653070466982180733e+03
1.653446935332617613e+03
1.655257376763225466e+03
1.658690892119765067e+03
1.666527827170781848e+03
1.674506596189490210e+03
1.676914073623699323e+03
1.683207301770423101e+03
1.685141177086427433e+03
1.690074099149125686e+03
1.693872916139492190e+03
1.694155817404779782e+03
1.696011425704064550e+03
1.701170682112386203e+03
1.701173415457944429e+03
1.701181282159795046e+03
1.701183782170976656e+03
1.701186515516534882e+03
1.701189348862540555e+03
1.710985392675752564e+03
1.711084959787737034e+03
1.712200698111256315e+03
1.717587488870567995e+03
1.723685349476835427e+03
1.730674314068602371e+03
1.735234101129105738e+03
1.735246734518942276e+03
1.735249634531912989e+03
1.735253667883285516e+03
1.735259467909226487e+03
1.735268867951268476e+03
1.736295105874493402e+03
1.743028502656556384e+03
1.749589532001031785e+03
1.749773766158360104e+03
1.749777999510627296e+03
1.752286610730494886e+03
1.752290010745701693e+03
1.752293277426978648e+03
1.752301644131065814e+03
1.752304577477518706e+03
1.752308410827996568e+03
1.752312310845439924e+03
1.752316710865119148e+03
1.752320944217386341e+03
1.752326277574573169e+03
1.752691479207952625e+03
1.752697345900858409e+03
1.752701145917854092e+03
1.752711579297851131e+03
1.752715245980917189e+03
1.752719812668008672e+03
1.752723879352863605e+03
1.752730946051136243e+03
1.753258848412201587e+03
1.753273915146254694e+03
1.753461215983965531e+03
1.758905540333931867e+03
1.761103350163727328e+03
1.761404451510415583e+03
1.761408118193481641e+03
1.761413318216739071e+03
1.761416284896674370e+03
1.761883220318395615e+03
1.762189988357094990e+03
1.762193021703995328e+03
1.762197621724568990e+03
1.762202555079966714e+03
1.762205455092937427e+03
1.762211055117983733e+03
1.764301931136179974e+03
1.764310431174196765e+03
1.764495832003409760e+03
1.764521398784424946e+03
1.764564332309780184e+03
1.773455038740499731e+03
1.773461138767782359e+03
1.773464672116918564e+03
1.773471538814296991e+03
1.773478005509886316e+03
1.773483772202344653e+03
1.773487105550586648e+03
1.773491705571160310e+03
1.773688106449571251e+03
1.779560066045487247e+03
1.790376781090360282e+03
1.790380014438154831e+03
1.790494581617228050e+03
1.790500614977545865e+03
1.798170315947267909e+03
1.803684607276831002e+03
1.803697073999255736e+03
1.803770174326199822e+03
1.803780074370478133e+03
1.804058308948227250e+03
1.804061575629504205e+03
1.815285992497840425e+03
1.818665807614203686e+03
1.830260626139176566e+03
1.832285768530043242e+03
1.832302768606076825e+03
1.832349802149769403e+03
1.841475442964576359e+03
1.858519619195360519e+03
1.860288627107321645e+03
1.860291860455116421e+03
1.880921019386551052e+03
1.880923986066486350e+03
1.880926652745079991e+03
1.880929019422331749e+03
1.880931319432618693e+03
1.880933686109870450e+03
1.880936986124629811e+03
1.880940019471529922e+03
1.882558726711265081e+03
1.882562093392989482e+03
1.882588093509276177e+03
1.888367786025856958e+03
1.888370252703555934e+03
1.888373819386174773e+03
1.888377652736653090e+03
1.888381752754990430e+03
1.888387252779589517e+03
1.888390952796137981e+03
1.888397652826104149e+03
1.888520086707027986e+03
1.888523653389647052e+03
1.888799987958898100e+03
1.888804621312954396e+03
1.888995355499353991e+03
1.890406228476208753e+03
1.890538095732656984e+03
1.890541595748311011e+03
1.890544562428246309e+03
1.890547962443453116e+03
1.890553829136358672e+03
1.890564262516355939e+03
1.890570495877568192e+03
1.890574495895458313e+03
1.890579029249067162e+03
1.893134274010838681e+03
1.897677560997544560e+03
1.898001262445312932e+03
1.903510620419477846e+03
1.904232590315184780e+03
1.905557896242670495e+03
1.905678830116885592e+03
1.906118332082576444e+03
1.909156212336288490e+03
1.911024354024962804e+03
1.911027954041064049e+03
1.911041454101443605e+03
1.911071554236067641e+03
1.911082154283476939e+03
1.911085220963859456e+03
1.911139221205377680e+03
1.911144687896494588e+03
1.911153387935405590e+03
1.911176588039169246e+03
1.911183021401275937e+03
1.911194888121016902e+03
1.911231388284265449e+03
1.911601956608314367e+03
1.911749390601052255e+03
1.911862224439039665e+03
1.911875557832007189e+03
1.911894191248679135e+03
1.911897424596473911e+03
1.911904091292957673e+03
1.911942858133010532e+03
1.911968058245719021e+03
1.911990191678044994e+03
1.912005491746475400e+03
1.912008958428646793e+03
1.912012825112607288e+03
1.912017058464874481e+03
1.912022091820719652e+03
1.912026491840399103e+03
1.912030791859631108e+03
1.912034958544933488e+03
1.912301059735082163e+03
1.912305426421278753e+03
1.912357393320369511e+03
1.912362960011933637e+03
1.912367360031612861e+03
1.912370860047266888e+03
1.912389926799210343e+03
1.912394293485407161e+03
1.912400093511347904e+03
1.912433960329485444e+03
1.912443560372422098e+03
1.912449593732739686e+03
1.912453727084559659e+03
1.912493627263015014e+03
1.912597627728161342e+03
1.912620694497995146e+03
1.912883129005077535e+03
1.912893329050697730e+03
1.912898829075296817e+03
1.912903262428458675e+03
1.912906462442770589e+03
1.912917795826793053e+03
1.912922795849156046e+03
1.912927095868387823e+03
1.913200897092975310e+03
1.913224930533799125e+03
1.913233630572710354e+03
1.913237063921399567e+03
1.913245030623697630e+03
1.913248930641140532e+03
1.913252530657241778e+03
1.913264964046184105e+03
1.913274164087331428e+03
1.913736399488032021e+03
1.913742866183621118e+03
1.915088305534487745e+03
1.918971122900549290e+03
1.918978156265339521e+03
1.918979956273390144e+03
1.919596292363312386e+03
1.923170841683965364e+03
1.923177441713484541e+03
1.923796111147175679e+03
1.924669148385204153e+03
1.925071616851927729e+03
1.925075450202406046e+03
1.925139450488650027e+03
1.925142850503856607e+03
1.925150250536953763e+03
1.925290351163559535e+03
1.925295384519404706e+03
1.925352584775235073e+03
1.925370118186987611e+03
1.925373784870053669e+03
1.925377718220978977e+03
1.925382751576824148e+03
1.925387318263915631e+03
1.927433060746916908e+03
1.929512903382432569e+03
1.931392578456024012e+03
1.931687013106228278e+03
1.932216348807037548e+03
1.932220315491445490e+03
1.932225148846396223e+03
1.932230548870548091e+03
1.932235348892016191e+03
1.932239115575529695e+03
1.932243748929585763e+03
1.932251915632778264e+03
1.932256982322106069e+03
1.932262182345363271e+03
1.932267615702997546e+03
1.932272615725360538e+03
1.932285715783950991e+03
1.932313049239534394e+03
1.932316149253399090e+03
1.932324382623556630e+03
1.932383282886990628e+03
1.932401616302320690e+03
1.932405916321552922e+03
1.932410616342573803e+03
1.932420149718545645e+03
1.932424983073496378e+03
1.932430049762823955e+03
1.932434616449915438e+03
1.932859385016377018e+03
1.932863685035609024e+03
1.932868385056630132e+03
1.932875151753561113e+03
1.932880018441994252e+03
1.932884685129532727e+03
1.932889485151001281e+03
1.932893385168444183e+03
1.932901451871189693e+03
1.932905585223009211e+03
1.933142619616488673e+03
1.933437920937236186e+03
1.933514254611975048e+03
1.933886756278004214e+03
1.934014623516562324e+03
1.934022090216624292e+03
1.934027856909082629e+03
1.934033456934128935e+03
1.934037323618089658e+03
1.934042790309206339e+03
1.934046456992272397e+03
1.934051923683388850e+03
1.934127357354102514e+03
1.934368491765919316e+03
1.936956170006084449e+03
1.937428472118475156e+03
1.937435905485054491e+03
1.937442038845819525e+03
1.937445338860579113e+03
1.937448672208820881e+03
1.937452272224922126e+03
1.937457872249968432e+03
1.937684073261661979e+03
1.937689473285813847e+03
1.937695373312201809e+03
1.937952274461202933e+03
1.938536977076309540e+03
1.938719011223797906e+03
1.938725011250633543e+03
1.939005612505634190e+03
1.939011379198092754e+03
1.939267580343962891e+03
1.939490814675721140e+03
1.939915049906463992e+03
1.939918849923459675e+03
1.939922083271254223e+03
1.939925383286013812e+03
1.939928883301667838e+03
1.939933549989206540e+03
1.939937983342368170e+03
1.941002954772163548e+03
1.941014321489668191e+03
1.941867791973517114e+03
1.946874347698878410e+03
1.949713793731751821e+03
1.949733427152896411e+03
1.949907361264157089e+03
1.949913427957957538e+03
1.949916894640128930e+03
1.952221471614111579e+03
1.955456886084637063e+03
1.955462552776648181e+03
1.955466419460608677e+03
1.955469686141885632e+03
1.955476752840158724e+03
1.955482319531722396e+03
1.955486886218813879e+03
1.955490652902327156e+03
1.955502452955103308e+03
1.955506952975229979e+03
1.955511986331075150e+03
1.955516419684236780e+03
1.955522086376247898e+03
1.955526719730304194e+03
1.955532086420973656e+03
1.955537686446019961e+03
1.955677320403872045e+03
1.955697620494664989e+03
1.955703087185781669e+03
1.955723087275232956e+03
1.955728720633761441e+03
1.955733387321300143e+03
1.955744587371392981e+03
1.955752354072796606e+03
1.955757520762571403e+03
1.955762320784039730e+03
1.955767420806849714e+03
1.955772287495282853e+03
1.955891054693140632e+03
1.955893921372628711e+03
1.955913321459396457e+03
1.955916454806743786e+03
1.955919954822397813e+03
1.955923688172428683e+03
1.955927821524248429e+03
1.955931988209550809e+03
1.955936154894853416e+03
1.955942654923924920e+03
1.955948688284242735e+03
1.955953321638298803e+03
1.955958421661109014e+03
1.955985155114008876e+03
1.955990988473432026e+03
1.955997321835091498e+03
1.956006255208379798e+03
1.956039955359105079e+03
1.956627624654147212e+03
1.956800625427900286e+03
1.956953292777378010e+03
1.956958659468047472e+03
1.956962059483254052e+03
1.956966226168556432e+03
1.956969526183315793e+03
1.957014226383239475e+03
1.957029626452116872e+03
1.957036226481635595e+03
1.957170827083642280e+03
1.957235960708288758e+03
1.957244560746752541e+03
1.957256427466493733e+03
1.957262694161188620e+03
1.957267060847385210e+03
1.957270694196968861e+03
1.957284894260479177e+03
1.957323127764813535e+03
1.957339727839058014e+03
1.957361561270042330e+03
1.957374194659879095e+03
1.957398628102492012e+03
1.957725962899843807e+03
1.957730096251663781e+03
1.957735229607956171e+03
1.957738596289680345e+03
1.957745496320541179e+03
1.957749996340667622e+03
1.958934468304934171e+03
1.958937334984422250e+03
1.958942301673302609e+03
1.958945701688509416e+03
1.958949935040776609e+03
1.958954068392596582e+03
1.958957801742627225e+03
1.958961501759175690e+03
1.958967968454765014e+03
1.958972501808373863e+03
1.959111402429612781e+03
1.959925106068935975e+03
1.959930139424781373e+03
1.959933706107399985e+03
1.959951406186564327e+03
1.959955439537937082e+03
1.962031148821632769e+03
1.965073095760199976e+03
1.965085462482177263e+03
1.965088195827735717e+03
1.965090995840258756e+03
1.965093462517957732e+03
1.965095862528691896e+03
1.965098429206838091e+03
1.965102095889904149e+03
1.965105429238146144e+03
1.967716207581627032e+03
1.969727016575053540e+03
1.971501957846885489e+03
1.972125393968562548e+03
1.978273554799799967e+03
1.978285721520882817e+03
1.978291421546376569e+03
1.982902642170251511e+03
1.991675181405796820e+03
1.993501522907518392e+03
1.993510122945982175e+03
1.994054292046467936e+03
1.994409626969051260e+03
1.994412560315504152e+03
1.994416360332499835e+03
1.994419793681189049e+03
1.994428760387959755e+03
1.994432660405402657e+03
1.994698461594209448e+03
1.994714661666664824e+03
1.995651165855218778e+03
2.002041827771052340e+03
2.003795235613241630e+03
2.003797835624870231e+03
2.003801435640971476e+03
2.003804835656178057e+03
2.003807902336560574e+03
2.003811469019179640e+03
2.005563410188142143e+03
2.006311513534065398e+03
2.012371840639129687e+03
2.012574141543928818e+03
2.012659075257131690e+03
2.012831642695613255e+03
2.012865209512408910e+03
2.014563250440300862e+03
2.017231295706577157e+03
2.017241829087021415e+03
2.026097402027271755e+03
2.029748951692312176e+03
2.030341221007927970e+03
2.033220667219703728e+03
2.033713002755028128e+03
2.033891703554274955e+03
2.033940637106465601e+03
2.036561082159847956e+03
2.041325336801507547e+03
2.041336070182846470e+03
2.041694771787154195e+03
2.044502584345212199e+03
2.045657822845397732e+03
2.045665622880283536e+03
2.049508406733960328e+03
2.051182914223264561e+03
2.051477748875257930e+03
2.053910259754763501e+03
2.054793297037518187e+03
2.054914030910838392e+03
2.055644134176255648e+03
2.055648367528522613e+03
2.060836824067442649e+03
2.060843824098750702e+03
2.062364130898386065e+03
2.062381230974866867e+03
2.064848208675193291e+03
2.064851808691294536e+03
2.064855942043114283e+03
2.064860042061452077e+03
2.064864908749885217e+03
2.064868342098574431e+03
2.064873542121831633e+03
2.064924642350379600e+03
2.064932142383923747e+03
2.064967842543594543e+03
2.066547749609794209e+03
2.066695283602979089e+03
2.066698516950773865e+03
2.066704650311538899e+03
2.066707816992368862e+03
2.066711617009364545e+03
2.066715283692430603e+03
2.066719550378179974e+03
2.066724750401437632e+03
2.066728783752810159e+03
2.067242419383399920e+03
2.067269186169782643e+03
2.068437891396864870e+03
2.068453091464848058e+03
2.068455791476923878e+03
2.068777026246993046e+03
2.068781592934084074e+03
2.068784459613571926e+03
2.068788159630120845e+03
2.068796126332418680e+03
2.068817293093754870e+03
2.068902260140439921e+03
2.068921560226760448e+03
2.068978060479460055e+03
2.069020127334272729e+03
2.069059360843079503e+03
2.069102961038083322e+03
2.069327395375208198e+03
2.069391162327075563e+03
2.069428362493454642e+03
2.069434729188596521e+03
2.069450329258368583e+03
2.069453862607505016e+03
2.069458995963797406e+03
2.069461229307119538e+03
2.069471829354528836e+03
2.069474296032227358e+03
2.069840797671421115e+03
2.070706168208493636e+03
2.070709268222358787e+03
2.070713768242485003e+03
2.072913844749085456e+03
2.072918744771000547e+03
2.075192854942052691e+03
2.077415564883214756e+03
2.077798866597547658e+03
2.079646441527570005e+03
2.080677179470921146e+03
2.081788951110032485e+03
2.084041661185372050e+03
2.087048507966952002e+03
2.087302542436465046e+03
2.087305075781128835e+03
2.087310875807069806e+03
2.087315075825854365e+03
2.087318342507131547e+03
2.090462223234935209e+03
2.090470256604197857e+03
2.090472723281896833e+03
2.090474956625218510e+03
2.091019025725257052e+03
2.091022392406981453e+03
2.091026125757012778e+03
2.091032492452154202e+03
2.091036659137456809e+03
2.091280660228761917e+03
2.091284560246204364e+03
2.091295960297191868e+03
2.093774171381093765e+03
2.094401907522003057e+03
2.095329611671198109e+03
2.097146053128641142e+03
2.097162086533684487e+03
2.100140033186007713e+03
2.100143199866837222e+03
2.100147899887858330e+03
2.100153533246387269e+03
2.100156866594629264e+03
2.100160433277248103e+03
2.100164366628173411e+03
2.104821854125645586e+03
2.107332698688835535e+03
2.107424899101205483e+03
2.107449532544713293e+03
2.107551766335291177e+03
2.107554599681296622e+03
2.107558599699186743e+03
2.107561633046087081e+03
2.107566366400591050e+03
2.107578133119884569e+03
2.107583666477966290e+03
2.107590033173108168e+03
2.107594433192787164e+03
2.107601833225884093e+03
2.107630566687729242e+03
2.107682500253337366e+03
2.107693433635570727e+03
2.109097539915494508e+03
2.109101573266867035e+03
2.109740442790904126e+03
2.109744309474864622e+03
2.109750776170453719e+03
2.109753809517354057e+03
2.109757909535691397e+03
2.109761742886169486e+03
2.109765442902718405e+03
2.110293378597265928e+03
2.110392245706119866e+03
2.112004686251160365e+03
2.113917161471451436e+03
2.113926061511257103e+03
2.120393990439337358e+03
2.122516766600208484e+03
2.122521233286852748e+03
2.122566300155082899e+03
2.122616033710851298e+03
2.124387908302300275e+03
2.124390341646517300e+03
2.124393741661724107e+03
2.124396108338975864e+03
2.125219978690436619e+03
2.125225345381105853e+03
2.125631180529554058e+03
2.125633947208594236e+03
2.125636613887188105e+03
2.125638913897475049e+03
2.125723214274511975e+03
2.126213316466514243e+03
2.127015586721367981e+03
2.127018086732549364e+03
2.127022286751333922e+03
2.127025353431716212e+03
2.127030053452737320e+03
2.127033286800532096e+03
2.127039053492990661e+03
2.127043486846152518e+03
2.127048086866726408e+03
2.127052520219887811e+03
2.127056686905189963e+03
2.127060886923974977e+03
2.127065386944101647e+03
2.127070020298157488e+03
2.127075453655791989e+03
2.127081787017451461e+03
2.127098787093485043e+03
2.127105520456933391e+03
2.127111453816803987e+03
2.127133087246893410e+03
2.127143787294750382e+03
2.127239421055809544e+03
2.127277087890942767e+03
2.127659789602591900e+03
2.128027757915012444e+03
2.128031691265937752e+03
2.128035457949450574e+03
2.128038357962421287e+03
2.128041491309768844e+03
2.128046091330342279e+03
2.128050424683056917e+03
2.128055924707655777e+03
2.128147958452614148e+03
2.128238025522109183e+03
2.128247725565493056e+03
2.128252925588750713e+03
2.128260325621847642e+03
2.128403259594458632e+03
2.128409192954329228e+03
2.128736694419093510e+03
2.128742094443245151e+03
2.128746427795959789e+03
2.128755994505414037e+03
2.128758961185349108e+03
2.128762594534932305e+03
2.128770661237677814e+03
2.128774827922980421e+03
2.128779561277483936e+03
2.128845461572225759e+03
2.128848394918678423e+03
2.128850728262447774e+03
2.128853494941488407e+03
2.128855894952222570e+03
2.128988728879661267e+03
2.128991195557360243e+03
2.128995995578828570e+03
2.129001095601638553e+03
2.129003862280679186e+03
2.129007495630262838e+03
2.129010095641891894e+03
2.129178429728106039e+03
2.129188429772832023e+03
2.129433197534232477e+03
2.129444997587008402e+03
2.129448864270969352e+03
2.129452197619210892e+03
2.129458730981764802e+03
2.129462130996971609e+03
2.129466131014861730e+03
2.129470197699717119e+03
2.129477031063613140e+03
2.129481431083292136e+03
2.129629731746573270e+03
2.131280139128088649e+03
2.131283639143742221e+03
2.131286939158502264e+03
2.131290272506743804e+03
2.131293439187573767e+03
2.131308005919390780e+03
2.131312772607376701e+03
2.131324039324434125e+03
2.131328306010183496e+03
2.131333372699511074e+03
2.131681007587656040e+03
2.131687240948868293e+03
2.132388644085922806e+03
2.132392277435506458e+03
2.132398510796718710e+03
2.132402610815056505e+03
2.132406310831604515e+03
2.132410477516907122e+03
2.133519449143495422e+03
2.133527849181064994e+03
2.133532249200743991e+03
2.133539749234288138e+03
2.133544049253520370e+03
2.133548382606235009e+03
2.133552315957160317e+03
2.133556982644699019e+03
2.133567949360414786e+03
2.133572349380093783e+03
2.135833026157731183e+03
2.135937226623771949e+03
2.136535129297916228e+03
2.137070065023771804e+03
2.137680901089095187e+03
2.137909502111522670e+03
2.137970102382559617e+03
2.137974369068309443e+03
2.138519604840232205e+03
2.138525304865725957e+03
2.139280041574650568e+03
2.139283574923787000e+03
2.139288308278290060e+03
2.139291874960909354e+03
2.140253045926452614e+03
2.140256912610413565e+03
2.140260212625172699e+03
2.140262712636354081e+03
2.141389417675588902e+03
2.141394451031434073e+03
2.141398717717183899e+03
2.141402484400697176e+03
2.141405451080632247e+03
2.141415684459735076e+03
2.141425784504907824e+03
2.141429317854044257e+03
2.141436084550975011e+03
2.141441117906820182e+03
2.141586718558025495e+03
2.142074254071881569e+03
2.142077220751817094e+03
2.142088654136286095e+03
2.142092820821589157e+03
2.142095954168936260e+03
2.142107954222607077e+03
2.142112687577110592e+03
2.142116720928483119e+03
2.142121454282986633e+03
2.142127587643751667e+03
2.142132654333079245e+03
2.142142687711287181e+03
2.142148987739464246e+03
2.142154054428792278e+03
2.142160021122145281e+03
2.142165887815050610e+03
2.142172054509298050e+03
2.142177854535239021e+03
2.142378088764127824e+03
2.142380555441827255e+03
2.142383322120867888e+03
2.142385888799014083e+03
2.142396188845081724e+03
2.142401155533961628e+03
2.142403822212555497e+03
2.142406655558560942e+03
2.142692723504678270e+03
2.142704123555665774e+03
2.142710123582501183e+03
2.142823524089689272e+03
2.142882957688841998e+03
2.142889791052737564e+03
2.142893691070180921e+03
2.142897124418870135e+03
2.142901357771137555e+03
2.142905791124298958e+03
2.142910724479696910e+03
2.143163325609466028e+03
2.143167825629592244e+03
2.143260559377681147e+03
2.143269392750522456e+03
2.143288792837290202e+03
2.143292292852943774e+03
2.143296426204763975e+03
2.143306192915112206e+03
2.143310092932555563e+03
2.143315759624566454e+03
2.143321692984437050e+03
2.143748828228150614e+03
2.144232363724116112e+03
2.144333597510221807e+03
2.145767937258699476e+03
2.145773137281956679e+03
2.152211732745508471e+03
2.152219699447806761e+03
2.152222166125505282e+03
2.152337966643427990e+03
2.153655372535580682e+03
2.153659739221777272e+03
2.153662339233405874e+03
2.153734806224184467e+03
2.153766173031140625e+03
2.154350408977492862e+03
2.154356875673082413e+03
2.154496709631829162e+03
2.154650376985779076e+03
2.154657443684051941e+03
2.154659910361750917e+03
2.154662510373379519e+03
2.155056112133779607e+03
2.155059278814609570e+03
2.155071478869174825e+03
2.156742953011578720e+03
2.157308655541707139e+03
2.158740461945520110e+03
2.158746828640661988e+03
2.161392040471481778e+03
2.161395507153653398e+03
2.161577241299800335e+03
2.176339240656787297e+03
2.180218958008983918e+03
2.184830578634648646e+03
2.192280478621301427e+03
2.192295845356696645e+03
2.192517446347816076e+03
2.192592913352012147e+03
2.192853547851043913e+03
2.192864347899347649e+03
2.193141915807448186e+03
2.193498217401021975e+03
2.193504750763575885e+03
2.195517726433359257e+03
2.195524559797255279e+03
2.195528626482110667e+03
2.195540093200062529e+03
2.195542726545173537e+03
2.195545026555460481e+03
2.198700940670416912e+03
2.198840641295234036e+03
2.200568782357750024e+03
2.200633882648913641e+03
2.200646482705267772e+03
2.200650249388781049e+03
2.200654716075425313e+03
2.200658082757149259e+03
2.200662882778618041e+03
2.200667082797402600e+03
2.201064617908728451e+03
2.202457957473830447e+03
2.204838768122105193e+03
2.204891535024773475e+03
2.205430937437273315e+03
2.205436870797143911e+03
2.205439670809666950e+03
2.205442204154330739e+03
2.205444770832476934e+03
2.205447370844105535e+03
2.205449904188769779e+03
2.208705452082675492e+03
2.208740185571356051e+03
2.212643303028210539e+03
2.213542507049937740e+03
2.213546607068275080e+03
2.213551207088849424e+03
2.213553640433065539e+03
2.213556040443800157e+03
2.215640149765065416e+03
2.215644816452603663e+03
2.215658516513877657e+03
2.215661683194707621e+03
2.215664683208125552e+03
2.215667149885824074e+03
2.215669649897005456e+03
2.215672283242116919e+03
2.215675083254639958e+03
2.215677849933680591e+03
2.215681283282369805e+03
2.218632463148310762e+03
2.219018231540342640e+03
2.220300670609437930e+03
2.220952040189381933e+03
2.221029807203864948e+03
2.221037473904820672e+03
2.221039940582520103e+03
2.221043873933445411e+03
2.221050773964305790e+03
2.221105574209402221e+03
2.221238874805594605e+03
2.221254841543673592e+03
2.221391808822932035e+03
2.221600809757697334e+03
2.221613076479227402e+03
2.222107312023049417e+03
2.222110078702090050e+03
2.222161678932874565e+03
2.222191312398744685e+03
2.222203645787239566e+03
2.224729623751447434e+03
2.228296706372038898e+03
2.228311806439574411e+03
2.229696479299248040e+03
2.230270715200875202e+03
2.231749921816688584e+03
2.231761488535087665e+03
2.231909555863991500e+03
2.231922789256511351e+03
2.231948589371903836e+03
2.231965356113560574e+03
2.232156356967819647e+03
2.238792886649973752e+03
2.238797186669205530e+03
2.238801386687990089e+03
2.238961954072801291e+03
2.238964987419701174e+03
2.238969787441169501e+03
2.238973187456376309e+03
2.238978154145257122e+03
2.239586190198056556e+03
2.240613594793166158e+03
2.240619061484283066e+03
2.240622261498595435e+03
2.240625661513801333e+03
2.240633694883064436e+03
2.240644694932262610e+03
2.240649828288555454e+03
2.240658761661843528e+03
2.240667128365930694e+03
2.240951629638374470e+03
2.241410965026103895e+03
2.241619332624703475e+03
2.241623965978759770e+03
2.241927067334393087e+03
2.241995967642552387e+03
2.242082434695946631e+03
2.242198701882623482e+03
2.243021072227375498e+03
2.243159439512895460e+03
2.243164739536599882e+03
2.243271173345962779e+03
2.243281873393819751e+03
2.243353740381914577e+03
2.244003143286395698e+03
2.244170244033760810e+03
2.244180210745003933e+03
2.244186810774522655e+03
2.246315086959992641e+03
2.246319086977882762e+03
2.247212390973222227e+03
2.247602059382697007e+03
2.247607359406401883e+03
2.247619092792212996e+03
2.247622326140007772e+03
2.248125061721846578e+03
2.248129161740184372e+03
2.248136161771492425e+03
2.248210628771215397e+03
2.248214928790447630e+03
2.248467063251462605e+03
2.248477529964942278e+03
2.248528896861349494e+03
2.248533096880134053e+03
2.248693697598427661e+03
2.248989698922305706e+03
2.248992232266969495e+03
2.248997598957638729e+03
2.249000098968820112e+03
2.249003098982238043e+03
2.249127366204695136e+03
2.249166966381808379e+03
2.249214533261219913e+03
2.249226999983644419e+03
2.249245500066387194e+03
2.249311767029435032e+03
2.250955641048396501e+03
2.251299975921781879e+03
2.251302975935199811e+03
2.254655090927672518e+03
2.255637328654105204e+03
2.256498699173287150e+03
2.256502199188941177e+03
2.256506899209962285e+03
2.256510665893475561e+03
2.256514632577883276e+03
2.256519465932833555e+03
2.256523899285995412e+03
2.256531899321776109e+03
2.256535866006184278e+03
2.256540799361581776e+03
2.257314669489414428e+03
2.257496270301632194e+03
2.257511037034343644e+03
2.257816371733299093e+03
2.260637784352183644e+03
2.263604330953519366e+03
2.272829538880311247e+03
2.278281629931680527e+03
2.281446877421714817e+03
2.281449777434685075e+03
2.282225680904945875e+03
2.282258314384233472e+03
2.282697416348135448e+03
2.282700216360658487e+03
2.282707949728579479e+03
2.282717083102762444e+03
2.282725749808191267e+03
2.284290390139443389e+03
2.285550529108800220e+03
2.285565329174994076e+03
2.285899630670171518e+03
2.289849915004648210e+03
2.289852981685030954e+03
2.289861781724389402e+03
2.289865448407455915e+03
2.289868848422662268e+03
2.289871848436080199e+03
2.289879348469624347e+03
2.289887948508087902e+03
2.291602022841023427e+03
2.292882128566349365e+03
2.292897428634779772e+03
2.293718698974611925e+03
2.293723632330009877e+03
2.296506411442771423e+03
2.296511544799063813e+03
2.296517144824110346e+03
2.296520144837527823e+03
2.296524044854970725e+03
2.296528544875097396e+03
2.296532511559505110e+03
2.296538411585893300e+03
2.297015713720647000e+03
2.297028813779237225e+03
2.297032213794444033e+03
2.297035547142686028e+03
2.297039847161918260e+03
2.297050847211116434e+03
2.297054980562936180e+03
2.297059047247791113e+03
2.297063580601400190e+03
2.297067847287149561e+03
2.297071813971557731e+03
2.297080180675644897e+03
2.297086847372128886e+03
2.297091780727526384e+03
2.297096614082477117e+03
2.297101547437875070e+03
2.297110347477233518e+03
2.297119414184451216e+03
2.297124514207261655e+03
2.297130747568473907e+03
2.297494949197380720e+03
2.297613716395238953e+03
2.299024389371198595e+03
2.299054356171893232e+03
2.299128256502415297e+03
2.299168323348282684e+03
2.299174256708153280e+03
2.299178223392560994e+03
2.299182223410451115e+03
2.299192890124825226e+03
2.299197190144057004e+03
2.299201423496324423e+03
2.299205990183415906e+03
2.299210023534788434e+03
2.299218690240217256e+03
2.299226790276444717e+03
2.299231290296571387e+03
2.299235656982768432e+03
2.299240223669859915e+03
2.299248423706535050e+03
2.299255757072666711e+03
2.299513091556939344e+03
2.299518291580197001e+03
2.301772234994385599e+03
2.301843435312831843e+03
2.302137603295176632e+03
2.302211370291769526e+03
2.302550971810651390e+03
2.302555838499084530e+03
2.303035607311537206e+03
2.303357475417772093e+03
2.303698810277739994e+03
2.303723777056071867e+03
2.309874871233761496e+03
2.309924704789977568e+03
2.310727808381891919e+03
2.310731408397993164e+03
2.310735341748918472e+03
2.310741141774859443e+03
2.310905675844077905e+03
2.314691026107547714e+03
2.314926493827353170e+03
2.315550163283407073e+03
2.315594896816813161e+03
2.315598663500326438e+03
2.316460834023086136e+03
2.316721401855153545e+03
2.317484171933341258e+03
2.317487571948548066e+03
2.317491105297684044e+03
2.317494271978514007e+03
2.317541438856136665e+03
2.318081807939626287e+03
2.318085207954833095e+03
2.318089141305758403e+03
2.318092641321412430e+03
2.318096674672784957e+03
2.318101941363007427e+03
2.318163808306376268e+03
2.318312608971893042e+03
2.318327909040323448e+03
2.319415880572988044e+03
2.319418980586853195e+03
2.319424713945828898e+03
2.319427847293176455e+03
2.319432213979373046e+03
2.319989116470142562e+03
2.319993483156339607e+03
2.319996449836274678e+03
2.319999416516210204e+03
2.320003616534994762e+03
2.320010816567197253e+03
2.320015649922147986e+03
2.320546318962253736e+03
2.320561185695412405e+03
2.320594352510419412e+03
2.320622952638334482e+03
2.320631952678587368e+03
2.320635586028171474e+03
2.320639386045167157e+03
2.320642986061268402e+03
2.320647452747912212e+03
2.320651452765802787e+03
2.320656919456919240e+03
2.320662352814553287e+03
2.321343689195191928e+03
2.321460423050622467e+03
2.321464489735477400e+03
2.321467623082824957e+03
2.321471456433302592e+03
2.321474856448509399e+03
2.321478889799882381e+03
2.321482656483395203e+03
2.321486456500391341e+03
2.321492156525884639e+03
2.321496823213423340e+03
2.321502456571952280e+03
2.321584890273973997e+03
2.321587923620873880e+03
2.321590790300362187e+03
2.321600157008921542e+03
2.321605457032625964e+03
2.321614557073326523e+03
2.321617757087638893e+03
2.321793591207397640e+03
2.321820257993332234e+03
2.321842324758693394e+03
2.321849158122589415e+03
2.321853524808786460e+03
2.321856591489168750e+03
2.321912258404808199e+03
2.321998292122930707e+03
2.322045058998764034e+03
2.322050325688986049e+03
2.322057259053329744e+03
2.322060325733712034e+03
2.322064059083742450e+03
2.322076059137413722e+03
2.322081259160670925e+03
2.322092625878175568e+03
2.322097425899643895e+03
2.322102225921112222e+03
2.322106625940791673e+03
2.322112359299767832e+03
2.322535161190766757e+03
2.322538661206420329e+03
2.322547094577472308e+03
2.322550461259196709e+03
2.322554394610122017e+03
2.322558294627564919e+03
2.322562594646797152e+03
2.322566561331204866e+03
2.322572561358040730e+03
2.322577428046473415e+03
2.322581628065258428e+03
2.322592361446597351e+03
2.322598061472090649e+03
2.322601994823015957e+03
2.322606628177072253e+03
2.322611128197198923e+03
2.322621161575406404e+03
2.322626428265629329e+03
2.322631628288886532e+03
2.322636261642942372e+03
2.322642628338084705e+03
2.322648395030543270e+03
2.322655595062745306e+03
2.322662661761018171e+03
2.322678695166061516e+03
2.322699495259090781e+03
2.322712261982856944e+03
2.322716728669501208e+03
2.322723162031608354e+03
2.322728928724066463e+03
2.322736795425917080e+03
2.322749662150130916e+03
2.322756495514026938e+03
2.322762228873003096e+03
2.322767928898496393e+03
2.322774128926226240e+03
2.322780662288780150e+03
2.322787062317404889e+03
2.322794829018808286e+03
2.322807195740785573e+03
2.323000429938366779e+03
2.323011263320152921e+03
2.323105497074950563e+03
2.323109263758463840e+03
2.323137263883696050e+03
2.323354198187276779e+03
2.323356964866317867e+03
2.323361198218584832e+03
2.323364831568168029e+03
2.323368031582480398e+03
2.323375564949507407e+03
2.323380964973659047e+03
2.323388665008098087e+03
2.323392965027329410e+03
2.323397731715315786e+03
2.323402298402406814e+03
2.323406931756463109e+03
2.323413298451604987e+03
2.323423065161954128e+03
2.324171368508771593e+03
2.324179835213305978e+03
2.324182935227170674e+03
2.324189801924549101e+03
2.324202001979114357e+03
2.324206968667994715e+03
2.324217868716745670e+03
2.324244435502233500e+03
2.324253935544722935e+03
2.324258468898331557e+03
2.324262468916222133e+03
2.324268468943057087e+03
2.324273368964972633e+03
2.324278935656536760e+03
2.324283869011934712e+03
2.324290635708865466e+03
2.324303735767456146e+03
2.324385736134206127e+03
2.324398236190113494e+03
2.324404502884807698e+03
2.324743004398770154e+03
2.324822271419961908e+03
2.324829771453506055e+03
2.324832738133441126e+03
2.324836338149542371e+03
2.324839404829925115e+03
2.324853371559058814e+03
2.324858738249727594e+03
2.324877338332917589e+03
2.324900271768821767e+03
2.324973438762730439e+03
2.324985805484708180e+03
2.324998372207579905e+03
2.325012538937607587e+03
2.325016605622462976e+03
2.325022005646614616e+03
2.325149472883384078e+03
2.325187073051552034e+03
2.325209306484325680e+03
2.325212806499979251e+03
2.325217339853588328e+03
2.325221173204066872e+03
2.325226206559912043e+03
2.325232373254159484e+03
2.325879109480046736e+03
2.325882076159982262e+03
2.325892476206497122e+03
2.325895709554291898e+03
2.325980809934906574e+03
2.326064643643189811e+03
2.326072443678075615e+03
2.326080410380373905e+03
2.326083277059861757e+03
2.326089843755898073e+03
2.326237677750425064e+03
2.326284777961082909e+03
2.326373745025658536e+03
2.326381478393579982e+03
2.326385945080223337e+03
2.326389245094983380e+03
2.326393278446355907e+03
2.326407011841112308e+03
2.326549379144522845e+03
2.326557179179408649e+03
2.326566779222344849e+03
2.326599946037351856e+03
2.326608346074921428e+03
2.326621946135748203e+03
2.326637312871143422e+03
2.326643012896637174e+03
2.326657712962383357e+03
2.326662179649027621e+03
2.326666646335671885e+03
2.326674813038864158e+03
2.326729513283513370e+03
2.326777546831679047e+03
2.326800646934994802e+03
2.326809280306941673e+03
2.326827080386553007e+03
2.326837147098243349e+03
2.326841580451405207e+03
2.326851713830060362e+03
2.326857047187247190e+03
2.326862180543539580e+03
2.326867247232867612e+03
2.326884180641936382e+03
2.326921447475280729e+03
2.326926480831125446e+03
2.326931447520005804e+03
2.326936347541921350e+03
2.326939147554444844e+03
2.326942114234379915e+03
2.326948480929522248e+03
2.327277049065723077e+03
2.327988218913126275e+03
2.327994618941751014e+03
2.328083452672396561e+03
2.328440887604372620e+03
2.328445554291911321e+03
2.328449154308012112e+03
2.328456554341109040e+03
2.328467554390307214e+03
2.328639755160482764e+03
2.330302895932281899e+03
2.330366896218526108e+03
2.330371462905617591e+03
2.330375962925743806e+03
2.330381862952131996e+03
2.338723366926520612e+03
2.341465345856801832e+03
2.343290320685744064e+03
2.347737107240848218e+03
2.348971079426506549e+03
2.351052388735248314e+03
2.351055422082148652e+03
2.351454890535454524e+03
2.351461223897113996e+03
2.357010115381427568e+03
2.358411988318029216e+03
2.358415254999305944e+03
2.358417955011381764e+03
2.359026024397664060e+03
2.359029491079836134e+03
2.360965833073538761e+03
2.361089766961171790e+03
2.364116280497378739e+03
2.365103918247963065e+03
2.368351032770817710e+03
2.372104482891611951e+03
2.372398550873509521e+03
2.378010009304323376e+03
2.379800517312444754e+03
2.379811484028160521e+03
2.383041465141051503e+03
2.383047298500474881e+03
2.383050098512997920e+03
2.383053865196511197e+03
2.383058498550567492e+03
2.383061698564879862e+03
2.383066865254654203e+03
2.383070265269861011e+03
2.383074398621681212e+03
2.383078498640018552e+03
2.383531367332159334e+03
2.383558067451576790e+03
2.383566167487804705e+03
2.383569900837835121e+03
2.383572900851253053e+03
2.383576234199494593e+03
2.383588900922813991e+03
2.383597800962619658e+03
2.383602400983193547e+03
2.384894406761743085e+03
2.386571414262228700e+03
2.389342093320871754e+03
2.389495760674822577e+03
2.391349435632127097e+03
2.391353502316982485e+03
2.394622616938233023e+03
2.395314653366727725e+03
2.395624888087598720e+03
2.395629254773795765e+03
2.395634688131429812e+03
2.395639188151556482e+03
2.395644388174813685e+03
2.396268490966139325e+03
2.396273924323773826e+03
2.396278224343005604e+03
2.396475091890170461e+03
2.405706033175938046e+03
2.406524203501905049e+03
2.408617179529494024e+03
2.408624112893837264e+03
2.408626679571983459e+03
2.409835118310109010e+03
2.412358062927416540e+03
2.412506330257215268e+03
2.416561481727381306e+03
2.418299789502034855e+03
2.418303756186443024e+03
2.418626190961878820e+03
2.419302793988013946e+03
2.420151664451288980e+03
2.420156397805792494e+03
2.421408303404992239e+03
2.422089406451254035e+03
2.422096239815149602e+03
2.422151140060692796e+03
2.422359874327598845e+03
2.423707247020446175e+03
2.426818894270750661e+03
2.429329672166975342e+03
2.440781690053266630e+03
2.451525938107361526e+03
2.452118174089494914e+03
2.456586494074241273e+03
2.456590827426955457e+03
2.456594327442609483e+03
2.456597060788167710e+03
2.456599260798007435e+03
2.457110096416074157e+03
2.457114496435753153e+03
2.460056776261888899e+03
2.460373277677454098e+03
2.465304733066926019e+03
2.465308466416956890e+03
2.465310833094208647e+03
2.465313299771908078e+03
2.465324366488070609e+03
2.465327066500146429e+03
2.465336966544424740e+03
2.465345633249853563e+03
2.465348399928894651e+03
2.468137279068938824e+03
2.468726815038995937e+03
2.468731248392157795e+03
2.469431751525186883e+03
2.469616785686093408e+03
2.471946396105372514e+03
2.477158619417257341e+03
2.477162486101217837e+03
2.481408771759573028e+03
2.482095541497845716e+03
2.482189808586126219e+03
2.483607014924640225e+03
2.490360811797943370e+03
2.493928627755147772e+03
2.493933527777063318e+03
2.493938461132461271e+03
2.494155495436489673e+03
2.494160662126264469e+03
2.494189128920250369e+03
2.494193128938140489e+03
2.494244462501065300e+03
2.494248295851543389e+03
2.494263495919526122e+03
2.494268162607064824e+03
2.494275795974539051e+03
2.494424429972643793e+03
2.494434596684781354e+03
2.494664331045611561e+03
2.494877598666126232e+03
2.494882365354112153e+03
2.494956132350704593e+03
2.494964099053002883e+03
2.495061399488182815e+03
2.495879303146291022e+03
2.495882069825332110e+03
2.497082875195983888e+03
2.497087275215662885e+03
2.497092441905437681e+03
2.497095841920644489e+03
2.497241075903542878e+03
2.497244509252232092e+03
2.497629077638896433e+03
2.497632277653208803e+03
2.497639311017999262e+03
2.497844345268356392e+03
2.503071835315189219e+03
2.503534837385985156e+03
2.504519108454844627e+03
2.504641742336663356e+03
2.505139277895244959e+03
2.506181049221277135e+03
2.506209882683569049e+03
2.506213282698775856e+03
2.508056957611354846e+03
2.508061957633718066e+03
2.508069090998955744e+03
2.510306634339794527e+03
2.510542068726118032e+03
2.510670502633877277e+03
2.511096071203916381e+03
2.512836678988856875e+03
2.513364514682957633e+03
2.513367981365129253e+03
2.513728116309180677e+03
2.515241023075719113e+03
2.517080164634689027e+03
2.517083031314177333e+03
2.518380170449019261e+03
2.522726689889007048e+03
2.526030771333315442e+03
2.526296039186403050e+03
2.526379539559862224e+03
2.526582440467344895e+03
2.526608540584078582e+03
2.530177656547097740e+03
2.533801472754765655e+03
2.533804506101665993e+03
2.533807906116872800e+03
2.536943386807106890e+03
2.537335555227762597e+03
2.537340455249678598e+03
2.537345788606865426e+03
2.537348421951976889e+03
2.537481822548616037e+03
2.539608865395236990e+03
2.539642332211585654e+03
2.539899933363717082e+03
2.540745837147056591e+03
2.542335910925394273e+03
2.542340010943732068e+03
2.542349977654974737e+03
2.544197685918927164e+03
2.544331253182978344e+03
2.544333919861572213e+03
2.544336819874542471e+03
2.544339153218311822e+03
2.544341653229493204e+03
2.544346986586680487e+03
2.544349219930002164e+03
2.544351686607701595e+03
2.544354686621118617e+03
2.544834488767053699e+03
2.547464800531232413e+03
2.547751101811726585e+03
2.548899106946227221e+03
2.551825053365977055e+03
2.551829253384762069e+03
2.551939053875849368e+03
2.552561023324300095e+03
2.554301831110135026e+03
2.554392031513560141e+03
2.554452731785044762e+03
2.554460631820377330e+03
2.554799500002646255e+03
2.554843866867745419e+03
2.554864133625056184e+03
2.555240901976834721e+03
2.555247468672871491e+03
2.555290535532156355e+03
2.555376735917691349e+03
2.555383069279350821e+03
2.557346911396049563e+03
2.557751713206541808e+03
2.557904347222537581e+03
2.559831155840268821e+03
2.559839555877838393e+03
2.559842389223844293e+03
2.559844989235472440e+03
2.559991123222396709e+03
2.559994356570191030e+03
2.560003223276514291e+03
2.560033023409796442e+03
2.561555396885341452e+03
2.561562896918886054e+03
2.561566863603293768e+03
2.561570630286807045e+03
2.561576863648019753e+03
2.561580096995814074e+03
2.561583997013256976e+03
2.561587730363287847e+03
2.561592297050379329e+03
2.561596963737917577e+03
2.561934931916161531e+03
2.561938465265297509e+03
2.561943131952836211e+03
2.561947098637243926e+03
2.561955498674813498e+03
2.561960265362799419e+03
2.561964232047207133e+03
2.561969565404394416e+03
2.561973765423178975e+03
2.561978598778129708e+03
2.561982698796467503e+03
2.561993632178700409e+03
2.561998598867580768e+03
2.562007965576140577e+03
2.562018732290961907e+03
2.562027565663802761e+03
2.562030532343737832e+03
2.562033465690190951e+03
2.562034065692874719e+03
2.562306166909858803e+03
2.562310900264361862e+03
2.562324100323399762e+03
2.562327533672088521e+03
2.562333667032853555e+03
2.562337067048060362e+03
2.562345767086971591e+03
2.562354767127224932e+03
2.562359267147351147e+03
2.562365133840256931e+03
2.562369800527795633e+03
2.562375767221148635e+03
2.562386300601593121e+03
2.562390900622167010e+03
2.562406967360692306e+03
2.562414267393342470e+03
2.562428067455063683e+03
2.563349671576976107e+03
2.563411338519450965e+03
2.563853707164630123e+03
2.564909411886312682e+03
2.564912611900625052e+03
2.564917111920751722e+03
2.566442352075785038e+03
2.566445252088755296e+03
2.566449085439233386e+03
2.567344089442175573e+03
2.567408589730655876e+03
2.567466056654345721e+03
2.567470523340989985e+03
2.567543523667486625e+03
2.567606390615328564e+03
2.567826391599292037e+03
2.568143193016199803e+03
2.568150226380990262e+03
2.570811071615064066e+03
2.570816071637426376e+03
2.570977372358850971e+03
2.571274107019341955e+03
2.571354607379383197e+03
2.571446774458271193e+03
2.573148648736641007e+03
2.573451516757897480e+03
2.573457083449461152e+03
2.573470583509840708e+03
2.575920394466721973e+03
2.576184628981855440e+03
2.576246595925671954e+03
2.577316600711312276e+03
2.577322800739042123e+03
2.577329534102490925e+03
2.577336234132456866e+03
2.577574468531303410e+03
2.577648668863167586e+03
2.577654968891344652e+03
2.577659335577541697e+03
2.578141037731973938e+03
2.578147537761046351e+03
2.578625039896694489e+03
2.578651473348251784e+03
2.578657273374193210e+03
2.578660606722434750e+03
2.578664740074254951e+03
2.578669006760004322e+03
2.578672640109587974e+03
2.578676840128372532e+03
2.578681406815464470e+03
2.578686773506133250e+03
2.578691640194566389e+03
2.578697540220954579e+03
2.578703373580378411e+03
2.580390514459518727e+03
2.580404747856512131e+03
2.580410414548523022e+03
2.580413381228458093e+03
2.580418414584303264e+03
2.580426614620978398e+03
2.580431947978165681e+03
2.580462281447166333e+03
2.580468214807036929e+03
2.580472248158409457e+03
2.580666049025192024e+03
2.580668615703338219e+03
2.580670849046660351e+03
2.580926216855470102e+03
2.580931116877385648e+03
2.580938883578789046e+03
2.580941950259171790e+03
2.580946116944473943e+03
2.580950316963258501e+03
2.580957116993672116e+03
2.581327951985580512e+03
2.581339718704874031e+03
2.581344518726342358e+03
2.581348018741996839e+03
2.581351752092027255e+03
2.581357518784485819e+03
2.581363518811321228e+03
2.581367085493939612e+03
2.581375318864097153e+03
2.581379518882882167e+03
2.581383052232018599e+03
2.581391385602622904e+03
2.581601686543202959e+03
2.581613486595978884e+03
2.581618519951824055e+03
2.581621453298277174e+03
2.581624386644730293e+03
2.581628153328243570e+03
2.581880487790152984e+03
2.582201322558433276e+03
2.582206622582137697e+03
2.582210522599580599e+03
2.582213689280410563e+03
2.582220655978235754e+03
2.582224989330950393e+03
2.582228656014016451e+03
2.582233489368967184e+03
2.582237589387304524e+03
2.582246522760593052e+03
2.582251322782061379e+03
2.582446123653316135e+03
2.582846992112883981e+03
2.583562761980861069e+03
2.584552466407355041e+03
2.585323603189629466e+03
2.585359270015817401e+03
2.587052744256617643e+03
2.587056044271377232e+03
2.587098377794048702e+03
2.587508679629140715e+03
2.587562379869317283e+03
2.587565313215770402e+03
2.587570179904203542e+03
2.587576679933275045e+03
2.587580813285095246e+03
2.587584679969055287e+03
2.587589613324453694e+03
2.591276029812104298e+03
2.591300796589541278e+03
2.591455763949305492e+03
2.591551597711259546e+03
2.597798758985280529e+03
2.604254587859242747e+03
2.604596189387069899e+03
2.605227458877115623e+03
2.605233692238327421e+03
2.605343926064686002e+03
2.610856884054952843e+03
2.610859417399616632e+03
2.610865317426004822e+03
2.613766963737071364e+03
2.613785063818024810e+03
2.613790563842624124e+03
2.613792897186393020e+03
2.613795563864986434e+03
2.614994635894552630e+03
2.614997702574935374e+03
2.615003702601770328e+03
2.615008969291992344e+03
2.615125269812151600e+03
2.615232670292504736e+03
2.615239236988541052e+03
2.615243003672054783e+03
2.615247503692180999e+03
2.615250503705598476e+03
2.615253537052498814e+03
2.615471804695376704e+03
2.615488438103103363e+03
2.618495384885130989e+03
2.618498284898101247e+03
2.623440407001946824e+03
2.623665041339967047e+03
2.623875542281441085e+03
2.633124683648608880e+03
2.633133850356274252e+03
2.633137083704069028e+03
2.633139650382214768e+03
2.633141950392501712e+03
2.633144550404130769e+03
2.633146850414417258e+03
2.633971420769009001e+03
2.637622837100120250e+03
2.637633603814941580e+03
2.637691104072113831e+03
2.637791971189912601e+03
2.637797304547099884e+03
2.639161110646778980e+03
2.639164677329397819e+03
2.639927147406243421e+03
2.640864951600611676e+03
2.641351787111336762e+03
2.643874031725513760e+03
2.650516194766196804e+03
2.650519494780955938e+03
2.651703066741197290e+03
2.655366916461250639e+03
2.655369349805466754e+03
2.665690362633290988e+03
2.667501770734888851e+03
2.684649614095995275e+03
2.684711747707223822e+03
2.684719114406838344e+03
2.684812048155821685e+03
2.685883619615136467e+03
2.686161820859402724e+03
2.686218087777725941e+03
2.696805868465346975e+03
2.698877444397222916e+03
2.699018845029643217e+03
2.700012149472238434e+03
