2.650718744800826254e+00
5.646798811559741615e+00
6.451402410182677016e+00
8.641912207328514839e+00
1.111152325276624886e+01
1.385030216873510511e+01
1.953376092157322219e+01
2.156113665576186733e+01
2.430771560661670350e+01
2.766643062860881486e+01
2.879933569557367434e+01
2.891630288538094362e+01
3.379739138291817113e+01
3.885804735024502321e+01
3.885898068775274794e+01
4.023458684020826581e+01
4.160762631451753890e+01
4.324093361955214476e+01
4.636094757394383947e+01
4.747141920724090625e+01
4.814252220877688160e+01
5.045186587074544349e+01
5.065156676391595880e+01
5.243044138667308829e+01
5.489988576469873038e+01
5.806176657300833455e+01
6.708690693832258489e+01
6.853091339670130822e+01
7.145495980795338653e+01
7.695031771950267796e+01
7.986546409094897570e+01
7.987636413969988780e+01
8.023696575250554019e+01
8.190267320245114036e+01
8.495372018171850925e+01
8.579639061726361149e+01
8.826683499976181224e+01
8.853896955022820237e+01
9.047721155242921043e+01
9.094534697951763746e+01
9.430842868770660914e+01
9.490739803328848723e+01
9.689930694218362817e+01
9.730674209778757699e+01
9.911218350603242300e+01
1.076741884666210609e+02
1.080701235707905568e+02
1.096963975110348031e+02
1.104420675127414597e+02
1.143447516343245667e+02
1.158685584496137011e+02
1.179765345442908000e+02
1.204197121381704818e+02
1.217939849513292643e+02
1.251763334123562430e+02
1.254055677709497303e+02
1.287711494903201128e+02
1.322881985538011236e+02
1.347408761901701837e+02
1.400300665129597064e+02
1.401823005271659781e+02
1.406395359055034930e+02
1.416383070392154195e+02
1.445518200700232114e+02
1.465823291515592075e+02
1.506798808113621249e+02
1.537288944482019701e+02
1.542485967725921512e+02
1.544250642285168453e+02
1.545030979108590259e+02
1.559531043960731154e+02
1.560437714682520323e+02
1.569431754908737844e+02
1.592383857562968217e+02
1.594503867044798255e+02
1.615609294773031763e+02
1.624571001521303231e+02
1.691433967235354885e+02
1.753069242901679274e+02
1.753142576563000148e+02
1.753278577171268466e+02
1.854893364980951276e+02
1.857346375952144228e+02
1.858543714640624387e+02
1.866438083281848606e+02
1.876764796135166478e+02
1.892274198834946333e+02
1.892309198991486028e+02
1.892329199080936917e+02
1.893886872714363392e+02
1.894001206559059654e+02
1.916998309414555308e+02
1.919296986362149653e+02
1.919434653644538855e+02
1.935045723465695744e+02
1.935210724203668349e+02
1.952506801561091265e+02
1.962017177429974595e+02
1.993507651605758610e+02
1.999733346117101860e+02
2.015006081091708552e+02
2.026215131224649610e+02
2.035363505474466024e+02
2.086427400526519307e+02
2.108759500407761323e+02
2.109051168378925070e+02
2.109218169125842905e+02
2.168502434277175155e+02
2.171550447909542640e+02
2.217438319811618044e+02
2.226023691543381915e+02
2.230170376756270230e+02
2.240127421289564609e+02
2.276303916423771341e+02
2.316832431022565402e+02
2.364020642073794818e+02
2.400592138974663499e+02
2.412823193678562461e+02
2.463001751437574569e+02
2.518581333352891249e+02
2.580443943369311341e+02
2.623424802269650513e+02
2.626751817149862518e+02
2.631090503221482209e+02
2.651199926495044110e+02
2.708365515503843426e+02
2.716263217493309412e+02
2.716626552451673433e+02
2.720487903055056904e+02
2.766006106637108815e+02
2.822842360839611047e+02
2.859432524490634364e+02
2.892104670618161890e+02
2.951358935635317380e+02
2.978348723014926236e+02
3.027521276274541719e+02
3.083817861396684634e+02
3.107304299774086758e+02
3.174897935422756632e+02
3.436888773854304304e+02
3.477425288488879005e+02
3.505625081280287532e+02
3.540214569316539723e+02
3.593632141562177935e+02
3.602439847621675426e+02
3.685808887159826099e+02
3.744480816239126852e+02
3.833759215540466698e+02
3.886555118338996522e+02
3.937460346014736956e+02
3.957819437071615312e+02
3.975509516191226567e+02
3.979237199530111866e+02
4.042840483998436980e+02
4.064072912294686262e+02
4.065809253393877043e+02
4.109821116905426948e+02
4.137773241922464535e+02
4.159846673980136984e+02
4.164605695265057079e+02
4.165823367377813042e+02
4.281888219816007677e+02
4.327643757792881161e+02
4.347415512889541560e+02
4.440632596473477065e+02
4.481325111805771826e+02
4.612296030911967932e+02
4.654811221062917070e+02
4.775587427906173730e+02
4.776192097277249218e+02
4.791643166382795584e+02
4.827810328141925993e+02
4.848414086959757583e+02
4.868840178316297624e+02
4.884245247216106236e+02
4.893832623429377122e+02
4.957128573189801841e+02
4.958087244144164174e+02
4.966509615146900956e+02
4.966961283833674656e+02
4.967693953777237539e+02
4.970092297837264823e+02
4.976732327535072500e+02
5.068673405412019406e+02
5.091301173282315631e+02
5.118480294842063358e+02
5.147413090911859399e+02
5.152730781362116659e+02
5.191928623342755600e+02
5.196962312522805405e+02
5.199034321789952173e+02
5.215283727799428561e+02
5.319159859056396726e+02
5.336992938815584466e+02
5.340654955194104332e+02
5.411566605682733098e+02
5.485865271319927388e+02
5.496835320383926273e+02
5.512113055380896185e+02
5.513687395755531497e+02
5.576119008316838972e+02
5.581819700480086794e+02
5.619664536409351285e+02
5.699877561832097399e+02
5.702952242250399877e+02
5.741263413598701391e+02
5.751340792003527440e+02
5.783517935917136583e+02
5.807051374504750356e+02
5.833430492486447747e+02
5.938401628640870058e+02
5.940457637836457252e+02
6.003703254038429122e+02
6.160650622658705515e+02
6.214523863609008458e+02
6.285813182453440504e+02
6.304842600896636213e+02
6.331825388244938040e+02
6.336225741259032702e+02
6.336396742023840716e+02
6.373968576732095244e+02
6.487038415774968598e+02
6.487114416114883397e+02
6.487371083929507449e+02
6.507938842586327155e+02
6.534469961247855281e+02
6.662178865764554985e+02
6.672717246231231911e+02
6.684754966737102677e+02
6.691539997083431217e+02
6.740153214508061410e+02
6.802771827905737609e+02
6.839017990018199953e+02
6.843574010395190044e+02
6.985018976346993895e+02
7.026750162991455682e+02
7.046494917967357878e+02
7.157591748185866436e+02
7.180401516870169871e+02
7.240811120387957089e+02
7.267773240977159048e+02
7.302540729809527420e+02
7.312909776185516648e+02
7.404855854084827342e+02
7.414981232704335525e+02
7.435730658840336673e+02
7.531458753654874272e+02
7.578762298555272992e+02
7.598389386338235454e+02
7.603542742720169372e+02
7.610949442513608574e+02
7.612385115601381358e+02
7.618742477368278969e+02
7.624879504816387907e+02
7.852863524484363325e+02
7.901336741282834737e+02
7.933737219528649121e+02
7.978512419787588215e+02
7.978624420288515466e+02
8.013743577360399968e+02
8.013861911222986691e+02
8.044381047721088862e+02
8.044388047752397597e+02
8.082753886011864779e+02
8.086562236378202897e+02
8.089792250824576740e+02
8.195883725323092222e+02
8.261116017077220022e+02
8.302360534878367844e+02
8.329550656487314200e+02
8.426064754817285802e+02
8.446064844268514662e+02
8.452967541807780663e+02
8.486203357123009710e+02
8.486260357377944956e+02
8.505313109258834174e+02
8.507505785732337245e+02
8.510704800040060718e+02
8.524815196482727515e+02
8.526181535927070172e+02
8.559368351023142623e+02
8.595131510975356832e+02
8.595651846635913671e+02
8.622521966813640120e+02
8.643035725228941146e+02
8.706843010609668454e+02
8.731299453325456170e+02
8.732805793395957608e+02
8.741848500506506525e+02
8.747778193693972071e+02
8.749083866200312514e+02
8.808149797041802458e+02
8.895202519722045054e+02
8.932698020755560719e+02
8.962368486791283431e+02
8.964898498106863372e+02
8.981629572937288231e+02
9.025826770611085976e+02
9.026124438609085701e+02
9.028791117202582654e+02
9.127698892905042385e+02
9.160563039891300150e+02
9.180703129968687790e+02
9.193048851852107646e+02
9.197372204521815320e+02
9.200992887382135450e+02
9.201869557969747575e+02
9.213824611439220007e+02
9.256774136866085883e+02
9.289009281039103598e+02
9.320665089287683713e+02
9.320702422787993555e+02
9.322349430154301899e+02
9.334015482331203657e+02
9.357523920807002469e+02
9.455660359726291517e+02
9.554000799557984465e+02
9.591708634874506743e+02
9.645890210537182838e+02
9.655129251859177657e+02
9.689802406936300940e+02
9.725680900737683032e+02
9.725732900970257333e+02
9.761221059692517201e+02
9.831556707604950134e+02
9.835808393287456965e+02
9.878935586175615526e+02
9.898182672259003994e+02
9.935833173985766962e+02
9.935961841227903051e+02
1.002905025756970304e+03
1.004502632902334426e+03
1.005942639342822986e+03
1.005982572854760633e+03
1.006027506389061045e+03
1.006044773132953878e+03
1.007340612261981391e+03
1.009169287107472087e+03
1.009970990693124577e+03
1.015891883841231220e+03
1.015904483897585578e+03
1.016489853182340539e+03
1.017747358806586590e+03
1.027423602083985543e+03
1.027456168896308554e+03
1.030084747319401231e+03
1.034023131600654779e+03
1.037115645432050997e+03
1.037330813061063964e+03
1.045578549949408853e+03
1.050549672182959057e+03
1.052261779840431473e+03
1.052275713236082538e+03
1.055511827709738554e+03
1.058986343249653373e+03
1.067072046079960955e+03
1.068926354373431650e+03
1.070097426277766090e+03
1.071247198086834715e+03
1.073555675078260265e+03
1.077387858884527759e+03
1.081769978483739351e+03
1.086816167719696523e+03
1.088632975845446026e+03
1.094244300942330028e+03
1.104801314825678901e+03
1.107678694361544785e+03
1.110265972599920588e+03
1.117298104051419614e+03
1.119778448478196424e+03
1.121679190312676383e+03
1.124714037219488318e+03
1.125260539663742975e+03
1.125838842250225298e+03
1.129599525736704663e+03
1.130290562160726950e+03
1.130518896515295410e+03
1.142974952225520610e+03
1.143029419135792750e+03
1.146748402435766366e+03
1.148075175036478640e+03
1.148281975961404214e+03
1.148597344038567599e+03
1.150594519637684925e+03
1.156170511243205056e+03
1.156832580871005575e+03
1.162544906419618428e+03
1.163146775778170650e+03
1.164102580053044903e+03
1.165349418962916843e+03
1.165958421686706743e+03
1.168941535028804992e+03
1.171497579794154262e+03
1.172065915669393462e+03
1.175110795954413334e+03
1.179514048981478254e+03
1.183316832656252473e+03
1.183992002342643445e+03
1.188805223869976317e+03
1.193069976277591650e+03
1.195317086327884226e+03
1.198823302009579265e+03
1.200009540648414031e+03
1.201019878500525238e+03
1.201778081891621241e+03
1.201962149381537529e+03
1.206763470855646574e+03
1.211368491451792124e+03
1.215312175756750321e+03
1.217489918830129682e+03
1.217521518971462683e+03
1.217527852333122382e+03
1.217607986024856700e+03
1.219425794155079075e+03
1.219548494703862389e+03
1.225979190132080703e+03
1.226569659439645875e+03
1.231605115294264124e+03
1.231894749923000518e+03
1.233204522447678983e+03
1.234284093942773779e+03
1.235540332894687936e+03
1.237996910548499955e+03
1.243050633151483680e+03
1.243661502550289015e+03
1.249114560272648987e+03
1.249546128869524182e+03
1.250135664839581523e+03
1.254316083536677297e+03
1.255171420695541656e+03
1.261240847841306049e+03
1.261396681871613509e+03
1.262769588011993164e+03
1.263508491316768641e+03
1.263920059824192549e+03
1.264079660538013513e+03
1.266007802495041688e+03
1.266167669876721902e+03
1.271323226268494636e+03
1.272996600419396600e+03
1.274740674886508486e+03
1.275637845565808220e+03
1.282037007519658573e+03
1.284523685308094628e+03
1.286403093713826820e+03
1.287149463718664265e+03
1.295248833276763435e+03
1.297112574945758524e+03
1.297754977818932048e+03
1.300170788623746148e+03
1.300193922060544764e+03
1.300839691615442234e+03
1.304978676793891736e+03
1.305685546622062930e+03
1.307114619680318128e+03
1.307561021676869359e+03
1.308050090530917032e+03
1.315872325516187175e+03
1.316538628496254660e+03
1.318328803169551747e+03
1.318863705561924917e+03
1.320742547298455747e+03
1.325174200452541299e+03
1.327481644106012254e+03
1.328057346680865976e+03
1.330032588848551768e+03
1.330447590704664663e+03
1.332075564652512185e+03
1.333541371208392775e+03
1.334284074530164162e+03
1.341606840614872226e+03
1.343884684135955240e+03
1.346063227212912579e+03
1.347252965867401372e+03
1.347400166525762415e+03
1.347787901593256947e+03
1.349679110051765065e+03
1.350532680536061207e+03
1.354142330013701212e+03
1.356555174138580014e+03
1.360316657628637358e+03
1.361093561103370348e+03
1.361675263705059251e+03
1.361717597227731176e+03
1.362112232326086314e+03
1.362642301363508750e+03
1.362720968382016963e+03
1.362795602049152421e+03
1.363130170212189114e+03
1.369566965667690056e+03
1.372543745648128379e+03
1.373300449032515871e+03
1.373509583301210796e+03
1.373547350136791238e+03
1.373698517479560223e+03
1.374292920138050704e+03
1.375120323838648119e+03
1.375716426504742003e+03
1.376216095406198292e+03
1.379413843041590553e+03
1.380820349332248043e+03
1.381536552535496639e+03
1.381936154322732136e+03
1.391293429506866687e+03
1.392293033977639197e+03
1.392358867605415981e+03
1.393987208221570199e+03
1.396532086270309492e+03
1.397236189419439825e+03
1.400994072893395924e+03
1.402419945937338980e+03
1.402595180054414186e+03
1.403303816557153823e+03
1.406026695402008727e+03
1.408947375131536774e+03
1.410099180283032865e+03
1.410139480463277096e+03
1.410749183190197755e+03
1.414243065483397913e+03
1.424171576555741694e+03
1.426377453088282437e+03
1.428354228596159601e+03
1.428897097690830606e+03
1.429013764879296332e+03
1.429018131565493150e+03
1.429279599401585529e+03
1.435293392965192879e+03
1.436022062890866209e+03
1.436269397330413085e+03
1.438130705655191605e+03
1.443762964179034498e+03
1.445441738354088329e+03
1.454077176976445571e+03
1.457958661003210182e+03
1.459117399519049513e+03
1.459962536632293677e+03
1.460432272066538189e+03
1.461909012004652141e+03
1.464875991941259372e+03
1.470773884986497251e+03
1.471333754157202065e+03
1.471441621306308889e+03
1.474136633359862117e+03
1.474605768791422861e+03
1.478471952749757520e+03
1.481651233635889866e+03
1.484568213348869222e+03
1.491707445279379726e+03
1.492105713727318516e+03
1.492266281112129491e+03
1.492930784084146580e+03
1.498641942960874758e+03
1.501379021869240205e+03
1.501767123605041206e+03
1.503311830513806854e+03
1.505276372633636129e+03
1.506910546609213725e+03
1.512173170146515531e+03
1.512186736873859900e+03
1.516821057601051507e+03
1.518161663596967401e+03
1.518235163925700590e+03
1.521402044756373016e+03
1.524686859447842835e+03
1.529183079557373503e+03
1.543066941653522235e+03
1.543446243349964561e+03
1.551618079898842325e+03
1.552402850075426159e+03
1.557193438168196280e+03
1.559838983333840133e+03
1.560504652977741898e+03
1.561503057443147100e+03
1.562179293800975756e+03
1.562235360718404081e+03
1.562462928402876742e+03
1.562492295200887611e+03
1.563352399047737435e+03
1.564686238346722348e+03
1.569734194257247736e+03
1.576488091130997873e+03
1.586592836324889731e+03
1.586959471298013113e+03
1.587825941840005044e+03
1.588281677211633905e+03
1.589299881765595956e+03
1.589984584827958770e+03
1.590183519051033727e+03
1.590779021714443843e+03
1.592116027694258491e+03
1.599207159409638962e+03
1.599374093489591814e+03
1.599800028727938297e+03
1.600313031022362111e+03
1.600344897831554590e+03
1.601926538238840294e+03
1.606546092233320223e+03
1.611792349030754394e+03
1.612065783587035185e+03
1.612289717921924193e+03
1.612966687616365789e+03
1.613564390289615858e+03
1.613682590818272502e+03
1.613929325255135836e+03
1.620378220764754815e+03
1.621181957692834885e+03
1.622586163973205657e+03
1.623031665965731918e+03
1.623672468831749029e+03
1.623686302226952876e+03
1.623977603529810040e+03
1.625511410389824960e+03
1.633546979662574586e+03
1.634742485009521943e+03
1.634970719363642957e+03
1.635547421942969095e+03
1.635952357087391647e+03
1.635976723863039524e+03
1.638582668851569906e+03
1.639713773910484178e+03
1.641104180129133510e+03
1.642785820983675421e+03
1.642874354712979539e+03
1.645263932067129872e+03
1.645410466055842562e+03
1.645493166425723302e+03
1.649661951737454956e+03
1.651068758029454330e+03
1.652271430075121771e+03
1.652648065092970910e+03
1.661996840239088215e+03
1.662778377067877500e+03
1.663700381191579027e+03
1.664094316286803405e+03
1.664767752632108795e+03
1.666515460448804561e+03
1.669034005046433094e+03
1.672957189259703455e+03
1.676043036394615910e+03
1.681017158641583819e+03
1.683537603247710194e+03
1.685353511369434500e+03
1.686743017584058634e+03
1.686778284408457694e+03
1.688358891477788120e+03
1.696488594504888624e+03
1.696532594701681319e+03
1.698071668251918027e+03
1.699590841713151121e+03
1.707079308538962778e+03
1.715038044134737220e+03
1.716710751615990830e+03
1.723435915027896272e+03
1.723668849403038166e+03
1.725481957512239433e+03
1.725603224721278593e+03
1.726084193539098351e+03
1.726242894248893663e+03
1.726901363860593165e+03
1.729940477453154472e+03
1.731195383065771694e+03
1.734360297220981465e+03
1.735177334208546654e+03
1.736656707491771840e+03
1.737791312566339911e+03
1.738445582159254400e+03
1.744628043143900641e+03
1.745570680693219629e+03
1.745650447716647705e+03
1.748454626925121829e+03
1.751988709398118772e+03
1.752104443249076667e+03
1.752524711795411804e+03
1.758833106676635907e+03
1.759287842043792125e+03
1.761628352511822186e+03
1.765751470952640148e+03
1.778869996292454971e+03
1.781492741356124498e+03
1.783693184531030965e+03
1.783891718752316820e+03
1.784317553990215856e+03
1.785178957842880209e+03
1.785794260594847401e+03
1.785856560873487979e+03
1.788063504077466177e+03
1.788754540501488464e+03
1.800572926693043883e+03
1.809268798919026267e+03
1.813997586735392360e+03
1.814816457064490578e+03
1.814821257085958678e+03
1.818430606562257026e+03
1.819698612233465155e+03
1.820049547136369256e+03
1.822201590094804033e+03
1.825154636635760198e+03
1.833229439417316826e+03
1.834079709886853607e+03
1.834570745416363479e+03
1.837478391754265658e+03
1.837649725853897962e+03
1.839455867265273355e+03
1.845327160191540997e+03
1.848198073031817557e+03
1.851730222162834252e+03
1.851757755619312320e+03
1.851811189191629410e+03
1.852410425205070624e+03
1.855284771394036625e+03
1.855459338841463250e+03
1.858991587972927164e+03
1.863549841693239159e+03
1.868245729362458178e+03
1.869787869593077403e+03
1.871129208925606690e+03
1.875236627296205370e+03
1.876883667995996575e+03
1.878533475374828413e+03
1.885155204990788661e+03
1.886319910199980768e+03
1.888690820803976749e+03
1.889894826188940669e+03
1.891192965328255241e+03
1.891933968642423224e+03
1.896469055592454197e+03
1.899039433755243635e+03
1.899642669786575198e+03
1.906036698384132933e+03
1.906862035408820248e+03
1.908685043562299825e+03
1.909451713657930441e+03
1.910454251475155615e+03
1.911662623546316354e+03
1.914827537701526126e+03
1.922308971162547323e+03
1.924794882280887805e+03
1.925100416980737691e+03
1.925100916982974013e+03
1.929097334857118540e+03
1.936946669963595014e+03
1.941259422585893162e+03
1.941264122606914043e+03
1.941688891173375850e+03
1.945661975609827323e+03
1.946352112029824411e+03
1.946479112597839730e+03
1.949187491377842662e+03
1.949498292767914791e+03
1.952792974170180514e+03
1.953848178889627434e+03
1.953854278916910062e+03
1.954196813782244590e+03
1.954347747790636731e+03
1.958993668569709826e+03
1.963444421809221467e+03
1.966762869984451754e+03
1.968035009007479630e+03
1.973115965065599539e+03
1.977176549893400079e+03
1.977265783625834956e+03
1.981257301478063937e+03
1.981508102599782205e+03
1.990903544621286073e+03
1.996098301188383402e+03
1.999630816987706794e+03
2.006198313027771519e+03
2.014764051338391255e+03
2.019581339550579060e+03
2.021638148749743095e+03
2.029735951634168941e+03
2.032020228517358646e+03
2.032761198498044223e+03
2.033418734772235666e+03
2.039752629767510371e+03
2.044306783469484799e+03
2.045103920368045920e+03
2.048868203870626530e+03
2.049375906141345695e+03
2.050724112171253182e+03
2.059973386872351057e+03
2.060405722139321824e+03
2.062852833084126814e+03
2.065086676408416679e+03
2.068706892599984258e+03
2.071793739739368903e+03
2.071904873569752908e+03
2.074474785063788659e+03
2.075680890458144859e+03
2.077419231566280814e+03
2.082916522819810325e+03
2.086527505636747264e+03
2.088963383197977237e+03
2.096937985531383674e+03
2.101910341103783139e+03
2.103224246980281805e+03
2.108923672471198188e+03
2.110138644571878103e+03
2.111894585758731409e+03
2.112823089911504667e+03
2.121434795094379751e+03
2.122258632112358100e+03
2.124295441222071076e+03
2.124985410974656133e+03
2.128252492253478977e+03
2.136615229656168594e+03
2.137141232008735642e+03
2.137884068664437109e+03
2.138101736304631231e+03
2.140668381117389799e+03
2.143478327018322943e+03
2.161993576495209709e+03
2.164094452558131707e+03
2.167680335262807603e+03
2.171036450273170885e+03
2.174352365103737611e+03
2.180227491380483116e+03
2.181775698304902562e+03
2.182688569054421350e+03
2.183486705957455342e+03
2.183533139498464607e+03
2.183544039547215561e+03
2.184121742131014344e+03
2.189514166248854508e+03
2.193639751367371900e+03
2.194300587656322932e+03
2.194390888060194811e+03
2.195934128295734354e+03
2.196225562932520916e+03
2.197111600228692623e+03
2.199780278831135092e+03
2.200986917561210248e+03
2.202585691378458705e+03
2.203184394056181191e+03
2.206294674633707018e+03
2.206805843586598257e+03
2.209310354788128279e+03
2.212220401136764394e+03
2.212956271094640215e+03
2.216114485219883591e+03
2.217216323481233758e+03
2.224357688754619630e+03
2.224760790557509154e+03
2.225362459915167165e+03
2.225614261041358077e+03
2.225820095295293413e+03
2.226680065808213840e+03
2.227099934352760101e+03
2.228354406630106041e+03
2.229199143741560874e+03
2.230406815809591080e+03
2.231513420758927623e+03
2.232388024670629420e+03
2.232394858034525441e+03
2.232402491401999669e+03
2.233127527978088892e+03
2.234434533823726269e+03
2.234709001717962110e+03
2.239925791716938420e+03
2.240581061314325780e+03
2.243981143187999351e+03
2.246730955486648782e+03
2.248894565163482639e+03
2.250390871855776368e+03
2.254383189711583327e+03
2.254577023911848300e+03
2.255296593796821071e+03
2.255490627997980027e+03
2.257658904362353042e+03
2.261403054441552740e+03
2.262306291814652468e+03
2.264796369618295557e+03
2.265336538700890742e+03
2.267033046288591322e+03
2.267151046816353301e+03
2.272902739207702780e+03
2.272990672934322902e+03
2.279461635209303495e+03
2.280041737803836440e+03
2.283083418074544170e+03
2.283141451667434922e+03
2.283205851955468006e+03
2.291584222761411638e+03
2.291841823913543521e+03
2.293689298843118195e+03
2.296590411818466237e+03
2.297115880835315238e+03
2.297215747948641365e+03
2.299602691957680690e+03
2.299725059171640169e+03
2.301561767386393512e+03
2.303792410696371917e+03
2.308846166632837594e+03
2.308879366781326553e+03
2.310619774565372609e+03
2.310803508720464833e+03
2.311807079875644831e+03
2.311876746853900386e+03
2.313946856112549540e+03
2.314153690370957520e+03
2.315464296232696597e+03
2.317806240040470584e+03
2.318469176338814123e+03
2.319450714062115367e+03
2.322420927346517601e+03
2.322837295875409382e+03
2.325376107230348680e+03
2.327459449881518140e+03
2.328790289167085575e+03
2.330417696445732417e+03
2.333137075274933522e+03
2.336432756681671435e+03
2.337463161290198968e+03
2.338829034065788164e+03
2.343118219916016642e+03
2.344336092029666361e+03
2.344850960999106064e+03
2.346851369946017712e+03
2.350009050735542587e+03
2.350949588275469068e+03
2.351185455997063855e+03
2.353230598477381591e+03
2.353528099807968829e+03
2.354529004284555413e+03
2.354774505382569259e+03
2.355799043298191009e+03
2.355918077163908038e+03
2.358594189132929841e+03
2.359820527951114400e+03
2.362520206692206102e+03
2.366175389706830174e+03
2.368323632648268813e+03
2.369369903994427659e+03
2.370237674542233890e+03
2.371234212332623883e+03
2.371484946787377794e+03
2.373065253855366791e+03
2.378167910010541164e+03
2.379369115382981818e+03
2.381324290794251738e+03
2.381750159365632953e+03
2.381817192998776591e+03
2.382276328385612032e+03
2.382281461741904877e+03
2.382379062178426921e+03
2.383009398330964359e+03
2.383892368946754232e+03
2.384747206103382268e+03
2.388386455713410214e+03
2.389509460736096571e+03
2.389623461245968883e+03
2.394860551335737910e+03
2.395160819345365326e+03
2.395464887371988880e+03
2.398490934239442595e+03
2.400075874661487433e+03
2.402729319862464308e+03
2.403824058092059659e+03
2.405049596906666011e+03
2.407443974282285126e+03
2.408252144563526599e+03
2.408946114334001777e+03
2.408987314518271432e+03
2.413501468041343287e+03
2.416498748113468992e+03
2.416890883200643202e+03
2.416901849916358515e+03
2.418476490292336621e+03
2.419540661718554020e+03
2.419991763736126813e+03
2.420641599975879217e+03
2.420967734767863931e+03
2.421590337552480833e+03
2.429115204541093590e+03
2.430719811717765424e+03
2.431266480829432567e+03
2.431457048348420358e+03
2.431857516806198873e+03
2.432553019916865196e+03
2.435886034823912269e+03
2.437282107734572946e+03
2.438261312114105294e+03
2.440922824017827224e+03
2.441708727532813555e+03
2.443150933983141840e+03
2.445901146283580147e+03
2.449924064276247464e+03
2.450616734040908796e+03
2.451725539000084609e+03
2.451903506462718269e+03
2.453812114999048845e+03
2.455426522219551771e+03
2.456274926014073117e+03
2.460637678859999596e+03
2.461359948757048187e+03
2.461603149844775089e+03
2.466044503042244287e+03
2.467933244823053883e+03
2.471842428973708593e+03
2.471864995741305847e+03
2.475125210322750718e+03
2.476198281788774239e+03
2.479287128937104171e+03
2.480308333504484381e+03
2.481684339658728732e+03
2.482222542065861035e+03
2.484924254149380431e+03
2.485766657917065913e+03
2.488580903837231290e+03
2.495092966296033865e+03
2.496204804602110016e+03
2.500174822358178517e+03
2.508573026586162086e+03
2.508785694203992989e+03
2.508853661174644913e+03
2.512726445162498294e+03
2.515050988892449823e+03
2.515596858000538759e+03
2.516846463589451560e+03
2.519279641138605712e+03
2.522402721773380108e+03
2.525790103590251874e+03
2.528882984089954789e+03
2.530372124083528888e+03
2.532694967805876786e+03
2.532838535114653951e+03
2.533856006332002835e+03
2.534394575407442062e+03
2.534603843010067067e+03
2.536013682648966096e+03
2.536435384535045614e+03
2.543616183318132244e+03
2.546746797319933194e+03
2.547586801076884967e+03
2.548128970168424985e+03
2.548328204392841599e+03
2.548832639982284491e+03
2.552295755471211578e+03
2.554696899543761447e+03
2.557038343349299339e+03
2.559959756415440097e+03
2.560924494063603106e+03
2.563798173582919844e+03
2.564338909334716391e+03
2.566510185712506427e+03
2.571524174804447284e+03
2.572585312883764800e+03
2.572723813503214387e+03
2.572969247934263421e+03
2.573755051448802533e+03
2.576748664837862179e+03
2.577584735243888645e+03
2.577679535667887194e+03
2.578243771524788826e+03
2.579537743978800791e+03
2.579803945169396684e+03
2.588232282865486468e+03
2.589245587397533200e+03
2.589959790591836281e+03
2.593315772268269939e+03
2.593725840768985108e+03
2.595192447328443450e+03
2.598178127348688122e+03
2.599229565384621310e+03
2.600254103300243059e+03
2.602179811913054436e+03
2.602306712480622991e+03
2.605399059644606950e+03
2.607067067104839225e+03
2.613484462473572421e+03
2.618196650215694262e+03
2.621513665051180396e+03
2.621794932975829852e+03
2.622571436448773966e+03
2.628586363350783813e+03
2.630330771152719990e+03
2.630758406398669649e+03
2.630762239749147739e+03
2.630776773147482345e+03
2.631554909961064823e+03
2.634941358440428758e+03
2.636530732215635908e+03
2.637615203732646478e+03
2.638675275140526082e+03
2.640514416699496451e+03
2.640845084845090241e+03
2.641345153748335633e+03
2.642718793225328682e+03
2.647441147679587630e+03
2.647779382525690380e+03
2.648384451898554744e+03
2.651909367663886769e+03
2.652489870260208590e+03
2.652763071482112537e+03
2.653658242152467210e+03
2.657831827485666963e+03
2.660546006291610865e+03
2.661092775403724772e+03
2.663434385876675151e+03
2.663689353683696027e+03
2.666142164653994769e+03
2.673769832102386317e+03
2.673964599640158667e+03
2.674003199812800176e+03
2.679323890276475140e+03
2.680493028838829105e+03
2.681338799288239443e+03
2.692443382287280201e+03
2.694253257048686919e+03
2.694288023870849429e+03
2.700694619191279344e+03
