3.064120593757726052e+00
7.447240197441779230e+00
7.450240210859462309e+00
7.543273960290095559e+00
8.652778922597015310e+00
8.657245609241122963e+00
1.701674966413607137e+01
1.983089558385364271e+01
2.232524007324606430e+01
2.315084376579279279e+01
3.904398151517661120e+01
3.904871486968006877e+01
4.074255577878705736e+01
5.086240104021432984e+01
5.087030107554756597e+01
5.184933878766763371e+01
5.571792275673640660e+01
5.572088943667166916e+01
5.581978987900799893e+01
5.596782387442951290e+01
5.630659205625091346e+01
6.122694739607738512e+01
6.128548099120465764e+01
6.554713338495490405e+01
6.594906851595976605e+01
6.605960234366023087e+01
6.622436974725593473e+01
6.668127179076925870e+01
6.670260521951722410e+01
6.687583932764728445e+01
6.692203953427961949e+01
6.744517520735892901e+01
6.842967961059568438e+01
7.169472754699118866e+01
7.231863033742227742e+01
7.285523273739875094e+01
7.286366610845068692e+01
7.417683864833594498e+01
7.418290534213615217e+01
7.418663869216705109e+01
7.464747408660578287e+01
7.473307446945705124e+01
7.490517523918487086e+01
7.491470861515662705e+01
7.546854442554356979e+01
7.642324869549797484e+01
7.662131624802997010e+01
7.685675063435336085e+01
7.686868402105925213e+01
7.969916334716199913e+01
7.995316448319260871e+01
8.216914106090634107e+01
8.217837443553632681e+01
8.236854195273510015e+01
8.244490896095636856e+01
8.310261190256002806e+01
8.323227914916883208e+01
8.374444810653237425e+01
8.386118196196271413e+01
8.542482228874220596e+01
8.628015944760642242e+01
8.675149488900704853e+01
8.692566233464482650e+01
8.703329614937486269e+01
8.709802977223199605e+01
8.710892982098292237e+01
8.714923000122715280e+01
8.917530572960147595e+01
9.044231139633681948e+01
9.056554528083880484e+01
9.056917863042244221e+01
9.294625592866582053e+01
9.699997405908814585e+01
1.003636224364782237e+02
1.004334894156278466e+02
1.004556228479538760e+02
1.006711238117908636e+02
1.032445019879980492e+02
1.032527686916378968e+02
1.035382699685541894e+02
1.035579033896988079e+02
1.038641047591971329e+02
1.064924831813952011e+02
1.067875178342832498e+02
1.068616181657000510e+02
1.078839227379996117e+02
1.113821383839140395e+02
1.114009051345157815e+02
1.117130065304022111e+02
1.117483400217660545e+02
1.121957086893076223e+02
1.122799423993797063e+02
1.123614760973758848e+02
1.173027981976437246e+02
1.201177107874569430e+02
1.201914444505671327e+02
1.201993111524179483e+02
1.206631798937567908e+02
1.245106637684545063e+02
1.300326217989739632e+02
1.445249866166761308e+02
1.454882909250945886e+02
1.533911929378179764e+02
1.578939130764203753e+02
1.582690480875605772e+02
1.583440150895202692e+02
1.583523151266425373e+02
1.584058486994069881e+02
1.588295172609488475e+02
1.589403177565086764e+02
1.628688686604486975e+02
1.633051039448624238e+02
1.633236040276048016e+02
1.718649422290938560e+02
1.772137994854128920e+02
1.772188995082229894e+02
1.772599330250804144e+02
1.782619375065869463e+02
1.782661375253717040e+02
1.782753709000017182e+02
1.782796042522689106e+02
1.833454269093706444e+02
1.864887743014554076e+02
1.865456078889793332e+02
1.903234581189043695e+02
1.907070598345789278e+02
1.979917924158472715e+02
1.996379997785779210e+02
1.996843333191399381e+02
1.996947333656545709e+02
2.001772688571478795e+02
2.001878022375921944e+02
2.042873539063402575e+02
2.047802227773833579e+02
2.064856304048896334e+02
2.076871357786722285e+02
2.082326382184544968e+02
2.126223911851398327e+02
2.153489367130610503e+02
2.153562367457107314e+02
2.160584065528609585e+02
2.420706562270588620e+02
2.450114027130026955e+02
2.483185175042106607e+02
2.506460279140974023e+02
2.526675036218979358e+02
2.546826793015213184e+02
2.557519507505488434e+02
2.596798683183229741e+02
2.602976044145065657e+02
2.609267738951597835e+02
2.609326739215479165e+02
2.661728306916995734e+02
2.709474187129089842e+02
2.747691024722146267e+02
2.749585033193177992e+02
2.756644398099812747e+02
2.760355414697488641e+02
2.809293633575700255e+02
2.815563661618660376e+02
2.843052117895253446e+02
2.844581458068624329e+02
2.944067903025871829e+02
2.997969144101406300e+02
2.999492817582765269e+02
3.003906503989827570e+02
3.003965504253708900e+02
3.093484237963287455e+02
3.126520719053652329e+02
3.144077464243588906e+02
3.161804876863510003e+02
3.165797228052799142e+02
3.180300626253181804e+02
3.197471703051534178e+02
3.230209516139427137e+02
3.271004698597570837e+02
3.271047365455066824e+02
3.316948237415285234e+02
3.317337572489935837e+02
3.319993584369059363e+02
3.430915080470047087e+02
3.531641197638446101e+02
3.585185770452100087e+02
3.585280437542169238e+02
3.587674448249481429e+02
3.598248828877170240e+02
3.624628613528516894e+02
3.651929402299092544e+02
3.652435404562208987e+02
3.652883739900740352e+02
3.656073754168211281e+02
3.656708090338639181e+02
3.656781423999960907e+02
3.658834766516953323e+02
3.658881766727163836e+02
3.658916100214054836e+02
3.658954100384012236e+02
3.678937189759208195e+02
3.712180338440567766e+02
3.795510044469464219e+02
3.811053113986486665e+02
3.845495268030448415e+02
3.903500194126550014e+02
3.935567004213353925e+02
3.940555026522490039e+02
3.942295034304747219e+02
4.008270996051636530e+02
4.008770664953092933e+02
4.048120507613561472e+02
4.050721852581518192e+02
4.071033943428186035e+02
4.087331016317520493e+02
4.096244056181460564e+02
4.096756058471411848e+02
4.097538395303778316e+02
4.115431141996496649e+02
4.119031158097717480e+02
4.122076838386315671e+02
4.123008509219918665e+02
4.123053842756007725e+02
4.171565059724436537e+02
4.172706398162453070e+02
4.309151008416626496e+02
4.343519495464441889e+02
4.367553602957984253e+02
4.399483412432045952e+02
4.400651084321174267e+02
4.415782485330325358e+02
4.441256265929531537e+02
4.445904286717996570e+02
4.487513472816805802e+02
4.500243196417688978e+02
4.525736643771521699e+02
4.590418599730916753e+02
4.591517604646261930e+02
4.595131620810099093e+02
4.637080141759930143e+02
4.647494188337184937e+02
4.649508864014572396e+02
4.673151969759342137e+02
4.757696014552752786e+02
4.757781681602568824e+02
4.791451498858888272e+02
4.791491832372614681e+02
4.865650497383650759e+02
4.893432954975176585e+02
4.895699631779649508e+02
4.899220314192714341e+02
4.902780330115032825e+02
4.902848663753991332e+02
4.909363026223080624e+02
4.914134047561670968e+02
4.914792717174265135e+02
4.937254150967291366e+02
4.973127978081136575e+02
4.981149680625200631e+02
4.981342681488404764e+02
5.001653772330599850e+02
5.026566550420698718e+02
5.033691248952874844e+02
5.033756915913240277e+02
5.058524693354817714e+02
5.061083038130453815e+02
5.061711040939222812e+02
5.063173047478107378e+02
5.108471916745843941e+02
5.109561254951287310e+02
5.110979261293379636e+02
5.144865746185420221e+02
5.207024024190894806e+02
5.207106024557645014e+02
5.327517563103241400e+02
5.506055694955766739e+02
5.563477951779190107e+02
5.573442996348264842e+02
5.583127372995373889e+02
5.619320868205614943e+02
5.632200925812205696e+02
5.632280259500362263e+02
5.665588741807263204e+02
5.665710742352915759e+02
5.665741075821915729e+02
5.671051766240866527e+02
5.690725520899214871e+02
5.702408239817326603e+02
5.715809299754122321e+02
5.738226400015532818e+02
5.796159659124433574e+02
5.827834800792817305e+02
5.828460803592641923e+02
5.828892805524787946e+02
5.828941472409119342e+02
5.828982139257669814e+02
5.829023472775869550e+02
5.833199491453285646e+02
5.833307825271147067e+02
5.833388825633425085e+02
5.833445159218712206e+02
5.833472826009119672e+02
5.955011369595292763e+02
6.021576000641696282e+02
6.027718361446992503e+02
6.112436073683804807e+02
6.156327269988997841e+02
6.223121568729267210e+02
6.234720953941331345e+02
6.241424650590560077e+02
6.293754884639699867e+02
6.293892551922089069e+02
6.328614040548719686e+02
6.328744374464976090e+02
6.425075805311291788e+02
6.425163139035229278e+02
6.434576181135450952e+02
6.447446238697315266e+02
6.497641463197537632e+02
6.498547800584502738e+02
6.498656134402363023e+02
6.498789801666862331e+02
6.502008149394389420e+02
6.514834206759462631e+02
6.516736215266274712e+02
6.516803882235584524e+02
6.516994216420195016e+02
6.559033404442205892e+02
6.561930417399216822e+02
6.567854443894669885e+02
6.637507755421992215e+02
6.676368595895378348e+02
6.678383604907589870e+02
6.688998319049004522e+02
6.819632236647947821e+02
6.831914291579946621e+02
6.915656332786363691e+02
6.917019005547640518e+02
6.972413919970356346e+02
7.060700648169740816e+02
7.161931434261960021e+02
7.161976101128400387e+02
7.162008434606347009e+02
7.165098115091736872e+02
7.166107786274201317e+02
7.169208466808789808e+02
7.172157813333197964e+02
7.236509434481822609e+02
7.245979143502155466e+02
7.277784619086795601e+02
7.310962100807792012e+02
7.322224151177778140e+02
7.325320498359652674e+02
7.326041501584369371e+02
7.330778856105717978e+02
7.383202757240453593e+02
7.395567145874027801e+02
7.401210171112692251e+02
7.460801770971925180e+02
7.601753401383932669e+02
7.630642863926584596e+02
7.630794197936766068e+02
7.632305204694805525e+02
7.667122360415977482e+02
7.712366562772547240e+02
7.712897565147477508e+02
7.713652235189437079e+02
7.729043970696278620e+02
7.786545894542681481e+02
7.854870533460793922e+02
7.872308278118497356e+02
7.873766951309139586e+02
7.895733382888248570e+02
7.930555538631783747e+02
7.943630263775700087e+02
7.945906940624897743e+02
7.987811461377937121e+02
7.993420153129709433e+02
8.001779857185499623e+02
8.080782877196446634e+02
8.080901211059033358e+02
8.173964293954193181e+02
8.174766297541187896e+02
8.175117632445882236e+02
8.177562976716118328e+02
8.189873365108173857e+02
8.190012032395035249e+02
8.199460407986620112e+02
8.395604618583063257e+02
8.479263992753080856e+02
8.550715978991717066e+02
8.589277151458159096e+02
8.601314205294380599e+02
8.601436205840033153e+02
8.605732558388981488e+02
8.605926892591483011e+02
8.773554975648362415e+02
8.775366317082996375e+02
8.821029187978746222e+02
8.837305927443803739e+02
8.872210750223736113e+02
8.914028603922487264e+02
8.931200347390488332e+02
9.015368390502214879e+02
9.015482391012086509e+02
9.015605058227388326e+02
9.131314242408175232e+02
9.135150592899744879e+02
9.135233593270968413e+02
9.136564599223947880e+02
9.138825276001583688e+02
9.229619015413679790e+02
9.236855714446782031e+02
9.241762736393642399e+02
9.241941070524582074e+02
9.241992070752681911e+02
9.242026404239572912e+02
9.249181102905926082e+02
9.279410571441809452e+02
9.312423385759657322e+02
9.318239745106898226e+02
9.320218420623273232e+02
9.330102798164895148e+02
9.330853801523788889e+02
9.347602543099895911e+02
9.360823268896806439e+02
9.381894363138147810e+02
9.390532401772135245e+02
9.395219422735029866e+02
9.414405508545594330e+02
9.580821586181730254e+02
9.580871919740183102e+02
9.592997640639638348e+02
9.636270167511141835e+02
9.751742350631931231e+02
9.751782017476009514e+02
9.802994913194473838e+02
9.842392756069626785e+02
9.855196146666654613e+02
9.868804874198920061e+02
9.953957588381294954e+02
1.001742087222346186e+03
1.001818754231909224e+03
1.002072622034010124e+03
1.002077755390302627e+03
1.003552295318576853e+03
1.011009695338774236e+03
1.020184836374972633e+03
1.020217436520778165e+03
1.029382744179663177e+03
1.031010951461887544e+03
1.042725637189638519e+03
1.042733703892383573e+03
1.043132005673804997e+03
1.053598919154175746e+03
1.055834129151245179e+03
1.058698275294590758e+03
1.060820818121085040e+03
1.062117090585383721e+03
1.064686802078525034e+03
1.064808535956318110e+03
1.065182137627266911e+03
1.074834080795982800e+03
1.076077519690648160e+03
1.076085653060358254e+03
1.080609339959401950e+03
1.082972517195476939e+03
1.086989268493896816e+03
1.087233202918236884e+03
1.087283969811960787e+03
1.087966472864484103e+03
1.088054173256727381e+03
1.088061373288929872e+03
1.088517875330654306e+03
1.092981628628309409e+03
1.093984733114735491e+03
1.098298985743742605e+03
1.098303419096904236e+03
1.098829421449471511e+03
1.100961230984078156e+03
1.101321132593752964e+03
1.101328365959437633e+03
1.107734527944596039e+03
1.110483540239667491e+03
1.113070785144560887e+03
1.113225052501194796e+03
1.113543187257398813e+03
1.113610254224025311e+03
1.113617620923639834e+03
1.113623854284852086e+03
1.113754254868074213e+03
1.114271023846011531e+03
1.115018627189698464e+03
1.117964373698005147e+03
1.117978207093208766e+03
1.120503618388215500e+03
1.123897833568983742e+03
1.125280906421500731e+03
1.127576383354783275e+03
1.127974318467898001e+03
1.136058454624531578e+03
1.145293395928189511e+03
1.145389996360238683e+03
1.145709931124493778e+03
1.149953483437290515e+03
1.156183911303137393e+03
1.158126019989299039e+03
1.158166753504814551e+03
1.160890165685388638e+03
1.161354201094139398e+03
1.177198005289543516e+03
1.180418586360392510e+03
1.180426653063137792e+03
1.180433653094445617e+03
1.183128898482375689e+03
1.183133031834195663e+03
1.187139016417794437e+03
1.187154416486672062e+03
1.187440184431447506e+03
1.193218643609178798e+03
1.195995356028140350e+03
1.195999422712995283e+03
1.197203094763135368e+03
1.197207261448437521e+03
1.197257795007784352e+03
1.197266195045353697e+03
1.197277261761516684e+03
1.199708872636997285e+03
1.200447375939983885e+03
1.200474176059848332e+03
1.200480209420166148e+03
1.200486209447001556e+03
1.200753143974210616e+03
1.202653519140384105e+03
1.202710352727908003e+03
1.203079721046589611e+03
1.210353353578212591e+03
1.210416420526948968e+03
1.210637521515832304e+03
1.210679921705468814e+03
1.210685988399269036e+03
1.210688988412686513e+03
1.212130128191577569e+03
1.215406109510206306e+03
1.215561243537383007e+03
1.216646815059313212e+03
1.217643952852386747e+03
1.221005167885560240e+03
1.223359745083170992e+03
1.224726717863679823e+03
1.225943656639822393e+03
1.225948289993878689e+03
1.230244542542379577e+03
1.230282042710100768e+03
1.230292909425369089e+03
1.232002450404695310e+03
1.232069650705251433e+03
1.232074584060649386e+03
1.232667520045913534e+03
1.234525328355038255e+03
1.238505712824139209e+03
1.238511279515703336e+03
1.238661413520517044e+03
1.238771180678121937e+03
1.238779647382656321e+03
1.238788180754155292e+03
1.238795014118051313e+03
1.242710031628129173e+03
1.243597868932351730e+03
1.243602435619443213e+03
1.243606235636438896e+03
1.249007559794084955e+03
1.249056193344933945e+03
1.250554900047961610e+03
1.254444117442647666e+03
1.263063455992996523e+03
1.263070389357339764e+03
1.263115256224675250e+03
1.263120622915344484e+03
1.263157089745110625e+03
1.265434099929133026e+03
1.269270283753290869e+03
1.270398422132269843e+03
1.270406022166261209e+03
1.271537927228753688e+03
1.271540727241276727e+03
1.271543593920764806e+03
1.271549227279293518e+03
1.271600927510524798e+03
1.271605394197169062e+03
1.273780737259814487e+03
1.273784037274574075e+03
1.274018138321600418e+03
1.275201676948359363e+03
1.277516820636268676e+03
1.277532087371216676e+03
1.277537154060544253e+03
1.280721401635556731e+03
1.282390075765437814e+03
1.285732757382386353e+03
1.285828591144340180e+03
1.285882691386305623e+03
1.289020038751555148e+03
1.289055738911225717e+03
1.289074972330581204e+03
1.289128205902003856e+03
1.292353786995215614e+03
1.292372487078852600e+03
1.292381620453035339e+03
1.292386220473609001e+03
1.294158995069083630e+03
1.294168528445055244e+03
1.294171695125884980e+03
1.294616763783139731e+03
1.294647663921341973e+03
1.297585043725561491e+03
1.297884278397234084e+03
1.298032112391761302e+03
1.299072050376260222e+03
1.299132883981674468e+03
1.300903225232932527e+03
1.301110959495365705e+03
1.302116397325561593e+03
1.304776642556951856e+03
1.304781275911008152e+03
1.304893176411487730e+03
1.305472412335477884e+03
1.305812980525349758e+03
1.309270562656195807e+03
1.309798365016813705e+03
1.315082988652511858e+03
1.315632357776254594e+03
1.317536266291564516e+03
1.320234578359876878e+03
1.322901923623022412e+03
1.322912823671773367e+03
1.322918457030302307e+03
1.322955323861857323e+03
1.322995090706383053e+03
1.323009957439541722e+03
1.323068724369045640e+03
1.323071657715498759e+03
1.323075191064634964e+03
1.323980428446680207e+03
1.323992295166421172e+03
1.323998295193256354e+03
1.326678740514992569e+03
1.327007208650746634e+03
1.327226442964614307e+03
1.327290343250411297e+03
1.329482719722572483e+03
1.329486653073498019e+03
1.329494019773112313e+03
1.329976988599877131e+03
1.333738072088145600e+03
1.333766138880342169e+03
1.341020671326539059e+03
1.342346443922778690e+03
1.348410437710908809e+03
1.351401317754410456e+03
1.351534651684085247e+03
1.361136394628278595e+03
1.361493196224088479e+03
1.361541963108866867e+03
1.361552829824135415e+03
1.361558529849628940e+03
1.361570729904194422e+03
1.361575896593969219e+03
1.361580963283296796e+03
1.361585529970388279e+03
1.361597963359330379e+03
1.361601796709808696e+03
1.361610096746930822e+03
1.361614630100539671e+03
1.361625796817150103e+03
1.361634896857850208e+03
1.361640663550308773e+03
1.361648896920466314e+03
1.361657830293754387e+03
1.362206066079094853e+03
1.363874973543352780e+03
1.364329208908272676e+03
1.365701015043732468e+03
1.368973829681531470e+03
1.370511269891129814e+03
1.370967305264100332e+03
1.374759955560219169e+03
1.374813155798159642e+03
1.374861189346324863e+03
1.374954089761825799e+03
1.375876160552492138e+03
1.378276171286639737e+03
1.380577448245863025e+03
1.380854649485657092e+03
1.387819580636600449e+03
1.388292416084709657e+03
1.388296882771353694e+03
1.395623115538233606e+03
1.395875650001037684e+03
1.396075250893760767e+03
1.396112617727552333e+03
1.396166851303447402e+03
1.396188584733984726e+03
1.396191951415708900e+03
1.396218084865924993e+03
1.397363523322279434e+03
1.400922139238336513e+03
1.400928472599995985e+03
1.401014339650706461e+03
1.401019539673963891e+03
1.405591126787243411e+03
1.408056504480413878e+03
1.409449244042832788e+03
1.409519944359042711e+03
1.409576211277365701e+03
1.409581644634999748e+03
1.412065255743053513e+03
1.415011368919666893e+03
1.415068335841120188e+03
1.415123869422830012e+03
1.415225403210277136e+03
1.417189278660458285e+03
1.419400555217150895e+03
1.422184767669656594e+03
1.423726474565004537e+03
1.430822639636230178e+03
1.431554709577109861e+03
1.431596243096203580e+03
1.431606509808788587e+03
1.431953844695591670e+03
1.431997044888806386e+03
1.431999911568294465e+03
1.441623854611778597e+03
1.442578625548697573e+03
1.443537463170471938e+03
1.445593005697304534e+03
1.445942040591710793e+03
1.447329546797389867e+03
1.447358946928883142e+03
1.447416547186502612e+03
1.447425413892826100e+03
1.451517765529371673e+03
1.457767926816810132e+03
1.457773460174891852e+03
1.458056994776345391e+03
1.458062061465673196e+03
1.458066794820176483e+03
1.460121337342536435e+03
1.462591681724587261e+03
1.462623915202086209e+03
1.463018250299099691e+03
1.466310131688842375e+03
1.466354931889213049e+03
1.474829303124522767e+03
1.479260222941995380e+03
1.479265889634006498e+03
1.484379412504449419e+03
1.484426612715554256e+03
1.488333396855475030e+03
1.488391263780953977e+03
1.488400363821654310e+03
1.488410663867721496e+03
1.488599098043834374e+03
1.492626349389216557e+03
1.495328494808007008e+03
1.498016373496322558e+03
1.501063453791182155e+03
1.501146254161510114e+03
1.504753436961451371e+03
1.504772803714736710e+03
1.509268223820689400e+03
1.509317124039397640e+03
1.509325624077414432e+03
1.518223697207748501e+03
1.518278697453739369e+03
1.518305864241910740e+03
1.522101914553236384e+03
1.522134814700383458e+03
1.522145714749134413e+03
1.522175381548487167e+03
1.522197848315637430e+03
1.522201481665220854e+03
1.522211215042087360e+03
1.522214315055952284e+03
1.522220448416717318e+03
1.522523416438421009e+03
1.528368809248849175e+03
1.530162817272624579e+03
1.530229817572286038e+03
1.530232950919633595e+03
1.530244517638032676e+03
1.530385684936075904e+03
1.530599685893204196e+03
1.530618019308534258e+03
1.532810729115519962e+03
1.536615646133168866e+03
1.537460983247307468e+03
1.544523914836561744e+03
1.544527748187039833e+03
1.544599515174687212e+03
1.544615748580625223e+03
1.545321318402982115e+03
1.545325251753907651e+03
1.545336018468728753e+03
1.545421352183720728e+03
1.547480394726207123e+03
1.547533394963252931e+03
1.548754633758627278e+03
1.550651875577453211e+03
1.552859585451527437e+03
1.552917919045760073e+03
1.552920985726142362e+03
1.561642724734481590e+03
1.564171902713001600e+03
1.564179202745651310e+03
1.564639638138301052e+03
1.566377245909823841e+03
1.566383312603623835e+03
1.570944833005213013e+03
1.570985233185904463e+03
1.571085966969773835e+03
1.572915975154561465e+03
1.572927608539925359e+03
1.573046809073054646e+03
1.573152376211874980e+03
1.575051118037409651e+03
1.575064184762517698e+03
1.575179585278651530e+03
1.575426653050338928e+03
1.575437253097747998e+03
1.575440286444648336e+03
1.577698796545928190e+03
1.577725429998380832e+03
1.585354597453481801e+03
1.586658136616947786e+03
1.586772870463433037e+03
1.588583378561005702e+03
1.588809212904392325e+03
1.588812579586116726e+03
1.588819579617424779e+03
1.588822612964324662e+03
1.588827879654546905e+03
1.588838679702850641e+03
1.588841713049750524e+03
1.588846413070771632e+03
1.594827706489020784e+03
1.594836806529721343e+03
1.594840339878857776e+03
1.595137574541585309e+03
1.596448447071183637e+03
1.596453113758722338e+03
1.596456613774376365e+03
1.596461280461915067e+03
1.596464713810604053e+03
1.598900324703974775e+03
1.599727128401888422e+03
1.599766495244625048e+03
1.599783128652351934e+03
1.599830695531763467e+03
1.604465016258955075e+03
1.605150719325790305e+03
1.608995203187070501e+03
1.609600105892522606e+03
1.609659472824710519e+03
1.609674139556974978e+03
1.609708706378242823e+03
1.609765006630048219e+03
1.610558876847332385e+03
1.610564043537107182e+03
1.610566976883560073e+03
1.610571410236721704e+03
1.610587410308282642e+03
1.611538414561688569e+03
1.611553147960917613e+03
1.611797915722318294e+03
1.615882200656118812e+03
1.616529236883348176e+03
1.622315396095518281e+03
1.627644186595421388e+03
1.632506141674050241e+03
1.632596408744440168e+03
1.633582513154833123e+03
1.636568526509901403e+03
1.638228233933011779e+03
1.638236267302274655e+03
1.638289267539320235e+03
1.639715607252017207e+03
1.640360610136819332e+03
1.640374810200329648e+03
1.644652862667430099e+03
1.644661096037587413e+03
1.647038140002348428e+03
1.647085973549619212e+03
1.651440393024940704e+03
1.652233463238646891e+03
1.652540964613959432e+03
1.652551431327438877e+03
1.652598131536307392e+03
1.652603998229213403e+03
1.656194180953121077e+03
1.656282848016354592e+03
1.663193245590060769e+03
1.665078520688698518e+03
1.669089005292423735e+03
1.674831230974766186e+03
1.682999900842813759e+03
1.689163195075069325e+03
1.696725962233192377e+03
1.698282669195628614e+03
1.699597608410082103e+03
1.699600975091806504e+03
1.701493416889164109e+03
1.702263286999106640e+03
1.702269053691565205e+03
1.703026790413907520e+03
1.703101057412736054e+03
1.703121824172283141e+03
1.705862903098538936e+03
1.705887003206327563e+03
1.708639182182228751e+03
1.714828976533007335e+03
1.717330721055496497e+03
1.724769920994293216e+03
1.725576957937132875e+03
1.725890426005798190e+03
1.738904884213501873e+03
1.739252985770400528e+03
1.743409737694979185e+03
1.749365864334002481e+03
1.749373797702818138e+03
1.749378164389014728e+03
1.749384464417192021e+03
1.749584098643397738e+03
1.758365637919195933e+03
1.758455338320384726e+03
1.761945920598825296e+03
1.761956920648023470e+03
1.762032220984807282e+03
1.766645274950215480e+03
1.771579230350869011e+03
1.772540067981588436e+03
1.775889216294126300e+03
1.776257084606099170e+03
1.776370485113287714e+03
1.776398418571554657e+03
1.790437914697116184e+03
1.790455514775833308e+03
1.797371345707173532e+03
1.797582213316954267e+03
1.800462792867132521e+03
1.808266594436624928e+03
1.808442595223795934e+03
1.808454261942642461e+03
1.808457528623919416e+03
1.808601529267968317e+03
1.808718963126529388e+03
1.812814014775151009e+03
1.813322050380694691e+03
1.813478751081544942e+03
1.813973886629392609e+03
1.814529655781759857e+03
1.814618489512405631e+03
1.820063613865949947e+03
1.820069813893680021e+03
1.823636696513376819e+03
1.839515300864426081e+03
1.839862669084711570e+03
1.839907469285082243e+03
1.840211570645188203e+03
1.840225837375663332e+03
1.841485143007960005e+03
1.843962020752565195e+03
1.844999892061154242e+03
1.845849329193630183e+03
1.846147830528689838e+03
1.846877867127142054e+03
1.847319869104014288e+03
1.847729404269010502e+03
1.848781708975486936e+03
1.849675346305650237e+03
1.850156148456057963e+03
1.850371582752929953e+03
1.850699784220824540e+03
1.852044590235525220e+03
1.852434191978035187e+03
1.852455725407677619e+03
1.853719931061889838e+03
1.854986770061213292e+03
1.856018674676449336e+03
1.856092141671700119e+03
1.857653215320333402e+03
1.857670182062884578e+03
1.857680848777258689e+03
1.860515394788216327e+03
1.861910501027886994e+03
1.863675775589817022e+03
1.863888109872824316e+03
1.864410278874913502e+03
1.866006386013568772e+03
1.866094853075908077e+03
1.866175053434607435e+03
1.866193553517349756e+03
1.866634522156267167e+03
1.866638388840227663e+03
1.866694655758550425e+03
1.866703122463084810e+03
1.866776089456099498e+03
1.866868123201057415e+03
1.867068524097358704e+03
1.867086090842593421e+03
1.868546197372980259e+03
1.868555764082434507e+03
1.868562397445435863e+03
1.868726064844111761e+03
1.868814565239933472e+03
1.870286938491850378e+03
1.870512439500413166e+03
1.870519206197343919e+03
1.873039117467751566e+03
1.873061584234902057e+03
1.873408185785091518e+03
1.873487186138424022e+03
1.873545153064350188e+03
1.873717153833630618e+03
1.873731353897141162e+03
1.874555390916014176e+03
1.874790858635819859e+03
1.874799125339459806e+03
1.874814858743161494e+03
1.875038593077155838e+03
1.875082393273054095e+03
1.875610595635461095e+03
1.876494032920004202e+03
1.876498766274507716e+03
1.877977439554601915e+03
1.878011706374528330e+03
1.878123406874113471e+03
1.879917914900124970e+03
1.881427654985833215e+03
1.890164927396979465e+03
1.891075264801834692e+03
1.891136731743414657e+03
1.891297499129120069e+03
1.891407366287172181e+03
1.891419833009596914e+03
1.892050935832230380e+03
1.892066369234590411e+03
1.894141911850874067e+03
1.896224821166772244e+03
1.896494089037750655e+03
1.900428439967631448e+03
1.905548562867593319e+03
1.912250926177524207e+03
1.914501269575611786e+03
1.919598892374940988e+03
1.920631230325448541e+03
1.922884007067752464e+03
1.931927414181432141e+03
1.932707451003512460e+03
1.936860036242788738e+03
1.936879036327767380e+03
1.936884769686743539e+03
1.936895069732810725e+03
1.941181588904445562e+03
1.944679604549465466e+03
1.944692137938854785e+03
1.945000772652569822e+03
1.945023539421061741e+03
1.949307325247138124e+03
1.950275229576130187e+03
1.950301529693758539e+03
1.950700831479652379e+03
1.950979466059190372e+03
1.951808403099978932e+03
1.952749873977413017e+03
1.953391476847008562e+03
1.957172193756421620e+03
1.957394128082365341e+03
1.957402661453864766e+03
1.962412883862291892e+03
1.974165036424281197e+03
1.975921644280782857e+03
1.976221312287726960e+03
1.976741147946046794e+03
1.977139883062739500e+03
1.979292459356892778e+03
1.985550154011358018e+03
1.986092456436828115e+03
1.987579896422798356e+03
1.988924035767850910e+03
1.991754981762707303e+03
1.995581365543034053e+03
1.996534303138420228e+03
1.998196677240124018e+03
1.998623945817766980e+03
1.998857013526838728e+03
1.999181814979526507e+03
1.999190215017096307e+03
1.999198215052876776e+03
1.999696550615036358e+03
2.008993392195545766e+03
2.012225806652653091e+03
2.012287840263434418e+03
2.012392540731711733e+03
2.012977010012441497e+03
2.013010043493518197e+03
2.013341344975277934e+03
2.014026048037640749e+03
2.014270049128945629e+03
2.014278515833480014e+03
2.014867318466924189e+03
2.014904318632409058e+03
2.015919456505988592e+03
2.016128724108613369e+03
2.016178190996522517e+03
2.016274758095089737e+03
2.023261689344429215e+03
2.024703695793862835e+03
2.025327665251258850e+03
2.025439232416914138e+03
2.030757022867619071e+03
2.038032955409528768e+03
2.044295950087698884e+03
2.044511351051088241e+03
2.044517284410958837e+03
2.044521751097603101e+03
2.044526217784247137e+03
2.044529851133830789e+03
2.045363321528228425e+03
2.046985928785406486e+03
2.049139905085821283e+03
2.050188876444055950e+03
2.050390777347065978e+03
2.051711883255767134e+03
2.051852683885504121e+03
2.051951617661322416e+03
2.052667787531088379e+03
2.053029555815779077e+03
2.056548971556511333e+03
2.058775614848599616e+03
2.059042582709290855e+03
2.059100082966463106e+03
2.059248483630191458e+03
2.063345901956064608e+03
2.066740917140410602e+03
2.067827888668602554e+03
2.067928655785954106e+03
2.074180617081443415e+03
2.075204254993039740e+03
2.076136592496291087e+03
2.076684494946807717e+03
2.076691961646869458e+03
2.079168706057544568e+03
2.081106548057956843e+03
2.087740844396788816e+03
2.088503381140599231e+03
2.090132388426402031e+03
2.091341427167210895e+03
2.095123010747166973e+03
2.095134577465566508e+03
2.095528179225966596e+03
2.095580312792469158e+03
2.095658213140881799e+03
2.097180986618215684e+03
2.098849794082026165e+03
2.099020661512905008e+03
2.099029094883956986e+03
2.099481096905554296e+03
2.100873103131360040e+03
2.100952636820411044e+03
2.101584839647964145e+03
2.101589606335950521e+03
2.102524577184312875e+03
2.103361447593917092e+03
2.111452350447481876e+03
2.111500150661270709e+03
2.113369359021382479e+03
2.114909165908232808e+03
2.114921065961455952e+03
2.115092800062876904e+03
2.119613120280196654e+03
2.120986593089777216e+03
2.120993359786708425e+03
2.121043626678195778e+03
2.122640167152122558e+03
2.122892934949303708e+03
2.122902468325275095e+03
2.122917068390574514e+03
2.126209483116036154e+03
2.127545755759237636e+03
2.128600827144754476e+03
2.130774336865867099e+03
2.131243638964840102e+03
2.132624645141447218e+03
2.136197161119673183e+03
2.136291428207953231e+03
2.136599462918984955e+03
2.136604029606075983e+03
2.138313203917095507e+03
2.138424271080514700e+03
2.140765114883368824e+03
2.141355250856110160e+03
2.141362517555277009e+03
2.142842690842080174e+03
2.143183225698469414e+03
2.143194659082939324e+03
2.143498860443492504e+03
2.143541960636259773e+03
2.143546560656834117e+03
2.144115596535203622e+03
2.144122429899099643e+03
2.145449735835530191e+03
2.150947693758708283e+03
2.150958693807906457e+03
2.151715263858363869e+03
2.151720897216892809e+03
2.151861997847971452e+03
2.152109198953588475e+03
2.154988311830540169e+03
2.156475085146862057e+03
2.157515589800561884e+03
2.157763457575827942e+03
2.157989525253591637e+03
2.158092592381230133e+03
2.161710408562063094e+03
2.162050343415769021e+03
2.162072910183366730e+03
2.164290520101718812e+03
2.164352353711605247e+03
2.164792955682215961e+03
2.164968956469386740e+03
2.165144623921733455e+03
2.165159057319620842e+03
2.166509896694639338e+03
2.166621263859400187e+03
2.168180370832570588e+03
2.168554839174062181e+03
2.168705473181112211e+03
2.170153446323899061e+03
2.170852082781912941e+03
2.174097130628857485e+03
2.175270135875171945e+03
2.175977739039956305e+03
2.176055872722745789e+03
2.176059672739741472e+03
2.176348307364004995e+03
2.180598459706321137e+03
2.182311267366923857e+03
2.183308838495269356e+03
2.184002908266191298e+03
2.184865978792976875e+03
2.184882645534186395e+03
2.184886578885111703e+03
2.186289685160562385e+03
2.187988026089796222e+03
2.188077993158844038e+03
2.193382183548722423e+03
2.194482055134610164e+03
2.194598122320392122e+03
2.195395325885918282e+03
2.196577064504626378e+03
2.200943384033171242e+03
2.200987050895139873e+03
2.203933364072647692e+03
2.208761652334033442e+03
2.209766456828063383e+03
2.210504593462743287e+03
2.211511364632236109e+03
2.213319406052109571e+03
2.213552940429934552e+03
2.213711407805353247e+03
2.215248248012268505e+03
2.215326881697294084e+03
2.215337748412562632e+03
2.215344915111282262e+03
2.215350148468022326e+03
2.215354315153324933e+03
2.215359681843993712e+03
2.215737383533280536e+03
2.215746650241393127e+03
2.216600987395784614e+03
2.216610587438720813e+03
2.217123289731803652e+03
2.217389757590258341e+03
2.221769810513560060e+03
2.224478955963658791e+03
2.224960091448890580e+03
2.226376764451686086e+03
2.226906766822143254e+03
2.229530878558591667e+03
2.230904084700312978e+03
2.232560592109110985e+03
2.232569458815434700e+03
2.234758335271942087e+03
2.234851235687443022e+03
2.236645477045595271e+03
2.237159179343150299e+03
2.238248550882075961e+03
2.240092292461619763e+03
2.240098492489350065e+03
2.240105092518868787e+03
2.244347011491026933e+03
2.246135952825474305e+03
2.247992127793960663e+03
2.252270346928472918e+03
2.254372289662832372e+03
2.258291707192589911e+03
2.260962319137012400e+03
2.264046199596462429e+03
2.264195100262426422e+03
2.264252000516915359e+03
2.265288305151830627e+03
2.268033350762494138e+03
2.268281018536865304e+03
2.268303485304015339e+03
2.268308418659413292e+03
2.268313618682670494e+03
2.271515366335952876e+03
2.273071139960881737e+03
2.273403474780596298e+03
2.274752314146669960e+03
2.275760985324659941e+03
2.275845085700802429e+03
2.275858752428594471e+03
2.277148624864268641e+03
2.280172171720540973e+03
2.282687249635997432e+03
2.282705083049091627e+03
2.283965622020237788e+03
2.287150569598381026e+03
2.288031673539154781e+03
2.289548280322241681e+03
2.289557813698213522e+03
2.293543431524054540e+03
2.294238567966413939e+03
2.294322868343450864e+03
2.296475711305463847e+03
2.296482344668464975e+03
2.296507611448138505e+03
2.296512611470501270e+03
2.296515411483024309e+03
2.299086856317251659e+03
2.301695067982585897e+03
2.308274797410698739e+03
2.310595041121418035e+03
2.310721541687197259e+03
2.312062747685796239e+03
2.314481791838405115e+03
2.317323637882012918e+03
2.319807848992749769e+03
2.321595223653523590e+03
2.321674124006408874e+03
2.321695724103015891e+03
2.323273197824999443e+03
2.323872267171028852e+03
2.323879967205466983e+03
2.324795437966614827e+03
2.324920971861403814e+03
2.324926105217695749e+03
2.325614008294371160e+03
2.325889109524772721e+03
2.326477612156874784e+03
2.327394749592143398e+03
2.327636117338337499e+03
2.327737884460161695e+03
2.327925951967968103e+03
2.331358367319588069e+03
2.331371467378178750e+03
2.335788920468754441e+03
2.336072421736725119e+03
2.336219989063392859e+03
2.337191626742415792e+03
2.337251827011664318e+03
2.342443516898379130e+03
2.348595677747506670e+03
2.348778211897231813e+03
2.348803145342080825e+03
2.348809445370257890e+03
2.349113513396881444e+03
2.349279580806291506e+03
2.349505015147889480e+03
2.349547148669666512e+03
2.349553248696949140e+03
2.349938217085402812e+03
2.350949788276363506e+03
2.350954821632208677e+03
2.351064988791602900e+03
2.351148889166850950e+03
2.354797038816684562e+03
2.355693709493747519e+03
2.360374063760159515e+03
2.362251405489981607e+03
2.365474819906836274e+03
2.367086693782675411e+03
2.369479604485067739e+03
2.372784219265094180e+03
2.375798932748525203e+03
2.379395015498820612e+03
2.379928117883143386e+03
2.380155252232344537e+03
2.380393986633427630e+03
2.380623320992468052e+03
2.380773921666036131e+03
2.386805615309702262e+03
2.390379164625883277e+03
2.394199848380716503e+03
2.394238581887287182e+03
2.394260015316482168e+03
2.394264082001337101e+03
2.394273082041589987e+03
2.394277348727339813e+03
2.394574116721313203e+03
2.394657817095666815e+03
2.396527892126321603e+03
2.396546592209958817e+03
2.397418296108690356e+03
2.397421862791309195e+03
2.398002032052806953e+03
2.400114008165374344e+03
2.400135174926710079e+03
2.400229575348919752e+03
2.400400976115517096e+03
2.400407509478071006e+03
2.400412642834363851e+03
2.400416342850911860e+03
2.400519209977655919e+03
2.400611743724850385e+03
2.402733419880801648e+03
2.402739419907637057e+03
2.405347364905112499e+03
2.407623875086898352e+03
2.410932623218744993e+03
2.413657968741299555e+03
2.413783902637877418e+03
2.416252647012771831e+03
2.416445747876423411e+03
2.418070221808617134e+03
2.418078921847528818e+03
2.418580624091412574e+03
2.421153602265830614e+03
2.421164335647169537e+03
2.421279202827584413e+03
2.424333316487234242e+03
2.424496317216262014e+03
2.424735384952168715e+03
2.425037219635470592e+03
2.425043552997130064e+03
2.425229787163403216e+03
2.425426421376191229e+03
2.426915761370659311e+03
2.432530486482749893e+03
2.433212822867861632e+03
2.434419061596147458e+03
2.436911439410077037e+03
2.437457308518165974e+03
2.445295443574549608e+03
2.452049440448747191e+03
2.460251943801450125e+03
2.461427949061182062e+03
2.461431849078625419e+03
2.461539282892460506e+03
2.461596649815703586e+03
2.461719483698416298e+03
2.462101952075688587e+03
2.463924393559967029e+03
2.466163803575821476e+03
2.467970044987644087e+03
2.469069149903436482e+03
2.471779262024525451e+03
2.471881129146796866e+03
2.471885529166475862e+03
2.473047767697969448e+03
2.475412144939411064e+03
2.479360595932355409e+03
2.479491996520049724e+03
2.485538923565181449e+03
2.486360860574662183e+03
2.487027830224378249e+03
2.487139864058787680e+03
2.487505965696192561e+03
2.489009672421582763e+03
2.490143410825608498e+03
2.490167577600361710e+03
2.495375134224707836e+03
2.498909316698152452e+03
2.499792220646976602e+03
2.499930821266873409e+03
2.502727400441356622e+03
2.504278940714018063e+03
2.504384474519355990e+03
2.508975661720297467e+03
2.508984628427068401e+03
2.509196229373462302e+03
2.509238029560415271e+03
2.509885432455951559e+03
2.511498073001886041e+03
2.513493415259470567e+03
2.513542882147380169e+03
2.513941217262283772e+03
2.513986550798373173e+03
2.514009450900794491e+03
2.515258823155330447e+03
2.517567800148992319e+03
2.517732267551246423e+03
2.518898739435006974e+03
2.519852877035760230e+03
2.521016848908339398e+03
2.535223879116537319e+03
2.536855619747898345e+03
2.541409373448083898e+03
2.543305348594577936e+03
2.545682025891032481e+03
2.545943493727124405e+03
2.555877538157550134e+03
2.556257939858912323e+03
2.557694079615439932e+03
2.557730313110829684e+03
2.557956914124311879e+03
2.558155115010773443e+03
2.559924756258900743e+03
2.561491929934816653e+03
2.561828464773315773e+03
2.561837531480533926e+03
2.562176499663249615e+03
2.564857344986774933e+03
2.570071468307157375e+03
2.570087201710859063e+03
2.572013676993765785e+03
2.574642655418648246e+03
2.574681755593524940e+03
2.575704893502885170e+03
2.577932036797209093e+03
2.579305809608131312e+03
2.579833778636161242e+03
2.580532015092386246e+03
2.582089388724471519e+03
2.582106888802741196e+03
2.582112255493410430e+03
2.582144355636979526e+03
2.582287156275661346e+03
2.582300289667734432e+03
2.582308223036550316e+03
2.582454823692227365e+03
2.582480623807619850e+03
2.582485857164359459e+03
2.582509257269017326e+03
2.582761325063067488e+03
2.582772058444406412e+03
2.583303660822019992e+03
2.583347494351400655e+03
2.584180231409185126e+03
2.584239931676196647e+03
2.584524532949087643e+03
2.584557566430165025e+03
2.586239607286495357e+03
2.586936477069941247e+03
2.592920503833749081e+03
2.592931503882947254e+03
2.592947037285754050e+03
2.592950037299171981e+03
2.592953370647413522e+03
2.594945779558545382e+03
2.596480686423479710e+03
2.596539420019501449e+03
2.597354723665980600e+03
2.598502228798245142e+03
2.598956864164953913e+03
2.599088831421849591e+03
2.599950035273619505e+03
2.600571504719834138e+03
2.601809143588558527e+03
2.602121878320610904e+03
2.602533246827139919e+03
2.602672880784992230e+03
2.604010186766148763e+03
2.604058920317444972e+03
2.604190454239068913e+03
2.604281421312589828e+03
2.604927790870171066e+03
2.605266525718509911e+03
2.605301659208979800e+03
2.606493064537588907e+03
2.606542398091568884e+03
2.607110433965466200e+03
2.607410668641611664e+03
2.607473768923829994e+03
2.608546040386275308e+03
2.608579840537448035e+03
2.610170214317127375e+03
2.610183181041788430e+03
2.610672416563247680e+03
2.610694049993337103e+03
2.610762116964436245e+03
2.610772050342196962e+03
2.610777050364560182e+03
2.610780183711907284e+03
2.611462186762194506e+03
2.613093727392660639e+03
2.613113394147287636e+03
2.614577100693776174e+03
2.615254970392242740e+03
2.616081674089709395e+03
2.617311112921758649e+03
2.617343479733186996e+03
2.617346679747499365e+03
2.617512313821638145e+03
2.617529180563741647e+03
2.617648314429906350e+03
2.617721014755061333e+03
2.617756548247320097e+03
2.617764648283548013e+03
2.617767548296518271e+03
2.618168716757427319e+03
2.619906291195467929e+03
2.626042585306964156e+03
2.626078318800116904e+03
2.626180119255423506e+03
2.629069598845407654e+03
2.629647968098855017e+03
2.630110236833037561e+03
2.630190737193078803e+03
2.630320337772722723e+03
2.642470858783097810e+03
2.643694797590548205e+03
2.643702730959364089e+03
2.643706797644219023e+03
2.643767397915255970e+03
2.645351071664969368e+03
2.667906039209663049e+03
2.672377859210063434e+03
2.676707911909736595e+03
2.676716045279446917e+03
2.676720245298231930e+03
2.682717605455006833e+03
2.687710127784269844e+03
2.689962804526126547e+03
2.691716145701351252e+03
2.698117474331558697e+03
2.701778657373017722e+03
