7.197405746713512187e+00
7.379506561166950362e+00
1.077305507228662051e+01
1.080592188595147185e+01
1.232249533555573606e+01
1.236982888059031005e+01
1.376090176888811278e+01
1.497034051148633793e+01
1.627171299859537967e+01
1.644388043528804033e+01
1.644498044020785699e+01
1.846415613772150266e+01
1.918455935975476834e+01
1.963199469426117361e+01
1.969466164120835572e+01
1.974172851838358156e+01
2.585488919308134470e+01
2.629542449672707960e+01
2.664739273758628713e+01
3.157034808904142409e+01
3.184418264711116819e+01
3.343865644512796820e+01
3.362395727389360189e+01
3.368202420026700139e+01
3.590480080839415677e+01
3.690573861846331738e+01
3.704307256602842813e+01
3.847947899041567865e+01
4.068698886359506162e+01
4.107955728604026291e+01
4.167875996599907751e+01
4.189932761916371362e+01
4.299539918805589878e+01
4.304983276484565380e+01
4.396400352017889901e+01
4.520567574027602831e+01
4.578824501250790036e+01
4.584657860674065688e+01
4.960996210529596340e+01
5.007836420024374036e+01
5.009829762273013642e+01
5.025659833073660820e+01
5.033413201084253785e+01
5.035256542662008883e+01
5.375014728911242656e+01
5.376184734144139554e+01
5.382351428391601900e+01
5.388694790095882325e+01
5.457311763654807635e+01
5.558865551191663457e+01
6.141948159052788725e+01
6.164178258477829075e+01
6.224935196882420030e+01
6.255465333429721397e+01
6.256465337902282897e+01
6.257962011262883095e+01
7.423367223585985641e+01
7.429503917699271653e+01
7.441737305746939057e+01
7.848009122814477223e+01
7.855399155866705030e+01
7.869285884642341955e+01
7.970683004811830585e+01
8.079480158078273178e+01
8.137147082662650632e+01
8.177930598401947293e+01
8.185083963729003642e+01
8.347698024360461488e+01
8.350611370723856908e+01
8.529132169165525568e+01
8.657562743576590947e+01
8.959194092635299000e+01
9.042304464349879822e+01
9.122611490193047246e+01
9.413889459612502719e+01
9.523023281051374056e+01
9.577570191681360257e+01
9.816064591690778229e+01
1.014467272807095242e+02
1.014760607452380015e+02
1.018374623616216894e+02
1.019162627140595276e+02
1.019399961535416708e+02
1.020479966365783042e+02
1.042754065987616485e+02
1.053907115870094344e+02
1.054372117949835257e+02
1.057299131041022804e+02
1.057593465690779908e+02
1.061588816893487177e+02
1.072381865165842640e+02
1.075640879741920486e+02
1.087242598297754199e+02
1.089101273277421740e+02
1.093867961263297843e+02
1.094001961862621073e+02
1.094468297281658948e+02
1.135299146565990895e+02
1.137054154415336313e+02
1.137167488255559817e+02
1.137600156857354676e+02
1.157093244040995046e+02
1.159264920420574185e+02
1.177127666979115048e+02
1.181216351932594648e+02
1.236947267858092090e+02
1.260907375020664176e+02
1.263032717859681355e+02
1.277042447185443166e+02
1.278928788955518172e+02
1.280701463550545327e+02
1.323765656156931527e+02
1.356351135230170257e+02
1.357002138141807563e+02
1.357379473162787633e+02
1.360237485945368121e+02
1.360410153384297018e+02
1.367495851742043271e+02
1.380514909970320616e+02
1.396553648370909571e+02
1.397131984290874129e+02
1.397285318310000264e+02
1.397444652355961523e+02
1.401117668783679733e+02
1.413652724847237323e+02
1.415405399352813731e+02
1.426288114692875695e+02
1.427825121567202302e+02
1.449706552766143375e+02
1.488077391047974629e+02
1.503161458512091144e+02
1.515329846269043230e+02
1.515828515166026875e+02
1.525233890565291688e+02
1.538823618012577299e+02
1.541705297567675359e+02
1.541862964939515450e+02
1.544813311468396080e+02
1.544996645621698974e+02
1.561977054900616508e+02
1.574285776618551154e+02
1.646757100749551341e+02
1.647174102614609410e+02
1.682802261963028627e+02
1.685322273233883550e+02
1.703191019819259395e+02
1.705430363168148915e+02
1.705507363512535903e+02
1.711095721840033548e+02
1.717705418068840402e+02
1.723775778552112570e+02
1.724592448871371175e+02
1.742585529346169153e+02
1.743288199155555560e+02
1.747899553113360867e+02
1.777448351938254518e+02
1.795154764464251400e+02
1.796145768896559787e+02
1.797971777063457068e+02
1.819612873854159147e+02
1.831330592928810006e+02
1.832056929510713701e+02
1.841447971512538402e+02
1.851338349080995158e+02
1.852212352990013926e+02
1.852759688771329252e+02
1.853281691106006122e+02
1.868771760385982930e+02
1.888882183664017873e+02
1.889943521744229713e+02
1.929459031812318983e+02
1.935344058133343310e+02
1.985887950859664670e+02
1.987208290098269572e+02
2.011422731731696558e+02
2.013713741978335179e+02
2.016003085550852347e+02
2.016799755780659495e+02
2.017562759193224053e+02
2.051166242819530225e+02
2.054787592349499334e+02
2.056148598436655561e+02
2.057002268921398809e+02
2.078131696756973952e+02
2.091383756027358061e+02
2.105774487057165345e+02
2.107047159415911892e+02
2.107693495640010894e+02
2.143210987826799681e+02
2.184906840979897424e+02
2.185288842688416082e+02
2.185521843730522562e+02
2.185863845260138874e+02
2.202129251341174836e+02
2.204322927819150379e+02
2.204945597270732094e+02
2.207208607392138333e+02
2.214447973103835068e+02
2.259428174279648545e+02
2.277725922783753560e+02
2.288299303406969898e+02
2.290672647355182505e+02
2.291553651295509155e+02
2.294455997609706515e+02
2.363109637999291408e+02
2.376708698821654480e+02
2.392946438112282692e+02
2.400758473051932924e+02
2.401796144359627476e+02
2.402013145330173245e+02
2.406119830364158929e+02
2.414377867298571232e+02
2.431816278625921939e+02
2.434736625020625524e+02
2.437267303005854444e+02
2.438313307684153699e+02
2.446467010818595327e+02
2.469441780240870514e+02
2.469499780500278803e+02
2.472637127865528441e+02
2.473878466750801408e+02
2.475870142325319421e+02
2.497942907713344027e+02
2.501017588131646221e+02
2.548080131954156968e+02
2.551622814465617921e+02
2.570919567437811679e+02
2.571008234501045422e+02
2.572393907365191694e+02
2.573322578185376983e+02
2.575722588919524583e+02
2.575811255982758325e+02
2.577713264489569838e+02
2.585400965539798221e+02
2.586897972235223051e+02
2.594198671554569842e+02
2.603931381751185654e+02
2.610512411185112569e+02
2.612218752150126875e+02
2.612642754046492541e+02
2.612795754730794897e+02
2.613294423627779111e+02
2.629183828027131540e+02
2.677594044543831160e+02
2.679774387628839349e+02
2.685998748800885778e+02
2.686522084474859184e+02
2.693590782756572253e+02
2.696821130537769591e+02
2.698784139317407949e+02
2.712271532973668400e+02
2.714437209326412699e+02
2.732864958411950056e+02
2.734060297091485268e+02
2.734204631070358005e+02
2.743235338127236673e+02
2.743355671998767775e+02
2.765662438433372472e+02
2.812821316020073255e+02
2.812902316382350136e+02
2.829648057945040023e+02
2.830166060261827283e+02
2.843908788393414397e+02
2.880628619291046562e+02
2.880735619769610594e+02
2.898326365111614678e+02
2.908803745305464759e+02
2.929681838683603132e+02
2.930016173512262867e+02
2.938432544488163671e+02
3.012268874724210264e+02
3.054076061708586849e+02
3.056000403648619113e+02
3.059044750597920483e+02
3.063023101724593857e+02
3.133580750629935210e+02
3.135560426150782973e+02
3.136741764767702421e+02
3.141054450723035529e+02
3.155776183233260781e+02
3.165940562027199690e+02
3.172477924599157859e+02
3.173984264669659865e+02
3.177371946487873515e+02
3.201476387629318765e+02
3.202516725615607243e+02
3.224459823757022718e+02
3.255077294028260440e+02
3.278770066661834335e+02
3.305879854578151367e+02
3.307403194724686273e+02
3.368278466991864093e+02
3.373275822676077382e+02
3.378401178932779203e+02
3.421665372433677135e+02
3.489331341739195977e+02
3.490884682019907927e+02
3.501810730887114005e+02
3.539577899802342245e+02
3.601797178080642539e+02
3.609292878272138978e+02
3.616892912263605808e+02
3.617856916575155424e+02
3.618612586621587184e+02
3.619414923543405962e+02
3.631917646129017498e+02
3.636325332509243822e+02
3.705471641768977520e+02
3.709862328073170374e+02
3.711836003567182161e+02
3.741857137837949949e+02
3.762194228796431048e+02
3.782528319741496148e+02
3.814653796757356758e+02
3.828472525228858672e+02
3.830159199439245299e+02
3.876485739969950828e+02
3.891924142352178819e+02
3.895951493698008221e+02
3.898544171960535891e+02
3.899347508886826859e+02
3.928040303883207685e+02
3.930169646740115468e+02
3.930649315552120697e+02
3.930835649718841296e+02
3.946183385028890029e+02
3.953615751603791182e+02
3.960153780845398046e+02
3.997161613031127558e+02
4.038814799326729030e+02
4.057985551735380341e+02
4.060147894739882304e+02
4.062809906645840670e+02
4.065081250137851612e+02
4.065116583629215938e+02
4.069491936531496208e+02
4.074365958330760691e+02
4.077061637053961931e+02
4.077704639929819450e+02
4.085126006455521974e+02
4.093893379001292487e+02
4.097616395652638630e+02
4.100416074840986198e+02
4.131589214264144516e+02
4.132499218334175453e+02
4.138054576514077780e+02
4.157629664064468784e+02
4.173887070109723822e+02
4.225516967693247352e+02
4.227678644028100621e+02
4.266611484823511091e+02
4.280686881109637625e+02
4.281604551880624854e+02
4.284214230219185993e+02
4.290489924954156891e+02
4.290745926099132816e+02
4.314260031266942974e+02
4.324213075782346323e+02
4.336547464281743487e+02
4.366299597349391775e+02
4.367906937871622404e+02
4.371370620029750853e+02
4.388476696537386488e+02
4.397226069002650775e+02
4.432097891634989537e+02
4.458893344812097439e+02
4.459070012268916798e+02
4.459950016204770691e+02
4.462192359567077347e+02
4.464978038692809719e+02
4.503000542083364621e+02
4.503136542691632940e+02
4.519019613729326466e+02
4.544908396184645767e+02
4.550702088763842426e+02
4.562306473998269212e+02
4.613572703288604089e+02
4.706183784162167854e+02
4.708145792937333454e+02
4.712171810943865466e+02
4.735567582249088900e+02
4.756032340445234468e+02
4.774486756316707670e+02
4.793844509561728273e+02
4.805423561349516604e+02
4.811477588426404282e+02
4.821312632414045538e+02
4.878375887631819410e+02
4.929525783068512510e+02
4.964268271789066489e+02
4.965462610464128943e+02
4.990193721075046369e+02
5.066196727668308881e+02
5.076361106462247790e+02
5.082127465585861614e+02
5.114259275963381128e+02
5.116335951918067053e+02
5.145266081309268884e+02
5.146955422198250290e+02
5.150640105344814401e+02
5.178276895618171238e+02
5.190492616920157616e+02
5.199881325578212454e+02
5.200996663899942405e+02
5.253358898092204754e+02
5.257115581560794908e+02
5.296845759255660369e+02
5.311034489382010406e+02
5.314865506516392770e+02
5.316524513936373069e+02
5.316600180941463805e+02
5.338360944934048575e+02
5.375368777119778088e+02
5.380111131663488777e+02
5.393588525275023358e+02
5.418770971237889853e+02
5.420309644786336776e+02
5.422761655753058676e+02
5.423890327467755696e+02
5.448478770773921269e+02
5.481285584170419725e+02
5.486348273480174385e+02
5.518496750598902736e+02
5.543735196812233426e+02
5.544940868871318571e+02
5.552259568271172157e+02
5.560039269732875482e+02
5.564884291402435110e+02
5.572490992090386044e+02
5.602842461171923105e+02
5.609487824226918065e+02
5.624711558982368160e+02
5.680020473020446161e+02
5.712392951141027879e+02
5.719477982829126859e+02
5.723083998957183667e+02
5.738196733216179837e+02
5.783637603119020696e+02
5.785932946718372705e+02
5.794680652509516676e+02
5.801946018337499709e+02
5.821610106285947950e+02
5.830988481564452286e+02
5.871993998296659356e+02
5.882019376468911105e+02
5.936522620236927423e+02
5.969758768886980533e+02
5.981933490005591239e+02
5.982881160910754943e+02
5.997137224671590729e+02
6.009284945669443232e+02
6.025863686485215567e+02
6.027885362193910623e+02
6.029219368160306658e+02
6.089034302351745964e+02
6.111024400703371384e+02
6.131398158492514767e+02
6.144401883318878390e+02
6.144504217109905539e+02
6.189592085433930606e+02
6.192283430804417321e+02
6.207709833132975064e+02
6.207905834009596902e+02
6.236237294056559222e+02
6.262885079906552619e+02
6.281764497678864245e+02
6.284675510698490370e+02
6.286057850214394875e+02
6.286214850916586556e+02
6.301161584433137932e+02
6.323640351637021695e+02
6.379795602793709577e+02
6.400643696037672044e+02
6.404536380114527674e+02
6.408003062286074965e+02
6.409211734358576678e+02
6.460279296093697212e+02
6.469729671694226454e+02
6.473523688663125313e+02
6.475914699357019799e+02
6.476178700537775512e+02
6.489611760617693790e+02
6.489701761020223785e+02
6.505905166823961281e+02
6.529142937422519708e+02
6.544315005280221840e+02
6.546533348535186860e+02
6.572015795839821521e+02
6.620932347954461648e+02
6.622997023855477892e+02
6.643925450792066840e+02
6.658761850481812417e+02
6.666309884240705514e+02
6.698418694515356719e+02
6.699635699958464556e+02
6.711749420804250121e+02
6.737475869200189891e+02
6.810790530436383960e+02
6.877012826618346253e+02
6.881414512971739441e+02
6.881967848779889891e+02
6.898770590597515593e+02
6.905053618698618720e+02
6.914784662221113649e+02
6.925652377494087659e+02
6.946066802131781515e+02
7.007552743796869663e+02
7.008147746458043912e+02
7.009649419841006193e+02
7.011151426558793673e+02
7.031708518501238814e+02
7.058118303286763648e+02
7.095408136733755100e+02
7.121739921170418484e+02
7.186221542900476607e+02
7.224235046250779533e+02
7.246119810797962373e+02
7.282139971899625834e+02
7.297704041510571642e+02
7.298056376419738172e+02
7.305605743517927522e+02
7.305608076861698237e+02
7.392694466359182570e+02
7.413904561222210532e+02
7.459301764263083214e+02
7.555505527871735012e+02
7.566121575352447053e+02
7.575544950832218092e+02
7.592603360459995656e+02
7.616271799651403853e+02
7.625505507616212526e+02
7.628006852136912812e+02
7.646027266067293340e+02
7.676229734482418507e+02
7.700272842016213417e+02
7.738953348349713224e+02
7.746925050670149631e+02
7.748063055759924964e+02
7.748142056113257468e+02
7.807330654170048092e+02
7.847348499818186838e+02
7.896112717918173303e+02
7.897728058476184287e+02
7.900703071782055531e+02
7.903218416365371013e+02
7.921372497560250849e+02
7.925224181453734218e+02
7.932007878460766506e+02
7.992511482398975886e+02
8.075639187524415092e+02
8.075694187770404824e+02
8.129557095341157265e+02
8.141950817439260391e+02
8.157559887251472901e+02
8.171148281359461407e+02
8.193159713139834821e+02
8.199759742658741288e+02
8.201567750745132344e+02
8.291189818250209100e+02
8.294000164152930665e+02
8.318213939116709525e+02
8.328946987120710901e+02
8.395053616118681248e+02
8.412279693163026195e+02
8.418697055198275621e+02
8.422366738277752347e+02
8.454051879990861380e+02
8.628819328312183643e+02
8.678998219406020098e+02
8.681210562634149710e+02
8.780859674985600805e+02
8.829695893407611038e+02
8.838693266982070327e+02
8.873135087691207445e+02
8.925552988799108789e+02
8.925600322344142796e+02
8.944886075267139631e+02
9.117661181344293482e+02
9.149585990795993666e+02
9.151816000769806578e+02
9.206273911001732131e+02
9.213392276172249922e+02
9.237257382909928083e+02
9.239845727819740659e+02
9.242959408412473294e+02
9.246279756596201196e+02
9.247552095620123964e+02
9.330613133780725548e+02
9.365627957052639658e+02
9.468848085375607297e+02
9.484267154338032242e+02
9.504877246517525009e+02
9.660121607521028864e+02
9.666712303664855881e+02
9.795646213660444346e+02
9.816266305884661278e+02
9.826619018854266869e+02
9.860305169516971091e+02
9.863090515307878832e+02
9.863737518201626244e+02
9.888823630400302136e+02
9.919613768110468754e+02
9.923769120028786119e+02
9.923974120945661070e+02
9.969819992659888612e+02
9.971093331688284707e+02
9.973139674173968388e+02
1.003719829401213360e+03
1.008864919079506876e+03
1.016862221514440080e+03
1.017090289201148835e+03
1.017118255992898185e+03
1.022534913552456828e+03
1.023516484609240820e+03
1.026337063891065100e+03
1.027225801199312855e+03
1.043215739381640788e+03
1.043716841622841230e+03
1.052426613910992046e+03
1.055194759624971766e+03
1.055684261814290494e+03
1.057615370451253966e+03
1.061398054036129679e+03
1.067874916337498234e+03
1.068233484607876107e+03
1.068370851888923880e+03
1.070632762005410541e+03
1.072103268582312012e+03
1.074463445804969297e+03
1.075577617454814572e+03
1.076203086918919325e+03
1.077687726892366754e+03
1.086029997536851170e+03
1.092112358073793985e+03
1.092263625417010189e+03
1.092310225625431258e+03
1.092929361727876540e+03
1.102199836523792555e+03
1.125733141777475566e+03
1.127134114710051790e+03
1.136043921226197199e+03
1.136695457473553461e+03
1.137942929719591575e+03
1.137992596608395161e+03
1.141071243711105353e+03
1.141249377841150817e+03
1.145881331891090667e+03
1.161725169419977192e+03
1.172128015947139374e+03
1.172292350015463626e+03
1.176867470477879579e+03
1.176971470943026134e+03
1.177323305849955432e+03
1.178925713016787768e+03
1.180402119620077656e+03
1.180839988245129689e+03
1.185651276430482312e+03
1.189671927746345318e+03
1.191590002991682923e+03
1.192273906050467758e+03
1.192545807266557176e+03
1.198779501813681009e+03
1.198966235982190483e+03
1.203368422337818174e+03
1.205771233084488813e+03
1.207041638766430879e+03
1.211667426122123288e+03
1.214469971989959049e+03
1.215130541611050830e+03
1.222208839935699871e+03
1.224407083100766840e+03
1.225051552649850237e+03
1.225531988131951266e+03
1.227832231753219503e+03
1.230848278575947234e+03
1.231501648164836524e+03
1.232029983861173150e+03
1.233679291237768666e+03
1.240560488680876006e+03
1.246811483305375305e+03
1.250617300327049406e+03
1.250855734726790615e+03
1.253911815061903098e+03
1.256136491678528273e+03
1.259069904798340076e+03
1.259827641520682164e+03
1.261614016176983569e+03
1.262038518075585898e+03
1.262930588732075421e+03
1.263028655837351380e+03
1.264001526855224029e+03
1.267954477868294362e+03
1.269308750592002070e+03
1.269849619677728242e+03
1.273444569089621609e+03
1.273663970070901541e+03
1.273991271534771158e+03
1.274197139122189128e+03
1.274306506278004690e+03
1.274563074092181751e+03
1.274631641065516988e+03
1.274683274629783682e+03
1.275935013561571168e+03
1.276283548453741105e+03
1.276493582726461455e+03
1.286271359791307987e+03
1.286772795367332719e+03
1.287111596882636377e+03
1.287168197135783657e+03
1.291029281071308105e+03
1.291087581332058335e+03
1.291779817761447930e+03
1.291891251593173592e+03
1.291914785031761085e+03
1.292430354004331321e+03
1.292434954024905210e+03
1.295454500863286739e+03
1.296289371263946123e+03
1.297019607863292777e+03
1.298005678940203097e+03
1.298976249947789029e+03
1.299039783565279095e+03
1.299106617197528522e+03
1.299261684557740409e+03
1.299870253946259027e+03
1.301310493721124203e+03
1.301715728866888639e+03
1.301753829037293144e+03
1.301759395728857271e+03
1.302759700202760314e+03
1.302828133842165926e+03
1.303656370879823726e+03
1.303734004560376889e+03
1.305334978387465526e+03
1.305367511866306131e+03
1.306985585769875343e+03
1.307050852728451218e+03
1.307081052863522473e+03
1.307607488551361257e+03
1.307773289292911841e+03
1.307796489396675270e+03
1.314154984501974923e+03
1.314739520449669499e+03
1.317924734695672214e+03
1.317931134724296726e+03
1.320652213561101007e+03
1.320653213565573651e+03
1.321126282348059931e+03
1.321133849048568891e+03
1.323481326214424598e+03
1.324618131298832623e+03
1.325587768968910495e+03
1.326573073375725244e+03
1.327214376243978904e+03
1.327378576978373530e+03
1.327867212497149467e+03
1.328061813367509785e+03
1.328095613518682512e+03
1.328292947734601285e+03
1.328763016503669860e+03
1.329161951621257231e+03
1.329268385430620128e+03
1.329982721958853290e+03
1.330134622638235442e+03
1.330496157588548613e+03
1.330610224765385510e+03
1.330717858580115490e+03
1.330780725527957202e+03
1.330928426188554567e+03
1.331082093542504708e+03
1.331181793988419031e+03
1.331259327668524975e+03
1.331385594899927128e+03
1.331501528751779460e+03
1.331891863830902594e+03
1.332475133106265503e+03
1.332597100318435423e+03
1.335892215055972656e+03
1.343041580365138543e+03
1.345243390212824352e+03
1.346587862892700741e+03
1.348082002908637151e+03
1.351282283888693200e+03
1.351755519338591739e+03
1.355761603922637505e+03
1.355849637649705528e+03
1.358978918312209544e+03
1.359265619594493046e+03
1.359389586815608027e+03
1.359828655446027597e+03
1.360437991504641559e+03
1.360906560267001396e+03
1.361006794048634674e+03
1.363065869924603476e+03
1.363597172300875172e+03
1.364078607787448846e+03
1.365332313394698986e+03
1.366136816992874628e+03
1.370851671413589884e+03
1.371741742061134346e+03
1.372400911675964380e+03
1.372897480563555973e+03
1.374375620507931444e+03
1.374401953959042203e+03
1.375044056830874069e+03
1.375057856892595282e+03
1.376840198197523932e+03
1.376989198863935826e+03
1.377720902136508812e+03
1.378478505524921502e+03
1.378600639404503681e+03
1.379795244747425613e+03
1.380141346295378980e+03
1.380382414040231197e+03
1.380500781236299872e+03
1.380620648439077740e+03
1.381507852407134123e+03
1.389701289052619131e+03
1.390419025596058873e+03
1.390436392340398925e+03
1.390564192911992450e+03
1.390586526345213088e+03
1.390801893975120265e+03
1.391086695248905698e+03
1.391817598517900706e+03
1.395194513621293481e+03
1.395224480421987892e+03
1.395975550447846445e+03
1.396737620522903171e+03
1.396866187764592269e+03
1.397317489783059273e+03
1.397844158805274901e+03
1.398365127801997005e+03
1.398612962243780203e+03
1.398959730461381923e+03
1.399048564192027925e+03
1.399341898837312556e+03
1.399606900022541140e+03
1.401987477336438587e+03
1.402144144703806660e+03
1.402192311585901734e+03
1.402677247088128979e+03
1.402745180725298496e+03
1.402765280815197002e+03
1.402788680919854869e+03
1.402908214787808447e+03
1.402913614811960315e+03
1.403496984087770215e+03
1.403521084195558842e+03
1.403708585034164116e+03
1.404288154292978334e+03
1.404490188529918214e+03
1.405255191951427832e+03
1.405393525903465388e+03
1.405413259325057197e+03
1.405486192984589479e+03
1.406272696502258896e+03
1.406964632930306607e+03
1.407255300896997824e+03
1.407485535260063898e+03
1.407960404050600800e+03
1.408297905560090385e+03
1.408409639393157931e+03
1.411007217677601147e+03
1.411308452358219029e+03
1.418840419378586830e+03
1.419436722045575380e+03
1.422493135715512153e+03
1.422813537148520936e+03
1.422856370673428728e+03
1.423356872911945857e+03
1.425769850370754057e+03
1.426250152518925461e+03
1.426295719389391934e+03
1.428234628061241210e+03
1.431449942441867961e+03
1.431641109963539520e+03
1.434670856847541245e+03
1.447548914445187393e+03
1.449805224536627748e+03
1.452167135100370842e+03
1.453445540818093150e+03
1.460624839594471268e+03
1.463070017197296011e+03
1.463722486782159876e+03
1.469492279254462346e+03
1.470745218191617141e+03
1.473349796507368183e+03
1.473760098342460196e+03
1.475954341489637045e+03
1.478965088288660127e+03
1.482915039288312983e+03
1.482972939547274336e+03
1.483613742413291448e+03
1.495452062027333113e+03
1.495461028734104048e+03
1.497743438942278317e+03
1.498267307951970679e+03
1.501100187288807547e+03
1.515924353590505689e+03
1.516199021485635740e+03
1.516294721913659941e+03
1.523919622683011312e+03
1.524621159153995450e+03
1.524920360492185864e+03
1.525132294773404055e+03
1.525456962892162437e+03
1.528474976390352822e+03
1.528991945369184577e+03
1.529538847815228564e+03
1.529664381710017324e+03
1.529924882875119692e+03
1.530464318621101711e+03
1.530710653056175943e+03
1.532174492936593879e+03
1.532336226993289529e+03
1.541078866095105013e+03
1.541893769739795516e+03
1.544894116492303965e+03
1.556317167582373258e+03
1.558909179175252575e+03
1.559826683278827659e+03
1.560519286376523723e+03
1.564765538701396508e+03
1.565484441916720925e+03
1.565811843381037534e+03
1.566190745075690984e+03
1.566354445807849515e+03
1.566415946082912114e+03
1.567595984694016806e+03
1.567635151535858995e+03
1.567822585707499229e+03
1.567844519138930991e+03
1.568054020075932385e+03
1.568055020080405029e+03
1.568587355794631776e+03
1.570109062600528659e+03
1.576426657522900314e+03
1.578523733568826628e+03
1.582896886461267286e+03
1.586827137372810967e+03
1.590017584975553291e+03
1.600539965370668824e+03
1.600732932900390779e+03
1.604930651674862020e+03
1.607055361177713394e+03
1.607140094890021828e+03
1.607401262724772323e+03
1.608080632429948082e+03
1.609901840575377037e+03
1.610371642676586362e+03
1.610793844564901974e+03
1.610960845311819639e+03
1.611150912828571109e+03
1.611484280986240492e+03
1.611987916572105178e+03
1.612254617764937166e+03
1.612292417934000014e+03
1.612672086298749264e+03
1.613140155058872779e+03
1.613617890528897760e+03
1.613879691699814430e+03
1.614032925718493061e+03
1.616757004568715274e+03
1.617039872500520460e+03
1.619553717077127885e+03
1.621835560616101020e+03
1.622252862482500859e+03
1.625136175378237340e+03
1.630234698181591966e+03
1.630266798325161062e+03
1.634876985611081409e+03
1.635208420426770772e+03
1.636176791424516750e+03
1.637634364610239800e+03
1.638537235315033286e+03
1.638882603526373487e+03
1.639177971514085812e+03
1.639562939902539483e+03
1.640653144778525984e+03
1.640773145315233251e+03
1.640964779505658498e+03
1.641062213274768510e+03
1.641754283036745846e+03
1.641825616689121944e+03
1.643009588651152171e+03
1.644507695351496523e+03
1.644580162342274662e+03
1.644912530495471856e+03
1.645013764281577323e+03
1.645198998443378287e+03
1.645563600074073975e+03
1.648612147042159904e+03
1.652168496281412899e+03
1.652302196879394160e+03
1.658243290117846527e+03
1.661830539495301537e+03
1.676520871865088338e+03
1.677260175171653145e+03
1.682935600555228120e+03
1.691074736957853020e+03
1.699139339693789680e+03
1.723034479899127518e+03
1.724567186754222575e+03
1.729330008056138013e+03
1.738888617474081684e+03
1.744632143162238208e+03
1.749482431522020534e+03
1.755174256978945778e+03
1.757644901362338487e+03
1.758210137223712536e+03
1.761883253651878022e+03
1.768188915187543898e+03
1.768281482268220770e+03
1.774712911033052251e+03
1.777731757868303248e+03
1.785441559017374857e+03
1.785486792553017267e+03
1.786232762556065609e+03
1.790347447625831819e+03
1.793720762713123349e+03
1.795186069266767618e+03
1.795576204344996313e+03
1.800331358945955571e+03
1.809244465476860569e+03
1.819468911206117582e+03
1.826733277029627970e+03
1.828002116037896712e+03
1.846428665118067556e+03
1.847899538363275724e+03
1.850000247758785690e+03
1.854523501322557877e+03
1.858779420357332128e+03
1.863143239874695837e+03
1.870722640440545547e+03
1.872649649059171452e+03
1.876997835173280691e+03
1.879535413189370274e+03
1.884165367230364609e+03
1.887241814323235076e+03
1.888122751596597027e+03
1.888434086322387657e+03
1.888857088214281248e+03
1.893186474244306282e+03
1.896297588158892268e+03
1.902565849527284399e+03
1.912081958755143887e+03
1.913803299787246260e+03
1.914358635604341998e+03
1.926705157491339378e+03
1.928389065022685600e+03
1.931733646648132208e+03
1.933617888408814906e+03
1.936192666591283796e+03
1.937978241244006995e+03
1.939459714536624233e+03
1.940776287091716313e+03
1.940901987653917331e+03
1.941128922002223817e+03
1.941272955979755125e+03
1.943278931618231127e+03
1.947697418046761186e+03
1.947775818397410148e+03
1.949931328038016318e+03
1.953462477164560369e+03
1.954350414469230145e+03
1.956386156907506120e+03
1.968900679545893581e+03
1.977918853213382590e+03
1.978139054198240501e+03
1.978149887580026416e+03
2.005376509352220637e+03
2.008384656139615117e+03
2.015223353392638728e+03
2.016967194525373543e+03
2.019070670599924142e+03
2.026454336957011265e+03
2.026471837035280942e+03
2.029161149063340417e+03
2.029317616429814052e+03
2.032181295904405715e+03
2.033791769773983788e+03
2.036050479876158079e+03
2.037829621166774587e+03
2.042281807746030381e+03
2.043760281025229915e+03
2.046020324466701140e+03
2.048974404345612584e+03
2.052595653875134758e+03
2.066060647431209418e+03
2.066899551183240874e+03
2.067977622671627159e+03
2.068328457574084496e+03
2.073183079286580778e+03
2.073250879589820670e+03
2.082302453406693076e+03
2.085463034209188208e+03
2.085573034701169945e+03
2.086263804457332753e+03
2.090399789622364551e+03
2.096835185071603973e+03
2.103628048786301861e+03
2.103645515531089586e+03
2.105414090107778975e+03
2.108638904530895161e+03
2.109845676594899942e+03
2.109958777100746829e+03
2.112897590244710045e+03
2.114150295847487996e+03
2.118440281701294225e+03
2.121900763845110760e+03
2.122067064588897665e+03
2.122415832815444446e+03
2.122728034211778322e+03
2.125021511136115350e+03
2.126196916393164429e+03
2.137099398488300267e+03
2.137120865250978113e+03
2.138816239500276424e+03
2.139346875206899767e+03
2.140241445874571127e+03
2.140316879545284792e+03
2.140481813616292129e+03
2.140565480657163334e+03
2.140658281072217051e+03
2.142360155350586865e+03
2.143304926242780311e+03
2.143403726684669891e+03
2.143858528718790694e+03
2.144017462762963078e+03
2.144099663130607951e+03
2.177592079593494873e+03
2.179131986480791966e+03
2.182039566151729105e+03
2.192084144409855071e+03
2.192851081173344937e+03
2.195261925289278224e+03
2.195718493997967471e+03
2.195790460986509970e+03
2.195799361026315182e+03
2.199511310961498566e+03
2.204963168678491456e+03
2.211605765054445783e+03
2.218230961352577651e+03
2.228543274141490201e+03
2.228840108802428858e+03
2.231424720362211247e+03
2.232155923632548365e+03
2.248123295047278589e+03
2.249727202220819890e+03
2.251173142021178592e+03
2.252469314485030282e+03
2.253879887460543159e+03
2.254450356678657045e+03
2.254991825767066530e+03
2.256612299681370132e+03
2.262192424638710236e+03
2.263142862222915028e+03
2.265295738518409962e+03
2.270612428964194805e+03
2.280805541219978750e+03
2.282393181654099862e+03
2.282400648354161603e+03
2.282449948574658720e+03
2.282670682895235132e+03
2.286087631511013115e+03
2.288181607543074279e+03
2.289482713362324375e+03
2.292018358036432801e+03
2.292899361976759792e+03
2.293355064014906020e+03
2.293368764076180469e+03
2.298078651808014911e+03
2.298757854845778638e+03
2.299218523572805680e+03
2.299238890330563208e+03
2.299449324605072434e+03
2.303338742000652928e+03
2.303501276060926557e+03
2.313576387788948068e+03
2.315296528815683359e+03
2.315706930651222592e+03
2.316175099411793326e+03
2.319611548114785819e+03
2.319930216206708792e+03
2.320941554063292642e+03
2.321657490598681761e+03
2.321763257738396078e+03
2.321764557744210833e+03
2.322304493492428719e+03
2.322726795381191550e+03
2.323180664077804977e+03
2.323801833522677498e+03
2.324679570781727307e+03
2.324739171048292064e+03
2.324808638025652272e+03
2.325140372842683519e+03
2.325527407907047291e+03
2.325640208411552067e+03
2.325921276335307084e+03
2.325940909756451674e+03
2.326301244701397536e+03
2.326650846265005384e+03
2.326828980395050621e+03
2.326958314306835291e+03
2.327036847991413651e+03
2.327069814805525766e+03
2.327304649189165957e+03
2.328102919426129120e+03
2.328649921872620325e+03
2.329001456778208194e+03
2.334372347466406154e+03
2.359483493110378731e+03
2.361957270841119225e+03
2.364608282697879076e+03
2.365382586160983465e+03
2.367699029854707533e+03
2.368541500289357828e+03
2.368604933906400674e+03
2.370857043979056471e+03
2.370864110677328881e+03
2.372107449571547022e+03
2.373288688188019023e+03
2.377812175086168736e+03
2.378811012886845219e+03
2.379529249432521283e+03
2.382757063869054946e+03
2.387819919846221183e+03
2.390905100311485512e+03
2.394414349340080662e+03
2.394450382834575066e+03
2.397615896992468606e+03
2.401427880708390148e+03
2.406113034996270471e+03
2.413064999422552319e+03
2.414237237998771889e+03
2.432991821879425515e+03
2.446279814643856753e+03
2.465435533651937021e+03
2.468629847938640069e+03
2.471334060033340847e+03
2.471843295644251612e+03
2.483352013784136943e+03
2.484778453497281134e+03
2.486959796586761513e+03
2.488786404756342563e+03
2.489851176185243276e+03
2.489948643287835694e+03
2.490427745430639789e+03
2.492718255675041746e+03
2.497304342853173239e+03
2.497359243098717343e+03
2.499314285176057183e+03
2.500791625116854448e+03
2.503597337665520172e+03
2.511931708274671564e+03
2.525556069210190344e+03
2.529409586445206060e+03
2.536020582679827385e+03
2.543568483104791085e+03
2.544111552200356982e+03
2.544742955024332332e+03
2.544997989498317565e+03
2.546845531094857506e+03
2.562428734124711809e+03
2.563458505397073168e+03
2.564096274916190396e+03
2.564612177223585149e+03
2.564830544866910259e+03
2.572796613828817044e+03
2.576596797491962661e+03
2.577492534831518242e+03
2.578182137915796829e+03
2.578397838880528070e+03
2.578495572650979739e+03
2.579025541687954956e+03
2.581308018563093810e+03
2.582113288831365026e+03
2.582554090802870633e+03
2.582666624639515703e+03
2.582755058368372829e+03
2.582853225474095780e+03
2.582913492410309118e+03
2.583016126202676332e+03
2.583259160622991203e+03
2.583436628083388314e+03
2.583480461612768977e+03
2.583827896500019506e+03
2.583902763501531354e+03
2.584010430649744194e+03
2.584097931041093034e+03
2.584232598310064986e+03
2.585634537913630993e+03
2.586044406413451725e+03
2.586570275432089147e+03
2.586763209628329150e+03
2.588473083942479207e+03
2.595132013724818535e+03
2.600329736971851162e+03
2.603399684035649898e+03
2.604848723849873750e+03
2.609101142868993975e+03
2.612298890504386236e+03
2.615408204410921826e+03
2.620036125109488694e+03
2.622158901270359820e+03
2.629160932587235038e+03
2.632487914133964296e+03
2.636115630359075567e+03
2.638095539214299606e+03
2.641311486931092531e+03
2.645079203782362129e+03
2.646151175243465786e+03
2.654803113939619834e+03
2.656362387580202721e+03
2.665002259555721594e+03
2.665238227277763599e+03
2.668023573068671340e+03
2.669230678467500638e+03
2.676128842653158699e+03
2.676132209334883100e+03
2.677573282446809117e+03
2.678971022031590564e+03
2.686421888689233583e+03
2.691241676912602998e+03
2.691742612486391863e+03
2.692610816369469376e+03
