4.736494740187061403e+00
7.133372126987159945e+00
7.138605483726900403e+00
8.175510121325858748e+00
8.178910136532566710e+00
8.486211510950697701e+00
8.489444858745311961e+00
1.081592193067708685e+01
1.094232249600885254e+01
1.094508917504960621e+01
1.228369516202035072e+01
1.231326196092575032e+01
1.231926198776112003e+01
1.247116266714320432e+01
1.249396276911760317e+01
1.278026404961194373e+01
1.278289739472302244e+01
1.278673074520117403e+01
1.280233081497313385e+01
1.286519776281483018e+01
1.353270074824959224e+01
1.353966744607510186e+01
1.552040963835996656e+01
1.725035070892642253e+01
1.725681740451565460e+01
1.884845785652686345e+01
1.906415882125837058e+01
1.907085885122452851e+01
1.923302624319157772e+01
2.570098850475413954e+01
2.697629420861174765e+01
2.808419916376256964e+01
2.810139924069062545e+01
2.810883260726999922e+01
2.814789944866473093e+01
3.208278371426432329e+01
3.423345999991979483e+01
3.550726569706856139e+01
3.589056741140136353e+01
3.589333409044211720e+01
3.589623410341254583e+01
3.590576747938429492e+01
3.590960082986244828e+01
3.683783831477640547e+01
3.700443905990513116e+01
3.808341055231650785e+01
3.809831061895768300e+01
3.810157730023470890e+01
3.810517731633593286e+01
4.019248665191343406e+01
4.089995648276822493e+01
4.960249540523417267e+01
4.960726209322005076e+01
4.962822885366141890e+01
4.969099580105586256e+01
4.969392914750870460e+01
5.049366605769851191e+01
5.049643273673926558e+01
5.349141279857835940e+01
5.393101476471637312e+01
5.450615067036887496e+01
5.452191740755292670e+01
5.830906767907277555e+01
5.831230102686738803e+01
5.992770825184314276e+01
6.094817948260968166e+01
7.018828747604221974e+01
7.285739941375595663e+01
7.572857892189195184e+01
7.573814563134612854e+01
7.574364565594521537e+01
7.716908536461670565e+01
7.717188537713988694e+01
7.717495205752241816e+01
7.721118555291154451e+01
7.721121888639396502e+01
7.721448556767100513e+01
7.721448556767100513e+01
7.877599255157569758e+01
7.992089767221128227e+01
8.174047247700167418e+01
8.479368613262624876e+01
8.494032012178618629e+01
8.494392013788740314e+01
9.041947796088000189e+01
9.042564465512745642e+01
9.043281135384748382e+01
9.138031559159944095e+01
9.138514894655016008e+01
9.413932793139646549e+01
9.414239461177898249e+01
9.414436128724169350e+01
9.420132820869527279e+01
9.420419488818329512e+01
9.421776161552770645e+01
9.422592831872029251e+01
9.423292835002821732e+01
9.577780192620596722e+01
9.605843651468912014e+01
9.650110516120966508e+01
9.665157250084774887e+01
9.689214024346360077e+01
9.806364548306933671e+01
9.806771216792441237e+01
9.840384700463472711e+01
1.001272880461295358e+02
1.020841301315201832e+02
1.022831976885247514e+02
1.023669980633253971e+02
1.026969995392706636e+02
1.031550015877038220e+02
1.085991926037403914e+02
1.086025926189470994e+02
1.086060593011186484e+02
1.093329625522235631e+02
1.093362625669830095e+02
1.094062962135447350e+02
1.094173962631901702e+02
1.096780640957045136e+02
1.096816307783233100e+02
1.131596463338920131e+02
1.131627130142745301e+02
1.158942918980409473e+02
1.159122919785470600e+02
1.159290587202036704e+02
1.162221600311114287e+02
1.181220018615660763e+02
1.181501686542098781e+02
1.181537353368286887e+02
1.181674687315852026e+02
1.186210374268566454e+02
1.186315708073009461e+02
1.187611047199800822e+02
1.187688380879012300e+02
1.189530055782646372e+02
1.207707470415219717e+02
1.239025610486898898e+02
1.239092277451736379e+02
1.239243278127093220e+02
1.239273944930918390e+02
1.259265034341894278e+02
1.259410034990415568e+02
1.259576702402509198e+02
1.263802387968729590e+02
1.263872721616633044e+02
1.263956721992328340e+02
1.267717072143983472e+02
1.267753072304995641e+02
1.269638414070598174e+02
1.279177790069185932e+02
1.279213123560549832e+02
1.280573129643233301e+02
1.280668463402950863e+02
1.284438480264507518e+02
1.296413533823430839e+02
1.319614304256504624e+02
1.330201684942336726e+02
1.341660736193418302e+02
1.341716069774233517e+02
1.362293495140954462e+02
1.362323495275131506e+02
1.362493496035466762e+02
1.362750830519739225e+02
1.362779830649443511e+02
1.362866831038556370e+02
1.363014165030847096e+02
1.391367958511029883e+02
1.399807329589800418e+02
1.399832663036438589e+02
1.400168331204394860e+02
1.400391998871424448e+02
1.428321123785592874e+02
1.428847792807808617e+02
1.428910459754755777e+02
1.429008460193066981e+02
1.429145794140632120e+02
1.429243794578942754e+02
1.454972242983827755e+02
1.497176765078635299e+02
1.497484433121360041e+02
1.498191769618285036e+02
1.518384859932718314e+02
1.518453193571676536e+02
1.518552527349284276e+02
1.537745946525980116e+02
1.537775613325332813e+02
1.537855947017962137e+02
1.540097290375796604e+02
1.541620297187507447e+02
1.542508634493966326e+02
1.547450656597364969e+02
1.547495656798630250e+02
1.547606990629908807e+02
1.547774658046474769e+02
1.547928992070073377e+02
1.549000663529835151e+02
1.549072997186683551e+02
1.549116997383476360e+02
1.549208331125303744e+02
1.549561332704117831e+02
1.562106722147225355e+02
1.563174060254272604e+02
1.573440106169588262e+02
1.574254109810253226e+02
1.574709778514917105e+02
1.574797112238854311e+02
1.584977491104353930e+02
1.585168158623788770e+02
1.608755930787743864e+02
1.634023377130777988e+02
1.634064377314153091e+02
1.676617567635060198e+02
1.679142578928277771e+02
1.679190579142960758e+02
1.679254246094380392e+02
1.679338913139723957e+02
1.685645274678520593e+02
1.685729608389040095e+02
1.685887942430528881e+02
1.686650279173444744e+02
1.686686279334457197e+02
1.686784613107592463e+02
1.686925947073047496e+02
1.686972613948433946e+02
1.687042280926688989e+02
1.694868315928954985e+02
1.694905649429263690e+02
1.700717008754142512e+02
1.705951365498353312e+02
1.713026397141725568e+02
1.717510417196691037e+02
1.717561084089967380e+02
1.717860085427263357e+02
1.718133086648272467e+02
1.718183420206724747e+02
1.718642755594454741e+02
1.718883090002693734e+02
1.752258572609255793e+02
1.778059688005813825e+02
1.778092354818583942e+02
1.789936074456777533e+02
1.807194151644243050e+02
1.811879839267841703e+02
1.814513851048568540e+02
1.815591855869989786e+02
1.821382548435769024e+02
1.822282552461074090e+02
1.823806225942433628e+02
1.823839559424852439e+02
1.823863892867017853e+02
1.831800261696089649e+02
1.841922306967356633e+02
1.842030640785217486e+02
1.842054307557734774e+02
1.842093307732164646e+02
1.842127974553880279e+02
1.842164641384540573e+02
1.842213641603696317e+02
1.842463976056660613e+02
1.847770999792544444e+02
1.847808999962501559e+02
1.847851666819997547e+02
1.945545437092766861e+02
1.965525859789368610e+02
1.997307668601492026e+02
2.037129180038185439e+02
2.038427852513218568e+02
2.038458519317043454e+02
2.054308590207142515e+02
2.054479257637126182e+02
2.064542635979336467e+02
2.064648636453427741e+02
2.064867304098094678e+02
2.065940308897153272e+02
2.066001975839627676e+02
2.066091976242158239e+02
2.066376310847190041e+02
2.084333057826151219e+02
2.084671392672701415e+02
2.084708726173010120e+02
2.102885474135935340e+02
2.102916140939760794e+02
2.104422147675438168e+02
2.104456147827505390e+02
2.111769513870171409e+02
2.113370854365566345e+02
2.146096000730139508e+02
2.148338344092446448e+02
2.158233055013617729e+02
2.158301055317751889e+02
2.193913214594609826e+02
2.193947214746677048e+02
2.210282287805968053e+02
2.237482409459639427e+02
2.237513742933113008e+02
2.237516409611706649e+02
2.237549743094125176e+02
2.291872652722256305e+02
2.291896986164421719e+02
2.309434397934556102e+02
2.314588420986137862e+02
2.314725754933703001e+02
2.333765173421624297e+02
2.335626515079885053e+02
2.343686884463554634e+02
2.364533644368218859e+02
2.383095727387904219e+02
2.383121394169366738e+02
2.383147060950829257e+02
2.383197061174457190e+02
2.387322079623773163e+02
2.387369746503632086e+02
2.411655521789434999e+02
2.411683188579842465e+02
2.411710188700601520e+02
2.411744855522317152e+02
2.411790855728054908e+02
2.427594926412415646e+02
2.427630259903779688e+02
2.427661926712077616e+02
2.435458294914990631e+02
2.437363970104868542e+02
2.437401303605177532e+02
2.437464637221773103e+02
2.444585335736059051e+02
2.466067765150447997e+02
2.573130577326645039e+02
2.574477583351185217e+02
2.577095928395175406e+02
2.577131261886539164e+02
2.609396739528558555e+02
2.612837088248994064e+02
2.618942115553981580e+02
2.639804208860558106e+02
2.639831542316142077e+02
2.639868209146802656e+02
2.657840289527676418e+02
2.687228754302136053e+02
2.687252754409478257e+02
2.692685445374080473e+02
2.698835472880332418e+02
2.706271172803475906e+02
2.706301172937652382e+02
2.706373839929325413e+02
2.711834531019159158e+02
2.711873864528412810e+02
2.713598538908757405e+02
2.713687205971991716e+02
2.713808206513170944e+02
2.714108541189763741e+02
2.714167541453645072e+02
2.730668948590205218e+02
2.730812282564605766e+02
2.730846616051496767e+02
2.730953949864885431e+02
2.731004616758161774e+02
2.734702966632518155e+02
2.769588122657823988e+02
2.769666456341508365e+02
2.769693456462267136e+02
2.771216463273977979e+02
2.789293210789647333e+02
2.789359211084836261e+02
2.860446862360635691e+02
2.862511538261651367e+02
2.862541538395827843e+02
2.871656912498049792e+02
2.871659245841818802e+02
2.875898598135830753e+02
2.880618285911496628e+02
2.905000394961489860e+02
2.905072395283514197e+02
2.909527081873951033e+02
2.909560415356369845e+02
2.909589748820898194e+02
2.909632415678394750e+02
2.909703415995946330e+02
2.925904821790738310e+02
2.925938821942805248e+02
2.925988488831609402e+02
2.931848515040819052e+02
2.940050551724768297e+02
2.940584887447940332e+02
2.940882222111114856e+02
2.940973222518118746e+02
2.948798924185559827e+02
2.952530607542335588e+02
2.952568607712292419e+02
2.968759346792710403e+02
2.972487030131595702e+02
2.984445416949309333e+02
2.984481417110321786e+02
2.984517417271334239e+02
2.984569750838730897e+02
2.984817751947926467e+02
3.046074025919149904e+02
3.059734753683987378e+02
3.061226427022225494e+02
3.062997768277955402e+02
3.104297952994742786e+02
3.131725742333334210e+02
3.131852409566525353e+02
3.131964410067452036e+02
3.132012410282134738e+02
3.132238411292933620e+02
3.132601412916474146e+02
3.132661413184827666e+02
3.177830615205955382e+02
3.232792194357228936e+02
3.232813194451152299e+02
3.253143618713150431e+02
3.253171952173206591e+02
3.253200952302910878e+02
3.265780675232909971e+02
3.286911103072957303e+02
3.286980436716387999e+02
3.290938121083962073e+02
3.323070264796306219e+02
3.323101931604604147e+02
3.324208269886081553e+02
3.324242270038148490e+02
3.324469604388243624e+02
3.324498604517947911e+02
3.337090327501617821e+02
3.337351328668956398e+02
3.337386328825496093e+02
3.339349004270310388e+02
3.339376337725893222e+02
3.339409337873487971e+02
3.339511338329689352e+02
3.359586094781535621e+02
3.359617428255008917e+02
3.378181844618464424e+02
3.411861661919509174e+02
3.414279672734163000e+02
3.460161544609402426e+02
3.474679609542049548e+02
3.503089069937871614e+02
3.518761140031854779e+02
3.521713819904504135e+02
3.521743153369033053e+02
3.521776153516627232e+02
3.522439156481935925e+02
3.522497156741344497e+02
3.522636824032678646e+02
3.522865825056895233e+02
3.522957158798722617e+02
3.522998158982097721e+02
3.523059492589748061e+02
3.523236493381391483e+02
3.523302493676580980e+02
3.523370160645890223e+02
3.523498161218378755e+02
3.569529033760030075e+02
3.569559367229030613e+02
3.569617367488439754e+02
3.570812372833150903e+02
3.570850373003107734e+02
3.570950040115539537e+02
3.571114040849039952e+02
3.592854138082525424e+02
3.616255242744936140e+02
3.618889921195311103e+02
3.624720613939992404e+02
3.624810614342522967e+02
3.627612626874640682e+02
3.664708126119131180e+02
3.664742126271198117e+02
3.697403605684351646e+02
3.697438605840891341e+02
3.697478272684969625e+02
3.714201680814438760e+02
3.799487062256841341e+02
3.879487420061756779e+02
3.899493176204996416e+02
3.899632176826682439e+02
3.986979234156682423e+02
3.987011900969453109e+02
3.989440578498480363e+02
3.993250595538939933e+02
3.993369929405998846e+02
4.014370023329788637e+02
4.023950732846575988e+02
4.039020800248076739e+02
4.072927618564393697e+02
4.072965952069174591e+02
4.073053952462760208e+02
4.079956983336851977e+02
4.097804396493480112e+02
4.101945748349181144e+02
4.102009081965776431e+02
4.138339577788757992e+02
4.138423578164453147e+02
4.138431911535057566e+02
4.157370996240899217e+02
4.161769015911224301e+02
4.161797016036455830e+02
4.165873367601440691e+02
4.280423546598530038e+02
4.280461880103311501e+02
4.282592222964691473e+02
4.282746223653465449e+02
4.282902557686009004e+02
4.282964224628483976e+02
4.283081225151773879e+02
4.283304892818803182e+02
4.284611898664441014e+02
4.304225653054436975e+02
4.304368987028837523e+02
4.304432987315080936e+02
4.328504761643756069e+02
4.389662368507021029e+02
4.389773702338299017e+02
4.389905036259028748e+02
4.390392705106814333e+02
4.390613706095250564e+02
4.390643039559778913e+02
4.390775706819805464e+02
4.390940707557778069e+02
4.393720719991499095e+02
4.394016721315377367e+02
4.402386758750716353e+02
4.402580092948745119e+02
4.402633426520615103e+02
4.411677133635636778e+02
4.466317044681568973e+02
4.467187048572698131e+02
4.467216382037226481e+02
4.467231715439139066e+02
4.504403881693192488e+02
4.509785572429694298e+02
4.509833572644377568e+02
4.509874906162576167e+02
4.562514808263386499e+02
4.562750475984086620e+02
4.562822809640935020e+02
4.562891809949542221e+02
4.562949476874126731e+02
4.563017810513085237e+02
4.563097477536065298e+02
4.565901823411952023e+02
4.566016823926296979e+02
4.651754540725121387e+02
4.651870874578762596e+02
4.651924208150632012e+02
4.677423322196476647e+02
4.709882800706172361e+02
4.709948467666537795e+02
4.709977134461417450e+02
4.713064814937862934e+02
4.716496830287694024e+02
4.725753871690195069e+02
4.736318918942806704e+02
4.736344585724269223e+02
4.760089691925240913e+02
4.772373080196537103e+02
4.772452747219518301e+02
4.773729419596154457e+02
4.773858086838291115e+02
4.774327088935922347e+02
4.774365422440703810e+02
4.774401422601715694e+02
4.775087092335068633e+02
4.776415764944279090e+02
4.776462431819664971e+02
4.789588823861330980e+02
4.793712842306173911e+02
4.793749175802010427e+02
4.793811842748957588e+02
4.796093519620518464e+02
4.796189520049884436e+02
4.804298556317884845e+02
4.806761567333804237e+02
4.808372574539100128e+02
4.822012968879662367e+02
4.822092302567819502e+02
4.823594642620430477e+02
4.823645309513707389e+02
4.828998666790153038e+02
4.829000333464273922e+02
4.829024666906439052e+02
4.829060000397803378e+02
4.829215001091050681e+02
4.829252001256535323e+02
4.830472006713060296e+02
4.929661450341956765e+02
4.929724450623728558e+02
4.929855117874809594e+02
4.954615228615430738e+02
4.954803562791096283e+02
4.958156911122419501e+02
4.958229244779267901e+02
4.958286578369028348e+02
4.958368912070602050e+02
4.958522579424552532e+02
5.006917129204514936e+02
5.009611807923244555e+02
5.046371972334602560e+02
5.046562639854037684e+02
5.046659973622700477e+02
5.047585644429468061e+02
5.047627977952139418e+02
5.085951482688935812e+02
5.098736539870633919e+02
5.098836873652714416e+02
5.149636100854362439e+02
5.151812777256304798e+02
5.151861777475460258e+02
5.151971444632619068e+02
5.152056445012785844e+02
5.152099111870281831e+02
5.152100111874754020e+02
5.152201778996131907e+02
5.152332446247212374e+02
5.152633447593453866e+02
5.152722781326335735e+02
5.152854781916713591e+02
5.152944115649596597e+02
5.153009449275136831e+02
5.153164116633560070e+02
5.153385117621995732e+02
5.154066454002634146e+02
5.185439260985481269e+02
5.195394638844653628e+02
5.196368643200929682e+02
5.202175669173093411e+02
5.214777058866663992e+02
5.214877392648744490e+02
5.214917059492822773e+02
5.214995726511330076e+02
5.219483413249362229e+02
5.219525746772034154e+02
5.219575746995662939e+02
5.226642778603253419e+02
5.255912576180302267e+02
5.255967243091470209e+02
5.260970598802518907e+02
5.261043265794190802e+02
5.261177933063162300e+02
5.261237599996692325e+02
5.268981967967032460e+02
5.269023634820056259e+02
5.269123635267311556e+02
5.269155302075608915e+02
5.269951305635768222e+02
5.269978639091352761e+02
5.270055306100914549e+02
5.270103306315598957e+02
5.296074422472490824e+02
5.319811195302858096e+02
5.319844528785276907e+02
5.319880195611465297e+02
5.378881459497061996e+02
5.405780246469669237e+02
5.405837580059428547e+02
5.405875913564209441e+02
5.425784335938787990e+02
5.426227004585308578e+02
5.512067721844806556e+02
5.512349389771244432e+02
5.512920058990252983e+02
5.512963725852221160e+02
5.513005059370420895e+02
5.513097393116720468e+02
5.513298727350529589e+02
5.513368727663608979e+02
5.513464394758150320e+02
5.513623062134463453e+02
5.514054730731786549e+02
5.514227731505538941e+02
5.518387416776570262e+02
5.520643093531845125e+02
5.532382479370068040e+02
5.555647250089385807e+02
5.559849602217911979e+02
5.561337608873084264e+02
5.564391622532286874e+02
5.564541623203170957e+02
5.571811989053516072e+02
5.576496010002995263e+02
5.609431157306805744e+02
5.622930884351561645e+02
5.622959884481265362e+02
5.625090227342644766e+02
5.625125227499185030e+02
5.625198561160506188e+02
5.625277561513838691e+02
5.625311561665905629e+02
5.630091916379574286e+02
5.630122249848574256e+02
5.641033965318341643e+02
5.692808863550385468e+02
5.714048625212766410e+02
5.723502334161538556e+02
5.737890065177928136e+02
5.737925065334467263e+02
5.741382414130936240e+02
5.744225426846428491e+02
5.753667469076353882e+02
5.753702469232893009e+02
5.753785136269292479e+02
5.753854136577898544e+02
5.753920803542736166e+02
5.754185138058317079e+02
5.764305849990287243e+02
5.764378850316783200e+02
5.788889293274089596e+02
5.788942960180783075e+02
5.815966747712459437e+02
5.821106104031775885e+02
5.933497940042253731e+02
5.934402277420273322e+02
5.934630278440017719e+02
5.934742612275767897e+02
5.935384615147153227e+02
5.935516615737531083e+02
5.935631616251874902e+02
5.935760616828836191e+02
5.935932617598116394e+02
5.936012617955922224e+02
5.936026951353361483e+02
5.936088951630659949e+02
5.936273285788435032e+02
5.982422492192673644e+02
5.990822196427365043e+02
5.997113557899074294e+02
6.001783245451110815e+02
6.023307008383699213e+02
6.027377026587025739e+02
6.028387364439136036e+02
6.031687379198589269e+02
6.039749415256378597e+02
6.039788415430809891e+02
6.071807558637754028e+02
6.072483894996030358e+02
6.087969297588467725e+02
6.087998964387819569e+02
6.088026297843404109e+02
6.088136965005033971e+02
6.088619967165280968e+02
6.088651967308402391e+02
6.099463348996088143e+02
6.188411746821484485e+02
6.188502747228486669e+02
6.188623081100017771e+02
6.188657081252085845e+02
6.205778824496459265e+02
6.205810491304756624e+02
6.205847824805065329e+02
6.205879824948186751e+02
6.206042159007565715e+02
6.209485507741419497e+02
6.285915849579290580e+02
6.285947516387587939e+02
6.285969183151161133e+02
6.286115850473802311e+02
6.303224260325207524e+02
6.303310927379496889e+02
6.303362927612070052e+02
6.305193935801330554e+02
6.305291269569993347e+02
6.305813271904669364e+02
6.309848623286279690e+02
6.374963914517117018e+02
6.375048914897284931e+02
6.375696251125857543e+02
6.376821589492312796e+02
6.400189360672304701e+02
6.400238027556636098e+02
6.404244045473716369e+02
6.407541726889400024e+02
6.411726412272245170e+02
6.411757412410895540e+02
6.421354121999243034e+02
6.477523039883722049e+02
6.477531373254327036e+02
6.541950994707085556e+02
6.542008661631671202e+02
6.542103328721740354e+02
6.542142995565818637e+02
6.665883549000571975e+02
6.668259559627376802e+02
6.694312009481371888e+02
6.694460343478135655e+02
6.740775883959643124e+02
6.749386922472868946e+02
6.749416589272221927e+02
6.749473256192334247e+02
6.749501256317565776e+02
6.749598256751403369e+02
6.777560715147990322e+02
6.781928068014491373e+02
6.781960734827262058e+02
6.799970482043269158e+02
6.801690823070898659e+02
6.825678930358702701e+02
6.828003274087759564e+02
6.832511627584890448e+02
6.832549961089672479e+02
6.832588627929278573e+02
6.845995021223260437e+02
6.874437481766676683e+02
6.905048618676255501e+02
6.926626048515538514e+02
6.941484114968856147e+02
6.970168909929457186e+02
6.970201243407402671e+02
6.995359689262927532e+02
7.002219719944699818e+02
7.005100732830148900e+02
7.005587068338637664e+02
7.009842087369386263e+02
7.010210089015289441e+02
7.016703784725280002e+02
7.016733784859455909e+02
7.017643788929486846e+02
7.021387139005107656e+02
7.041668563047951466e+02
7.059381975605256230e+02
7.074457376363943695e+02
7.076459718652836273e+02
7.110076869006934430e+02
7.157452080894532855e+02
7.188445219512628910e+02
7.269606249175363928e+02
7.269637582648838361e+02
7.281810970428152814e+02
7.282895975280881657e+02
7.283084642791371834e+02
7.294912695692828493e+02
7.295008029452545770e+02
7.298453711530167993e+02
7.298551045298830786e+02
7.302860731240746190e+02
7.302983065121223945e+02
7.303011065246455473e+02
7.303054065438775524e+02
7.303092732278380481e+02
7.303443400513425559e+02
7.303473067312778539e+02
7.303509734143439118e+02
7.303578734452046319e+02
7.303661401488443516e+02
7.307437751711660212e+02
7.315954789804466145e+02
7.353726625407233541e+02
7.411469883666347869e+02
7.412684222430862064e+02
7.414164229050253425e+02
7.442629023026889854e+02
7.533907431273353268e+02
7.533937431407530312e+02
7.533943431434364584e+02
7.533994764997289622e+02
7.568251584879003531e+02
7.587482670890832424e+02
7.603107740774605645e+02
7.613045451888095840e+02
7.613137118964748424e+02
7.613196452563453249e+02
7.625394173784933400e+02
7.695951156020627195e+02
7.733823325405473952e+02
7.733983659455908537e+02
7.738981681809769952e+02
7.739197349441018332e+02
7.742962699615036399e+02
7.747936721861558453e+02
7.749163394014566393e+02
7.810320000873358595e+02
7.912480791125058204e+02
7.939013243125882582e+02
7.985631118292928932e+02
7.985945453032137493e+02
7.986013786671095431e+02
7.986088787006536904e+02
7.986289121235873836e+02
7.986328454745128056e+02
7.989646802919911579e+02
8.036557679397416223e+02
8.036589679540538782e+02
8.075578853921236941e+02
8.076103522934506600e+02
8.079023535994386975e+02
8.079102536347718342e+02
8.079173870000095121e+02
8.079303203911879336e+02
8.079336870729123348e+02
8.079581205155251382e+02
8.079618871990385287e+02
8.079699205683014043e+02
8.079974540247792447e+02
8.080166207771700329e+02
8.080227874714174732e+02
8.080438875657885092e+02
8.081069878480070656e+02
8.081097545270479259e+02
8.081150212172700549e+02
8.081287546120265688e+02
8.128695091485809598e+02
8.128725091619987779e+02
8.128760425111350969e+02
8.144188827448853090e+02
8.161573571869508896e+02
8.161628238780676838e+02
8.161753906009395223e+02
8.161800572884779967e+02
8.161869573193388305e+02
8.161918240077719702e+02
8.325371304461656337e+02
8.325495971685901395e+02
8.325527305159375828e+02
8.325712639321624238e+02
8.364148477894170810e+02
8.396155621047445266e+02
8.679981223802548129e+02
8.680113891062574112e+02
8.681890232340666671e+02
8.738131483881994654e+02
8.746472187852805291e+02
8.746506188004873366e+02
8.746574188309007241e+02
8.746631188563942487e+02
8.746681855457220536e+02
8.746745522408639317e+02
8.756669566794338380e+02
8.756708566968769674e+02
8.756743900460134000e+02
8.756806234072256530e+02
8.824091535008552682e+02
8.829079223982864733e+02
8.830601564124928018e+02
8.837238260474493927e+02
8.837546261852043017e+02
8.837682595795134830e+02
8.837877263332460416e+02
8.837999597212937033e+02
8.838060597485763310e+02
8.838177598009053781e+02
8.838238931616704122e+02
8.838333932041597336e+02
8.838468599310568834e+02
8.838797267447216655e+02
8.840310940883850890e+02
8.841956614910862982e+02
8.875748766047659046e+02
8.888256488655632666e+02
8.888967158500801133e+02
8.906703904495798270e+02
8.907041906007524403e+02
8.909608917488590123e+02
8.913523268329018947e+02
8.915470943706744720e+02
8.927810665563329167e+02
8.928061000016293747e+02
8.928128666985602422e+02
8.928197667294209623e+02
8.928484668577834782e+02
9.009107362499507872e+02
9.009139029307805231e+02
9.009486364194607404e+02
9.015097722624974494e+02
9.015145389504833702e+02
9.015171389621120852e+02
9.015243389943144621e+02
9.015444057507304478e+02
9.015913726274584405e+02
9.022322088269582991e+02
9.022369755149442199e+02
9.022452088851016470e+02
9.024655098704068905e+02
9.024881766384515913e+02
9.024931099938495436e+02
9.025039100421532794e+02
9.025079767270083266e+02
9.036373151113543827e+02
9.066600952975306882e+02
9.077444001471289994e+02
9.077479668297478383e+02
9.077512001775425006e+02
9.077544335253370491e+02
9.147517648211912729e+02
9.152774338389343711e+02
9.199853882287887927e+02
9.220852309537557403e+02
9.220980643444869429e+02
9.240460397235541450e+02
9.253516455629304573e+02
9.257862141732232431e+02
9.257893475205706864e+02
9.257939142076619419e+02
9.257990808974368520e+02
9.319875085754360953e+02
9.321594760112342328e+02
9.321906428172957249e+02
9.323186100563011678e+02
9.324854441358068016e+02
9.330571466927701749e+02
9.330650800615858316e+02
9.330821468045842266e+02
9.345548867248079432e+02
9.346079869623008562e+02
9.346191203454287688e+02
9.434830266562836414e+02
9.464134730961601463e+02
9.503393573215067818e+02
9.503610240850788387e+02
9.503615907542799732e+02
9.503728574713375110e+02
9.504807912874093745e+02
9.504850579731588596e+02
9.505026913853583892e+02
9.506171252305018697e+02
9.506252252667295579e+02
9.506313919609769982e+02
9.509439266921349372e+02
9.509498600520055334e+02
9.509526600645286862e+02
9.648283554574845766e+02
9.657087927286100921e+02
9.657164260960839783e+02
9.657465595641904201e+02
9.657543262655940453e+02
9.657599262906403510e+02
9.659553938315436881e+02
9.659925939979229952e+02
9.660061607252674776e+02
9.660202941218129808e+02
9.704143137742479439e+02
9.704282471698990094e+02
9.704335805270859510e+02
9.704447805771786761e+02
9.794729542893931011e+02
9.812510622420545587e+02
9.818194981177409772e+02
9.818677316668007506e+02
9.956795267739601059e+02
9.957591271299759228e+02
9.957797272221107505e+02
9.957950606240232219e+02
9.958984944199686424e+02
9.976298021633141389e+02
1.003593528836328801e+03
1.007517346385765450e+03
1.008470283981151738e+03
1.008830918927439825e+03
1.008839552299386128e+03
1.008846218995869890e+03
1.009485388521248751e+03
1.012588302399159716e+03
1.017608091517041203e+03
1.017766892227283961e+03
1.017781958961337182e+03
1.017787592319865894e+03
1.017796659027083820e+03
1.019650667319212744e+03
1.019673800756011360e+03
1.019686867481119407e+03
1.019705867566098163e+03
1.019708800912550942e+03
1.019733401022576004e+03
1.019738734379762946e+03
1.019749034425830359e+03
1.019760401143335116e+03
1.019782167907354619e+03
1.019789467940004329e+03
1.019854601564650466e+03
1.019884935033651459e+03
1.021862943880377998e+03
1.022565547022799706e+03
1.023274583527328218e+03
1.023410117466842621e+03
1.023417017497703341e+03
1.025093224994610637e+03
1.026373397386901388e+03
1.026439131014231180e+03
1.026455597754546261e+03
1.026876232969187868e+03
1.027030500325821777e+03
1.033684296751868487e+03
1.033693130124709569e+03
1.033967031349744047e+03
1.035070902953522364e+03
1.035079369658056748e+03
1.035093169719777961e+03
1.035099703082332098e+03
1.035104669771212457e+03
1.035133969902258514e+03
1.035146036622894144e+03
1.035163236699822164e+03
1.035173770080266422e+03
1.037032078391627465e+03
1.037826015275876216e+03
1.045216781664718610e+03
1.045330982175485133e+03
1.045462249429250051e+03
1.045475282820875691e+03
1.045484116193716773e+03
1.045587883324486256e+03
1.045598850040202024e+03
1.046163752566751782e+03
1.049756801970147535e+03
1.051605010236335602e+03
1.058254273308773463e+03
1.058258839995864719e+03
1.062719259945278054e+03
1.062938227591286477e+03
1.062946794296268081e+03
1.070657062114093833e+03
1.072821005125751753e+03
1.073565675122986022e+03
1.073575275165922449e+03
1.078999932761261789e+03
1.091956990712240213e+03
1.091971724111469484e+03
1.101971535502706956e+03
1.102909106362698139e+03
1.102915906393111527e+03
1.102924906433364413e+03
1.109001933613120400e+03
1.112117614214797868e+03
1.112984384758131455e+03
1.112987851440303075e+03
1.126884946928971658e+03
1.127994051889489810e+03
1.127997418571213984e+03
1.128000318584184470e+03
1.128019752004434622e+03
1.128028818711652548e+03
1.128069885561992351e+03
1.129161223776381121e+03
1.129164090455868973e+03
1.129167090469286677e+03
1.131369500319656026e+03
1.131392233754665540e+03
1.131403467138240785e+03
1.131408233826226706e+03
1.131413567183413534e+03
1.131419600543731349e+03
1.131423733895551322e+03
1.139023267884781944e+03
1.141471678835401462e+03
1.141487912241339245e+03
1.141559345894162561e+03
1.141564312583042920e+03
1.141567812598696946e+03
1.141583579335881041e+03
1.143063285953930290e+03
1.143097386106444446e+03
1.145878665212497253e+03
1.145958632236819767e+03
1.154294769520539148e+03
1.159101324351388030e+03
1.159106324373751022e+03
1.159500092801563142e+03
1.159505026156961094e+03
1.164958350547180544e+03
1.165011350784226352e+03
1.165417019265262070e+03
1.165487819581919439e+03
1.169129935871435464e+03
1.169142469260824782e+03
1.170883177046212495e+03
1.172345683587333724e+03
1.172355250296787744e+03
1.172389017114477838e+03
1.174508593261036822e+03
1.176951237519197775e+03
1.176969637601492877e+03
1.176975904296187764e+03
1.180919621934628367e+03
1.186242012405906735e+03
1.186359179596608556e+03
1.192191439014963635e+03
1.192209072427163392e+03
1.192242072574757913e+03
1.192250805947151548e+03
1.192254705964594677e+03
1.192270672702672982e+03
1.192325806282593476e+03
1.192528573856146750e+03
1.192600240843346910e+03
1.192624140950241099e+03
1.192629907642699663e+03
1.192728674751106382e+03
1.192735774782861427e+03
1.192739141464585828e+03
1.192768408262149251e+03
1.196399391168537477e+03
1.196492324917520818e+03
1.202866520093039753e+03
1.207650008154055058e+03
1.207693808349953088e+03
1.207699208374104956e+03
1.207707075075955572e+03
1.210420087210014799e+03
1.210429653919469047e+03
1.210433653937359395e+03
1.210437053952565975e+03
1.210460687391600914e+03
1.210468420759521905e+03
1.210476920797538696e+03
1.210985189737459223e+03
1.213119565950212063e+03
1.213176899539972283e+03
1.213232299787752254e+03
1.213289366709652995e+03
1.213292200055658668e+03
1.213300000090544700e+03
1.213314333487984641e+03
1.213334900246636835e+03
1.221715971064656742e+03
1.221719137745486478e+03
1.223985181213793112e+03
1.223994281254493671e+03
1.223999647945162906e+03
1.224003247961264151e+03
1.224037281446813722e+03
1.224927952097041725e+03
1.225059952687420036e+03
1.225332987241911496e+03
1.225335187251751222e+03
1.225980556804859816e+03
1.232147117718392337e+03
1.232152817743886089e+03
1.233945759096223810e+03
1.233948792443123921e+03
1.233958259152130950e+03
1.238629313376947721e+03
1.240583755451604247e+03
1.242492063986593394e+03
1.242665064760346468e+03
1.246360214620390707e+03
1.247364285777807254e+03
1.247367219124259918e+03
1.247370619139466726e+03
1.247376985834608831e+03
1.248243689710977833e+03
1.248248156397621642e+03
1.250236798625239999e+03
1.250566400099396105e+03
1.250571100120417213e+03
1.250679067269971483e+03
1.252149673847320400e+03
1.252165973920223223e+03
1.253905848368550323e+03
1.256054624645707918e+03
1.256155925098778425e+03
1.256472459847826485e+03
1.257229429900073001e+03
1.258417401879993577e+03
1.258741536663033230e+03
1.259265439006208226e+03
1.260242410042418214e+03
1.260380610660526372e+03
1.261307848140967735e+03
1.261323481544221977e+03
1.263067722678746122e+03
1.263088489438292982e+03
1.270632589846261226e+03
1.271152492171546101e+03
1.271593560810910503e+03
1.271595827487715042e+03
1.272064296249627660e+03
1.272443231277763516e+03
1.273609436493664589e+03
1.274088571969951317e+03
1.274187405745322849e+03
1.274202205811516706e+03
1.275154910072526036e+03
1.275465244793844249e+03
1.275476044842147758e+03
1.281127470118381552e+03
1.281266770741409346e+03
1.281548672002224521e+03
1.281714706078151949e+03
1.281719972768374191e+03
1.282060907626552762e+03
1.282065707648021089e+03
1.283176345948730159e+03
1.286548027695383098e+03
1.286795862137166296e+03
1.286800762159082069e+03
1.286803295503745858e+03
1.287429031635709862e+03
1.287707099546046948e+03
1.287908733781197498e+03
1.287919400495571608e+03
1.287926167192502589e+03
1.291130781525273051e+03
1.291815784588977522e+03
1.291818651268465601e+03
1.292341453606720734e+03
1.292370220402048062e+03
1.297485543280541606e+03
1.298576048157869991e+03
1.299941987600424000e+03
1.299968421051981977e+03
1.299972421069872325e+03
1.299981887778879127e+03
1.299988021139644161e+03
1.299996021175424630e+03
1.300021321288580566e+03
1.300853691678058340e+03
1.301709262171299315e+03
1.301715328865099536e+03
1.302902800842783790e+03
1.302906000857095933e+03
1.302973634492923566e+03
1.303075534948677614e+03
1.303646437502063009e+03
1.303761071348100813e+03
1.303763704693212048e+03
1.303792404821574564e+03
1.304169773176036642e+03
1.305362145175636670e+03
1.305396045327256616e+03
1.305419978767632983e+03
1.307216286801695333e+03
1.308025790422233740e+03
1.308188824484743691e+03
1.309343029646974173e+03
1.309345929659944431e+03
1.310450367932923882e+03
1.310487401431890930e+03
1.313075346339915086e+03
1.313085179717228584e+03
1.313090313073520974e+03
1.314477052609104476e+03
1.315050855175460129e+03
1.315150622288339491e+03
1.315282889546577053e+03
1.315351523186877102e+03
1.315403690086862298e+03
1.315915725710296329e+03
1.316961630388148251e+03
1.316962797060032926e+03
1.317319965324149280e+03
1.317326398686256198e+03
1.317328432028683665e+03
1.317342932093535865e+03
1.317496332779626982e+03
1.317513266188695525e+03
1.317893467889163276e+03
1.317913501312096969e+03
1.320260478475716354e+03
1.321231716152950412e+03
1.321237182844067092e+03
1.321242716202148586e+03
1.321247782891476390e+03
1.321254349587512934e+03
1.323583326670625866e+03
1.324252296329287219e+03
1.324597331205803357e+03
1.324607197916599034e+03
1.324626164668095498e+03
1.324640764733394690e+03
1.326097337914645323e+03
1.326559939983652384e+03
1.326904008189178285e+03
1.328117846951455704e+03
1.329836321304070225e+03
1.329841521327327428e+03
1.329991955333483020e+03
1.331437461798570666e+03
1.332219465296113867e+03
1.332223365313556769e+03
1.332537233384011415e+03
1.333298236787630685e+03
1.333301636802837265e+03
1.333306703492164843e+03
1.339547964739797862e+03
1.339551064753662786e+03
1.343306481549919909e+03
1.343313314913815930e+03
1.343322214953621597e+03
1.343327848312150536e+03
1.343333315003266989e+03
1.345280557045721025e+03
1.352124187654142816e+03
1.353820595241395722e+03
1.359058818669567017e+03
1.360664392517229544e+03
1.360667892532883570e+03
1.360862126734937192e+03
1.360928127030126234e+03
1.361192761547048576e+03
1.361560896526880697e+03
1.361573729917612127e+03
1.361581663286427556e+03
1.361590096657479762e+03
1.361600530037476574e+03
1.363013836358547678e+03
1.363325371085232973e+03
1.364110674597535535e+03
1.364115541285968675e+03
1.364178441567292566e+03
1.364201575004091183e+03
1.364315908848787558e+03
1.364507976374484315e+03
1.365524414253878149e+03
1.371076872420810560e+03
1.372980947603532513e+03
1.373001347694772903e+03
1.373004481042120005e+03
1.373138248307066533e+03
1.373350849257932850e+03
1.373360349300422286e+03
1.373369482674604797e+03
1.373373416025530332e+03
1.373386816085462669e+03
1.376132895034081230e+03
1.376560796947890367e+03
1.376902731810541354e+03
1.377595468242167044e+03
1.378153570738303870e+03
1.378156904086545637e+03
1.378160337435234851e+03
1.378174404164815542e+03
1.378178270848776037e+03
1.378346638268472816e+03
1.378349271613584051e+03
1.378352304960484162e+03
1.378769506826436782e+03
1.378774806850141431e+03
1.381259684630526863e+03
1.381359985079124954e+03
1.381534652526998798e+03
1.391615097612207137e+03
1.391618564294378757e+03
1.392082399702235307e+03
1.394186542446434032e+03
1.394624677739345771e+03
1.394822045288746949e+03
1.395434514694708241e+03
1.396289285184371465e+03
1.396394452321402468e+03
1.396598186565945753e+03
1.396947121459904793e+03
1.397284256301087680e+03
1.397315389773666766e+03
1.397623457818180441e+03
1.397626424498115739e+03
1.397629457845015850e+03
1.397634857869167718e+03
1.397710224872916569e+03
1.397717024903329730e+03
1.397723658266331086e+03
1.397737958330288848e+03
1.397744025024089069e+03
1.397762358439419359e+03
1.397789825228932386e+03
1.397794558583435673e+03
1.398586895460528467e+03
1.399067697610936193e+03
1.399087297698598377e+03
1.399090431045945707e+03
1.399340765498910287e+03
1.399376598992510480e+03
1.399570733194117111e+03
1.399586699932195643e+03
1.399590099947402223e+03
1.400285269723244483e+03
1.400673171458151046e+03
1.400858638954328853e+03
1.400869639003527027e+03
1.400873972356241438e+03
1.400880172383971512e+03
1.400950306030980300e+03
1.401764876340846286e+03
1.401818409913611049e+03
1.401822509931948389e+03
1.401832276642297074e+03
1.401973977276059031e+03
1.402106111200366740e+03
1.402111477891036202e+03
1.403331083345772186e+03
1.403975986230126864e+03
1.404343654541205524e+03
1.404620789114034551e+03
1.406429930538828103e+03
1.406434630559848983e+03
1.407395034855296899e+03
1.407397601533443321e+03
1.408231505263112467e+03
1.408235771948861839e+03
1.408966408549997823e+03
1.410107913655426501e+03
1.410281514431863343e+03
1.410513848804321697e+03
1.410728249763238864e+03
1.410741416488794130e+03
1.410747549849559391e+03
1.410755916553646330e+03
1.410760083238948710e+03
1.410804350103600655e+03
1.411399752766564006e+03
1.419507055693478833e+03
1.421679865411460241e+03
1.423196505528029320e+03
1.423261172483921655e+03
1.426270285942306373e+03
1.426550253861141073e+03
1.427251956999537470e+03
1.427255357014744050e+03
1.427258090360302504e+03
1.427261323708097279e+03
1.427272690425601922e+03
1.427280057125216445e+03
1.428726063592540186e+03
1.428750197033811446e+03
1.428753897050359910e+03
1.428757697067355593e+03
1.428761730418728348e+03
1.429104498618439948e+03
1.429107031963103736e+03
1.429109965309556628e+03
1.429379266514017445e+03
1.429418333355412187e+03
1.429421000034005829e+03
1.429426266724227844e+03
1.429485366988556052e+03
1.429750801509056600e+03
1.431144607742912513e+03
1.431155107789874364e+03
1.431199841323280452e+03
1.431378275454667801e+03
1.431378542122527051e+03
1.431384475482397647e+03
1.431623676552234429e+03
1.431630509916130222e+03
1.431636276608588560e+03
1.431640043292102064e+03
1.431643809975615341e+03
1.431648643330565847e+03
1.446895711523710361e+03
1.446898978204987316e+03
1.446908711581853595e+03
1.452762937765122615e+03
1.453280173411814076e+03
1.455894651771843428e+03
1.455904951817910842e+03
1.455909151836695628e+03
1.458521463520367888e+03
1.460147570793199975e+03
1.460155204160673975e+03
1.460161804190192697e+03
1.460168004217922771e+03
1.460184170956895741e+03
1.460210737742383344e+03
1.469754547094132704e+03
1.469757213772726345e+03
1.469773313844734730e+03
1.469778447201027120e+03
1.469826980751428891e+03
1.469830847435389387e+03
1.473685831343631207e+03
1.473686964682033476e+03
1.473758765003163489e+03
1.473762531686676766e+03
1.473779098427438839e+03
1.476976012725770488e+03
1.476982179420018156e+03
1.476992879467874218e+03
1.477003412848318703e+03
1.477135413438696787e+03
1.478192984835395237e+03
1.480289394211673198e+03
1.481020297480668432e+03
1.481026864176704976e+03
1.481030130857981931e+03
1.481038464228586463e+03
1.483029539800421162e+03
1.483244274094162620e+03
1.483259240827768508e+03
1.483809076620265159e+03
1.486656022686682718e+03
1.486803356678973387e+03
1.486806690027215382e+03
1.486823256767977455e+03
1.492614516002957771e+03
1.492620249361933702e+03
1.496160065193906803e+03
1.498087440480839177e+03
1.498645309642598932e+03
1.499333012718379450e+03
1.499386012955425258e+03
1.499948482137758447e+03
1.499975082256728683e+03
1.514319179744632493e+03
1.516352122170384973e+03
1.516899591285630095e+03
1.516903057967801487e+03
1.516924824731820991e+03
1.516928658082299080e+03
1.516985458336340571e+03
1.517002658413268591e+03
1.517108358886018323e+03
1.517114458913300950e+03
1.517155025761404659e+03
1.522009014137735221e+03
1.522084481141931292e+03
1.522831884484723560e+03
1.522836851173604146e+03
1.524674392725418329e+03
1.524957727325977430e+03
1.524965994029616922e+03
1.524966094030064369e+03
1.524974960736387857e+03
1.525154361538765215e+03
1.527095836888760914e+03
1.527828240164464887e+03
1.527881773737229423e+03
1.527929173949228698e+03
1.527951374048519710e+03
1.528189908448708138e+03
1.528199775159503815e+03
1.528206408522505171e+03
1.529621314850732460e+03
1.529658881685418237e+03
1.529677515102090410e+03
1.530512018834442870e+03
1.530663286177659074e+03
1.538007552358527164e+03
1.538017152401463818e+03
1.539321424901543196e+03
1.541166666487795965e+03
1.541975270104309175e+03
1.546722624670382629e+03
1.549878105450067778e+03
1.552172315711018200e+03
1.552176615730250205e+03
1.552180382413763709e+03
1.552187349111589128e+03
1.552193449138871756e+03
1.552258849431377257e+03
1.552286182886960660e+03
1.552309816325995371e+03
1.558255342917609596e+03
1.559740849561599589e+03
1.559759216310412285e+03
1.559963717225050914e+03
1.559967683909458856e+03
1.560532953104315311e+03
1.560669153713478408e+03
1.560672953730474092e+03
1.560675720409514952e+03
1.560690187140884518e+03
1.561569057738336369e+03
1.561780558684283051e+03
1.561934192704751013e+03
1.562157327036061815e+03
1.563780367628511385e+03
1.563829434514631657e+03
1.563834034535205546e+03
1.563854834628234812e+03
1.564060202213416687e+03
1.564115035791995524e+03
1.564278269855399685e+03
1.564290236575588096e+03
1.564297569941720212e+03
1.564302869965424634e+03
1.564324703396409177e+03
1.564330703423244358e+03
1.564333470102285219e+03
1.565732176358056904e+03
1.565739109722399917e+03
1.565751676445271869e+03
1.566030911027493403e+03
1.566033544372604638e+03
1.566122511437179810e+03
1.566125944785869251e+03
1.566131111475644047e+03
1.566134678158262886e+03
1.566394612654163893e+03
1.566397879335441075e+03
1.566402579356461956e+03
1.566937115080528656e+03
1.566944348446213326e+03
1.566966081876750422e+03
1.566969781893298887e+03
1.566975948587546327e+03
1.566984881960834628e+03
1.567081149058059736e+03
1.567323550142208887e+03
1.567373350364942326e+03
1.567378783722576600e+03
1.568015919905527880e+03
1.568796523396809334e+03
1.568807923447796384e+03
1.568815823483129861e+03
1.568829690211815887e+03
1.568849356966442883e+03
1.568855090325419042e+03
1.568899990526236934e+03
1.568904023877609688e+03
1.568933824010891840e+03
1.568972224182638229e+03
1.568980090884489300e+03
1.569800627887708288e+03
1.576791559154938113e+03
1.576799825858577833e+03
1.576805959219342867e+03
1.582428451032837302e+03
1.582431751047596435e+03
1.588891079937212680e+03
1.588895479956891904e+03
1.589646749983644895e+03
1.590460153621626432e+03
1.592627096646702284e+03
1.598953658275844646e+03
1.598967825005872555e+03
1.600137463570463069e+03
1.603013743101409091e+03
1.604842917949135881e+03
1.605481920807102597e+03
1.605891822640405735e+03
1.605898522670371676e+03
1.605903356025322410e+03
1.606541825547570397e+03
1.606591559103339250e+03
1.606907060514432487e+03
1.606913527210021584e+03
1.607394296026946677e+03
1.607399229382344629e+03
1.607862764788859295e+03
1.608198099621991787e+03
1.608203699647038093e+03
1.608248633181338391e+03
1.608252766533158365e+03
1.608398533851775255e+03
1.608474834193031938e+03
1.608477700872519790e+03
1.608819635735171005e+03
1.610006541043654352e+03
1.610009574390554235e+03
1.610013974410233459e+03
1.610020507772787823e+03
1.610127341583939597e+03
1.610258942172528577e+03
1.610273975573099506e+03
1.610278308925813917e+03
1.610426276254270533e+03
1.610429476268582903e+03
1.610672577355862586e+03
1.610782511180879510e+03
1.610926645158857809e+03
1.611016512227458861e+03
1.611021278915444782e+03
1.611025312266817309e+03
1.611052145720164390e+03
1.611059145751472442e+03
1.611851882630354112e+03
1.616381136220961935e+03
1.617890709639258375e+03
1.618961881096783600e+03
1.618969447797292560e+03
1.621691226637228056e+03
1.623493801365984837e+03
1.632488041593097023e+03
1.635193553693611875e+03
1.635203453737890413e+03
1.635206587085237743e+03
1.636083557674191525e+03
1.636515459605890783e+03
1.636688360379196865e+03
1.636691393726096976e+03
1.636960861597969824e+03
1.636972961652087633e+03
1.637163229169733768e+03
1.637291696410975646e+03
1.637501464015836518e+03
1.637661464731446131e+03
1.637668431429272005e+03
1.637686198175400932e+03
1.637690431527668125e+03
1.637696631555398199e+03
1.637702664915715786e+03
1.638272567464628537e+03
1.638355534502368755e+03
1.638370101234185768e+03
1.638378434604790527e+03
1.638383767961977583e+03
1.638410568081842030e+03
1.638431001506564598e+03
1.638508268518811292e+03
1.638559868749595580e+03
1.638587835541344930e+03
1.638595202240959452e+03
1.638608402299997124e+03
1.638621402358140585e+03
1.638627735719800057e+03
1.638669602573718066e+03
1.638681902628730313e+03
1.639278338629648488e+03
1.639988808473920926e+03
1.639991408485549755e+03
1.640007708558452350e+03
1.640623044643901949e+03
1.640631178013612043e+03
1.640636844705623162e+03
1.640937979385794051e+03
1.641221447320282550e+03
1.641643149206361841e+03
1.641897450343734363e+03
1.643829792319547096e+03
1.644237060807738771e+03
1.644757863137048844e+03
1.644760696483054517e+03
1.644942163961341976e+03
1.644948363989071822e+03
1.644969264082548534e+03
1.644972264095966011e+03
1.645134031486144067e+03
1.645137531501798094e+03
1.645457566266500180e+03
1.645512833180350526e+03
1.655263743458367344e+03
1.656860550600153374e+03
1.658442757676640213e+03
1.662431175515004270e+03
1.664195950074698203e+03
1.664248650310402127e+03
1.665309988390614080e+03
1.671140547801365983e+03
1.671144047817019782e+03
1.671504249428036474e+03
1.671553449648086598e+03
1.672616987738138050e+03
1.672621887760053596e+03
1.682985634112338630e+03
1.683726637426506841e+03
1.684027438771853213e+03
1.685424945022257816e+03
1.696537828058421155e+03
1.696548494772795038e+03
1.697642966334531138e+03
1.697653733049352468e+03
1.700294144858703703e+03
1.700299578216337750e+03
1.703084924007245490e+03
1.707771611635316958e+03
1.707774911650076319e+03
1.707802378439589347e+03
1.709776320601460839e+03
1.717464921655714306e+03
1.717479288386636881e+03
1.717517155222664314e+03
1.717525921928540356e+03
1.717532921959848409e+03
1.717678355943641236e+03
1.719413197036123393e+03
1.719434897133178083e+03
1.728551637908178691e+03
1.729225574255720403e+03
1.732012020051548006e+03
1.732021953429308951e+03
1.736733274500887546e+03
1.737821046032657250e+03
1.740243723534849551e+03
1.741004526937574383e+03
1.741009293625560304e+03
1.741017226994375960e+03
1.748384926613384323e+03
1.751242606061140805e+03
1.751245439407146250e+03
1.751253039441137844e+03
1.751292372950391837e+03
1.751401740106207853e+03
1.751442473621723366e+03
1.751563407495938463e+03
1.751860575491701411e+03
1.751879342242302982e+03
1.751907275700569926e+03
1.751915742405104311e+03
1.751920475759607825e+03
1.751938209172254574e+03
1.751945175870079993e+03
1.751966142630521517e+03
1.752025876231015673e+03
1.752642412321832353e+03
1.752652845701829392e+03
1.752661812408600099e+03
1.752664579087640732e+03
1.752668979107319956e+03
1.752706945943795063e+03
1.752722512680084492e+03
1.752728812708261785e+03
1.752734246065895832e+03
1.752751212808447008e+03
1.752836079854685067e+03
1.752862379972313420e+03
1.753389548996765370e+03
1.753399682375420753e+03
1.753406249071457296e+03
1.753456382629014797e+03
1.754662988025607547e+03
1.754684454788285166e+03
1.754713088249682869e+03
1.754727654981499882e+03
1.754744455056638799e+03
1.754748788409353210e+03
1.754763321807688044e+03
1.754769288501040819e+03
1.754793221941417414e+03
1.754815055372401730e+03
1.755353591114358551e+03
1.757664501450000671e+03
1.761882220313923199e+03
1.767699279664295318e+03
1.767787746726634623e+03
1.767792746748997615e+03
1.773629872855785834e+03
1.773732506648153048e+03
1.775857649486275932e+03
1.775860782833623261e+03
1.776170584219222746e+03
1.776172817562544878e+03
1.776175784242480177e+03
1.782949414537822349e+03
1.782952047882933357e+03
1.782955214563763093e+03
1.782967281284398723e+03
1.782971514636665916e+03
1.785482825868609325e+03
1.785562592892037401e+03
1.785847094164480950e+03
1.786414830037036609e+03
1.786427530093837959e+03
1.786526130534832646e+03
1.786532763897834002e+03
1.786912665596960096e+03
1.786914498938493125e+03
1.786928499001109003e+03
1.786931765682385958e+03
1.786946732415992074e+03
1.789130808851030906e+03
1.789134875535886295e+03
1.789140042225661091e+03
1.789206809190945705e+03
1.789277009504919533e+03
1.789280209519231676e+03
1.789283376200061639e+03
1.790392581161026555e+03
1.790397181181600445e+03
1.791746887218216671e+03
1.791755987258916775e+03
1.792279656267714927e+03
1.792297889682597997e+03
1.792300823029050889e+03
1.793454161520738353e+03
1.793472461602586236e+03
1.795549170890754567e+03
1.795901272465543343e+03
1.798548384304860974e+03
1.800577326712723107e+03
1.800584460077960784e+03
1.801303729961591898e+03
1.804361976973061701e+03
1.805752149857334189e+03
1.805756083208259724e+03
1.805809716781471252e+03
1.809976102082468969e+03
1.809980635436077819e+03
1.814025620194106295e+03
1.814696923196536773e+03
1.814699756542542445e+03
1.816847532815227623e+03
1.816852999506344077e+03
1.819080376135045071e+03
1.819088742839132237e+03
1.820807583860053228e+03
1.820813950555195333e+03
1.820816383899411903e+03
1.820833717310269549e+03
1.820836817324134472e+03
1.820844017356336735e+03
1.820942484463401797e+03
1.820964551228762957e+03
1.820968284578793828e+03
1.825579538536151631e+03
1.829630556654498150e+03
1.829657556775257035e+03
1.829682690221000939e+03
1.838019860842675371e+03
1.838036627584331882e+03
1.840132570291855927e+03
1.840153570385779631e+03
1.840156637066162148e+03
1.840169470456893350e+03
1.840172570470758274e+03
1.840175703818105603e+03
1.840190337216887428e+03
1.842753782015333854e+03
1.842760082043510920e+03
1.842767815411432139e+03
1.842776415449896376e+03
1.842861515830511280e+03
1.843271484330779003e+03
1.844153588276025403e+03
1.844159421635448552e+03
1.845730128660501123e+03
1.845764495480874530e+03
1.845819795728207282e+03
1.846420331747462797e+03
1.846625832666574070e+03
1.846629399349192909e+03
1.846637032716666909e+03
1.846651932783307984e+03
1.846655766133786301e+03
1.846661132824455535e+03
1.846669899530331804e+03
1.846745399868010054e+03
1.846762799945832739e+03
1.846768033302572348e+03
1.846794133419306263e+03
1.847259768835213436e+03
1.847262768848631140e+03
1.847268135539300374e+03
1.847272968894251107e+03
1.847273102228180960e+03
1.847292035646194790e+03
1.848251239936275624e+03
1.848254039948798663e+03
1.848257639964899909e+03
1.848263439990840652e+03
1.848266706672118062e+03
1.848279440062401818e+03
1.848284173416905332e+03
1.849846247070011259e+03
1.849869613841186492e+03
1.849888713926612354e+03
1.849934580798420711e+03
1.850546016866427181e+03
1.851148486227663170e+03
1.851182319712317849e+03
1.851594254888048454e+03
1.851607188279226875e+03
1.854710602159374048e+03
1.854822435992888813e+03
1.854831002697870417e+03
1.854836536055952138e+03
1.854845369428792992e+03
1.854855069472176638e+03
1.854885336274212932e+03
1.854989670074183550e+03
1.857783415902661091e+03
1.858127817443011054e+03
1.858131050790805830e+03
1.858138817492209228e+03
1.858144350850290721e+03
1.858148950870864610e+03
1.860025692598003161e+03
1.860028359276596348e+03
1.860031592624391124e+03
1.864754947083122943e+03
1.864764480459094784e+03
1.864890281021743021e+03
1.864900281066468551e+03
1.864902947745062193e+03
1.869199233627045260e+03
1.869810336360227666e+03
1.869816936389746616e+03
1.871526710703449680e+03
1.872183146972721488e+03
1.872244847248678525e+03
1.872253613954554567e+03
1.877638004703132083e+03
1.879518613114231130e+03
1.879521713128096053e+03
1.879559379963229276e+03
1.879567279998562526e+03
1.879604980167177928e+03
1.879846847915608123e+03
1.880847752392194934e+03
1.882370192534704984e+03
1.882681127258706738e+03
1.883027228806660332e+03
1.883045128886718885e+03
1.884092033569043451e+03
1.888021351143079301e+03
1.888412752893639663e+03
1.888716554252403967e+03
1.889201756422490689e+03
1.889381690560587003e+03
1.889391490604418095e+03
1.896275654727460960e+03
1.899097100679828145e+03
1.899258401401252286e+03
1.899678636614104789e+03
1.900582840658194982e+03
1.903520253795896906e+03
1.903557987297994941e+03
1.903573454033837152e+03
1.904084022984044623e+03
1.904415691134110830e+03
1.905438929043918051e+03
1.905443595731456753e+03
1.905456029120399080e+03
1.905478095885760240e+03
1.908990678262597157e+03
1.909220812625215785e+03
1.909238479370897721e+03
1.909241346050385800e+03
1.909777948450362146e+03
1.910520185103379845e+03
1.910526885133345786e+03
1.910534251832960308e+03
1.910608352164377266e+03
1.910636518957021053e+03
1.911212054864462743e+03
1.911591056559563413e+03
1.911599189929273507e+03
1.911605123289144103e+03
1.911611423317321169e+03
1.911644290130986064e+03
1.911685856983562417e+03
1.912009925099637030e+03
1.912140359016341336e+03
1.912323326501337760e+03
1.912328026522358641e+03
1.912332826543827196e+03
1.912336759894752504e+03
1.912447527056829813e+03
1.913089229926872576e+03
1.913098296634090275e+03
1.913133730125901593e+03
1.913149496863085687e+03
1.913158296902444135e+03
1.913165196933304742e+03
1.913175230311512905e+03
1.913185830358921976e+03
1.913224997200763937e+03
1.913684465922423442e+03
1.913697699314943748e+03
1.913704099343568032e+03
1.914314502073619678e+03
1.914319668763394475e+03
1.914332402153678458e+03
1.914334035494317050e+03
1.914336368838086401e+03
1.914483036160728489e+03
1.914706770494723060e+03
1.916973213964818797e+03
1.916975913976894617e+03
1.916983747345263055e+03
1.919222290690574255e+03
1.920921298289456217e+03
1.920927631651115689e+03
1.920930931665875050e+03
1.920943598389194221e+03
1.920948498411109995e+03
1.920989831929309048e+03
1.920999831974034805e+03
1.921073032301426110e+03
1.925240450940378651e+03
1.927222159803653767e+03
1.929390669502403171e+03
1.929395436190389091e+03
1.929408602915944357e+03
1.929422436311148203e+03
1.929429303008526404e+03
1.929432836357662836e+03
1.929467203178036698e+03
1.929478703229471193e+03
1.929511970044924965e+03
1.929520770084283413e+03
1.929602137114867446e+03
1.929606203799722607e+03
1.931119743902426762e+03
1.931158610742927067e+03
1.931169044122924106e+03
1.931596246033602483e+03
1.931908480763418538e+03
1.931914214122394242e+03
1.931917647471083455e+03
1.931921280820667334e+03
1.931923947499260521e+03
1.931941614244942684e+03
1.932217082143650714e+03
1.932252548968944438e+03
1.932330615984768883e+03
1.933057485902391363e+03
1.933060819250633358e+03
1.933066585943091695e+03
1.933100352760782016e+03
1.933183753133793516e+03
1.936716035598740064e+03
1.936959570021291029e+03
1.937933641044530759e+03
1.939001212485954966e+03
1.939082112847785083e+03
1.939173046587823364e+03
1.940520585948082271e+03
1.940523719295429828e+03
1.940526585974917907e+03
1.941561523937054062e+03
1.947821085266534737e+03
1.948599455414494059e+03
1.948602522094876576e+03
1.948606888781073621e+03
1.949976261572316616e+03
1.949981961597810368e+03
1.949984394942026938e+03
1.950070161992290195e+03
1.950208862612634448e+03
1.950220962666752712e+03
1.950336429849851129e+03
1.950507997283860050e+03
1.951664169121553186e+03
1.954314780976524617e+03
1.954525415251928507e+03
1.954528481932311024e+03
1.954539815316333261e+03
1.954551082033390912e+03
1.954643249112278454e+03
1.954976117267711970e+03
1.955561719886843775e+03
1.955567819914126403e+03
1.955575419948117997e+03
1.955583253316486207e+03
1.955615620127915008e+03
1.955709487214405954e+03
1.956483590676615677e+03
1.956494357391437006e+03
1.957347661207873671e+03
1.957354227903910214e+03
1.966887003872978994e+03
1.966910437311119495e+03
1.969094647080088180e+03
1.972207261001382903e+03
1.972257294558493413e+03
1.972350028306582317e+03
1.972599829423827941e+03
1.973683700938155198e+03
1.974183336506129308e+03
1.974285770297601857e+03
1.974288970311914227e+03
1.974646638578266902e+03
1.991315179795674794e+03
1.996433702688480707e+03
1.996436802702345403e+03
1.996459469470390331e+03
1.997363540180550444e+03
2.005372442667365476e+03
2.005502109913974436e+03
2.011042134691964748e+03
2.011055701419308889e+03
2.011058701432726821e+03
2.011061834780074150e+03
2.011142935142798933e+03
2.011147335162478157e+03
2.013258377937537716e+03
2.013268144647886402e+03
2.013287478067689335e+03
2.013298211449028031e+03
2.013359411722748973e+03
2.013362078401342387e+03
2.013364878413865426e+03
2.013368911765238181e+03
2.013372845116163717e+03
2.013384611835457463e+03
2.015079186081177568e+03
2.015109219548837018e+03
2.016996161321595537e+03
2.018804769410670133e+03
2.021168446648981217e+03
2.021726082476363899e+03
2.021729849159877176e+03
2.021887516531717665e+03
2.021897183241619132e+03
2.021901949929605053e+03
2.022741720352179527e+03
2.022748920384382018e+03
2.025493499326291840e+03
2.027770776178173719e+03
2.027775042863923090e+03
2.029219882659362383e+03
2.029738651646244762e+03
2.029969752679853855e+03
2.029973552696849538e+03
2.029976119374995733e+03
2.029992419447898556e+03
2.030027352937473324e+03
2.030053453054207239e+03
2.030058486410052410e+03
2.030061486423470114e+03
2.030065586441807454e+03
2.030072019803914372e+03
2.030144920129964021e+03
2.032184629252647710e+03
2.032196962641142591e+03
2.032457263805350294e+03
2.032464030502281275e+03
2.032699864890393656e+03
2.033156233598188464e+03
2.033232700606856952e+03
2.033239567304235152e+03
2.033259300725826961e+03
2.033392467988089948e+03
2.033771636350602648e+03
2.033774736364467799e+03
2.034115904557023214e+03
2.034440106007027680e+03
2.034443139353927563e+03
2.034445606031626767e+03
2.034496206257938411e+03
2.036059346582481567e+03
2.036062579930276115e+03
2.036066246613342173e+03
2.036179480453118686e+03
2.037801621041542830e+03
2.037807087732659738e+03
2.042482575310638140e+03
2.044331116911650497e+03
2.044336583602767178e+03
2.044340750288069330e+03
2.044350616998865462e+03
2.044374617106206870e+03
2.044427550676287865e+03
2.044438884060310102e+03
2.044443184079542107e+03
2.044453384125162302e+03
2.044457884145288972e+03
2.044482984257550015e+03
2.044489084284832643e+03
2.044501684341187001e+03
2.044603084794704728e+03
2.044627651571247270e+03
2.046748194388796264e+03
2.046752361074098417e+03
2.049143605102369747e+03
2.049420939676093440e+03
2.052612120615449385e+03
2.052618153975766745e+03
2.053980826737044026e+03
2.053987160098703498e+03
2.053999093485409503e+03
2.054002126832309386e+03
2.054004960178315287e+03
2.054010160201572489e+03
2.054014460220804722e+03
2.056575338341105180e+03
2.056595871766274740e+03
2.056631738593357568e+03
2.056721105659722070e+03
2.056724039006174735e+03
2.056726805685215822e+03
2.056730872370070301e+03
2.056741739085338850e+03
2.056809306054201897e+03
2.056817439423912219e+03
2.057677809938621522e+03
2.057691143331589046e+03
2.057711843424170638e+03
2.057726910158224200e+03
2.057760510308502489e+03
2.061089091862387704e+03
2.064366806522102706e+03
2.064792775093931141e+03
2.064832375271044384e+03
2.064836208621522928e+03
2.064870575441896563e+03
2.064917075649870640e+03
2.066947451397476925e+03
2.072768510765739393e+03
2.073356246727746111e+03
2.073359146740716824e+03
2.073362213421099113e+03
2.078851404638401164e+03
2.078860904680890599e+03
2.080297311105277458e+03
2.082530121091612727e+03
2.083925760667001668e+03
2.085055299052242844e+03
2.085595101466531560e+03
2.086696006390374350e+03
2.086704639762320767e+03
2.086708639780210888e+03
2.086718339823594761e+03
2.086721406503977050e+03
2.086724373183912121e+03
2.086730306543782717e+03
2.086750939969400406e+03
2.086765206699875307e+03
2.087096108179845942e+03
2.087099241527193499e+03
2.087104441550450247e+03
2.087530076787455528e+03
2.087533710137038724e+03
2.087685577482938697e+03
2.087709210921973408e+03
2.087828878123856612e+03
2.087832111471650933e+03
2.087834678149797583e+03
2.087835011484621646e+03
2.087838711501170110e+03
2.091457094351203978e+03
2.091460161031586267e+03
2.091467494397718383e+03
2.091921763096120685e+03
2.092102597238242197e+03
2.092105230583353659e+03
2.092108930599901669e+03
2.094915176484285894e+03
2.094918043163774200e+03
2.094976043423182546e+03
2.094979476771871759e+03
2.101031637173743547e+03
2.101565906229950542e+03
2.101948141272845987e+03
2.103006446006157603e+03
2.103026579429538742e+03
2.103219246957918585e+03
2.103226080321814607e+03
2.104696486898269086e+03
2.105964425902512176e+03
2.106271660609965238e+03
2.106274093954182263e+03
2.106329827536786070e+03
2.106451194746272449e+03
2.106453794757901505e+03
2.106462228128953029e+03
2.106466294813808418e+03
2.106470528166075383e+03
2.106813729701058492e+03
2.106817329717159737e+03
2.107384298919620051e+03
2.107628566678783955e+03
2.110172044721261500e+03
2.110175411402985901e+03
2.110185511448158650e+03
2.112955690504566064e+03
2.112958557184054371e+03
2.112961257196130191e+03
2.113037924205693344e+03
2.113121324578704844e+03
2.113985928445681566e+03
2.115808569930853992e+03
2.115818403308167944e+03
2.115851936791480966e+03
2.115857136814738624e+03
2.116543106549433105e+03
2.116545973228920957e+03
2.118427281643150764e+03
2.118431048326664040e+03
2.118701516203009760e+03
2.118748216411878275e+03
2.118750983090918908e+03
2.119880121474370299e+03
2.120542857771819399e+03
2.120546057786131314e+03
2.120640091540034973e+03
2.121416661679943445e+03
2.121420361696492364e+03
2.121572229042391882e+03
2.121587362443409802e+03
2.121925797290406990e+03
2.121933030656091887e+03
2.121972330831863474e+03
2.122021231050572169e+03
2.122068597929088810e+03
2.122672567297033765e+03
2.124437108522350172e+03
2.124443275216598067e+03
2.124453141927394427e+03
2.125420846255491597e+03
2.125430979634146752e+03
2.125857781543036253e+03
2.126145882831581275e+03
2.126149316180270489e+03
2.126538784588850376e+03
2.127462122051848837e+03
2.127657389591857736e+03
2.127662822949492238e+03
2.128221525448311695e+03
2.130738403371819459e+03
2.130742903391946129e+03
2.130747403412072799e+03
2.130835703806999845e+03
2.134069784938228622e+03
2.134072818285128506e+03
2.134455119994988763e+03
2.135289323725999566e+03
2.135291657069768917e+03
2.135294257081397518e+03
2.135298857101971407e+03
2.135550091558960958e+03
2.135815026077224957e+03
2.135817659422335964e+03
2.135820959437095553e+03
2.136080460597725050e+03
2.137333699536221502e+03
2.137642534250830977e+03
2.137645567597731315e+03
2.137744834708374128e+03
2.138679872223701295e+03
2.138713805708803648e+03
2.138731139119661748e+03
2.139073073982312508e+03
2.139075473993046671e+03
2.139507009256439233e+03
2.139522475992281670e+03
2.139525942674453290e+03
2.139528876020906409e+03
2.139532042701735918e+03
2.139535776051766788e+03
2.139536076053108900e+03
2.139540876074576772e+03
2.139756210371001998e+03
2.139791343861470978e+03
2.140148112123798910e+03
2.140164745531525568e+03
2.140289279421841456e+03
2.140414546648771648e+03
2.140483980292649449e+03
2.140511313748233079e+03
2.140781481623236687e+03
2.141145649918661093e+03
2.141573385165057971e+03
2.141584718549080662e+03
2.141869519822866096e+03
2.141874153176922391e+03
2.141877686526058369e+03
2.141891119919473113e+03
2.141894386600750295e+03
2.142037087238984441e+03
2.142040153919367185e+03
2.142042987265373085e+03
2.142148754405087402e+03
2.142159721120803169e+03
2.142168421159714399e+03
2.142171454506614282e+03
2.142203487983219020e+03
2.142317188491749221e+03
2.142320921841780091e+03
2.142652856659705776e+03
2.142739423713546785e+03
2.142769523848171502e+03
2.143054891791157843e+03
2.143423826774568170e+03
2.144049329572155330e+03
2.144051996250748743e+03
2.146354973217575207e+03
2.146358173231887577e+03
2.146361673247541603e+03
2.151904331370642922e+03
2.151907331384060399e+03
2.156592985674176816e+03
2.156595719019735043e+03
2.163870884891549395e+03
2.163874584908097859e+03
2.163882284942536444e+03
2.168379805057881640e+03
2.168383871742737028e+03
2.168855207184137726e+03
2.169747344507592061e+03
2.169749844518773443e+03
2.169754544539794551e+03
2.170093012720274146e+03
2.170865149507021215e+03
2.170888082942924939e+03
2.171802720367012171e+03
2.172312689314536328e+03
2.175734171283922933e+03
2.177135110883016296e+03
2.177138177563399040e+03
2.177343078479827000e+03
2.180412925543178517e+03
2.180443625680486093e+03
2.181957099116225436e+03
2.182039499484764747e+03
2.182452801333273783e+03
2.182456268015445403e+03
2.182582035244611689e+03
2.182584668589722241e+03
2.183675640135804315e+03
2.183687006853309413e+03
2.186471952642427823e+03
2.186634953371455595e+03
2.186743287189316561e+03
2.186747120539794651e+03
2.187147322329713916e+03
2.188910430215286851e+03
2.188913496895669596e+03
2.189129397861295274e+03
2.190329136560509596e+03
2.190356703350469616e+03
2.191024073001975466e+03
2.191032839707851053e+03
2.191038639733792479e+03
2.191041839748103939e+03
2.191088406623043284e+03
2.192462812770131677e+03
2.192929614857923298e+03
2.192990481796819950e+03
2.193038982013738860e+03
2.193042682030287779e+03
2.193052415407154058e+03
2.193158049212938749e+03
2.193166782585332385e+03
2.193179849310440204e+03
2.195809027736217104e+03
2.195961895086588811e+03
2.199850112476802678e+03
2.199866879218458962e+03
2.200634249317220110e+03
2.200690216234201216e+03
2.200697516266850926e+03
2.202480124239638826e+03
2.203288394521327973e+03
2.203290727865097324e+03
2.203293294543243519e+03
2.204657667312123976e+03
2.204660400657682203e+03
2.204885001662219565e+03
2.204888001675637497e+03
2.205097235944779641e+03
2.206478042120492319e+03
2.210909261939306816e+03
2.210911828617453011e+03
2.210914661963458457e+03
2.210927895355978762e+03
2.211361763963140675e+03
2.211366630651573814e+03
2.213998709090320062e+03
2.214007509129678965e+03
2.218777563797279072e+03
2.218781430481240022e+03
2.219772334913101076e+03
2.220452837956679105e+03
2.221772910527424756e+03
2.221776610543973675e+03
2.221830810786386337e+03
2.221834344135523224e+03
2.221948977981560802e+03
2.222225812553048399e+03
2.223346550898930218e+03
2.223352384258353595e+03
2.224011520539700996e+03
2.224016720562958653e+03
2.224023187258547750e+03
2.224026320605894853e+03
2.224241354900977967e+03
2.224337855332580602e+03
2.224350388721969921e+03
2.224357155418900675e+03
2.224501589398220858e+03
2.227752603938518405e+03
2.229820746521705132e+03
2.232170157029540860e+03
2.235550505481622622e+03
2.236201108391470825e+03
2.236206508415622920e+03
2.238722419668140446e+03
2.239642657117273757e+03
2.240100025829541210e+03
2.240179626185557026e+03
2.240294293365077465e+03
2.240308993430823648e+03
2.240324726834525791e+03
2.240425993954113892e+03
2.240457727429376064e+03
2.240492294250644591e+03
2.241512498813551701e+03
2.243738808770815467e+03
2.247739526664191544e+03
2.247742260009750225e+03
2.247745026688790858e+03
2.247751326716967924e+03
2.247862527214316742e+03
2.247866760566584162e+03
2.247938427553784550e+03
2.248541696918598063e+03
2.248861798350264962e+03
2.249367567279004106e+03
2.250178004237050573e+03
2.250178237571427417e+03
2.250187204278197896e+03
2.254350389564883244e+03
2.254537357067769790e+03
2.254561557176005863e+03
2.254564457188976121e+03
2.255068426109664870e+03
2.255364527433990133e+03
2.255370094125554260e+03
2.255374927480504994e+03
2.255584961753225343e+03
2.256350831845277753e+03
2.257300669426799232e+03
2.257851471890286120e+03
2.269167622502238373e+03
2.269170589182173444e+03
2.269174122531309877e+03
2.272565971034826362e+03
2.274259211941249760e+03
2.275053948829076489e+03
2.275169382678692727e+03
2.281707711921641021e+03
2.282094746986004793e+03
2.282522282231507234e+03
2.282637649414158659e+03
2.282649949469171133e+03
2.282652216145975672e+03
2.282661549521053075e+03
2.282670416227376336e+03
2.286147598445884341e+03
2.288695043172769601e+03
2.288698376521011596e+03
2.288704676549188662e+03
2.288717009937683542e+03
2.288742643385663996e+03
2.288756743448726866e+03
2.288759510127767498e+03
2.288774176860031730e+03
2.288783843569933197e+03
2.289295145856753606e+03
2.290060415946122703e+03
2.290066382639475705e+03
2.290153649696448156e+03
2.290979920058643074e+03
2.291007886850391969e+03
2.293007762461585571e+03
2.293784632602836155e+03
2.295113805214282365e+03
2.295130138620667367e+03
2.295146672027947261e+03
2.296500378082453153e+03
2.296503578096765523e+03
2.296507644781620911e+03
2.297012947041605912e+03
2.297316648399922997e+03
2.297323581764266237e+03
2.300365528702833217e+03
2.300371462062703813e+03
2.300414195587164613e+03
2.301646667766114206e+03
2.302276303915521112e+03
2.302282703944145851e+03
2.302686639084095532e+03
2.303214608112125916e+03
2.303219808135383118e+03
2.303385675543898287e+03
2.303389375560446751e+03
2.303391942238592947e+03
2.303404242293605876e+03
2.303424209049574529e+03
2.303522442822262747e+03
2.309642336860408705e+03
2.312109614562077240e+03
2.312113681246932174e+03
2.313641954748865373e+03
2.313679754917928221e+03
2.314466758437833960e+03
2.314657092622444907e+03
2.314941593894889138e+03
2.314944760575718647e+03
2.314947260586900029e+03
2.315031427630006874e+03
2.315034994312626168e+03
2.315058927753002536e+03
2.315297228818813892e+03
2.315425196057819903e+03
2.315429896078840557e+03
2.315699330617231226e+03
2.315707397319976280e+03
2.315713097345470032e+03
2.315727097408086138e+03
2.315731797429106791e+03
2.315780030978166906e+03
2.315784897666600045e+03
2.317243970859031833e+03
2.317251170891234324e+03
2.317365538069412651e+03
2.317420204980579456e+03
2.317423071660067762e+03
2.319682048430101531e+03
2.319708815216483799e+03
2.322260593296083698e+03
2.322589194765767388e+03
2.322595294793050016e+03
2.322702695273403151e+03
2.323034730091776055e+03
2.323079330291252063e+03
2.323081996969845477e+03
2.323085230317640253e+03
2.323090897009651144e+03
2.323106363745493582e+03
2.323111530435268378e+03
2.323443831921500532e+03
2.323679599642648100e+03
2.323698399726732532e+03
2.323706533096442399e+03
2.323733999885955654e+03
2.324404402884360934e+03
2.324738571045608296e+03
2.324757204462280697e+03
2.325190273065864403e+03
2.325196073091804919e+03
2.325390440627788394e+03
2.325622708333282390e+03
2.326319611450210232e+03
2.326600146038246749e+03
2.326612579427188848e+03
2.326615246105781807e+03
2.326619246123672383e+03
2.326648546254717985e+03
2.326675813043336802e+03
2.326744413350154900e+03
2.327782917994909440e+03
2.327785984675292184e+03
2.328280486886973904e+03
2.328651055211022594e+03
2.329011656823828162e+03
2.329014356835903982e+03
2.329017823518076057e+03
2.329385958497907723e+03
2.329451192123001420e+03
2.329453892135077695e+03
2.329457025482424797e+03
2.345842998769368933e+03
2.350561819874491903e+03
2.356034744352373764e+03
2.356037111029625521e+03
2.356041344381892486e+03
2.356046944406939019e+03
2.359066691246215214e+03
2.359069991260974348e+03
2.359074257946724174e+03
2.359236425338690879e+03
2.362441473006733304e+03
2.362446006360341926e+03
2.362464106441295371e+03
2.362625140494860261e+03
2.362685774099379614e+03
2.362702840842378464e+03
2.364350648212265241e+03
2.364357881577950138e+03
2.365058651378838476e+03
2.365127651687444995e+03
2.365161351838170958e+03
2.367238327794198085e+03
2.368371566195987270e+03
2.368403033003390192e+03
2.368421399752203342e+03
2.371463846693006872e+03
2.371659447567839834e+03
2.372583751701828078e+03
2.372682052141480654e+03
2.372700718891635461e+03
2.372706352250163945e+03
2.373150487569911093e+03
2.373166387641024812e+03
2.373279488146871245e+03
2.374213625658173896e+03
2.374987095784217672e+03
2.374990262465047181e+03
2.378487111438182637e+03
2.379343315267589333e+03
2.379346448614936889e+03
2.379495882616619838e+03
2.381820093011747304e+03
2.381824993033663304e+03
2.382874397727168798e+03
2.382884531105823953e+03
2.383225832632309448e+03
2.383245832721760507e+03
2.383257566107572075e+03
2.383329899764420588e+03
2.383335566456431479e+03
2.383341933151573812e+03
2.383357266553486625e+03
2.384236903821034048e+03
2.384239770500521900e+03
2.384684772490811611e+03
2.388039054159642092e+03
2.388355522241725339e+03
2.388360788931947354e+03
2.388383189032133032e+03
2.388625056780562772e+03
2.391189868251788539e+03
2.392974909568793464e+03
2.393186443848222552e+03
2.393386178074875261e+03
2.393434144956075670e+03
2.393603912382034650e+03
2.393666812663358542e+03
2.393672246020992588e+03
2.393678212714345591e+03
2.393793813231373861e+03
2.393810013303829237e+03
2.393953747280018888e+03
2.393970780689534877e+03
2.394371415814725424e+03
2.394428682737520830e+03
2.396911027173242474e+03
2.408066843734760823e+03
2.408092210514881572e+03
2.408338878284780094e+03
2.408343244970976684e+03
2.414454772305035931e+03
2.414461005666248639e+03
2.415756044791698059e+03
2.416511648171165234e+03
2.428219333867608384e+03
2.428960837184012689e+03
2.428964037198324604e+03
2.428966737210400424e+03
2.428979303933272149e+03
2.428982737281961363e+03
2.428986170630650577e+03
2.435258665351309901e+03
2.435267265389773911e+03
2.435281965455520549e+03
2.435307665570465360e+03
2.435310898918260136e+03
2.435318098950462627e+03
2.435324132310780442e+03
2.435328232329117782e+03
2.435331632344324134e+03
2.435332099013078277e+03
2.435350199094031723e+03
2.435353399108343638e+03
2.435357165791857369e+03
2.435647833758548586e+03
2.436857905837312501e+03
2.436860872517247572e+03
2.436863772530218284e+03
2.437782109970853526e+03
2.437787076659734339e+03
2.437790676675835584e+03
2.437810943433145894e+03
2.437813510111292089e+03
2.437817210127840553e+03
2.439467050840155025e+03
2.441020457787831674e+03
2.441026391147702270e+03
2.441945995260669861e+03
2.441949228608464637e+03
2.443056266893072461e+03
2.443065066932430909e+03
2.443093433725969135e+03
2.443096867074658803e+03
2.443107033786796364e+03
2.443116500495803393e+03
2.443131733897268532e+03
2.443145733959884637e+03
2.443166700720325480e+03
2.443169834067673037e+03
2.443173934086010377e+03
2.443179934112846240e+03
2.443185400803962693e+03
2.443209334244339061e+03
2.446743583384748490e+03
2.446837250470344770e+03
2.446856750557559735e+03
2.446860050572319324e+03
2.446871550623754047e+03
2.446878717322473676e+03
2.446885317351992853e+03
2.446913617478566266e+03
2.446982617787172785e+03
2.447007351231127359e+03
2.447030318000513944e+03
2.447128618440166974e+03
2.447170451960602350e+03
2.447227718883397756e+03
2.447257352349267876e+03
2.447269119068561849e+03
2.447277819107473078e+03
2.447301552546955463e+03
2.447318152621199715e+03
2.447340352720490500e+03
2.447376619549362204e+03
2.447386752928017358e+03
2.447397452975873875e+03
2.447469353297450652e+03
2.447470919971124658e+03
2.449223494476253109e+03
2.449754630185113001e+03
2.449823463826307488e+03
2.449838330559466613e+03
2.451956940035035132e+03
2.452013740289076850e+03
2.452123240778822492e+03
2.452603676260923294e+03
2.452653976485893054e+03
2.452656209829215186e+03
2.453898748719855121e+03
2.453901382064966128e+03
2.453910882107455564e+03
2.453920948819146361e+03
2.453926648844639658e+03
2.457209630194576221e+03
2.457830899639896415e+03
2.457843399695803328e+03
2.457852133068196963e+03
2.457854966414202408e+03
2.459974242559419508e+03
2.459981875926893736e+03
2.459989342626955477e+03
2.459992209306443328e+03
2.459997175995324142e+03
2.460004342694043771e+03
2.460045476211348614e+03
2.460049376228791516e+03
2.460057009596265289e+03
2.460092676422453678e+03
2.460113909850754226e+03
2.460137109954517655e+03
2.460141643308126731e+03
2.460209143610024057e+03
2.460212376957818833e+03
2.460216743644015878e+03
2.460294177323674830e+03
2.460324510792675483e+03
2.460329877483345172e+03
2.460376511025248874e+03
2.460416744538528292e+03
2.460431644605169367e+03
2.460435911290918739e+03
2.460522945013514345e+03
2.460611345408889065e+03
2.460634212177827521e+03
2.460647045568559406e+03
2.460663145640567109e+03
2.460668478997754391e+03
2.460678845710786391e+03
2.460723012574991117e+03
2.460809312960973784e+03
2.460840646434447081e+03
2.460893580004527848e+03
2.460917013442668576e+03
2.460931280173143477e+03
2.461046447354900010e+03
2.461066747445693181e+03
2.461167647896974358e+03
2.461171214579593197e+03
2.461176381269368449e+03
2.461182047961379340e+03
2.461193081344059920e+03
2.461218781459004731e+03
2.461289181773873224e+03
2.461309881866455271e+03
2.461359015419540810e+03
2.461483882644681216e+03
2.461527116171378111e+03
2.461540982900064137e+03
2.461631183303489252e+03
2.461844050922215047e+03
2.461876151065784597e+03
2.461880251084121483e+03
2.461888617788209103e+03
2.461957684763780435e+03
2.461988084899746354e+03
2.462004351639166543e+03
2.462315819698887481e+03
2.462339753139263848e+03
2.463289257385960809e+03
2.463689759177221731e+03
2.463931893593511177e+03
2.463937526952040116e+03
2.464048727449388934e+03
2.464052027464148523e+03
2.464058960828491763e+03
2.464139961190768645e+03
2.464158094605204951e+03
2.464247295004156967e+03
2.464250628352399417e+03
2.464443129213366774e+03
2.464459462619752230e+03
2.464464562642562214e+03
2.464550929695509240e+03
2.464554896379916954e+03
2.466264870694514684e+03
2.466268570711063148e+03
2.466304704206005226e+03
2.466308970891755052e+03
2.466313770913222925e+03
2.467026340766887643e+03
2.467031107454874018e+03
2.467035107472764139e+03
2.467053674222471273e+03
2.467062174260487609e+03
2.467086674370065793e+03
2.468160179171360141e+03
2.468259046280214079e+03
2.468283379722379777e+03
2.468395180222412364e+03
2.468477880592292877e+03
2.468556647611248991e+03
2.468563414308179745e+03
2.468726981706407969e+03
2.468730115053755981e+03
2.468758181845952549e+03
2.468761915195982965e+03
2.468766581883521667e+03
2.468777715266649466e+03
2.468782515288117793e+03
2.471025225318731373e+03
2.471030758676813093e+03
2.471094458961714736e+03
2.471101158991681586e+03
2.471296659866066875e+03
2.471363860166622999e+03
2.471729428468309379e+03
2.472465598427526402e+03
2.472839800101159199e+03
2.472899600368618394e+03
2.474338940139458373e+03
2.474352640200732367e+03
2.474572274516388916e+03
2.476659183850177669e+03
2.476672550576627600e+03
2.476969385237566257e+03
2.477126319272793353e+03
2.477415920568047113e+03
2.477418520579676169e+03
2.477422153929259821e+03
2.478114790360437837e+03
2.478816326831422430e+03
2.478946427413302445e+03
2.479067927956718904e+03
2.479128861562580369e+03
2.479216861956165758e+03
2.479238295385361198e+03
2.479240795396542580e+03
2.479244162078266527e+03
2.479364795951139968e+03
2.479368762635547682e+03
2.479398429434900663e+03
2.480848469253597159e+03
2.480851702601391480e+03
2.480854935949185801e+03
2.480887069426237758e+03
2.480943769679832258e+03
2.481433738537904901e+03
2.481436971885699222e+03
2.481441338571896267e+03
2.481671606268444975e+03
2.481680039639496499e+03
2.482696044183619051e+03
2.482813078040391247e+03
2.482820178072146064e+03
2.482833044796359900e+03
2.482893111731678346e+03
2.482921745193075822e+03
2.483098745984719699e+03
2.483230246572861233e+03
2.483234913260399935e+03
2.483238579943465993e+03
2.483412314053832233e+03
2.483498081104095490e+03
2.483565914740817789e+03
2.483569981425672722e+03
2.483573481441327203e+03
2.484792220225519941e+03
2.485203855399908662e+03
2.485208555420929770e+03
2.485759724552723128e+03
2.485859491665602491e+03
2.486660828582948398e+03
2.486690695383195362e+03
2.486725895540629608e+03
2.486729728891107698e+03
2.486734262244716319e+03
2.486779562447323769e+03
2.486784495802721722e+03
2.486791295833134882e+03
2.486806429234153256e+03
2.486861296146214499e+03
2.486879729561992008e+03
2.487176064220694116e+03
2.487187230937304321e+03
2.487240931177480888e+03
2.487254031236071569e+03
2.487274997996512866e+03
2.487285798044816602e+03
2.487435532047841662e+03
2.487456398807835740e+03
2.487476298896839580e+03
2.488843938346997220e+03
2.488849438371596534e+03
2.488854805062265314e+03
2.488959738864919473e+03
2.488968138902489500e+03
2.489004905733597298e+03
2.489008205748356431e+03
2.489318873804499162e+03
2.489416240906644362e+03
2.489419740922297933e+03
2.489423840940635728e+03
2.489428240960314724e+03
2.489447841047976908e+03
2.489470874484328306e+03
2.489475474504901740e+03
2.489540674796513031e+03
2.489915909808100878e+03
2.489967610039332158e+03
2.489995810165457897e+03
2.490514079150104408e+03
2.490714280045511259e+03
2.490719213400909211e+03
2.492132919723769646e+03
2.492318587220841437e+03
2.492691055553388196e+03
2.492695288905655616e+03
2.492700355594983193e+03
2.492704355612873314e+03
2.492791122667609216e+03
2.494488263591475516e+03
2.494508397014856655e+03
2.494529263774850733e+03
2.494548063858934711e+03
2.494590297381159417e+03
2.494593697396366224e+03
2.494931898908986113e+03
2.497363076449194978e+03
2.497390409904778608e+03
2.497476510289866383e+03
2.497818445152517143e+03
2.497848845288483062e+03
2.497852511971549575e+03
2.497886845458440348e+03
2.499250484890707867e+03
2.499568386312535040e+03
2.499584186383201541e+03
2.499666520084775584e+03
2.499674586787521093e+03
2.499675453458063657e+03
2.500253856044993427e+03
2.502689733606223399e+03
2.502727500441803841e+03
2.504104706601415728e+03
2.504159173511687641e+03
2.504457874847641506e+03
2.504461408196778393e+03
2.504684909196395893e+03
2.507511821839879758e+03
2.507531555261471112e+03
2.507536188615527408e+03
2.507746522889589869e+03
2.507750756241856834e+03
2.507759589614697688e+03
2.507768189653161699e+03
2.507820623221006372e+03
2.507824689905861760e+03
2.507831189934933263e+03
2.507841489981000450e+03
2.507906323604305271e+03
2.508213091643004191e+03
2.508268858559090859e+03
2.508356958953123467e+03
2.508363792317019488e+03
2.508370825681809947e+03
2.508376725708198137e+03
2.508501259598514025e+03
2.508511792978958965e+03
2.508558293186932588e+03
2.508567659895492397e+03
2.508576159933509189e+03
2.508677360386132477e+03
2.508687093762998757e+03
2.508696927140311800e+03
2.508716593894939251e+03
2.509127862401021503e+03
2.509938466026479546e+03
2.510341967831158399e+03
2.510351934542401523e+03
2.510365001267509797e+03
2.510370901293897532e+03
2.510412101478167187e+03
2.510556835458829482e+03
2.510637969155036444e+03
2.510645002519826448e+03
2.510650269210048464e+03
2.510656969240015314e+03
2.510661902595412812e+03
2.512935046095474718e+03
2.512940346119179594e+03
2.512944512804481747e+03
2.513087346776645973e+03
2.513322581162074584e+03
2.514685687258623147e+03
2.514698120647565247e+03
2.516537095539123584e+03
2.517198365163345898e+03
2.522649322876313818e+03
2.522705856462495831e+03
2.523136925057134704e+03
2.523391092860577373e+03
2.523405359591052274e+03
2.523486059951987954e+03
2.523576560356755181e+03
2.523591693757773101e+03
2.523594593770743359e+03
2.523597793785055728e+03
2.523724394351282172e+03
2.523748894460859901e+03
2.523930028604323070e+03
2.523937928639656093e+03
2.524063062532656204e+03
2.524067295884923169e+03
2.524069729229139739e+03
2.524075129253291834e+03
2.524084495961851189e+03
2.524088829314565828e+03
2.524174029695628178e+03
2.524213429871846984e+03
2.525031566864332035e+03
2.525495702273530242e+03
2.528755150184879312e+03
2.528758316865709276e+03
2.530305823786998189e+03
2.530838192834707115e+03
2.531382361935192421e+03
2.531543829324029048e+03
2.531922797685647311e+03
2.531928264376763764e+03
2.531939097758549906e+03
2.531941564436248882e+03
2.531969464561033419e+03
2.531973831247230009e+03
2.531980597944161218e+03
2.531987131306715128e+03
2.541915742379506355e+03
2.543737150525829747e+03
2.546573363210908610e+03
2.551110216835507799e+03
2.551349551239274206e+03
2.558819151314036844e+03
2.563457605393047743e+03
2.563957074293609821e+03
2.563957874297188027e+03
2.563964240992329906e+03
2.564136075094198532e+03
2.564143575127742679e+03
2.564822478164164750e+03
2.564835611556237836e+03
2.564855444978276864e+03
2.565747582301731200e+03
2.566650019671253631e+03
2.567741491219571344e+03
2.567754091275925930e+03
2.567772358024291407e+03
2.568093126125606886e+03
2.568096292806436395e+03
2.568098592816723340e+03
2.568107659523941038e+03
2.568114292886942621e+03
2.568128526283935116e+03
2.572418145469434876e+03
2.573640250935352014e+03
2.574045052745845169e+03
2.574053252782519849e+03
2.574059252809355257e+03
2.576111661988840297e+03
2.577219866945333251e+03
2.577828969669570597e+03
2.577832903020495905e+03
2.577846403080875461e+03
2.577849736429117002e+03
2.577931736795866982e+03
2.577935936814651996e+03
2.578064137388033942e+03
2.578136737712742615e+03
2.578153204453057242e+03
2.578329671908982164e+03
2.578861240953112883e+03
2.579756878292221700e+03
2.580811683009879289e+03
2.580814116354095859e+03
2.580816816366171679e+03
2.580849116510635668e+03
2.580857149879898316e+03
2.580860883229929186e+03
2.580865716584880374e+03
2.581734787138500906e+03
2.581931721352630575e+03
2.582544590760381197e+03
2.582831425376593870e+03
2.582841058753013385e+03
2.582862825517032888e+03
2.582887058958750913e+03
2.582891892313701646e+03
2.582942559206977876e+03
2.583118493327183842e+03
2.583160726849408547e+03
2.583176060251321360e+03
2.583416027991253486e+03
2.583726462713019373e+03
2.583736729425604153e+03
2.584649800176017379e+03
2.585241402821984593e+03
2.585245269505945544e+03
2.585285069683953225e+03
2.585496737297311938e+03
2.585566404275567493e+03
2.585641937946727921e+03
2.585647304637397610e+03
2.585660104694646179e+03
2.585665138050491350e+03
2.585679504781413925e+03
2.585684271469399846e+03
2.585695538186457270e+03
2.585698804867734452e+03
2.585721204967919675e+03
2.585827505443353402e+03
2.585908639139560364e+03
2.586083973257082562e+03
2.586092239960722509e+03
2.586549808673884399e+03
2.591679631617229461e+03
2.591681564959209936e+03
2.594574144563059235e+03
2.594581211261331646e+03
2.594600911349441049e+03
2.594674478345139505e+03
2.594678078361240750e+03
2.599534966750541571e+03
2.599580000285289316e+03
2.600316336911918825e+03
2.600319570259713601e+03
2.600373670501678589e+03
2.600590838139637071e+03
2.600854539319051128e+03
2.600858239335600047e+03
2.603156882949712326e+03
2.603166849660954995e+03
2.603175149698077348e+03
2.603183583069129327e+03
2.603191083102673929e+03
2.603193483113407638e+03
2.603392817338271925e+03
2.604545355826381183e+03
2.606430230923229828e+03
2.608020371368532324e+03
2.608028871406549115e+03
2.608402873079286564e+03
2.608515073581108027e+03
2.609000709086466941e+03
2.610476149018766137e+03
2.610619549660131270e+03
2.610622849674890858e+03
2.610627183027605497e+03
2.610651383135841115e+03
2.610695183331739372e+03
2.615755205962900163e+03
2.615827772954125976e+03
2.615831106302367971e+03
2.615842273018978176e+03
2.618592385318969264e+03
2.619557456301955881e+03
2.619635989986534241e+03
2.620025558395561802e+03
2.620337693124930865e+03
2.620347559835726770e+03
2.620355093202753324e+03
2.620970629289097360e+03
2.620979562662385433e+03
2.621019029505569506e+03
2.621021529516750888e+03
2.621145463404383463e+03
2.622702770369503469e+03
2.622720003779913895e+03
2.622759937291851202e+03
2.623527107389718367e+03
2.625227348327449363e+03
2.631221975138666039e+03
2.632912449366049259e+03
2.632937449477863083e+03
2.632955249557474872e+03
2.632969716288844666e+03
2.632988083037657361e+03
2.633020516516050520e+03
2.633027216546016916e+03
2.633030349893364473e+03
2.633033183239369464e+03
2.633041383276045053e+03
2.633060850029777157e+03
2.633061683366837315e+03
2.633075550095523795e+03
2.633349584654488353e+03
2.641106652681629839e+03
2.641115119386164224e+03
2.641132586130951495e+03
2.641169752963848168e+03
2.641175086321035451e+03
2.641179486340714448e+03
2.642866960554679736e+03
2.642889027320040896e+03
2.643452629840776353e+03
2.643455063184992923e+03
2.643459063202883044e+03
2.648225717855277253e+03
2.648385951905263482e+03
2.648467118934953305e+03
2.648487885694500164e+03
2.648499619080311732e+03
2.648509085789318306e+03
2.650054859369521637e+03
2.652313202803389231e+03
2.652340002923253905e+03
2.653556975032879109e+03
2.659950803629542406e+03
2.660050437408491689e+03
2.660054670760759109e+03
2.660062537462610180e+03
2.665695462656100972e+03
2.665716096081718206e+03
2.674865537002971905e+03
2.675795174494147886e+03
2.676482777569480731e+03
2.676485210913697301e+03
2.676491244274015116e+03
2.676499444310690251e+03
2.676505577671455285e+03
2.676958713031455318e+03
2.676964413056948615e+03
2.677472848664281173e+03
2.677477248683961079e+03
2.678152518370799044e+03
2.683002940064511222e+03
2.683014140114603833e+03
2.683300941397334554e+03
2.688279963666218009e+03
2.688600798434497847e+03
2.688613865159606121e+03
2.688653298669307333e+03
2.689361001834539366e+03
2.689370201875686689e+03
2.689432135486020798e+03
2.691213510119959210e+03
2.691242976918417753e+03
2.691300677176483987e+03
2.691738079132782332e+03
2.692029080434298066e+03
2.692046913847391806e+03
2.692049913860809738e+03
2.693732788054200682e+03
2.693736088068960271e+03
2.693742954766338244e+03
2.694337790760100688e+03
2.694347390803036888e+03
2.700905120132753382e+03
2.700905620134989476e+03
