6.747837069332307536e+00
6.750937083197246835e+00
6.754403765368794055e+00
1.497307385704467286e+01
5.080340077633320561e+01
6.117458049519758845e+01
1.933957385264724564e+02
2.282924946036600602e+02
2.950827933260387113e+02
3.074878821416457981e+02
3.311871881377739442e+02
3.416231014794954604e+02
3.422286708545962597e+02
3.823228168439922570e+02
3.904028529822886640e+02
3.933308327444661359e+02
4.041866812976986694e+02
4.042002813585255012e+02
4.199912853177783632e+02
4.351341530448817707e+02
4.934343137947665241e+02
5.074350764137574856e+02
5.123362650011931692e+02
5.238078496416641201e+02
5.650169339510014197e+02
5.661906725339291597e+02
5.696553213630479604e+02
5.706692592312604120e+02
5.712056949638248398e+02
5.717691308171483797e+02
5.721301657652254562e+02
5.731704037510662602e+02
5.737919398642455917e+02
5.744944430062199672e+02
5.793877648918049772e+02
5.795095987700452724e+02
5.795367988916989361e+02
5.802347353465820561e+02
5.802385686970601455e+02
5.809462718622919510e+02
5.831656151217299566e+02
5.833363825521610124e+02
5.841836196747974554e+02
5.886666063918080454e+02
5.887060065680269645e+02
5.900780127043813081e+02
5.928427250696718147e+02
5.952504025047755931e+02
5.954605367779431617e+02
5.954758035128909341e+02
6.026598023102899333e+02
6.115274753046581964e+02
6.115318419908550140e+02
6.116439758257115500e+02
6.117332095581465410e+02
6.118186766070681415e+02
6.131838160460441713e+02
6.214593197252439722e+02
6.214687531007683674e+02
6.286264517805390142e+02
6.318933663919500532e+02
6.339542422759694773e+02
6.463733644876748485e+02
6.463800311841586108e+02
6.463991979365493989e+02
6.488881424017898780e+02
6.503640490028433305e+02
6.512681863799685971e+02
6.513372200220577497e+02
6.555802723326182786e+02
6.558314401226433574e+02
6.660904193396863775e+02
6.673174248275192895e+02
6.730383837480783313e+02
6.747917582567852151e+02
6.748044249801042724e+02
6.748864253468543666e+02
6.750203926126951046e+02
6.757370291512150970e+02
6.843681677543402202e+02
6.852427049990776595e+02
6.883689523146815645e+02
6.951120158066457861e+02
7.153281062239478842e+02
7.359250983448486068e+02
7.359361983944941130e+02
7.359618985094388108e+02
7.370646367748148577e+02
7.381463749462669739e+02
7.407318198431096334e+02
7.435507324508131433e+02
7.524585722914960115e+02
7.619772148640192881e+02
7.623178830543384947e+02
7.726288291704723861e+02
7.730982312698926080e+02
7.732457319295955358e+02
7.758629769686657482e+02
7.769354150985229808e+02
7.809949332548862913e+02
7.810100666559043248e+02
7.866371584899724212e+02
7.982128102625545125e+02
8.142021151087163844e+02
8.142061151266066190e+02
8.142109818150397587e+02
8.322599292063715666e+02
8.827475216808876439e+02
1.004737367285527057e+03
1.004793467536437674e+03
1.009305987718871279e+03
1.045792284238677667e+03
1.073900376619952112e+03
1.076315820756459516e+03
1.086603300100970500e+03
1.146550168215822168e+03
1.146564168278438046e+03
1.147145637545750105e+03
1.147165237633412517e+03
1.147173037668298321e+03
1.149946116737675993e+03
1.150102050768430900e+03
1.150173384420806769e+03
1.150637686497417235e+03
1.152093959677325984e+03
1.152348460815592944e+03
1.152481261409549006e+03
1.153996968188610481e+03
1.153998234860942375e+03
1.154097668638997220e+03
1.154119302069087098e+03
1.156150111151964666e+03
1.159774094027045066e+03
1.160320229802993254e+03
1.160344729912570983e+03
1.160893099031841302e+03
1.161967770505020553e+03
1.161972503859524295e+03
1.162580173244017260e+03
1.162585339933792284e+03
1.162656873587062819e+03
1.167995530797761603e+03
1.169395937061136692e+03
1.169830172336605301e+03
1.170405308242257888e+03
1.170561575607836630e+03
1.176160367315331314e+03
1.176161133985427114e+03
1.177135238342149023e+03
1.177196905284623654e+03
1.187143383103991255e+03
1.187180283269028905e+03
1.188563456121993340e+03
1.190026796000174954e+03
1.190063462830835306e+03
1.192051305054875456e+03
1.192206439082052157e+03
1.192993309268028270e+03
1.193113409805182982e+03
1.197434095796297015e+03
1.197435095800769432e+03
1.197440929160192582e+03
1.198028965123541184e+03
1.198050331885771584e+03
1.198316533076367477e+03
1.198842168760628283e+03
1.198849935462031681e+03
1.198912569075496322e+03
1.203050554249473180e+03
1.203624890151547788e+03
1.204922395954696185e+03
1.205156263667345911e+03
1.210352786909011456e+03
1.210356553592524733e+03
1.211109423626433909e+03
1.214696573003441472e+03
1.214716673093339750e+03
1.214791106759580998e+03
1.214865573759304425e+03
1.214913907308811531e+03
1.216583748110576835e+03
1.217619119407984726e+03
1.217750819997020926e+03
1.217755220016700150e+03
1.217895920645989690e+03
1.218031454585504207e+03
1.218359756053846013e+03
1.219083825958945454e+03
1.220743866716879893e+03
1.220971001066081044e+03
1.220983767789847434e+03
1.221187168699566428e+03
1.221446936528055403e+03
1.222125672897065442e+03
1.222142939640958048e+03
1.222208339933463776e+03
1.222251140124889389e+03
1.223301511489385348e+03
1.225937756613434431e+03
1.226063423842152815e+03
1.228035532662491278e+03
1.228235433556556245e+03
1.232131017646384180e+03
1.232399952182538527e+03
1.235362632099913753e+03
1.235397332255111678e+03
1.235624299936900798e+03
1.236104802085966412e+03
1.236155702313619713e+03
1.238513012856788919e+03
1.238550679691922142e+03
1.238738947200622988e+03
1.238744747226563959e+03
1.240853389990889355e+03
1.241089424379896172e+03
1.242941099328255859e+03
1.242950299369403410e+03
1.243169467016306498e+03
1.243568168799516798e+03
1.243942770474938243e+03
1.243990170686937745e+03
1.245359076809427052e+03
1.245502244116415341e+03
1.246106113483912850e+03
1.246126746909529857e+03
1.246466681763236011e+03
1.249035559919316711e+03
1.249151760439028294e+03
1.249276060994967793e+03
1.249537028828823850e+03
1.252821410185022387e+03
1.252850343647761747e+03
1.253050077874414683e+03
1.253099944764112934e+03
1.254460850850821998e+03
1.257216296508000141e+03
1.257899766231513240e+03
1.258603502712337331e+03
1.258856937179166835e+03
1.259755074529456806e+03
1.260566278157598390e+03
1.260571111512549351e+03
1.260928846445866839e+03
1.261796450326261265e+03
1.261841617194938408e+03
1.262048018118075106e+03
1.262280719158840157e+03
1.262543753668606314e+03
1.264358361784516319e+03
1.264439328813311249e+03
1.264444328835674241e+03
1.264455362218354594e+03
1.264513362477763167e+03
1.264516029156356808e+03
1.264659563131651794e+03
1.268264445921306105e+03
1.268343846276427485e+03
1.270824024035792036e+03
1.271502927072213879e+03
1.271505327082948043e+03
1.271519560479940992e+03
1.272539365041059227e+03
1.274087671965925892e+03
1.274652174490686775e+03
1.277743788318057796e+03
1.279280328523630942e+03
1.279365162236386595e+03
1.279645130155221295e+03
1.280665801386882322e+03
1.281009536257584159e+03
1.285473722890510544e+03
1.285479656250380913e+03
1.288358035790719441e+03
1.288441169495871918e+03
1.290407911625540692e+03
1.290670146131728870e+03
1.290695846246673455e+03
1.290709012972229175e+03
1.290715012999064356e+03
1.292294920065264023e+03
1.292316453494906682e+03
1.292544987850369353e+03
1.292552254549536656e+03
1.294144428337266618e+03
1.294347829246985611e+03
1.295814135805102524e+03
1.295938669695418639e+03
1.296530672343175183e+03
1.296663639604543278e+03
1.297608877165490867e+03
1.297759811173882781e+03
1.297763477856948839e+03
1.297983078839123209e+03
1.300733424473491368e+03
1.300735724483778540e+03
1.300743857853488635e+03
1.300748524541027109e+03
1.300825791553273802e+03
1.300968658858920207e+03
1.301003725682425056e+03
1.302596599473285551e+03
1.302601899496990200e+03
1.302605166178267154e+03
1.302733666752991439e+03
1.305454312254524439e+03
1.305596612890969936e+03
1.309793864996687262e+03
1.309796365007868644e+03
1.309798231682883852e+03
1.309798565017708142e+03
1.309800898361477493e+03
1.309801265029784190e+03
1.310046932795210068e+03
1.310055999502427994e+03
1.310618902020032692e+03
1.310629302066547552e+03
1.310631568743351863e+03
1.310985470326191262e+03
1.313167713419697293e+03
1.313554115147895118e+03
1.314392452230725667e+03
1.314626853279094121e+03
1.314638386664011023e+03
1.316748296100668540e+03
1.316995097204496687e+03
1.317448699233250636e+03
1.318331069846356286e+03
1.323139458018738424e+03
1.325213367294383488e+03
1.326888541453335847e+03
1.326942441694407080e+03
1.328022913193527302e+03
1.329962055199753422e+03
1.329974888590484852e+03
1.331628329318900342e+03
1.331800696756487469e+03
1.331807030118146940e+03
1.331939897379068043e+03
1.331948130749225584e+03
1.331966130829731583e+03
1.331968864175289809e+03
1.331969864179762453e+03
1.332290732281524924e+03
1.334192640787889559e+03
1.337224287680389352e+03
1.346754096969522834e+03
1.351216983596634918e+03
1.352383955482631563e+03
1.352769657207698629e+03
1.353341926433863136e+03
1.353596660906506941e+03
1.357097509897532518e+03
1.358839717689629197e+03
1.359704854892324420e+03
1.359813222043667565e+03
1.359857055573048228e+03
1.360445424871220894e+03
1.360445891539974582e+03
1.360447024878377078e+03
1.360451191563679231e+03
1.361481462838276911e+03
1.361719497236229245e+03
1.362366000127739881e+03
1.363029703096178991e+03
1.365692948340987186e+03
1.365713115097850277e+03
1.365751648603526291e+03
1.366347184600419268e+03
1.374189053006834001e+03
1.374753755532489322e+03
1.374755955542329048e+03
1.375030223435670223e+03
1.375135723907525517e+03
1.376095028198053797e+03
1.380886849629673634e+03
1.381635586311762836e+03
1.384827067252460211e+03
1.384851100693284025e+03
1.384897967569564798e+03
1.385057901618209826e+03
1.386093372916064709e+03
1.387755380349461802e+03
1.388003548126069063e+03
1.390954761325492427e+03
1.391268662729429479e+03
1.394075675283909504e+03
1.394142408915711712e+03
1.398778829652295371e+03
1.400549670905789753e+03
1.400817605437471457e+03
1.400839305534525920e+03
1.400894672448823485e+03
1.402233211768829506e+03
1.407514402055838445e+03
1.408001404233976018e+03
1.408319038987943941e+03
1.409725911946908127e+03
1.412812359084504124e+03
1.413867097135197127e+03
1.415062335814285007e+03
1.417465346561850083e+03
1.417574613717218654e+03
1.421328797174626288e+03
1.421525964723133256e+03
1.425473349044639690e+03
1.425969584597406993e+03
1.430698839082527229e+03
1.430729005884116077e+03
1.431296141753987968e+03
1.431701543567164435e+03
1.431829477472687358e+03
1.431840310854473728e+03
1.431863344290824898e+03
1.431875444344942935e+03
1.435818895315524287e+03
1.436912000204481046e+03
1.441500887395135805e+03
1.443494496311634293e+03
1.445516238687294162e+03
1.445771039826903007e+03
1.447324646775474321e+03
1.447902416026237688e+03
1.447968949657145686e+03
1.450765162163321975e+03
1.451466465299929268e+03
1.451558332377475153e+03
1.451564899073511697e+03
1.451677132908815565e+03
1.453775008958319631e+03
1.453795775717866718e+03
1.454922814091925829e+03
1.454927614113394156e+03
1.456652588495080181e+03
1.458922298646452873e+03
1.459897403007647426e+03
1.464032454835171620e+03
1.465766729258452415e+03
1.467900672135933746e+03
1.468148739912093788e+03
1.474010499462389589e+03
1.474219533730637295e+03
1.474447068081627549e+03
1.478674886990722598e+03
1.478717553848218586e+03
1.478778220786220800e+03
1.478845287752847071e+03
1.478931088136592962e+03
1.478932288141960044e+03
1.479453490473058991e+03
1.480965530569054408e+03
1.484551213272835639e+03
1.484556213295198177e+03
1.484577080055192482e+03
1.484800014385608620e+03
1.486657289359014840e+03
1.486662422715307230e+03
1.487524526571102342e+03
1.487533393277425830e+03
1.487858228063596243e+03
1.488341530225185124e+03
1.491910046185520741e+03
1.492029446719544467e+03
1.492627816062442889e+03
1.493220852048154256e+03
1.496493700019435892e+03
1.496510533428056988e+03
1.496511233431187975e+03
1.497100102731596962e+03
1.498060140358738181e+03
1.498063173705638519e+03
1.499037611397184719e+03
1.499329012700489102e+03
1.500638518557308316e+03
1.501727123426138633e+03
1.503807066062101740e+03
1.504408368751453054e+03
1.506702712346333101e+03
1.507788150534333681e+03
1.513119441045417943e+03
1.513278941758791461e+03
1.513283975114636860e+03
1.513747877189457995e+03
1.518332931029634665e+03
1.519353402260401253e+03
1.529196246282928996e+03
1.533146397283476290e+03
1.536384345098665335e+03
1.545423252192218570e+03
1.548752767083612071e+03
1.548965668035820272e+03
1.554406359036202957e+03
1.554426625793513495e+03
1.554458259268328902e+03
1.554752327250226699e+03
1.555725498269441232e+03
1.557596206636261741e+03
1.559139480205283462e+03
1.559146413569626475e+03
1.559367581225474623e+03
1.561111089023385603e+03
1.561115455709582420e+03
1.561332223345751345e+03
1.561575657767855091e+03
1.561904525905398259e+03
1.564314136682482285e+03
1.566678713924818567e+03
1.569069557951301022e+03
1.570665998424780355e+03
1.570983666512230684e+03
1.582874986363318158e+03
1.583147920917362853e+03
1.584183892217453831e+03
1.584569727276450521e+03
1.585741065848644212e+03
1.586618803107693793e+03
1.588788446144845466e+03
1.588794279504268843e+03
1.590395753333593575e+03
1.591214623662691793e+03
1.592797097407037882e+03
1.592815064154061474e+03
1.592941364718946033e+03
1.593058598576612440e+03
1.594589305422762209e+03
1.594628972266840719e+03
1.595158574635509012e+03
1.599152725832849228e+03
1.599173959261150003e+03
1.599736395110000785e+03
1.599892362474238098e+03
1.600067029922112170e+03
1.603318777799022655e+03
1.603420744921741516e+03
1.603452745064863393e+03
1.604469149610775048e+03
1.604826017873549517e+03
1.607150961605290149e+03
1.607159028308035431e+03
1.609597839215718295e+03
1.609599005887602971e+03
1.609599339222427261e+03
1.610526243368044334e+03
1.611201513054882525e+03
1.612584219239093500e+03
1.612590585934235378e+03
1.612598085967779525e+03
1.612934820807173537e+03
1.612935220808962413e+03
1.612945520855029827e+03
1.613379522796121591e+03
1.613469456531687229e+03
1.613950492016471799e+03
1.615406598528968289e+03
1.616060401453129089e+03
1.620018285821597374e+03
1.620286853689445252e+03
1.622313796088362324e+03
1.622885431978360884e+03
1.626353914157957888e+03
1.626375714255459570e+03
1.626660615529692450e+03
1.626710649086802960e+03
1.626788749436109811e+03
1.631690304691852361e+03
1.638238667313008818e+03
1.638814369887862313e+03
1.640418210394438802e+03
1.640911579267718480e+03
1.642047417681136039e+03
1.642163384866470778e+03
1.642641620338732082e+03
1.643370423598334582e+03
1.643375223619803137e+03
1.643826725639164579e+03
1.647243574254494888e+03
1.649365717079200067e+03
1.649598384786482484e+03
1.651142858360871287e+03
1.651366559361383224e+03
1.651583526998446587e+03
1.652511331148089312e+03
1.652515764501250942e+03
1.663934648906018083e+03
1.666159592190502281e+03
1.667031696091023150e+03
1.667142996588819187e+03
1.678939982684661572e+03
1.678950082729834548e+03
1.678965682799606384e+03
1.683006367538403083e+03
1.690293966799159534e+03
1.692361142711356024e+03
1.695269889054177838e+03
1.695652090763590877e+03
1.696726928904182387e+03
1.696773095777332173e+03
1.696776495792538981e+03
1.696780329143017070e+03
1.696785662500204353e+03
1.696791195858285619e+03
1.697840100549555245e+03
1.699813442708743196e+03
1.711512961701993390e+03
1.714894043490688546e+03
1.714897143504553469e+03
1.717947557147654834e+03
1.721162638193904741e+03
1.724770220995635100e+03
1.724774854349691168e+03
1.724777287693907738e+03
1.725630458176414777e+03
1.725681358404068078e+03
1.727791434508137627e+03
1.728470237544112479e+03
1.728728405365445269e+03
1.731679785232280665e+03
1.735280134668325900e+03
1.738160747551986333e+03
1.739110651800472624e+03
1.740808592727917130e+03
1.746319584042720862e+03
1.808982497638531868e+03
1.819488244625920515e+03
1.839933369400921720e+03
1.888826254743044046e+03
1.889204389767601924e+03
1.897682427685977700e+03
1.908172374602700074e+03
1.925519252187328902e+03
1.925585485816894789e+03
1.939279280396291824e+03
1.948294820718669598e+03
1.949808460821820972e+03
1.952722373854417583e+03
1.955888221347135186e+03
1.955899388063745619e+03
1.956245256277321914e+03
1.976358679568774278e+03
1.997903709263145856e+03
2.045085120283961714e+03
2.103786849496545074e+03
2.106983363793087392e+03
2.108290369638725224e+03
2.109028139605098659e+03
2.127410521821064776e+03
2.128633160622700871e+03
2.128635927301741503e+03
2.133630382972984535e+03
2.136647496467149722e+03
2.136653863162292055e+03
2.137524967058340280e+03
2.139224641326870824e+03
2.141890419916342580e+03
2.141895619939599783e+03
2.141899086621771403e+03
2.228920009159786787e+03
2.229048809735852501e+03
2.229714012711000123e+03
2.229719379401669812e+03
2.229736012809396470e+03
2.232377024621431246e+03
2.232660359221990348e+03
2.232668225923841419e+03
2.234374033553136996e+03
2.250488338958368786e+03
2.250753506811009629e+03
2.255585695089838282e+03
2.255595861801976298e+03
2.255602228497118176e+03
2.255603961838204214e+03
2.255620261911106809e+03
2.255755162514455151e+03
2.256838400692616233e+03
2.282768816667476131e+03
2.299164523331287000e+03
2.300616529825445923e+03
2.317451638454500426e+03
2.321136488268477478e+03
2.322407960621857001e+03
2.322480227611740702e+03
2.325541607970557834e+03
2.325546407992025706e+03
2.325871209444714168e+03
2.328008519003919446e+03
2.368131131787301001e+03
2.396080956794051417e+03
2.397328895708843447e+03
2.403444989729993722e+03
2.469114216771666179e+03
2.469390084672163994e+03
2.484951720938893686e+03
2.490352711761715454e+03
2.490997714646517579e+03
2.497995645945055003e+03
2.520226145371884741e+03
2.525463702130407910e+03
2.525474935513983382e+03
2.546400529104567795e+03
2.551735286297823222e+03
2.552015120882728752e+03
2.552329022286665804e+03
2.557720613067445811e+03
2.558624250442334414e+03
2.560256024407177847e+03
2.566335251596773105e+03
2.569788867043211212e+03
2.574945823441246375e+03
2.576349163051073901e+03
2.576476563620878096e+03
2.577208466894346202e+03
2.582086255377123507e+03
2.582095522085236098e+03
2.582493890533622107e+03
2.583339060980348677e+03
2.584745400603594589e+03
2.585851272216317284e+03
2.585855105566795828e+03
2.585866805619124989e+03
2.589947557203788620e+03
2.613613696384910327e+03
2.613617329734493524e+03
2.616758610450668584e+03
2.641915089630730563e+03
2.653065739502474571e+03
2.662018579544422209e+03
2.692541949394792027e+03
2.692578616225452606e+03
