9.760383876406066861e+00
2.101906756466872750e+01
2.102453425578539736e+01
3.297695438014634561e+01
5.505405312088528547e+01
5.505731980216232557e+01
6.118644721493864580e+01
6.120921398343062947e+01
6.299732198081774470e+01
6.301585539704255012e+01
6.551683324943628861e+01
6.557566684590533157e+01
8.707429633274988134e+01
8.709136307574826219e+01
1.032030351358691718e+02
1.063846160322882355e+02
1.113210381106405436e+02
1.113245714597769336e+02
1.113443382148512200e+02
1.113995384617366113e+02
1.114059051568786032e+02
1.160540259457914374e+02
1.225212215372583557e+02
1.225244882185353958e+02
1.225305882458180093e+02
1.227079890392504211e+02
1.282191136879837927e+02
1.299778215538775896e+02
1.300178883997448906e+02
1.335003373084752809e+02
1.403955348141984985e+02
1.491454406151814283e+02
1.576218785264012467e+02
1.576414452805810242e+02
1.576843788059363476e+02
1.577165456164703983e+02
1.577202789665012972e+02
1.577972459774061065e+02
1.578100793681373091e+02
1.631543366038825695e+02
1.658954488636207429e+02
1.659760492241092038e+02
1.837009618328486624e+02
1.900430901982805665e+02
1.992641647732520482e+02
1.992749314880732641e+02
1.994449322484087190e+02
2.027604470771861713e+02
2.083414053715867453e+02
2.119586215497359944e+02
2.119948883786075271e+02
2.159693061543557349e+02
2.159956396054665504e+02
2.160185730413706153e+02
2.160491398447485665e+02
2.161042400911867105e+02
2.161257735208291990e+02
2.162260073024622500e+02
2.163752079697684394e+02
2.193129877757770316e+02
2.275507579528788256e+02
2.298176680917283363e+02
2.299346019480531993e+02
2.396771455219830500e+02
2.570743233315816951e+02
2.753746385138330197e+02
2.790570216501108689e+02
2.824099699796444725e+02
2.835913752635286187e+02
2.836074753355368330e+02
2.836362087973817552e+02
2.836450755037051863e+02
2.836538422095812848e+02
2.837183424980614745e+02
2.837250425280275863e+02
2.838520764295253684e+02
2.842912450603919297e+02
2.844743125458355166e+02
2.864505213845114326e+02
2.864749881606067561e+02
2.896858358545894703e+02
2.950679599263623913e+02
2.950848600019486980e+02
2.950998600690371063e+02
3.080927515136158377e+02
3.081274850022960550e+02
3.081672185133392077e+02
3.082097187034231069e+02
3.184805313067246857e+02
3.228194173792390984e+02
3.264312668667189996e+02
3.311786547662747466e+02
3.311877881404574282e+02
3.312115882469043981e+02
3.312286883233851995e+02
3.312392217038295712e+02
3.313355888015020128e+02
3.313408221582417355e+02
3.314139224851859922e+02
3.314526226582741515e+02
3.343264688450036033e+02
3.354398071577887208e+02
3.354434738408547787e+02
3.365849789462836270e+02
3.365892789655156889e+02
3.373151155451831755e+02
3.373361156391069358e+02
3.376743838186920925e+02
3.376809838482109853e+02
3.383924870304384740e+02
3.383994870617464130e+02
3.397499931019406176e+02
3.648644720941552464e+02
3.648698054513422449e+02
3.648879721992604459e+02
3.649015055931224083e+02
3.649216390165033204e+02
3.651921402263312189e+02
3.652019069366799044e+02
3.683171875365680989e+02
3.692547917300417453e+02
3.692594250840979839e+02
3.692634917689530312e+02
3.692939585718837066e+02
3.720493708955795000e+02
3.720666709729548529e+02
3.720779710234947970e+02
3.730513087101212477e+02
3.744626150222471779e+02
3.745385486951970506e+02
3.745605487935933979e+02
3.786253003066962606e+02
3.933107326545676870e+02
4.158664668693569411e+02
4.158923003182314346e+02
4.158976003419360268e+02
4.159149337527937291e+02
4.159192671055081973e+02
4.159370338516373522e+02
4.161360680751594714e+02
4.161482347962423773e+02
4.162556019431129926e+02
4.162889687590141534e+02
4.197251507941473392e+02
4.199514184728055852e+02
4.199938853294070213e+02
4.206336215239870171e+02
4.208798892920964931e+02
4.439642592045641436e+02
4.439742925827721365e+02
4.439820926176581679e+02
4.440184594469769763e+02
4.440294261626926868e+02
4.440697596764193804e+02
4.464465036398385678e+02
4.472181737578318348e+02
4.527369317740390784e+02
4.527880653360693373e+02
4.527975653785587156e+02
4.528025654009214804e+02
4.528785324073537595e+02
4.528817657551483649e+02
4.530051996405448449e+02
4.530207997103167941e+02
4.554986774593944006e+02
4.560075797354808742e+02
4.569678506969992782e+02
4.654997555229637669e+02
4.655592224555987855e+02
4.655663224873540003e+02
4.657300565529947107e+02
4.657970901861386892e+02
4.658067568960401559e+02
4.658859905837494466e+02
4.692486722901493863e+02
4.692575056629902974e+02
4.693562727713969593e+02
4.718195171216927406e+02
4.718252504806687853e+02
4.718304171704436385e+02
4.727295211917236770e+02
4.995117076428290375e+02
5.005297121958965931e+02
5.053068002282874431e+02
5.053311336704530845e+02
5.053347336865542729e+02
5.053397670423995010e+02
5.053539337724274674e+02
5.054116006970118633e+02
5.054323674565587226e+02
5.056026682182359195e+02
5.058512693301146896e+02
5.074944766794276347e+02
5.095352524735486099e+02
5.095424525057511005e+02
5.096019527718684685e+02
5.237993829371298489e+02
5.238225163739284653e+02
5.238952500325660822e+02
5.239067834174828704e+02
5.240043171870401011e+02
5.273471654714008992e+02
5.274585993031266753e+02
5.275571997441212488e+02
5.275809998505682188e+02
5.276984337091292900e+02
5.300352774940932932e+02
5.300449442039947598e+02
5.305269796932517465e+02
5.321394869052571721e+02
5.321575536527280974e+02
5.322168539179509708e+02
5.322212872711126010e+02
5.345408643121837713e+02
5.382847810570065121e+02
5.382879477378363617e+02
5.382935477628825538e+02
5.384160483107714299e+02
5.428539348260694624e+02
5.435007043854396898e+02
5.439464063788602743e+02
5.661870391843455081e+02
5.662307727132788386e+02
5.663219731211764838e+02
5.663535065955445589e+02
5.663670399894066350e+02
5.663725066805232018e+02
5.664029068164891214e+02
5.664228735724580019e+02
5.664959738994022018e+02
5.665199073397787970e+02
5.666042077168158357e+02
5.666974081336584277e+02
5.669881427673144572e+02
5.675132451158564209e+02
5.711454946945765414e+02
5.839520519724346741e+02
5.886718397485477681e+02
5.886752397637544618e+02
5.887036398907752073e+02
5.887120732618271859e+02
5.888203070792408198e+02
5.888364404847313835e+02
5.889618410455906314e+02
5.889718410903162749e+02
6.216811540507404743e+02
6.341134763214836312e+02
6.673129914743575455e+02
6.673237248556964687e+02
6.673367249138395891e+02
6.673878918093524817e+02
6.675116923630555448e+02
6.675306924480341877e+02
6.676456596288962828e+02
6.678754273232085552e+02
6.679363942625524260e+02
6.680191612993980925e+02
6.681957287557700056e+02
6.696302018381769585e+02
6.700074701921919313e+02
6.707594735555580883e+02
6.720252792169263785e+02
6.761379976112298209e+02
6.854000390360939718e+02
6.854230391389627357e+02
6.854591726339047000e+02
6.854917061127453053e+02
6.856251733763498351e+02
6.856363734264425602e+02
6.856529735006871533e+02
6.951183491683053717e+02
6.951467826288085234e+02
6.951528159891262248e+02
6.951599826878464228e+02
6.951669160521893218e+02
6.952377830358116171e+02
6.952758832062161218e+02
6.953227500824968956e+02
6.955747178760999532e+02
7.039510553396164596e+02
7.039811221407580888e+02
7.039981222167915575e+02
7.040281556844508941e+02
7.040714892115951216e+02
7.040888559559352871e+02
7.041283227991191325e+02
7.041974897751380240e+02
7.043550571465311805e+02
7.043680238711921220e+02
7.045707247777802422e+02
7.066147339196958228e+02
7.094761800509655814e+02
7.098917152427972042e+02
7.157837082616468933e+02
7.230590074673906429e+02
7.230842742470640587e+02
7.231050743400933243e+02
7.231278744420678777e+02
7.231671412843570579e+02
7.231990747605141223e+02
7.248320487307246367e+02
7.295355364339349080e+02
7.449392386609647474e+02
7.481324862762303383e+02
7.481577863893860467e+02
7.481652530894479014e+02
7.482573535013708579e+02
7.483528205950181018e+02
7.490028901691478040e+02
7.490580237490684112e+02
7.493845918763245209e+02
7.654461970458525002e+02
7.654524304070647531e+02
7.654912305806002450e+02
7.655101973320964817e+02
7.655580308793672657e+02
7.655759642929086795e+02
7.656382979050315498e+02
7.656737313968426406e+02
7.663815678960040714e+02
7.663937012836045142e+02
7.683152765445961450e+02
7.683261432598645797e+02
7.690577465319905741e+02
7.704327526817626222e+02
7.718556923792526732e+02
7.730678644674092084e+02
7.789076905862734748e+02
7.789377907208976239e+02
7.789434240794264497e+02
7.790144243969782565e+02
7.791327249260823464e+02
7.791916251895161167e+02
7.817788367609271063e+02
7.830184756385966693e+02
8.095677943815248909e+02
8.096006278617073804e+02
8.096278613168434504e+02
8.098452622891783221e+02
8.135444455005952022e+02
8.135526788707526293e+02
8.221333172480133271e+02
8.221396172761905063e+02
8.221438506284575851e+02
8.221744507653179426e+02
8.254135319189092570e+02
8.254420987133421477e+02
8.254487654098259100e+02
8.254522654254799363e+02
8.254721988479661832e+02
8.255091323464861262e+02
8.255607659107527070e+02
8.256238328594889708e+02
8.271088395012427554e+02
8.272651402003041312e+02
8.278298093924771592e+02
8.279545432836879399e+02
8.279642766605542192e+02
8.279796433959492106e+02
8.323274295082694607e+02
8.336093019081635020e+02
8.336133352595362567e+02
8.336381020369733506e+02
8.336753355368350640e+02
8.340701373026022338e+02
8.342202046404513567e+02
8.383468230969234583e+02
8.475450309029556593e+02
8.478658656712357242e+02
8.479674661256480022e+02
8.487411362525864433e+02
8.487501362928393291e+02
8.493885058146402116e+02
8.504151104061717206e+02
8.507217451109415833e+02
8.511700137825084767e+02
8.511775138160526240e+02
8.540860601579800004e+02
8.622712634333074675e+02
8.622958302098501235e+02
8.623033969103590834e+02
8.623495304500265775e+02
8.623660305238239516e+02
8.624359975034208219e+02
8.626129982950641306e+02
8.626173649812609483e+02
8.627727323428146065e+02
8.633862350867310624e+02
8.634096351913890430e+02
8.634162018874254727e+02
8.754258222676169225e+02
8.786362699598106474e+02
8.992426954562358787e+02
8.992483288147645908e+02
8.999069317603934905e+02
9.028483115825033565e+02
9.028679783371304666e+02
9.130967907525845249e+02
9.131249242117459062e+02
9.197783539694861474e+02
9.199696548250871047e+02
9.259399815276208301e+02
9.260343819498305038e+02
9.329862797091479933e+02
9.401817118910166755e+02
9.401929452745916933e+02
9.402485788567486225e+02
9.403249791984521835e+02
9.420250868022538953e+02
9.444050641134678017e+02
9.444096308005591709e+02
9.445264979899191076e+02
9.449112663774783414e+02
9.450203668654347666e+02
9.450259335569987797e+02
9.451376673900662126e+02
9.452051010249994079e+02
9.452474345476711051e+02
9.452526679044108278e+02
9.452797680256172725e+02
9.461616386364867139e+02
9.465514070464088263e+02
9.469603755422040194e+02
9.526563343509491233e+02
9.539905403182406189e+02
9.560270494266119385e+02
9.560729829653849947e+02
9.560800496636577464e+02
9.564879514880155966e+02
9.596889324712022926e+02
9.667450973635255878e+02
9.668692645855352339e+02
9.678759690880627886e+02
9.682217706346746127e+02
9.729441584224163080e+02
9.910500060682368257e+02
9.910640394643351101e+02
9.911391731337068904e+02
9.982769050575086567e+02
9.998436120646706513e+02
1.004802067574901798e+03
1.009934623863805768e+03
1.009964890665842063e+03
1.009999390820145322e+03
1.010003657505895035e+03
1.010023057592662553e+03
1.012679002804820925e+03
1.012684569496384938e+03
1.012699869564815117e+03
1.012711702951073789e+03
1.012759636498791906e+03
1.012813670073792650e+03
1.012819770101075278e+03
1.017102422588749278e+03
1.028846875116299771e+03
1.044340677746307620e+03
1.054007154313357887e+03
1.063600663887393694e+03
1.063995532320125676e+03
1.064019799095326562e+03
1.064028099132448688e+03
1.064098032778563265e+03
1.064217999981788353e+03
1.065783440316618226e+03
1.065792473690353972e+03
1.068930821060075914e+03
1.073193106789992044e+03
1.086605700111704891e+03
1.086622933522115090e+03
1.086627466875724167e+03
1.086642866944601565e+03
1.086650433645110525e+03
1.086754000774985570e+03
1.086918168175897790e+03
1.086924034868803346e+03
1.087151235884969310e+03
1.087174169320873489e+03
1.087222836205204658e+03
1.087583071149703756e+03
1.087715938410624858e+03
1.087899672565716855e+03
1.088008739720190761e+03
1.088656442617068933e+03
1.088693209448176731e+03
1.088722809580564672e+03
1.088748809696851140e+03
1.088795109903930779e+03
1.088859276857586792e+03
1.088935610532325654e+03
1.088984244083174644e+03
1.089441279460617579e+03
1.089510379769671545e+03
1.091073920096003576e+03
1.098493919948927214e+03
1.098988888829362622e+03
1.108451164483116145e+03
1.108480931282915890e+03
1.108498364694220982e+03
1.109247034709345371e+03
1.115554696253956308e+03
1.115558562937916804e+03
1.121146021261389023e+03
1.128553854393229585e+03
1.128982356309722263e+03
1.129022856490860931e+03
1.133097108046453286e+03
1.146678168788310131e+03
1.146769469196654882e+03
1.147167170975392537e+03
1.148386843097093333e+03
1.149307747215875224e+03
1.149964016817734773e+03
1.150006417007371510e+03
1.150049083864867498e+03
1.150073783975339666e+03
1.150083917353995048e+03
1.150108517464020224e+03
1.150116017497564371e+03
1.150192051170961349e+03
1.150350051877626129e+03
1.150526652667480448e+03
1.151454090148816249e+03
1.151497090341136300e+03
1.153162464456258022e+03
1.154002701547586412e+03
1.154138002152724084e+03
1.155984443744343935e+03
1.155995943795778203e+03
1.156009310522228134e+03
1.156378078838226429e+03
1.158227420442816765e+03
1.158810823052109072e+03
1.158827323125906332e+03
1.159875027811809105e+03
1.159994061677526133e+03
1.160045795242240047e+03
1.162498306211196905e+03
1.164015479663484712e+03
1.166140422500712930e+03
1.168055397732185611e+03
1.170405741577529170e+03
1.181499624528713866e+03
1.181586391583449540e+03
1.190034796035955424e+03
1.193117576490485362e+03
1.193634278801458095e+03
1.197920531305233226e+03
1.200451242623944381e+03
1.205165030373221953e+03
1.208295811042435162e+03
1.208871480283806250e+03
1.209490316384909647e+03
1.210353186910800559e+03
1.211193157334269927e+03
1.211690126223650395e+03
1.214396271660331422e+03
1.214715739755832146e+03
1.214848140347999333e+03
1.218023187881864487e+03
1.223015743544609904e+03
1.225936989943338631e+03
1.225948823329597417e+03
1.228739369143762588e+03
1.234576328583138775e+03
1.240120986715185381e+03
1.240135586780484800e+03
1.244609840125101528e+03
1.244617073490786424e+03
1.244621873512254524e+03
1.244692340494087830e+03
1.244706940559387249e+03
1.244711707247373170e+03
1.244727740652416514e+03
1.245012808594061426e+03
1.245385210259643145e+03
1.245431910468511887e+03
1.245454877237898472e+03
1.245473477321088012e+03
1.245500610775776977e+03
1.248057222210327382e+03
1.248406557106075525e+03
1.248643758166967018e+03
1.248694658394620546e+03
1.249162327152954958e+03
1.249266027616759857e+03
1.252463875252599109e+03
1.252469641945057674e+03
1.252728909771310100e+03
1.252801076760746810e+03
1.252817210166237601e+03
1.252996577635132780e+03
1.253995515436256710e+03
1.254009082163600851e+03
1.254124082677945580e+03
1.254430450714855851e+03
1.254692585220596811e+03
1.258612402752142998e+03
1.262052918139990879e+03
1.262143418544757651e+03
1.262553287044578155e+03
1.264439462147241102e+03
1.264688996596627703e+03
1.265177698782368225e+03
1.265186198820385243e+03
1.265201498888815195e+03
1.268160278788747746e+03
1.271502760404801847e+03
1.271507660426717393e+03
1.272536131693264451e+03
1.272610298691645994e+03
1.274071738561329767e+03
1.274400940033697225e+03
1.274450940257325101e+03
1.274559907411352015e+03
1.276090480923571931e+03
1.278467591555297759e+03
1.278575658705299247e+03
1.279374928946735281e+03
1.280755768455930365e+03
1.281742339535077235e+03
1.285427522683878124e+03
1.285583556715080249e+03
1.290409944967968386e+03
1.290543645565949646e+03
1.298228579937137283e+03
1.299584019332729213e+03
1.302708933309036638e+03
1.305071977211181775e+03
1.305454645589348502e+03
1.309157195482489669e+03
1.309803565040071135e+03
1.310044466117511092e+03
1.310618735352620661e+03
1.312007208229289972e+03
1.312921545652035093e+03
1.313835549739956377e+03
1.314393585569128163e+03
1.314931054639647300e+03
1.314986988223146000e+03
1.314990988241036121e+03
1.320132711237605463e+03
1.320796247538632315e+03
1.320811680940992119e+03
1.323092157807186140e+03
1.323494592940427310e+03
1.329960388525632652e+03
1.331385761567339159e+03
1.331388994915133935e+03
1.331954197443025578e+03
1.331974664201230553e+03
1.333669538448292769e+03
1.337447322011252709e+03
1.346758030320448370e+03
1.346864297462399236e+03
1.346896164271591488e+03
1.347687401143764419e+03
1.347860668585376970e+03
1.347872901973424632e+03
1.348420037753845463e+03
1.348503538127304182e+03
1.351441417933760022e+03
1.353347293124532598e+03
1.353463460310761775e+03
1.353816928558329892e+03
1.356985976065359409e+03
1.361485729524026738e+03
1.362230399521260779e+03
1.365655548173713214e+03
1.365723148476058441e+03
1.369188930643579624e+03
1.376113261612936640e+03
1.376116094958942313e+03
1.378516672362290819e+03
1.381092150547890242e+03
1.381163350866336714e+03
1.381579686061746543e+03
1.381723853373207476e+03
1.385065634986130817e+03
1.386199306723191285e+03
1.386233073540881605e+03
1.386249173612889763e+03
1.387759913703070652e+03
1.387764247055785063e+03
1.387999048105942620e+03
1.391479363671798183e+03
1.396056684144053634e+03
1.402237378454131658e+03
1.406156929317818822e+03
1.407310701144777795e+03
1.408342972428320309e+03
1.408343605764486256e+03
1.409473477484551040e+03
1.411187085148732422e+03
1.415170602965180933e+03
1.421298663706520074e+03
1.421590765012954989e+03
1.423682074366422739e+03
1.424127343024571928e+03
1.426500786973231925e+03
1.426905122114970709e+03
1.431803377355953444e+03
1.433140450002733132e+03
1.433167983459210973e+03
1.433323517488176776e+03
1.433894686709421421e+03
1.434078654198890263e+03
1.437013067323174710e+03
1.437511336218369479e+03
1.437515502903671859e+03
1.441274619716477673e+03
1.441800022066361407e+03
1.450638261595753875e+03
1.451459131933797153e+03
1.452657103958443258e+03
1.456909689644975742e+03
1.460697006583907751e+03
1.460727006718084567e+03
1.464089621757519581e+03
1.464783891529336415e+03
1.465798662734609479e+03
1.471245220427897948e+03
1.472061424078402524e+03
1.484237445202828212e+03
1.484554046618841085e+03
1.486164753822795774e+03
1.486214387378117408e+03
1.487564126748215813e+03
1.487718527438779347e+03
1.488339063547486148e+03
1.489534768895327943e+03
1.493216918697228721e+03
1.496511366765117600e+03
1.501298288174821892e+03
1.503691732212932948e+03
1.503694998894209903e+03
1.504395435360274405e+03
1.505725374641816416e+03
1.506637645388651663e+03
1.513745410511759246e+03
1.514195912526648044e+03
1.521352544534981234e+03
1.522345848977576679e+03
1.522633950266121474e+03
1.525687230588710918e+03
1.527532105506656990e+03
1.531541390105015125e+03
1.536638879570414929e+03
1.536654612974116390e+03
1.537501516761928542e+03
1.539862927323435088e+03
1.539929260953448420e+03
1.542847307337865232e+03
1.544517014805700910e+03
1.544534548217453221e+03
1.547577195159151188e+03
1.553496421633136833e+03
1.553619522183709250e+03
1.559128013487331373e+03
1.560018817471489001e+03
1.574151580680858160e+03
1.574206114258095113e+03
1.576383457329685598e+03
1.576437624238616081e+03
1.578656034160546369e+03
1.581161478699584222e+03
1.581165145382650280e+03
1.584163025457459753e+03
1.584165258800781885e+03
1.584189692243395029e+03
1.590493620437974869e+03
1.590534420620455421e+03
1.591214556995726753e+03
1.592860897692387198e+03
1.594367437763783528e+03
1.594388204523330160e+03
1.594515871760994060e+03
1.600641065822844894e+03
1.600780666447214344e+03
1.601214501720894077e+03
1.601615370180461468e+03
1.608624801530433615e+03
1.608646468294005672e+03
1.609021069969427344e+03
1.612599585974488491e+03
1.612920354075803743e+03
1.612925420765131548e+03
1.612951554215347642e+03
1.612992787733099703e+03
1.620002752418790351e+03
1.620009519115721332e+03
1.620016352479617353e+03
1.620161553129033109e+03
1.620169153163024703e+03
1.620395120840341178e+03
1.621097723982762773e+03
1.622323462798263790e+03
1.625441576744157601e+03
1.625843045206408533e+03
1.626366080879040737e+03
1.636988795056236540e+03
1.644943297299744245e+03
1.645756234268971866e+03
1.649502351023634219e+03
1.651224525392797204e+03
1.652509264472179439e+03
1.652515297832497026e+03
1.653361501617178646e+03
1.653369334985547084e+03
1.653495502216501791e+03
1.653539435746329673e+03
1.653550735796869503e+03
1.653555635818785049e+03
1.653759436730293146e+03
1.653778336814824570e+03
1.653854903823940504e+03
1.653870403893265120e+03
1.658529058062622198e+03
1.663719014608251200e+03
1.666231092510290409e+03
1.668607203137543593e+03
1.668610869820609651e+03
1.669900375587977805e+03
1.670170410129051788e+03
1.670175376817932147e+03
1.672021318407315903e+03
1.672025885094406931e+03
1.678927782630096544e+03
1.679127450189784668e+03
1.684047405527822093e+03
1.684131805905306237e+03
1.684537474386341955e+03
1.684542074406915617e+03
1.685807180065153261e+03
1.685856146950826314e+03
1.685878947052800640e+03
1.685884947079636049e+03
1.689927465159965550e+03
1.689935365195298800e+03
1.689968398676375955e+03
1.689975198706789342e+03
1.690016932226777499e+03
1.690062032428490056e+03
1.690108232635122476e+03
1.690215866449852456e+03
1.692019207848704809e+03
1.695343956052112389e+03
1.695888225153044914e+03
1.700538245950455803e+03
1.704000661436252585e+03
1.720676102684521311e+03
1.723777683223135455e+03
1.723783016580322283e+03
1.723831250129382170e+03
1.723837783491936307e+03
1.724781121044385827e+03
1.725774025485192169e+03
1.731660318478548106e+03
1.731670285189791457e+03
1.731849419324309565e+03
1.734032229087016731e+03
1.734111062772936975e+03
1.738839350587066747e+03
1.765915205018281085e+03
1.774870678405340186e+03
1.774921611966475893e+03
1.775010645698016333e+03
1.775034412470980897e+03
1.775295880307073276e+03
1.775498281212319853e+03
1.777264789113099596e+03
1.777280022514564735e+03
1.777391023011019115e+03
1.808957464193235410e+03
1.808979597625561155e+03
1.808998731044469650e+03
1.809057631307903648e+03
1.813333350431234521e+03
1.813451484292926352e+03
1.813458084322445302e+03
1.816473464475524679e+03
1.816953033287082690e+03
1.819479977922280568e+03
1.821490386913918201e+03
1.821515887027968574e+03
1.821520653715954495e+03
1.821847755178929219e+03
1.827532413937134379e+03
1.829608389888689771e+03
1.829627189972773749e+03
1.829659123448930814e+03
1.829671823505732391e+03
1.829699690297034294e+03
1.829721357060606579e+03
1.829747323843410641e+03
1.829824690856104553e+03
1.829835857572714758e+03
1.830356026565858883e+03
1.830370893299017553e+03
1.835232815044164226e+03
1.835259615164028673e+03
1.835284681942807765e+03
1.841008107541065783e+03
1.855281871381066139e+03
1.855286404734674989e+03
1.855291071422213690e+03
1.855320971555943288e+03
1.875198027123564543e+03
1.875225460579595165e+03
1.878767643088819796e+03
1.879771647579271530e+03
1.879774547592242016e+03
1.880738518570308770e+03
1.880744551930626585e+03
1.886992146539919077e+03
1.895445551014787497e+03
1.896213187781408124e+03
1.896275221392189451e+03
1.897662560930456266e+03
1.897674994319398365e+03
1.897722527865327493e+03
1.897750094655287739e+03
1.897803828228946713e+03
1.897808361582555790e+03
1.897831728353731251e+03
1.897899661990900540e+03
1.898112796277485813e+03
1.898975033467210551e+03
1.900366073022026058e+03
1.900493106923523783e+03
1.900877341975364288e+03
1.900972475734187356e+03
1.902885784291539039e+03
1.902890950981313836e+03
1.903192852331580298e+03
1.903578987391918645e+03
1.904376824293610753e+03
1.904380790978018695e+03
1.904920393391412517e+03
1.905050627307222385e+03
1.905111294245224599e+03
1.906212165835584983e+03
1.906550334014722921e+03
1.906562800737147427e+03
1.906568200761299295e+03
1.913628632339372189e+03
1.929278702334958780e+03
1.933512821272231122e+03
1.934274558012463558e+03
1.934278124695082397e+03
1.938652077591101261e+03
1.938856011836538983e+03
1.938863645204012755e+03
1.940172317723771584e+03
1.944131735432431469e+03
1.944136935455688672e+03
1.944458536894064537e+03
1.946222278115803419e+03
1.947443650245107619e+03
1.947900885623445220e+03
1.949273191761141334e+03
1.949844160981491541e+03
1.954271647450274713e+03
1.955902821412434605e+03
1.956707491678022507e+03
1.962054748927185301e+03
1.962078915701938968e+03
1.962109982507553241e+03
1.962144282660962062e+03
1.962260049845402136e+03
1.963468788584869571e+03
1.964039224469501050e+03
1.965075862439240836e+03
1.967146338366196687e+03
1.971584624883283823e+03
1.971714158795962931e+03
1.972366461713414765e+03
1.972370261730410448e+03
1.973664034183527974e+03
1.975683409881936086e+03
1.976616014053046911e+03
1.982055971716816430e+03
1.982955575740332506e+03
1.997879709155804449e+03
1.997898742574265498e+03
1.997924809357517006e+03
1.997936276075468868e+03
1.997960342849775316e+03
1.998064809983675559e+03
1.998069476671214034e+03
1.998113010199252813e+03
1.998141410326273672e+03
1.998169743786329491e+03
1.998304077720476926e+03
1.999769384274121421e+03
1.999835517903240088e+03
1.999871218062910657e+03
1.999885251459008714e+03
2.004201370763031036e+03
2.004233004237846671e+03
2.004243937620080033e+03
2.004258671019309077e+03
2.004481672016690254e+03
2.006160546192191305e+03
2.006896782818373367e+03
2.011709237675610439e+03
2.013289978078870718e+03
2.013346411664605512e+03
2.013407211936537351e+03
2.015067386028401415e+03
2.017246895776348993e+03
2.017254095808551483e+03
2.017270695882795962e+03
2.017289095965091292e+03
2.017296062662916711e+03
2.017411763180391972e+03
2.017416729869272331e+03
2.017486496847974877e+03
2.017706897833727226e+03
2.017732164613400755e+03
2.017829431715098735e+03
2.018849302943181556e+03
2.018866036351355660e+03
2.019105870757358389e+03
2.019109937442213322e+03
2.019348471842401750e+03
2.020061141696513914e+03
2.020773211547942537e+03
2.022981354757287818e+03
2.023711491356187480e+03
2.024144859961113070e+03
2.024849329778550100e+03
2.024853729798229324e+03
2.024868996533177324e+03
2.024873563220268579e+03
2.025376565469967090e+03
2.025781533947871822e+03
2.029105682148595861e+03
2.030352754392844872e+03
2.031864161152674342e+03
2.038329123400819071e+03
2.040680367250187828e+03
2.040694700647627997e+03
2.040721667434904703e+03
2.045134720505800715e+03
2.045233020945453745e+03
2.045240787646857143e+03
2.050151876278570853e+03
2.050178676398435528e+03
2.050297343595846542e+03
2.050300910278464926e+03
2.050591744912568629e+03
2.050756278981787091e+03
2.083819160190227194e+03
2.098038790454779246e+03
2.098048823832987182e+03
2.098099824061087929e+03
2.098105090751309945e+03
2.098113757456738767e+03
2.098122490829132403e+03
2.098163324345095589e+03
2.098187257785471957e+03
2.098210224554858542e+03
2.098235758002391321e+03
2.098261024782064851e+03
2.098375558627655209e+03
2.098411058786431568e+03
2.098439992249170700e+03
2.098666893263995007e+03
2.098684560009677170e+03
2.098697226732996114e+03
2.098815360594687718e+03
2.099126161984760074e+03
2.099550463882467739e+03
2.099694664527411078e+03
2.099732364696026707e+03
2.101703706846269597e+03
2.101793640581835461e+03
2.101966541355141089e+03
2.102121608715352977e+03
2.103756316026649074e+03
2.103760516045434088e+03
2.104187884623524042e+03
2.104561986296709620e+03
2.104565419645398379e+03
2.104759653847452682e+03
2.104801387367440384e+03
2.105587690884216045e+03
2.105979525970047689e+03
2.106607462111851873e+03
2.106785562908415159e+03
2.108970839348820846e+03
2.108993106115076444e+03
2.109015172880437603e+03
2.109274340706243038e+03
2.109791876354276610e+03
2.110026377403091828e+03
2.110380778988167549e+03
2.113563493222988654e+03
2.114652731427985145e+03
2.115283100914005900e+03
2.121972297498381067e+03
2.144440897990127723e+03
2.147700712569783718e+03
2.149190419232558270e+03
2.149205519300094238e+03
2.149215386010890143e+03
2.149319853144790613e+03
2.150967460513782498e+03
2.150985893929560461e+03
2.151025960775427393e+03
2.151084327703142662e+03
2.151152994676925118e+03
2.151159294705102184e+03
2.151164661395771418e+03
2.151260395157278253e+03
2.151330762138663886e+03
2.151429262579211354e+03
2.152890069112729179e+03
2.164980156519479351e+03
2.165001423281262760e+03
2.165190490793541358e+03
2.165195457482422171e+03
2.169770911279661959e+03
2.176380774175881015e+03
2.176394574237602228e+03
2.177161677668504126e+03
2.177168477698917741e+03
2.180526092715989762e+03
2.183049504002051435e+03
2.196239396327724990e+03
2.200329747955325274e+03
2.200393781575051435e+03
2.200709416320074070e+03
2.209571989291632690e+03
2.209599389414180678e+03
2.209604322769579085e+03
2.209765590157520364e+03
2.210311792600433819e+03
2.210349959437803136e+03
2.210472493319174191e+03
2.210515193510152585e+03
2.214461611160668781e+03
2.229055676433230474e+03
2.232587692230317771e+03
2.234350633448478675e+03
2.234378133571473882e+03
2.234417533747693142e+03
2.234425667117403009e+03
2.234538167620566583e+03
2.234731268484218162e+03
2.234843635653451656e+03
2.234852535693257323e+03
2.235163403750294037e+03
2.246580188145669126e+03
2.246584688165795342e+03
2.246589488187263669e+03
2.251918245353684597e+03
2.251924112046589926e+03
2.258150506561064049e+03
2.258209873493251962e+03
2.258216140187946166e+03
2.263924665719563563e+03
2.263961199216294517e+03
2.264197500273161040e+03
2.265492106063338724e+03
2.267084613185892977e+03
2.267091279882376512e+03
2.267110846636556744e+03
2.267151080149835707e+03
2.267162613534752836e+03
2.267171180239734440e+03
2.267182913625546007e+03
2.267225413815629508e+03
2.267231147174605212e+03
2.267373447811050937e+03
2.267638648997174187e+03
2.267740349452034025e+03
2.268249818397321178e+03
2.268351518852181016e+03
2.268767454045801514e+03
2.268778220760622844e+03
2.268944321503515312e+03
2.271166764776818582e+03
2.272160535888167487e+03
2.273243574065433677e+03
2.274439879415959240e+03
2.279989770904745455e+03
2.282779350047920616e+03
2.282856883728026332e+03
2.282940717436309569e+03
2.290231616711825154e+03
2.299229223620661742e+03
2.310827575494771281e+03
2.315733397436263203e+03
2.317459938491622324e+03
2.322481060948801314e+03
2.327574183728003391e+03
2.330000461246297164e+03
2.330022861346482387e+03
2.334950883387265094e+03
2.334992250238946781e+03
2.334999983606867772e+03
2.335019850362389661e+03
2.335059783874326968e+03
2.335153317625994077e+03
2.335157717645673074e+03
2.335171484373912335e+03
2.335213517895242148e+03
2.335220551260032607e+03
2.335308084984864308e+03
2.336259555907023696e+03
2.337611661954374085e+03
2.341510546058961609e+03
2.341519779433591793e+03
2.341579113032297300e+03
2.341693646877887659e+03
2.341700113573476756e+03
2.341789747307700964e+03
2.341797414008657142e+03
2.342645151133529907e+03
2.348562410932052899e+03
2.348566910952179569e+03
2.348665978061927945e+03
2.350130451278511373e+03
2.379808950683496732e+03
2.379841950831091253e+03
2.379863917596005194e+03
2.381727059262316743e+03
2.381735192632027065e+03
2.386680948085456748e+03
2.386714281567875332e+03
2.399808040130252721e+03
2.399828840223282441e+03
2.399869107070043810e+03
2.399881907127292834e+03
2.399906507237317783e+03
2.399910773923067154e+03
2.400024474431597810e+03
2.400127774893613150e+03
2.400230008684191489e+03
2.400306742360719454e+03
2.400361542605815430e+03
2.401022712229590979e+03
2.401335346961196137e+03
2.401883949414842846e+03
2.401887349430049653e+03
2.402185017428048923e+03
2.402428885185424406e+03
2.402446551931106114e+03
2.402751319960860656e+03
2.402892787260245768e+03
2.402960320895625500e+03
2.403117421598265537e+03
2.404408160704482725e+03
2.409058448169752864e+03
2.419204160213537307e+03
2.419899796658133255e+03
2.419913763387266954e+03
2.419916496732825181e+03
2.419921130086881021e+03
2.419955596907702329e+03
2.420008530477783097e+03
2.420068297411759886e+03
2.420072497430544445e+03
2.420582566378515821e+03
2.420927301253690075e+03
2.422391874470721177e+03
2.422462674787378546e+03
2.422485174888010988e+03
2.422549841843903323e+03
2.422697175836194219e+03
2.422711275899257089e+03
2.422717542593951748e+03
2.422813576356800240e+03
2.422979143763973752e+03
2.423341445384382951e+03
2.424474817120101761e+03
2.425164120203038237e+03
2.425186853638047978e+03
2.425191820326928337e+03
2.425202220373443197e+03
2.425233953848705369e+03
2.425393954564315209e+03
2.427867365626749233e+03
2.450737467914229001e+03
2.450772934739522498e+03
2.450778534764569031e+03
2.450895501954375959e+03
2.451297870420652544e+03
2.478254924320526243e+03
2.479163328383401222e+03
2.487731700039131738e+03
2.491081548354800361e+03
2.496004470372773085e+03
2.497260375989863405e+03
2.520860114874006740e+03
2.520877681619241230e+03
2.520882114972402633e+03
2.520889281671123172e+03
2.520956348637749215e+03
2.520973348713783253e+03
2.522853357122198759e+03
2.523216258745290816e+03
2.523254192248283744e+03
2.523288025732938422e+03
2.523351326016051644e+03
2.523408026269645688e+03
2.523709494284640641e+03
2.524286430198344078e+03
2.525454168754436068e+03
2.526003671212108657e+03
2.526015471264885036e+03
2.526024904640409659e+03
2.526107371675913328e+03
2.526114271706774161e+03
2.526129005106003206e+03
2.526188905373909620e+03
2.526229338888083475e+03
2.526371239522739870e+03
2.526375139540182772e+03
2.526391472946568229e+03
2.526510040143531114e+03
2.526518040179312266e+03
2.526620373970337369e+03
2.528225214481386502e+03
2.529061751556166200e+03
2.530673158763252104e+03
2.535183245601469025e+03
2.536610785319533079e+03
2.556954709641910540e+03
2.558296248975334493e+03
2.560224657600221690e+03
2.566331418246295470e+03
2.566334784928019417e+03
2.573065148363181834e+03
2.577242867048202243e+03
2.577249900412992702e+03
2.583452228153160377e+03
2.586902976920110632e+03
2.589915657061113961e+03
2.589919890413380926e+03
2.589938457163088060e+03
2.589966190620460566e+03
2.589976657333940238e+03
2.590007324137765409e+03
2.590013057496741567e+03
2.590031957581272763e+03
2.590086524491991895e+03
2.590148591436255629e+03
2.590159591485453802e+03
2.590224391775276217e+03
2.590326758899783727e+03
2.590447892774893717e+03
2.590473559556355667e+03
2.590634593609920557e+03
2.590967261764459181e+03
2.591442530556785641e+03
2.591646798137047426e+03
2.591679998285536385e+03
2.591690064997226727e+03
2.595569982350318242e+03
2.596586486896676888e+03
2.596786754459048552e+03
2.596907288331474319e+03
2.597001755420649260e+03
2.597057022334499379e+03
2.597454257444483119e+03
2.597665758390429801e+03
2.597885059371262741e+03
2.598089493618936558e+03
2.598136360495217104e+03
2.598226227563818156e+03
2.598367961531062519e+03
2.598852363697571036e+03
2.600934606343821088e+03
2.601229374328849644e+03
2.601525275652280925e+03
2.601598542646637270e+03
2.603855852742549814e+03
2.603862119437244473e+03
2.603908319643877348e+03
2.605732027800487231e+03
2.605882028471371541e+03
2.608358306213292963e+03
2.609108276234231653e+03
2.609164743153448853e+03
2.609177476543733064e+03
2.609360610696141521e+03
2.613726496889415102e+03
2.615577505168126208e+03
2.616048107272913967e+03
2.616726576974063846e+03
2.616902644428199892e+03
2.619722290372516909e+03
2.619727790397115314e+03
2.619739957118198618e+03
2.620934562461120095e+03
2.628616330151477996e+03
2.628650063635685456e+03
2.628671697065775334e+03
2.628678063760917667e+03
2.628798264298519371e+03
2.628806131000369987e+03
2.628818831057171337e+03
2.628973498415594349e+03
2.630585805626705223e+03
2.632111045781738540e+03
2.632116245804995742e+03
2.635328726839617048e+03
2.635407527192055113e+03
2.635538394444030473e+03
2.635715261901744270e+03
2.635775495504475202e+03
2.635960929667170149e+03
2.636069263485031115e+03
2.636732033115962167e+03
2.644090866028647270e+03
2.644111632788194584e+03
2.644333533780656126e+03
2.644522667959899536e+03
2.647445381031854595e+03
2.657782327264275409e+03
2.657811727395768685e+03
2.657818694093594331e+03
2.657833294158893750e+03
2.657880227702138654e+03
2.658041995092317393e+03
2.658323196350001581e+03
2.659849403176024680e+03
2.666061797627882697e+03
2.666067030984622306e+03
2.666070731001171225e+03
2.666193498216919579e+03
2.666199364909824908e+03
2.670611984645449411e+03
2.670623884698673010e+03
2.670630151393367669e+03
2.684894781859185514e+03
2.684992582296601995e+03
2.686241521215866214e+03
2.686257521287426698e+03
2.686265121321418974e+03
2.686367621779856108e+03
2.686446888801047862e+03
2.692203814549136951e+03
2.692543882736772503e+03
2.692582282908518664e+03
2.695201861291358455e+03
2.695252161516328215e+03
2.695257528206997449e+03
2.695324961841930872e+03
2.695849164186447524e+03
2.695859697566892009e+03
2.695978931433503476e+03
2.698946078037522966e+03
2.699277079517940820e+03
2.702241992778638178e+03
2.702251259486750314e+03
2.702326493156569541e+03
