8.803712930988954355e+00
8.806946278783570392e+00
2.281457559515279598e+01
2.290917601825711003e+01
2.500265204808206931e+01
2.614032380303279979e+01
2.697206085634456940e+01
3.605416814311242035e+01
3.898541458656693237e+01
4.194346114988609031e+01
4.951176166609042895e+01
5.050143275910207308e+01
6.291182159841373789e+01
9.990278704203949189e+01
9.990582038893960259e+01
1.001551215039491609e+02
1.090778280777907128e+02
1.164284609538008510e+02
1.290391506889665720e+02
1.453721904058301959e+02
1.487698056018049328e+02
1.502473455434968912e+02
1.572625769194098950e+02
1.628019016942695316e+02
1.659157822878961781e+02
1.721957437086171865e+02
1.721986437215875867e+02
1.733951490730073601e+02
1.753627245397368597e+02
1.832578598510566792e+02
1.880739813913598368e+02
1.880765480695060603e+02
1.901228572217085571e+02
1.914095963100357665e+02
2.083730388464021246e+02
2.118751878432419460e+02
2.119298880878910438e+02
2.119343881080175720e+02
2.122524228637745409e+02
2.170851111448398001e+02
2.180797489267318099e+02
2.230912046740086510e+02
2.235010398403467491e+02
2.240174754834598900e+02
2.373877686159833047e+02
2.386908744441781209e+02
2.413256862284829936e+02
2.449951026400999297e+02
2.482462505143268743e+02
2.491365544962483227e+02
2.561505191998294322e+02
2.568291555683920251e+02
2.698975140171667704e+02
2.734678633190353025e+02
2.754048053154219247e+02
2.754077386618748164e+02
2.757625402487395831e+02
2.757661735983232347e+02
2.786316864144480405e+02
2.813378985180938230e+02
2.813416318681246935e+02
2.839715102970316138e+02
2.864923549049469216e+02
2.864947549156810283e+02
2.955921956043615637e+02
3.050777380288431004e+02
3.081340183648501920e+02
3.158980530898172105e+02
3.181503298298849245e+02
3.185559983109206428e+02
3.204941736461568667e+02
3.204964736564437544e+02
3.211442432202866257e+02
3.255465962433262348e+02
3.261224654855919880e+02
3.312926219426643115e+02
3.315467897461070379e+02
3.321802259125098544e+02
3.348569045507326223e+02
3.368387800814197703e+02
3.432908422718685415e+02
3.468168247086378528e+02
3.468203247242917655e+02
3.481213305430941887e+02
3.504438742641006002e+02
3.551827954591220191e+02
3.555249303226676716e+02
3.608994876939315191e+02
3.640653018531665452e+02
3.650513729300769796e+02
3.651379733174007924e+02
3.769006259263520064e+02
3.769425927807171774e+02
3.799409061907981595e+02
3.819281817456371186e+02
3.844664597648573476e+02
3.901677185973070436e+02
3.901719186160918298e+02
3.942382368028684709e+02
3.942612702392197548e+02
3.949239732031862218e+02
4.045771497107514847e+02
4.084829338461995576e+02
4.111394123940766008e+02
4.111533124562452031e+02
4.111556458000144971e+02
4.114226469941884261e+02
4.160647344227834878e+02
4.163986359161717132e+02
4.216845262242018180e+02
4.217164597003589392e+02
4.233446669825834761e+02
4.233472003272472648e+02
4.247571399665940817e+02
4.267262821069972460e+02
4.325691415727616231e+02
4.343619162576874260e+02
4.411002463951481332e+02
4.426637867214803919e+02
4.430777219061560004e+02
4.437617249653879981e+02
4.440535929374462967e+02
4.440974931337917155e+02
4.526679647989147384e+02
4.549079081504875148e+02
4.571734182830754776e+02
4.617572387844026025e+02
4.618422058310878811e+02
4.618891393743334675e+02
4.655113222413630751e+02
4.662662922846645301e+02
4.760862028712882648e+02
4.792740837958844509e+02
4.813777932048119510e+02
4.838614376463479516e+02
4.886975592761023108e+02
4.887823596553755578e+02
4.939427494020991958e+02
4.939460827503410201e+02
4.939971496454065800e+02
4.972528642067248370e+02
4.972557975531776719e+02
4.994464406842531616e+02
5.043486626096438386e+02
5.043549293043386115e+02
5.052921334960231547e+02
5.054441341758525255e+02
5.094852522499205634e+02
5.106801242607018025e+02
5.106840242781448183e+02
5.193050628360970222e+02
5.193081961834443518e+02
5.241494511694912717e+02
5.241527178507682265e+02
5.273962990244860976e+02
5.295096084763501949e+02
5.393200523539669575e+02
5.406011580837654265e+02
5.406220581772420246e+02
5.492054299000609490e+02
5.501328007144320509e+02
5.501785342523105555e+02
5.558968264942761834e+02
5.577946683157856569e+02
5.582686037688149554e+02
5.598867110058666867e+02
5.629533247214235416e+02
5.637898951296861014e+02
5.637955618216973335e+02
5.640546963140203616e+02
5.662429727678440941e+02
5.662544728192785897e+02
5.662984063491063580e+02
5.663024397004791126e+02
5.663333731721636468e+02
5.762528842042544284e+02
5.801999351909369125e+02
5.824158117682034117e+02
5.940666305436398034e+02
6.005169927264852276e+02
6.111295735250261032e+02
6.144429550109286993e+02
6.145196220204916244e+02
6.145222220321203395e+02
6.145590555301930635e+02
6.164573973539388589e+02
6.170202332045788580e+02
6.217019208102873336e+02
6.272862791198946297e+02
6.312313300976318260e+02
6.314114309031401717e+02
6.321272341045996654e+02
6.384753291633845720e+02
6.429895826869037592e+02
6.503369155481544794e+02
6.506047167459065577e+02
6.573905137623314658e+02
6.586695528162200617e+02
6.586721861613310693e+02
6.593566558893169258e+02
6.594027560955021272e+02
6.647561467054300692e+02
6.673952585089668901e+02
6.675931593940867970e+02
6.675971594119770316e+02
6.676092261326126618e+02
6.684786300210575973e+02
6.755965618563026283e+02
6.855311729559291507e+02
6.867492450704738758e+02
6.876933492930190823e+02
6.918945347496618297e+02
6.998358702676139274e+02
7.000038043520395377e+02
7.000381378389306519e+02
7.001338382669548537e+02
7.006437405475138576e+02
7.006510739136459733e+02
7.026239494040801219e+02
7.027252165236681094e+02
7.040377890608698408e+02
7.040407557408051389e+02
7.049022262604344178e+02
7.060816648688557962e+02
7.085847760641242985e+02
7.113742218733696063e+02
7.118432573044833589e+02
7.167571126152381566e+02
7.407885534301863117e+02
7.407937534534437418e+02
7.435038322410500768e+02
7.435125989469262322e+02
7.455715414889652948e+02
7.517877359578193364e+02
7.595162705240104515e+02
7.601940735555125457e+02
7.639078234987464384e+02
7.645084928519315781e+02
7.655153973553537980e+02
7.656855647831013130e+02
7.665241685337913395e+02
7.708310877966662247e+02
7.708338211422245649e+02
7.713721235498043143e+02
7.761385782013036305e+02
7.771319159773813681e+02
7.771385493403826104e+02
7.789732908796735273e+02
7.798379947470973548e+02
7.807734322642137386e+02
7.861350895777817414e+02
7.861472896323469968e+02
7.870269268998943062e+02
7.872127277308962903e+02
7.957392658661914311e+02
7.957487992421631589e+02
8.059482781930887541e+02
8.081271879383529040e+02
8.082911886718529786e+02
8.083733557060151043e+02
8.085193896924914725e+02
8.120986723676481915e+02
8.158628558697815834e+02
8.183552336837112762e+02
8.217499488667156129e+02
8.223269181139011152e+02
8.230819548241674966e+02
8.331728666228552811e+02
8.332341335635409223e+02
8.336906022717828364e+02
8.336962356303115484e+02
8.352916427658361727e+02
8.352948094466659086e+02
8.420949731940132779e+02
8.473417966606486971e+02
8.497387740478960723e+02
8.507910120874075801e+02
8.511207135620111330e+02
8.513694146743371221e+02
8.513733813587449504e+02
8.527949877169382944e+02
8.550577311704855674e+02
8.562639365652891001e+02
8.565226377223407326e+02
8.597972190347080641e+02
8.623592971603752630e+02
8.623854972775563965e+02
8.624831310475607324e+02
8.633840350768914504e+02
8.820713853235064335e+02
8.820772853498945096e+02
8.836769258376862126e+02
8.887847486826356089e+02
8.887896487045511549e+02
8.914826274156765749e+02
8.963155823646012550e+02
8.964618830189369874e+02
8.975944214175951856e+02
8.990740947021620286e+02
9.013914717333934732e+02
9.018864406138289951e+02
9.018888739580454512e+02
9.026533773773187477e+02
9.072466312541704383e+02
9.118489851717222336e+02
9.119076521007792735e+02
9.129778902207968940e+02
9.130001236535701992e+02
9.204096901264966846e+02
9.204401235959450105e+02
9.204453569526847332e+02
9.245520753201526531e+02
9.250638109422447997e+02
9.252546451290919549e+02
9.252685785247429067e+02
9.268786190590493561e+02
9.299054325965983026e+02
9.311941050269058451e+02
9.318142744673060633e+02
9.328660125045812492e+02
9.330647800602441748e+02
9.330685800772398579e+02
9.367901967223244810e+02
9.369101639255494547e+02
9.369252973265676019e+02
9.369279640051610158e+02
9.369873309373487018e+02
9.402321454499161746e+02
9.402339454579667972e+02
9.520775984291954046e+02
9.651862903916967298e+02
9.651892570716320279e+02
9.662448951263502295e+02
9.664695961313348107e+02
9.665634632178259835e+02
9.665934300185203938e+02
9.706799149621602965e+02
9.755213699491016541e+02
9.759157383795974283e+02
9.764387407187471126e+02
9.830830704357871355e+02
9.847322778119354325e+02
9.865273525071480663e+02
9.943850876511941124e+02
9.960061615681810281e+02
9.985293395198656299e+02
9.985321395323887828e+02
9.998311786757285518e+02
1.002042721900280640e+03
1.003530128552768474e+03
1.003607062230190877e+03
1.006173873710361590e+03
1.006469341698521021e+03
1.010507659760065849e+03
1.012739569742375693e+03
1.012746436439754007e+03
1.015929050674128121e+03
1.015933217359430500e+03
1.015993550962608310e+03
1.016002084334107508e+03
1.016503719911026678e+03
1.029053176038989250e+03
1.029159876516211625e+03
1.029872013034605061e+03
1.038166850133607568e+03
1.041431464734731662e+03
1.043333039906272234e+03
1.043341006608570297e+03
1.045819284359436779e+03
1.045822451040266515e+03
1.046719221717777373e+03
1.047053256545095110e+03
1.056042096748055656e+03
1.056045530096744642e+03
1.056446098554970376e+03
1.058167439587072977e+03
1.058714242032669290e+03
1.061079319277242121e+03
1.063489396723079835e+03
1.063497930094579033e+03
1.065080537172854747e+03
1.067814149399048802e+03
1.068004383583212302e+03
1.068007250262700381e+03
1.073590308566493377e+03
1.073901776626213859e+03
1.073927410074193631e+03
1.075917318974143654e+03
1.076208986945307515e+03
1.076213153630609895e+03
1.080168171319590556e+03
1.086172064838919596e+03
1.086197264951628085e+03
1.086200698300317299e+03
1.087208069472493207e+03
1.087210869485016474e+03
1.087884739165593146e+03
1.088440341650548362e+03
1.089142744792075518e+03
1.089258811977857476e+03
1.089357779087158633e+03
1.093900732739040450e+03
1.098265218926052285e+03
1.099483124373185092e+03
1.100576529263483735e+03
1.102727038881726912e+03
1.102925339768635922e+03
1.103930944266243614e+03
1.104747414584607668e+03
1.104759047969971789e+03
1.105090882787450255e+03
1.105313017114288641e+03
1.105320783815692039e+03
1.105781585876648478e+03
1.107010091371190128e+03
1.107013391385949717e+03
1.107136191935180022e+03
1.113152985512205305e+03
1.113903022200109035e+03
1.113911955573397108e+03
1.117881539994194554e+03
1.117885306677707831e+03
1.118163374588044690e+03
1.118184208014556589e+03
1.119044511862301306e+03
1.119051611894056123e+03
1.119748048342230504e+03
1.119762781741459548e+03
1.119765181752193712e+03
1.119776381802286323e+03
1.120696352583560383e+03
1.121626490076972459e+03
1.122467693839290860e+03
1.123319830983842849e+03
1.123326431013362026e+03
1.128872089149881049e+03
1.131909169400015116e+03
1.139114434959197069e+03
1.139128968357531676e+03
1.142757884588010029e+03
1.146555201571667567e+03
1.147187071064396605e+03
1.147426972137364146e+03
1.147480505710128455e+03
1.147483205722204502e+03
1.148240109107486205e+03
1.149804582771326295e+03
1.149893983171173204e+03
1.149969283507957243e+03
1.150644086526041519e+03
1.150919287756890299e+03
1.153997868192635678e+03
1.154000668205158945e+03
1.156288278436590190e+03
1.159342058761415956e+03
1.159369358883517179e+03
1.159747760575934308e+03
1.160890865688519170e+03
1.162277838558479516e+03
1.162562639832265177e+03
1.163445977116361064e+03
1.170026606548498876e+03
1.170284907703761291e+03
1.173393021604929800e+03
1.177323139182543400e+03
1.177360572683299551e+03
1.177363806031094100e+03
1.179231681051909391e+03
1.179836450423432098e+03
1.181444957617547061e+03
1.184016069116949666e+03
1.184793505927401611e+03
1.187130683047189677e+03
1.187180216602063865e+03
1.187653185384103153e+03
1.187661418754260467e+03
1.193098309737647241e+03
1.193221776956526355e+03
1.193284410569991223e+03
1.193766679393625054e+03
1.194875417685836283e+03
1.195322419685071281e+03
1.195698888035508162e+03
1.195704521394036874e+03
1.196162190107645756e+03
1.197199161412209833e+03
1.197451562541084286e+03
1.198247499434278325e+03
1.198251432785203633e+03
1.199979873849061505e+03
1.199982240526313035e+03
1.203034720845324500e+03
1.203037587524812352e+03
1.203388022425480585e+03
1.204904229206778155e+03
1.205179063769320237e+03
1.205190397153342701e+03
1.210014918731215403e+03
1.210018752081693492e+03
1.210477454133257424e+03
1.210617921428169893e+03
1.212112028110624124e+03
1.212115094791006641e+03
1.217611352706581101e+03
1.217748286652357137e+03
1.217886053935193786e+03
1.218234588827363723e+03
1.218901058474843694e+03
1.218904425156567868e+03
1.224759851345204197e+03
1.230372276447007835e+03
1.231169446679051589e+03
1.231972316936588641e+03
1.231982816983550720e+03
1.232674586744186172e+03
1.233945759096223810e+03
1.236101335403795019e+03
1.237546941869329885e+03
1.238505479489762365e+03
1.238744680559598919e+03
1.238757280615953277e+03
1.240117453366048949e+03
1.240853289990442136e+03
1.240885723468835522e+03
1.241152691329526988e+03
1.242701164921805912e+03
1.242941199328703078e+03
1.243105833398368986e+03
1.243564235448591262e+03
1.243567002127632122e+03
1.243719802811039472e+03
1.245384176921688322e+03
1.245683844928632425e+03
1.246576882256112413e+03
1.246884883633661275e+03
1.248582357892351865e+03
1.248969092955373981e+03
1.249015193161558955e+03
1.249259894255994823e+03
1.249308527806843585e+03
1.249728363017907441e+03
1.250882701514067321e+03
1.252840376936518396e+03
1.252982344238139831e+03
1.253401312778660667e+03
1.254427317367508522e+03
1.254803485716603745e+03
1.257218996520075962e+03
1.257865732745963896e+03
1.258595136008250392e+03
1.260557744786099192e+03
1.261346714981467812e+03
1.263227723394355962e+03
1.263231823412693302e+03
1.265222365648809273e+03
1.265417333187476515e+03
1.266840072884072015e+03
1.268621547518457646e+03
1.271751594851057462e+03
1.272544898399140493e+03
1.272553098435815400e+03
1.272605832005001957e+03
1.272639298821350167e+03
1.272956200238704923e+03
1.273726337016507159e+03
1.274073005233661661e+03
1.274077605254235323e+03
1.274399873362259768e+03
1.274457440286396832e+03
1.276797650753085236e+03
1.277355553248326942e+03
1.277464887070660325e+03
1.277519920650133827e+03
1.277531087366744032e+03
1.278121323339932360e+03
1.279374695612358209e+03
1.280752568441618223e+03
1.280757001794779853e+03
1.284939020499031813e+03
1.285388889177754891e+03
1.285471889548977515e+03
1.285713923964819742e+03
1.286017758657066224e+03
1.286136259187064979e+03
1.286959329534947756e+03
1.292347353633108924e+03
1.292350586980903472e+03
1.292356753675150912e+03
1.292397487190666425e+03
1.292418153949766292e+03
1.292546454523595685e+03
1.294561763537148863e+03
1.295579468088874592e+03
1.297984145510560666e+03
1.297986645521742048e+03
1.298925916389336862e+03
1.300693057626282553e+03
1.301821329339190925e+03
1.302741200120017766e+03
1.302756933523719454e+03
1.303415569802830987e+03
1.303884705234391959e+03
1.304013472476975494e+03
1.304039405926297377e+03
1.304229840111355315e+03
1.305152344237293391e+03
1.305425678793126735e+03
1.305976881258402500e+03
1.306867585242113137e+03
1.308265724828683460e+03
1.308469625740639003e+03
1.308473325757187467e+03
1.309794264998476137e+03
1.312408876692435342e+03
1.314386518870855070e+03
1.315092455361518887e+03
1.317248465004361151e+03
1.317438032518876526e+03
1.317502999476110745e+03
1.317534299616101634e+03
1.318068968674097960e+03
1.322889656901492572e+03
1.324492664071008448e+03
1.324893199195751777e+03
1.327070508933859855e+03
1.327074408951302757e+03
1.327184509443731713e+03
1.327220042935990023e+03
1.327223309617267205e+03
1.327245176381733700e+03
1.327732445227730523e+03
1.327906012670684731e+03
1.327929012773553723e+03
1.329494586442313675e+03
1.329610253626306530e+03
1.329640787096202075e+03
1.329702120703852415e+03
1.330451090720318689e+03
1.330531191078570600e+03
1.330653624959494664e+03
1.331530195546659570e+03
1.331536595575284082e+03
1.331646796068160256e+03
1.334227307609605077e+03
1.337538922420939571e+03
1.337579422602078239e+03
1.337582255948083912e+03
1.340010466808357705e+03
1.340292168068278215e+03
1.340437468718141190e+03
1.342120809580286505e+03
1.346711863447298356e+03
1.348123769762107713e+03
1.350210379094554582e+03
1.351221316949349330e+03
1.352339855285391650e+03
1.352502189344770841e+03
1.353088458633551227e+03
1.353339459756164160e+03
1.353476327034975384e+03
1.356201705891011898e+03
1.359203985985500594e+03
1.359319719836458489e+03
1.359471120513604319e+03
1.360739292852224253e+03
1.360965760531777050e+03
1.360990393975284633e+03
1.361119027883938315e+03
1.361169261441943263e+03
1.361344795560360353e+03
1.361349395580934015e+03
1.361476796150738437e+03
1.363897473643985450e+03
1.363901340327946173e+03
1.364349909000854495e+03
1.364390509182440610e+03
1.365009711951850704e+03
1.365705081728587402e+03
1.365715081773313159e+03
1.365717848452353792e+03
1.366767686481131250e+03
1.369128563706919067e+03
1.371154772769223200e+03
1.371299540083367674e+03
1.374523821170765132e+03
1.375043223493813457e+03
1.375982761029267294e+03
1.376260728939157161e+03
1.378004836739751454e+03
1.378013170110356214e+03
1.380253446796753224e+03
1.381610019530747650e+03
1.381743020125598377e+03
1.382100155056232325e+03
1.383931663247728466e+03
1.383937629941081696e+03
1.385060501629838427e+03
1.387537312707478577e+03
1.388233082486004378e+03
1.389688922330641844e+03
1.391199562420375514e+03
1.394075175281673182e+03
1.396056650810571455e+03
1.396174518004403808e+03
1.397342256560496253e+03
1.398256693983688820e+03
1.398771762954022734e+03
1.398787896359513525e+03
1.399655433572942911e+03
1.399794400861146414e+03
1.399797567541976377e+03
1.400540470864642202e+03
1.401537208655926634e+03
1.401610275649388541e+03
1.402225911736179796e+03
1.402256345205628122e+03
1.402598880070962650e+03
1.402633846894019825e+03
1.402651313638807324e+03
1.404000186338362937e+03
1.404015653074205375e+03
1.405117624669485622e+03
1.407701402892207398e+03
1.407722336319166516e+03
1.408406606046257821e+03
1.408409672726640338e+03
1.409441777342770820e+03
1.409444110686540171e+03
1.409448577373184435e+03
1.410798616744624951e+03
1.411833154704972003e+03
1.412506691050724612e+03
1.412620058224430522e+03
1.412808259066166784e+03
1.413814296899045985e+03
1.413847230379675466e+03
1.414768334499351795e+03
1.415804472466855032e+03
1.417192178673428543e+03
1.417787948004698364e+03
1.417795981373961240e+03
1.419415355283344752e+03
1.420468526660364205e+03
1.420475626692119477e+03
1.422262834685481266e+03
1.423071838303783352e+03
1.423084905028891626e+03
1.424392710878107437e+03
1.425461882326687828e+03
1.425847217383448196e+03
1.427603091903336235e+03
1.428283194945125160e+03
1.428460895739899570e+03
1.428466195763604219e+03
1.428579829605169380e+03
1.429641701021099834e+03
1.429828301855679911e+03
1.431294508413349604e+03
1.431382342139522734e+03
1.431385842155176761e+03
1.431703943577898599e+03
1.434141287812354904e+03
1.436514498426637829e+03
1.438692841502700958e+03
1.440329782157318959e+03
1.441622621272928882e+03
1.441628221297975188e+03
1.447072245646599640e+03
1.447107612471446146e+03
1.451154530571455098e+03
1.451456531922168551e+03
1.451701133016156973e+03
1.451715599747526767e+03
1.452246968790763503e+03
1.452262835528394817e+03
1.453855409317913654e+03
1.456336220413444153e+03
1.456338853758555160e+03
1.458188295363592715e+03
1.462336913918461050e+03
1.462616081833717772e+03
1.466245031397678531e+03
1.466248831414674214e+03
1.466310131688842375e+03
1.467889938754594823e+03
1.468453407941400883e+03
1.470399216644110993e+03
1.470402583325835167e+03
1.471237620393906354e+03
1.471364087626202945e+03
1.471376221013803388e+03
1.471405887813156141e+03
1.471515821638172838e+03
1.471520354991781915e+03
1.473160062325440776e+03
1.473163029005376075e+03
1.473863065469651474e+03
1.473865732148245115e+03
1.477632015659770786e+03
1.478724387212114607e+03
1.479231922815421967e+03
1.479235389497593360e+03
1.479458323828009952e+03
1.481350465624025674e+03
1.481354198974056544e+03
1.483759276397531721e+03
1.484230945173756709e+03
1.484375112485217414e+03
1.484890148122068922e+03
1.484893148135486854e+03
1.485773218738305559e+03
1.486793456634695303e+03
1.487513193187079878e+03
1.487517693207206548e+03
1.488334863528701362e+03
1.488339496882757658e+03
1.489090466908168764e+03
1.489127867075442737e+03
1.492595982586732816e+03
1.495512928966229765e+03
1.495643596217311142e+03
1.496477266612603216e+03
1.497130102865773779e+03
1.497135736224302718e+03
1.497462904354242255e+03
1.498051206985450108e+03
1.498084540467868919e+03
1.498210774365788438e+03
1.499045244764658719e+03
1.499839248315872283e+03
1.499850848367753997e+03
1.500001715709181099e+03
1.500188249876796363e+03
1.501045687045053000e+03
1.501907557566471269e+03
1.502305526013068402e+03
1.503776565925688601e+03
1.503780465943131503e+03
1.503787499307921962e+03
1.503807799398714906e+03
1.503821499459988900e+03
1.503841599549887405e+03
1.503930933282769502e+03
1.504061767201263137e+03
1.504392935349093023e+03
1.505724007969037075e+03
1.505908008791988550e+03
1.506698412327100868e+03
1.506703312349016642e+03
1.506716045739300625e+03
1.506832712927765897e+03
1.506924480004864563e+03
1.507762417085906463e+03
1.509478058092515084e+03
1.510025427207312987e+03
1.511611734302136938e+03
1.511616167655298796e+03
1.511885802194583903e+03
1.514065078608154408e+03
1.522097314532662494e+03
1.522100714547869302e+03
1.524126390274454707e+03
1.524135190313812927e+03
1.525104427982102152e+03
1.526619968093751368e+03
1.529192646266827751e+03
1.530040183390806078e+03
1.530118483741007367e+03
1.530121283753530861e+03
1.530132350469693620e+03
1.530182517360733982e+03
1.530369218195761277e+03
1.536394578477767936e+03
1.539355325053163142e+03
1.539512325755355050e+03
1.541835969481281381e+03
1.544494781372927719e+03
1.545187151136246712e+03
1.548726600299913343e+03
1.549132368781396281e+03
1.553607755464415277e+03
1.553649288983508995e+03
1.560698753845866122e+03
1.561338590040893223e+03
1.563113864647549235e+03
1.563201065037556646e+03
1.563335598972598518e+03
1.564153602631153717e+03
1.564157235980737369e+03
1.564282003205430783e+03
1.564291036579166075e+03
1.565704376233719586e+03
1.565709376256082351e+03
1.566346012436797537e+03
1.567025415475455702e+03
1.567028482155838219e+03
1.569005690998986665e+03
1.570658365057306582e+03
1.571028800047425875e+03
1.572323939173322515e+03
1.575006251170074165e+03
1.575380452843706507e+03
1.576885059573122362e+03
1.577671663091239452e+03
1.581228445665763502e+03
1.581311612704397930e+03
1.581693081077197803e+03
1.581706047801858631e+03
1.581708714480452272e+03
1.581738814615076308e+03
1.581942348858724927e+03
1.582324083899384277e+03
1.582862286306516808e+03
1.585344030739554910e+03
1.586019700428182205e+03
1.586431168935158894e+03
1.586776137144709992e+03
1.586781903837168556e+03
1.587728308070000594e+03
1.591325757493075571e+03
1.592788264034196800e+03
1.593087165371045558e+03
1.593132498907134959e+03
1.593201932551012987e+03
1.593402266780349464e+03
1.594590405427682299e+03
1.595126274491045478e+03
1.595437675883801148e+03
1.595986011669588834e+03
1.596409780231577997e+03
1.597884420160299442e+03
1.597944887097407218e+03
1.598888024648962300e+03
1.598931424843071454e+03
1.599115125664681045e+03
1.599644828033796784e+03
1.599723195050963113e+03
1.604441082818578252e+03
1.604458182895059053e+03
1.604590083484989918e+03
1.604704217328791628e+03
1.605551821119734768e+03
1.606524492136712752e+03
1.607148628261520798e+03
1.608481967558269389e+03
1.609597172546069942e+03
1.610529843384145579e+03
1.611532147866993910e+03
1.611626381621791552e+03
1.612408451786299565e+03
1.615852200521941768e+03
1.616056468102203780e+03
1.616260602348535713e+03
1.622030128152979159e+03
1.622036761515980288e+03
1.622309162734306028e+03
1.622661730977848947e+03
1.624090837369586552e+03
1.626339680760965166e+03
1.626351047478469809e+03
1.626362480862939492e+03
1.626378214266641180e+03
1.626391047657372155e+03
1.626593481896101139e+03
1.626596415242554031e+03
1.631165435677687356e+03
1.632001039414959450e+03
1.633074910884560950e+03
1.633793947433814992e+03
1.635471954938773024e+03
1.636877727892817575e+03
1.637003361788053780e+03
1.638224900584770012e+03
1.638227633930328238e+03
1.638705669401694877e+03
1.639722373948948189e+03
1.639743407376354298e+03
1.639802940975954243e+03
1.639860407899644088e+03
1.639970641726002668e+03
1.639973108403701872e+03
1.640876279109837014e+03
1.641031546470943340e+03
1.641641249197863999e+03
1.642161718192349781e+03
1.642767854236651829e+03
1.643939126141880479e+03
1.644933563922877966e+03
1.646756272075015886e+03
1.646962472997257692e+03
1.647666142811116970e+03
1.647677009526385518e+03
1.647741209813523710e+03
1.651578660310013447e+03
1.652566598061939430e+03
1.659287061452823764e+03
1.659393495262186889e+03
1.663553680535454305e+03
1.664153949886850796e+03
1.665240621413700637e+03
1.665243888094977819e+03
1.666445093467418474e+03
1.666451460162560579e+03
1.671465315920571584e+03
1.672337686488951704e+03
1.672716454849675529e+03
1.673507491720954022e+03
1.673512225075457536e+03
1.677948444916634571e+03
1.678953682745935794e+03
1.678975782844779587e+03
1.678987516230590927e+03
1.679713952812941898e+03
1.680201254992420900e+03
1.680380855795692923e+03
1.681463427304205652e+03
1.682997434165115010e+03
1.683184468334966368e+03
1.684577541232209114e+03
1.684674708333459648e+03
1.685002176464741069e+03
1.685033076602943311e+03
1.685474178575790120e+03
1.685545745562543289e+03
1.685725846368051634e+03
1.687914056154910440e+03
1.690335966987006941e+03
1.691191904148554841e+03
1.692361676047074752e+03
1.692385409486556682e+03
1.692472309875222436e+03
1.692476743228384294e+03
1.695547890297549884e+03
1.696171293085744992e+03
1.697839233879012454e+03
1.698467670023052278e+03
1.700120810750126338e+03
1.700329345016137495e+03
1.703024990405856897e+03
1.703779860448710906e+03
1.703794160512668668e+03
1.705918170012389055e+03
1.705923336702164079e+03
1.705980370290582414e+03
1.705996670363485237e+03
1.706087970771829987e+03
1.707017974931312210e+03
1.708531715034910803e+03
1.708563548510620876e+03
1.708783349493689684e+03
1.708786182839695357e+03
1.710208322533607316e+03
1.711306094110103004e+03
1.711522128409658762e+03
1.713219602668349125e+03
1.713814038660322240e+03
1.714122140038318321e+03
1.714138040109432040e+03
1.714501175066901624e+03
1.714922210283332333e+03
1.715876981220251537e+03
1.717392721332795190e+03
1.717441088215784703e+03
1.718195558256850063e+03
1.720453968357682697e+03
1.720476335124385969e+03
1.720684602722537875e+03
1.720767703094207718e+03
1.720771236443344151e+03
1.722884179226901551e+03
1.723093546829973548e+03
1.723716149614590222e+03
1.724097784654802126e+03
1.724495186432198125e+03
1.724788521077482756e+03
1.724817354539774897e+03
1.724887688187678577e+03
1.725140789319683790e+03
1.727644933852907343e+03
1.735002766761119801e+03
1.735007300114728878e+03
1.735040366929288211e+03
1.737653978618774772e+03
1.737867012904912826e+03
1.737871612925486716e+03
1.738832617223618172e+03
1.738864450699328017e+03
1.738868384050253326e+03
1.739006751335773288e+03
1.739977489010771251e+03
1.740936393299510428e+03
1.742285666000855144e+03
1.742676234414355349e+03
1.742720234611148044e+03
1.743970573536673783e+03
1.750816637489312143e+03
1.752627145586884581e+03
1.753091680997871663e+03
1.754442553706372564e+03
1.756005994032257377e+03
1.758609272342194345e+03
1.766073105724498419e+03
1.767081876902935846e+03
1.767086276922615298e+03
1.777488656781023565e+03
1.777491323459616979e+03
1.780891938669009278e+03
1.789406276749739391e+03
1.790440281374367942e+03
1.790910916812637879e+03
1.792827325383854259e+03
1.792832258739252438e+03
1.794716700500829575e+03
1.794784400803622020e+03
1.794787067482215434e+03
1.794899801319755625e+03
1.796846243358631455e+03
1.802030899880556035e+03
1.802350634643916464e+03
1.808418761783866557e+03
1.809056264635124535e+03
1.809069031358890925e+03
1.809383899433817987e+03
1.811867977210625440e+03
1.812037511302206894e+03
1.812763414548839364e+03
1.817388668568812818e+03
1.818420473183601644e+03
1.818926575447165078e+03
1.820288948207100475e+03
1.827442280200674077e+03
1.827445313547574415e+03
1.827948715799061802e+03
1.835177148128525005e+03
1.841558510002763569e+03
1.841562043351900002e+03
1.841650743748616151e+03
1.841652910424973470e+03
1.842520180970543379e+03
1.844802191176928773e+03
1.845126759295239935e+03
1.845202026298541114e+03
1.847881104947498216e+03
1.847909505074518847e+03
1.848947876385344216e+03
1.850003514440062645e+03
1.850006781121339600e+03
1.851675655252114893e+03
1.851783322400327506e+03
1.851913156314348498e+03
1.851923123025591394e+03
1.852136823981377802e+03
1.852185057530437916e+03
1.852922927497258343e+03
1.853010961224326365e+03
1.854987636731755856e+03
1.855154037475990208e+03
1.855201604355401741e+03
1.855618672887424736e+03
1.856030874731014364e+03
1.856073241587168695e+03
1.856457943307763117e+03
1.861710633467304206e+03
1.866743089308504750e+03
1.871308809728878714e+03
1.871685811415034323e+03
1.871840678774351545e+03
1.873078884312277296e+03
1.873505186218930021e+03
1.873902987998115123e+03
1.874339623284317895e+03
1.874587657726995531e+03
1.877634871355784753e+03
1.878025606436696989e+03
1.880690185020801664e+03
1.881025319853039491e+03
1.881029653205753903e+03
1.882610860277767870e+03
1.884648936059812968e+03
1.885677407326360026e+03
1.885989108720457352e+03
1.886661245059948442e+03
1.887282114503479534e+03
1.887287414527184183e+03
1.888110351541137106e+03
1.888141885015505522e+03
1.890479862138871567e+03
1.890692329755808487e+03
1.890726729909664755e+03
1.890729796590047272e+03
1.890840163750335478e+03
1.890850363795955445e+03
1.891098864907387224e+03
1.891526566820301696e+03
1.891996935590712155e+03
1.894156878584479955e+03
1.894162611943455886e+03
1.896151287504556649e+03
1.896168587581931888e+03
1.898975166801140404e+03
1.898978966818136087e+03
1.898982133498965823e+03
1.902764317081605213e+03
1.906141832187681530e+03
1.906315466297600551e+03
1.908013507225492503e+03
1.908180607972857615e+03
1.911792057458548243e+03
1.912250159507428634e+03
1.913551031992301205e+03
1.914029134130632883e+03
1.925272784418324818e+03
1.925595852529927242e+03
1.927259759971821950e+03
1.930983043291027798e+03
1.932782418005472209e+03
1.933028785774028847e+03
1.936484301228965023e+03
1.940787887143598027e+03
1.940790987157463178e+03
1.940831587339048838e+03
1.941487056937330635e+03
1.941529857128756248e+03
1.941706091250304098e+03
1.941712657946340414e+03
1.949591793186099267e+03
1.950654197937748449e+03
1.950660064630654233e+03
1.951773036275132881e+03
1.952718907172246190e+03
1.955010050752814095e+03
1.955146584696801028e+03
1.956882725795097485e+03
1.956890192495159226e+03
1.958870968020926739e+03
1.969884317278587332e+03
1.969892117313473364e+03
1.973167331962006756e+03
1.973470833319429175e+03
1.992112216693788696e+03
1.993846057781797981e+03
1.994159592517428564e+03
1.995326097734671521e+03
1.997858909062775183e+03
1.997982742949960539e+03
1.999975118527609538e+03
2.002091127991549683e+03
2.002140494879011612e+03
2.007461218676169437e+03
2.008695590863616872e+03
2.011787704693224214e+03
2.012289140269248946e+03
2.012885809604543738e+03
2.013085410497267048e+03
2.016092390612777081e+03
2.019446672281607334e+03
2.019449072292341498e+03
2.021786016077752720e+03
2.021813216199406270e+03
2.032782531926792217e+03
2.033611968969817099e+03
2.034359205645197335e+03
2.034446272701275120e+03
2.034745740707324785e+03
2.034757174091794241e+03
2.036332714471797317e+03
2.043031777766968844e+03
2.045012186624429660e+03
2.045022720004873918e+03
2.045073553565562406e+03
2.045078653588372617e+03
2.045216087536384975e+03
2.045247254342446467e+03
2.047995433300457307e+03
2.047998833315663887e+03
2.050326243725103268e+03
2.050328643735837431e+03
2.050333310423376133e+03
2.051639882933742683e+03
2.054297394819574947e+03
2.054341495016814406e+03
2.054681296536591162e+03
2.054683763214290138e+03
2.057663509874663760e+03
2.060457055702246635e+03
2.061728561389108108e+03
2.062382797648540418e+03
2.064094038635470042e+03
2.064182739032186419e+03
2.065557145179274357e+03
2.065855346512992583e+03
2.067136185574931460e+03
2.068607425488446097e+03
2.068611158838477422e+03
2.069135161182099182e+03
2.069178428042279393e+03
2.069197761462081871e+03
2.069998865045050934e+03
2.071535338583658813e+03
2.075273888637812888e+03
2.075606023456632556e+03
2.076161659275069724e+03
2.076910395957158926e+03
2.077651599272222029e+03
2.077655765957524181e+03
2.077970334031109360e+03
2.078204235077241719e+03
2.078460936225348178e+03
2.078466502916912304e+03
2.078566503364168057e+03
2.078628070306195696e+03
2.079987676387090232e+03
2.081803084506578216e+03
2.083358558130164965e+03
2.083612125930924321e+03
2.086477072077847879e+03
2.086974240968123468e+03
2.087859311593304483e+03
2.088218913201637861e+03
2.088223379888282125e+03
2.088239113291983813e+03
2.088838382638907206e+03
2.091472794421422805e+03
2.092024196887593462e+03
2.094435674339692923e+03
2.094438474352216417e+03
2.096530950377568388e+03
2.096796451565033749e+03
2.097001319147979302e+03
2.097341854004368543e+03
2.097427954389455863e+03
2.100938670091277800e+03
2.103463848051907007e+03
2.104696220230409835e+03
2.104699386911239344e+03
2.104822787463153418e+03
2.108096935440249126e+03
2.114018428591039537e+03
2.114022995278131020e+03
2.114432697110539266e+03
2.124625376031051474e+03
2.124738409869933093e+03
2.124887177201967916e+03
2.126211149790156924e+03
2.128537126859852833e+03
2.128539926872375418e+03
2.128644327339311076e+03
2.128694127562044287e+03
2.128772194577869413e+03
2.130253934538345675e+03
2.130260167899558382e+03
2.131084204918431169e+03
2.131535473603415539e+03
2.131882208487535536e+03
2.131938042070586562e+03
2.138331503998943390e+03
2.140199412353240859e+03
2.140631847620658846e+03
2.140875415376692672e+03
2.141305150632034383e+03
2.141517951583795821e+03
2.143151192221865585e+03
2.143597794219311254e+03
2.143600460897904668e+03
2.143745661547320651e+03
2.143752728245593516e+03
2.143832395268574601e+03
2.143846728666014315e+03
2.143989495971213728e+03
2.149253419514329835e+03
2.149292253021347733e+03
2.149328519850219436e+03
2.149529220747862382e+03
2.149547587496675078e+03
2.149789921913859416e+03
2.149947822620076295e+03
2.153586272226526489e+03
2.153593105590422510e+03
2.153796906501930152e+03
2.153895806944266496e+03
2.154020307501100888e+03
2.155481880704713603e+03
2.156276084256822287e+03
2.156281050945702646e+03
2.157746624167206392e+03
2.157823657845076013e+03
2.158118592497516602e+03
2.158518260951716911e+03
2.158813962274253754e+03
2.159832066827767903e+03
2.160063101194412411e+03
2.160576570157590140e+03
2.160751504273323462e+03
2.161842542486370803e+03
2.164273486692202823e+03
2.164284253407024153e+03
2.164290553435201218e+03
2.165204124187850994e+03
2.165759393337981692e+03
2.168897474039844383e+03
2.170594014961026915e+03
2.181911165577452266e+03
2.182312867374080270e+03
2.185951050312670759e+03
2.194119020177588027e+03
2.195777527595331321e+03
2.196216596225749981e+03
2.196336863430316953e+03
2.196466164008619216e+03
2.196475064048424883e+03
2.202156922794107231e+03
2.204548133488895928e+03
2.205964406489902558e+03
2.213832975015734519e+03
2.213837441702378783e+03
2.214360577375457979e+03
2.217298557182361037e+03
2.218698230109122960e+03
2.219358933064144367e+03
2.220539238343108536e+03
2.222112745380683918e+03
2.223558718514525026e+03
2.228897575726118703e+03
2.229728546109334729e+03
2.231021051890120816e+03
2.231260886296122862e+03
2.231264519645706969e+03
2.234397900326548552e+03
2.235241937434872852e+03
2.235466005103691259e+03
2.235468538448355048e+03
2.235727939608537326e+03
2.237881649241093328e+03
2.240032692195055006e+03
2.240042425571921285e+03
2.241721099746527671e+03
2.244238511005754390e+03
2.244601212627952464e+03
2.248591630475261354e+03
2.248595197157880193e+03
2.249515701274873209e+03
2.249521101299024849e+03
2.251628077389229475e+03
2.254871225227675495e+03
2.255431594400617087e+03
2.255764795890874666e+03
2.255771962589594295e+03
2.257802805005954724e+03
2.258232340260401998e+03
2.258239906960910957e+03
2.258304273915461636e+03
2.259649979934187741e+03
2.259655779960128257e+03
2.260866785376400458e+03
2.261414487826022196e+03
2.261421087855540918e+03
2.261427254549788358e+03
2.262147091102620834e+03
2.263509430529073597e+03
2.263795165140366862e+03
2.264032299534293998e+03
2.267395281242035253e+03
2.268867821161364191e+03
2.271321265467829107e+03
2.272992039607102470e+03
2.274010877497230013e+03
2.274400812574564497e+03
2.274408545942485489e+03
2.275290249885943012e+03
2.275691285012922435e+03
2.278379263701685431e+03
2.281900146115644475e+03
2.281903179462544358e+03
2.281913746176471250e+03
2.282009313270565599e+03
2.282049380116432985e+03
2.287105502730150874e+03
2.287146202912183981e+03
2.289756114585122305e+03
2.289758714596750906e+03
2.290579118266040496e+03
2.293055729342785980e+03
2.294072367223074252e+03
2.294095600660320088e+03
2.294098100671501470e+03
2.295159238750819441e+03
2.297651049895547658e+03
2.298640454320699973e+03
2.299255357070877835e+03
2.299828759635444840e+03
2.301623967664587326e+03
2.301626401008803441e+03
2.301646567765666987e+03
2.302957473628747721e+03
2.302985507087461883e+03
2.305350384331140049e+03
2.305960187058507927e+03
2.307179159177077963e+03
2.307192392569597814e+03
2.309436802607815025e+03
2.310763675208974291e+03
2.310938509324260849e+03
2.311743846259496877e+03
2.311863146793073156e+03
2.311865980139079056e+03
2.312651716986652445e+03
2.312749450757104569e+03
2.313925056015047630e+03
2.313929189366867831e+03
2.315460129547394445e+03
2.315835131224604993e+03
2.316806635569698301e+03
2.316859769140673507e+03
2.316862869154539112e+03
2.317325537890510532e+03
2.317344504642006996e+03
2.317374138107876661e+03
2.317410104935406707e+03
2.318670043903869555e+03
2.320402118317310396e+03
2.320605219225687961e+03
2.321008021027235372e+03
2.321141521624322650e+03
2.321143821634609139e+03
2.321195321864945981e+03
2.322678428498201811e+03
2.323044363468194661e+03
2.323055296850428476e+03
2.323840500362283365e+03
2.324188901920523676e+03
2.324547303523489518e+03
2.324870438302056755e+03
2.324918105181915507e+03
2.325465507630195589e+03
2.325467974307894565e+03
2.325621708328809746e+03
2.325713275405013974e+03
2.326328678157427930e+03
2.327545583600088321e+03
2.327583617103528013e+03
2.327669517487721350e+03
2.327779117977913756e+03
2.328833256025923220e+03
2.328838289381768845e+03
2.329212657722813219e+03
2.330009527953514862e+03
2.334057946060232553e+03
2.335101484060833172e+03
2.341546112884702325e+03
2.347625073406438787e+03
2.348017875163260669e+03
2.348175509201619207e+03
2.352273160861869201e+03
2.352279094221739797e+03
2.352390394719535379e+03
2.353802201033897745e+03
2.354342503450423010e+03
2.354346436801347863e+03
2.355928243876046054e+03
2.357504350925250037e+03
2.357512250960583060e+03
2.357541584425111978e+03
2.359790061148183668e+03
2.362932475202760997e+03
2.366586558212465206e+03
2.368073898197988001e+03
2.368076864877923072e+03
2.369139002961713231e+03
2.370030773616861097e+03
2.372872752994398525e+03
2.373152454245373974e+03
2.373156320929334015e+03
2.373169387654442744e+03
2.373476722362343025e+03
2.374314092774183337e+03
2.374379493066689065e+03
2.375723065742540257e+03
2.376081067343717677e+03
2.376083700688828230e+03
2.376095534075087016e+03
2.376886970948154612e+03
2.378026976046874552e+03
2.378742712581369233e+03
2.379877617657279188e+03
2.380036085032697883e+03
2.381295357331511696e+03
2.382642096688192851e+03
2.382645063368128376e+03
2.382989764909819769e+03
2.383274332849228358e+03
2.383402700090023245e+03
2.384489004948566617e+03
2.384669205754522409e+03
2.388986691731323845e+03
2.389368726773324397e+03
2.391299168740639743e+03
2.394696383934825462e+03
2.394725484064977081e+03
2.394731017423058802e+03
2.394794851041890524e+03
2.397089261303734929e+03
2.397393162662946906e+03
2.397563896759895670e+03
2.397993765349167006e+03
2.398638134897803411e+03
2.402212884219351054e+03
2.404280693467713718e+03
2.405487832200024968e+03
2.405490798879960494e+03
2.408154344126110118e+03
2.408162410828855172e+03
2.408166144178886043e+03
2.411511525807911312e+03
2.414658606550026434e+03
2.415861311929175827e+03
2.416034579370788379e+03
2.417221818014096243e+03
2.418283156094307742e+03
2.418855091985648414e+03
2.419249527083109115e+03
2.419369560953298787e+03
2.419468428062152725e+03
2.420275898340263666e+03
2.420355365362349858e+03
2.421708438080690485e+03
2.421733771527328372e+03
2.421791271784500623e+03
2.421805371847563947e+03
2.421986772658886366e+03
2.422666375698439424e+03
2.423437812482055506e+03
2.423453679219686819e+03
2.423539479603432483e+03
2.423542846285156884e+03
2.423707613688752645e+03
2.423710647035652983e+03
2.423831447575938000e+03
2.423846147641684638e+03
2.425044453001155034e+03
2.425056853056615182e+03
2.430137742447770052e+03
2.430900579192922123e+03
2.432048017658221852e+03
2.433465557331559921e+03
2.468828082158584493e+03
2.469100316709497747e+03
2.470703623880355735e+03
2.472119230211713784e+03
2.473535636546649584e+03
2.475826046790604323e+03
2.475913213847129100e+03
2.477085685757725514e+03
2.479911298395394624e+03
2.481534338987844421e+03
2.481910174002115582e+03
2.482886578369124436e+03
2.483176179664378196e+03
2.483243813300205602e+03
2.485863225015632906e+03
2.490197111065785066e+03
2.490892414175556496e+03
2.491028448117308017e+03
2.491031081462418570e+03
2.491309516041062125e+03
2.491532250370584279e+03
2.492604088497757402e+03
2.493237257996301196e+03
2.493676726628509641e+03
2.494345262951899258e+03
2.494723597977351801e+03
2.494774998207241424e+03
2.494780031563086595e+03
2.494791998283275007e+03
2.495439634513188139e+03
2.496017137096092483e+03
2.496715373552317033e+03
2.500542824004081467e+03
2.505390079016963682e+03
2.505399579059453117e+03
2.507609622277296239e+03
2.507626689020294634e+03
2.507656589154024459e+03
2.508165924765381988e+03
2.508340058877537103e+03
2.509210162769113140e+03
2.509900399189557447e+03
2.510677969333938563e+03
2.512797378813085288e+03
2.512800712161327738e+03
2.512971846260065377e+03
2.517720134163645980e+03
2.518724971991158327e+03
2.528225614483175377e+03
2.528544182574651131e+03
2.530068722726553460e+03
2.530982960148851816e+03
2.534254408113871705e+03
2.535943382334545277e+03
2.537004753748239636e+03
2.537074320726047517e+03
2.539057096260759863e+03
2.540521569477343746e+03
2.543831584281521828e+03
2.545189057019541906e+03
2.545404024647659753e+03
2.545406557992323542e+03
2.545580192102243018e+03
2.545945427069104881e+03
2.547162899180966178e+03
2.547191965977635391e+03
2.547239132855257594e+03
2.547433467057758662e+03
2.548831073308610485e+03
2.550131579125176813e+03
2.550152579219100517e+03
2.552309688866862416e+03
2.552313922219129836e+03
2.552803091073624728e+03
2.552958591769107898e+03
2.554631099249466843e+03
2.555174235011997553e+03
2.555184368390653162e+03
2.556272406590282117e+03
2.557608045897317425e+03
2.557669946174168672e+03
2.557679546217105781e+03
2.557722446408978612e+03
2.557903680552889000e+03
2.558146581639274245e+03
2.558152748333521686e+03
2.560025923378041625e+03
2.560187924102596298e+03
2.560263857775546512e+03
2.561000961072271366e+03
2.561365262701625397e+03
2.565568448167213319e+03
2.567825458261784661e+03
2.567858058407589851e+03
2.567909891972750756e+03
2.567933792079645173e+03
2.568292260349575827e+03
2.568879062974075168e+03
2.569097097282576215e+03
2.569568466057459318e+03
2.569793400396820743e+03
2.571343973998491492e+03
2.571666608774822635e+03
2.572604212968295997e+03
2.572736613560463411e+03
2.572872547501766803e+03
2.572918181039197862e+03
2.573996885863749867e+03
2.574318587302573178e+03
2.578086404154289994e+03
2.579721344799962935e+03
2.579995112691067789e+03
2.581913354603817879e+03
2.581924454653463272e+03
2.582045988530362138e+03
2.582063821943456333e+03
2.582097488760698980e+03
2.582285056266268839e+03
2.582295789647608217e+03
2.583354361048779083e+03
2.583394161226787219e+03
2.583489194985162612e+03
2.584412532448161073e+03
2.584604533306892790e+03
2.584688367015176027e+03
2.584704900422455466e+03
2.584720467158745123e+03
2.584854301090656008e+03
2.585715738276803222e+03
2.585729838339866092e+03
2.585856638906986973e+03
2.587065577647348618e+03
2.587526979710988599e+03
2.587867647901307919e+03
2.590405059249985243e+03
2.590407292593307375e+03
2.590440092740007458e+03
2.591200829475767478e+03
2.591204362824903910e+03
2.591399297030088292e+03
2.591404763721205200e+03
2.591614364658653813e+03
2.592926737194960879e+03
2.592933270557515698e+03
2.598164293953484048e+03
2.600559237998304070e+03
2.600569404710441631e+03
2.607190900992025036e+03
2.607547135918633558e+03
2.607925137609262038e+03
2.607928970959740127e+03
2.608554707091704131e+03
2.611071685015659114e+03
2.611986955775912065e+03
2.614306732817877219e+03
2.616198107943797822e+03
2.617065045154543895e+03
2.618773652796362512e+03
2.619316221889691860e+03
2.619362222095429388e+03
2.620198025833596603e+03
2.620530360653311163e+03
2.622146334547488095e+03
2.623950775951260312e+03
2.625189114823115233e+03
2.625208248242023728e+03
2.627533758642965495e+03
2.627560825430689420e+03
2.628499362961671068e+03
2.628502696309912608e+03
2.628636830243165605e+03
2.632030045419461203e+03
2.634820424566214115e+03
2.634929925055959302e+03
2.637648703882477093e+03
2.637752804348070640e+03
2.637989738741102883e+03
2.638474040907164635e+03
2.638479640932210714e+03
2.639674779610851147e+03
2.639721846488026586e+03
2.639908213988229363e+03
2.640298249066011067e+03
2.643523430157433722e+03
2.643530396855259369e+03
2.648247017950542613e+03
2.648250384632267014e+03
2.649218722296530359e+03
2.649321422755862386e+03
2.653017505953414457e+03
2.653164306609986852e+03
2.653714075735518236e+03
2.656709689133523625e+03
2.656712255811669820e+03
2.656721989188536099e+03
2.657905727816189483e+03
2.658311496297672420e+03
2.658596064237081009e+03
2.660328105317039899e+03
2.660440672487167831e+03
2.661522543992549345e+03
2.661525010670248321e+03
2.665114893392814338e+03
2.668096240060343916e+03
2.668099506741621553e+03
2.668231073996727901e+03
2.668391674715021509e+03
2.669044810969533501e+03
2.671293521026982489e+03
2.675699907401394739e+03
2.677446581880135454e+03
2.677450015228824668e+03
2.677777050024834807e+03
2.677782816717292917e+03
2.678104984824869916e+03
2.679433390766220782e+03
2.679772225615006846e+03
2.682922739705811637e+03
2.684279879109007197e+03
2.684634847363283825e+03
2.684712314376425184e+03
2.685733952279076675e+03
2.685743518988530468e+03
2.686459755525261244e+03
2.689998771353656593e+03
2.690096405123661043e+03
2.690645174244720238e+03
2.690927242172947444e+03
2.692365581939314779e+03
2.692909717706317679e+03
2.693400753235828233e+03
2.695055693970952689e+03
2.695927597870578666e+03
2.695931697888916005e+03
2.696094598617496558e+03
2.696868502078811616e+03
2.697012136054554048e+03
2.697274503894671398e+03
2.697408804495336426e+03
2.697994940450187187e+03
2.697998073797534744e+03
2.698286608421351502e+03
2.698363842100115107e+03
2.698367875451488089e+03
2.698774377269584420e+03
2.698923911271714587e+03
2.698927911289604708e+03
2.701065854184976160e+03
2.701851757699962036e+03
2.701996891682413207e+03
2.702001358369057471e+03
2.702200459259544459e+03
2.702207992626571013e+03
