1.690328248998276806e+01
1.753958533587361046e+01
2.098353407241037871e+01
2.176293755832476506e+01
2.273010855070377190e+01
2.275067530935612226e+01
2.275967534960917504e+01
2.278950881637392456e+01
2.284370905878675373e+01
2.294097616048456345e+01
2.296690960980632212e+01
2.303557658358887750e+01
2.316087714400082476e+01
2.420014845885151189e+01
2.455108336175574024e+01
2.487971816492184729e+01
2.613145709670942196e+01
2.834820034451878712e+01
2.983904034569580332e+01
3.051751004684632207e+01
3.057271029373171345e+01
3.243691863148075072e+01
3.412129283158082416e+01
3.900968136176776113e+01
4.725125155586528791e+01
5.041053235254623388e+01
5.078026733953461758e+01
5.498621948416320748e+01
6.114518036370427723e+01
6.125691419677180960e+01
6.292668833157249253e+01
6.294278840358072813e+01
6.296142182025279510e+01
6.296918852165634917e+01
6.298205524586997228e+01
6.298942194548450857e+01
6.303528881729266686e+01
6.306665562424867488e+01
6.311998919611861680e+01
6.315615602454292343e+01
6.334975689043081104e+01
6.357385789273183008e+01
6.548216642772082707e+01
6.549303314298933287e+01
6.555913343862563636e+01
6.562883375036317091e+01
6.662927155819605218e+01
6.674883875963197966e+01
6.696370638730302005e+01
7.261663167024559584e+01
7.267263192070903699e+01
7.461127392469904862e+01
7.629854813776955780e+01
7.636331509410912588e+01
7.639501523588933196e+01
7.641194864495803074e+01
7.712188515351182616e+01
7.719398547598349580e+01
8.009956513797560262e+01
8.368891452482279192e+01
8.704159618649711661e+01
8.716893008933661235e+01
8.798220039338841048e+01
9.289905571756092684e+01
9.291938914183634779e+01
1.032013017947834044e+02
1.032210685498577050e+02
1.091169949196327025e+02
1.112927046505846391e+02
1.113103713962665609e+02
1.113319381593914557e+02
1.113449048840523403e+02
1.113599382846231833e+02
1.113917050933682162e+02
1.114338719486278819e+02
1.114912055383880727e+02
1.119811743964607729e+02
1.123874762136624810e+02
1.125630103320794433e+02
1.163662273421251001e+02
1.227850893840849125e+02
1.576108784772030731e+02
1.577031788900204958e+02
1.578691462989832530e+02
1.583495484476017907e+02
1.616052630089200477e+02
1.626892011902118327e+02
1.631233364652331659e+02
1.632864038612255229e+02
1.634652713278843521e+02
1.660286827928483433e+02
1.752297239448861603e+02
1.782255040103033252e+02
1.826684905484113699e+02
1.900156234087675386e+02
1.920416658036594413e+02
1.953417138965945981e+02
1.992692647960620889e+02
1.993279317251190150e+02
1.993904320046541159e+02
2.001854022268580593e+02
2.002982360648454119e+02
2.012834738046953476e+02
2.039240522814586711e+02
2.118374876746263737e+02
2.118779878557651273e+02
2.119295214195844608e+02
2.121071555473937735e+02
2.121992892927991079e+02
2.123214231723812873e+02
2.129048257816736509e+02
2.159441727086120295e+02
2.159530060814529975e+02
2.160371731245602405e+02
2.165518754265876282e+02
2.167925098361683354e+02
2.169936107356004413e+02
2.180786822552944386e+02
2.182938498843072352e+02
2.231338381980221754e+02
2.240203754964303471e+02
2.295869003929435905e+02
2.316869097853225981e+02
2.318238770645810973e+02
2.489759204444725356e+02
2.527711374187377089e+02
2.534924739782786958e+02
2.568149888383640587e+02
2.579488939098014839e+02
2.625109476471092194e+02
2.626519482777403596e+02
2.748442028081040007e+02
2.754098720047495590e+02
2.790035547443112023e+02
2.799672257210362432e+02
2.813489985677392724e+02
2.835612751289045264e+02
2.835770751995709134e+02
2.836190087204537349e+02
2.836505088613394037e+02
2.840597106915115546e+02
2.924549149060769651e+02
2.950485598395947022e+02
2.950736932853384360e+02
2.991153446951251453e+02
2.992297785402686259e+02
2.995771467605540010e+02
3.006642182891931725e+02
3.047308364773115272e+02
3.080187178491638633e+02
3.081062515739953938e+02
3.081518851114266226e+02
3.081885186086047383e+02
3.082511188885871434e+02
3.082835190334981235e+02
3.184532645181062094e+02
3.185140314565555286e+02
3.185324315388506875e+02
3.227673838131834714e+02
3.227993172893406495e+02
3.228597508929657920e+02
3.231014519739838420e+02
3.238949555229613679e+02
3.247077591582593641e+02
3.311487546325451490e+02
3.311682213862776507e+02
3.312239883023641482e+02
3.312683885009458891e+02
3.313775556558671838e+02
3.314841227991598203e+02
3.316242567592480555e+02
3.320286919014343994e+02
3.321677591900852917e+02
3.324196936502058861e+02
3.326016944642120734e+02
3.350973722929012411e+02
3.353698735116742569e+02
3.353882402604869526e+02
3.365873789570177905e+02
3.384270538517066598e+02
3.396684260704620328e+02
3.398253934391717621e+02
3.427916067056834777e+02
3.430511411997956088e+02
3.445633812966854066e+02
3.467087908921187704e+02
3.482190976470283204e+02
3.483469982190688938e+02
3.610271882650776547e+02
3.648322386166563547e+02
3.648434720002314862e+02
3.648729054652071682e+02
3.649256723678760181e+02
3.649374390871698211e+02
3.649652392115070256e+02
3.650131394257426791e+02
3.650310728392839792e+02
3.650765730427855260e+02
3.651149065475670454e+02
3.651640067671697807e+02
3.692394916616115665e+02
3.712252005427768040e+02
3.731046089485088260e+02
3.744562816605876492e+02
3.753762857753441722e+02
3.757563541418823547e+02
3.760405220795018977e+02
3.786302669955766760e+02
3.786587671230446972e+02
3.795650378430447631e+02
3.799342728277968604e+02
3.800795734776600057e+02
3.933028326192344366e+02
3.933323327511749881e+02
3.933608995456078787e+02
3.933701329202378361e+02
3.934662000165685640e+02
3.936006339511632746e+02
3.968499151503746702e+02
3.986031563251518719e+02
4.111025122290390641e+02
4.115942144281975175e+02
4.158343000588228620e+02
4.158964336700514082e+02
4.159529005892686655e+02
4.160277342572987322e+02
4.160422676556332249e+02
4.161201680040457518e+02
4.161566015003294297e+02
4.161980683524583355e+02
4.162971687956891742e+02
4.198964182268147169e+02
4.201316859457260193e+02
4.217137596882830621e+02
4.259052117680595302e+02
4.313519694622423231e+02
4.335581459961249493e+02
4.337713469496750349e+02
4.341884488151803794e+02
4.342104155800943772e+02
4.342870825896573592e+02
4.347410179532354277e+02
4.351133196183700420e+02
4.367556936306225452e+02
4.439594925165782797e+02
4.439857926342066321e+02
4.440317928399444440e+02
4.440926597788410390e+02
4.445015282741889564e+02
4.446852290957984906e+02
4.449365635532356009e+02
4.450585974323705614e+02
4.452979318361369110e+02
4.488833812055410704e+02
4.527126316653558433e+02
4.528454655927944259e+02
4.528948324802564684e+02
4.529103658830636050e+02
4.530232330545333639e+02
4.530372997841141114e+02
4.530651665754161286e+02
4.552234095615806382e+02
4.584373239359458694e+02
4.615035709831961412e+02
4.654357885702023054e+02
4.655417223773289379e+02
4.661539251154310364e+02
4.744048620180882381e+02
4.745083291475159513e+02
4.868812178191066096e+02
4.886646591289550656e+02
4.994195405639412684e+02
4.995377077591156194e+02
4.996658083320507444e+02
5.028618892933219513e+02
5.041156949010194808e+02
5.052781000999248704e+02
5.053057002233675803e+02
5.053742005297380047e+02
5.059039028988538576e+02
5.061581373692613965e+02
5.065163389713328570e+02
5.067616734019346154e+02
5.095089523559202576e+02
5.097764868858129148e+02
5.103182893090466337e+02
5.104904567457393227e+02
5.117065955183036863e+02
5.119606633212991369e+02
5.186325264948169433e+02
5.204978348374858115e+02
5.237867495472931978e+02
5.239053500777389445e+02
5.242136847901120973e+02
5.243211519374300451e+02
5.272768318234974458e+02
5.284561037645066790e+02
5.321101534407285953e+02
5.382339808298003163e+02
5.434166040092973162e+02
5.452508122128696186e+02
5.467786523795313087e+02
5.559257266235332509e+02
5.581510032428418526e+02
5.605626806958357520e+02
5.608666153885296808e+02
5.635280272918046194e+02
5.661488390134936708e+02
5.662948063330052264e+02
5.663050730455901203e+02
5.663176064349796661e+02
5.664019734789814038e+02
5.664333069524549273e+02
5.664609070758976941e+02
5.665322740617561976e+02
5.667730751387489363e+02
5.679008468494213275e+02
5.745297098306190264e+02
5.753434134699422202e+02
5.785649612117813376e+02
5.788179956768218517e+02
5.835826503202704316e+02
5.850122900477266512e+02
5.850895237264909383e+02
5.856646596321434117e+02
5.886426396179489302e+02
5.886608730328320007e+02
5.904392809868353424e+02
5.934541278041958776e+02
5.940172969896601671e+02
5.947428669014682328e+02
5.948700341368955833e+02
6.049321458067737467e+02
6.054915149752421257e+02
6.148809569699105850e+02
6.152614920052026264e+02
6.269805110856677857e+02
6.271526785223603611e+02
6.461065632943954142e+02
6.484618071616545194e+02
6.515841544598156361e+02
6.557583397956991575e+02
6.574144805361905810e+02
6.590994547389741456e+02
6.672854580178797050e+02
6.673156914864334794e+02
6.673247581936514052e+02
6.678743939852535050e+02
6.790083437823054737e+02
6.804713836591452036e+02
6.854168057777504828e+02
6.950949157301650985e+02
6.951059824463279710e+02
6.998528370101651035e+02
7.025863159024294191e+02
7.026439828270137014e+02
7.026784163143522619e+02
7.027237831839241835e+02
7.299925718113778430e+02
7.422068597736202946e+02
7.481000861313193582e+02
7.518701696598408262e+02
7.654385636783786140e+02
7.758725770116022886e+02
7.762132452019214952e+02
7.788909571780993701e+02
7.825970070868944504e+02
7.839185463308668886e+02
7.842939813433488325e+02
7.850371846673564278e+02
7.948977287690485127e+02
8.025298629040846663e+02
8.095440609420428473e+02
8.120765056018398127e+02
8.221229172014986943e+02
8.253923984910558147e+02
8.254167652667039192e+02
8.335802684449768094e+02
8.335944351750048327e+02
8.339797702317652011e+02
8.347362736152579146e+02
8.351157086456300931e+02
8.475708976853125023e+02
8.476302979509825946e+02
8.476537647226053878e+02
8.486775693016138575e+02
8.502475429900529207e+02
8.512110139658833532e+02
8.513096477403604467e+02
8.513370811963909546e+02
8.528146878050478108e+02
8.529225882876371543e+02
8.538927926269162754e+02
8.565763712959998202e+02
8.613225591901884854e+02
8.622855634972651160e+02
8.625928315382008122e+02
8.633669683338930554e+02
8.651309762234914160e+02
8.701887655113301889e+02
8.820307518084380263e+02
8.842731618377097220e+02
8.864012046888029772e+02
8.991589284149176819e+02
9.028070113977865958e+02
9.131139574960301388e+02
9.131766911099421122e+02
9.241601402338734488e+02
9.259619482925347711e+02
9.401335450089216010e+02
9.402441788370692848e+02
9.402743123051757266e+02
9.424176218912167542e+02
9.443465971853053134e+02
9.443670306100279959e+02
9.578365241862295534e+02
9.578799577138211134e+02
9.677591018987028519e+02
9.677740686323088539e+02
9.678780024304903691e+02
9.687364396032195373e+02
9.687695730847436835e+02
9.688733068820307608e+02
9.689344071553043705e+02
9.690433409758486505e+02
9.910436393730948339e+02
9.911850400055151340e+02
1.009949223929105187e+03
1.012616369191356171e+03
1.016678287358453531e+03
1.047475991769129223e+03
1.047488491825036363e+03
1.047496558527781872e+03
1.048091694522885518e+03
1.063954998805504374e+03
1.064019632427914303e+03
1.073856043088335355e+03
1.073877309850118536e+03
1.086595333398672437e+03
1.087844605652760947e+03
1.088033306496733530e+03
1.089195845029568318e+03
1.089377912510539545e+03
1.098137185020082143e+03
1.098161418461800622e+03
1.098251318863883853e+03
1.098313152473770515e+03
1.108404130939423112e+03
1.112381282060729745e+03
1.112450782371572814e+03
1.112746083692320099e+03
1.115497895999914590e+03
1.118958144809354280e+03
1.120969053803228235e+03
1.128889855896010431e+03
1.130009427570007574e+03
1.131240299741801209e+03
1.134906449472141048e+03
1.135526185577269644e+03
1.135812253523387199e+03
1.136073221357243256e+03
1.136318522454362437e+03
1.146047232633088697e+03
1.146219766738087856e+03
1.146550101548857356e+03
1.146557501581954284e+03
1.146563901610578569e+03
1.146585268372809196e+03
1.146606868469416668e+03
1.146616801847177385e+03
1.146630435241486566e+03
1.146643768634453863e+03
1.146652702007742164e+03
1.146662502051573256e+03
1.146675168774892427e+03
1.146685068819170738e+03
1.146698468879103075e+03
1.146788635949045783e+03
1.146874002997520165e+03
1.146884536377964423e+03
1.146923936554183229e+03
1.147153404247153730e+03
1.147165037632517851e+03
1.147177237687083107e+03
1.147197104442604768e+03
1.147208671161004077e+03
1.147221071216463770e+03
1.147426272134233386e+03
1.147456438935822234e+03
1.147471272335498725e+03
1.147578606148886820e+03
1.148080308392771030e+03
1.149268680374480482e+03
1.149279147087959927e+03
1.149289913802781257e+03
1.149309413889995994e+03
1.149334080666985983e+03
1.149533214890955605e+03
1.149713449030393576e+03
1.149732149114030335e+03
1.149822482851385075e+03
1.149836682914895391e+03
1.149974850199520915e+03
1.150071650632464980e+03
1.150084150688371892e+03
1.150163451043046052e+03
1.150629653128154132e+03
1.150640553176905087e+03
1.150648253211343899e+03
1.150667719965076458e+03
1.150673986659771117e+03
1.150740086955407605e+03
1.150748486992976950e+03
1.150759120373868427e+03
1.150886320942778184e+03
1.151263722630723123e+03
1.151304556146685854e+03
1.151433923391952931e+03
1.151630757605635608e+03
1.151972492467392158e+03
1.152070559572667889e+03
1.152101026375598622e+03
1.152261960428716066e+03
1.152343927461984094e+03
1.152358760861660130e+03
1.152383594306062150e+03
1.152485694762710636e+03
1.152751195950175770e+03
1.152883696542790176e+03
1.153174864511717487e+03
1.153867700943790396e+03
1.154009801579341456e+03
1.154033668352753239e+03
1.154047868416263782e+03
1.154059568468592715e+03
1.154095668630052160e+03
1.154158602244858912e+03
1.154319669631905981e+03
1.154337903046789052e+03
1.154351669775027858e+03
1.154427203446188742e+03
1.154622604320127266e+03
1.155203973586991879e+03
1.155377374362534283e+03
1.155903976717785099e+03
1.155920343457652734e+03
1.155972477024155523e+03
1.156169044569978496e+03
1.156279845065538439e+03
1.156692680245294241e+03
1.156775280614727762e+03
1.156797014045264632e+03
1.156984448216905321e+03
1.157023281723922992e+03
1.157424316850902642e+03
1.157438816915754842e+03
1.157467817045459014e+03
1.157504550543084406e+03
1.158516088400562694e+03
1.158685289157320312e+03
1.158696422540447884e+03
1.158938223621913266e+03
1.159493659439456451e+03
1.160349529934039310e+03
1.160360029981001162e+03
1.160900899066727334e+03
1.160909132436884647e+03
1.160921032490108246e+03
1.160928299189275549e+03
1.160985799446447572e+03
1.161165466916684863e+03
1.161203833754948619e+03
1.161366167814327810e+03
1.162200638213197863e+03
1.162299838656876091e+03
1.162325705439232934e+03
1.162360705595772515e+03
1.162595739980306917e+03
1.162624206774292361e+03
1.162648806884317310e+03
1.162664440287571779e+03
1.162722440546980351e+03
1.162755907363328788e+03
1.163003041801981226e+03
1.163015475190923325e+03
1.163030375257564401e+03
1.163042608645612063e+03
1.163052308688995936e+03
1.163067708757873561e+03
1.163655244718985614e+03
1.163688378200509987e+03
1.163711278302931532e+03
1.163803678716196146e+03
1.165112817904708891e+03
1.165122017945856442e+03
1.165132584659783106e+03
1.165491852933291966e+03
1.165748320747021580e+03
1.165770354178900334e+03
1.167974364036425868e+03
1.167982564073100775e+03
1.167991064111117794e+03
1.168004230836673059e+03
1.168033664301648741e+03
1.168061997761704561e+03
1.168075531155566750e+03
1.168226831832265361e+03
1.168268465351806071e+03
1.168474332939224269e+03
1.169356270217058636e+03
1.169379403653857253e+03
1.169814605600315872e+03
1.169825372315137201e+03
1.169849039087654319e+03
1.169920606074407260e+03
1.169940372829481703e+03
1.169959572915354784e+03
1.170079106783308362e+03
1.170107073575057711e+03
1.170162007154083767e+03
1.170177040554654695e+03
1.170283841032323835e+03
1.170370108084823642e+03
1.170991410863626015e+03
1.171607846953995249e+03
1.172425217276384728e+03
1.172680885086536136e+03
1.174763561068057470e+03
1.176360801545115237e+03
1.176374801607730888e+03
1.176420468478644580e+03
1.176854803754560407e+03
1.177173771847825037e+03
1.180754321195313651e+03
1.180763454569496616e+03
1.180776521294604663e+03
1.180789721353642335e+03
1.180895221825497856e+03
1.181398390742608171e+03
1.181427290871865353e+03
1.181442157605024022e+03
1.181457757674795857e+03
1.181504891218935882e+03
1.182436028716820374e+03
1.182468362194766542e+03
1.182592996085530103e+03
1.182597762773516024e+03
1.182776963574998945e+03
1.182857797269864250e+03
1.183158998616999952e+03
1.183757767961687250e+03
1.183785001416823434e+03
1.183898368590529572e+03
1.184578138297494206e+03
1.184593738367266269e+03
1.184611271779018580e+03
1.185795377074978433e+03
1.187164116530055708e+03
1.187178916596249792e+03
1.187206083384420708e+03
1.187224816801540101e+03
1.187244483556167324e+03
1.187363750756261425e+03
1.187630751950435297e+03
1.188110854097712036e+03
1.188549689393754534e+03
1.189288359364153166e+03
1.190038962721257576e+03
1.190064629502719981e+03
1.190073162874219406e+03
1.190088596276579210e+03
1.190136529824297440e+03
1.190149196547616384e+03
1.190529731582908425e+03
1.191217467992171350e+03
1.191284734959692287e+03
1.191357301950917872e+03
1.191535802749270033e+03
1.192029171622549711e+03
1.192045005026698391e+03
1.192055205072318586e+03
1.192102905285659745e+03
1.192141738792677415e+03
1.192161405547304639e+03
1.192172705597844470e+03
1.192338139671088584e+03
1.192471340266833749e+03
1.193116776486907384e+03
1.193150976639868986e+03
1.193204976881387438e+03
1.193886846597744579e+03
1.193897879980425159e+03
1.193910546703744103e+03
1.193928980119521839e+03
1.193941180174086867e+03
1.194454349135923167e+03
1.194476715902625983e+03
1.194718550317573772e+03
1.194832650827893076e+03
1.195003951594042746e+03
1.196167723465727477e+03
1.196373991054934322e+03
1.196429057967890230e+03
1.196784059555649492e+03
1.197222961518656575e+03
1.197311461914478514e+03
1.197494729400816595e+03
1.197701830327083826e+03
1.198857735496917940e+03
1.198910969068340592e+03
1.199199803693498552e+03
1.199705772623132134e+03
1.200008640644388606e+03
1.200922478064897632e+03
1.200932178108281505e+03
1.201076145418848000e+03
1.201955549352018579e+03
1.202876753472142354e+03
1.203061120963400072e+03
1.203378722383885588e+03
1.203389889100495793e+03
1.203401822487201798e+03
1.203416822554290093e+03
1.203429022608855348e+03
1.203436422641952277e+03
1.203445722683547046e+03
1.203891024675178869e+03
1.208167010466368993e+03
1.208872646955690925e+03
1.209241948607407721e+03
1.210248053107251963e+03
1.210349086892462992e+03
1.210357853598339034e+03
1.210377687020378289e+03
1.210394553762482246e+03
1.211071356789511810e+03
1.211115623654163983e+03
1.211130457053840018e+03
1.211139690428470203e+03
1.211151190479904699e+03
1.211185623967243146e+03
1.211208690737076950e+03
1.211278557716226487e+03
1.211321657908993757e+03
1.211342924670777165e+03
1.211351391375311550e+03
1.211518792124018091e+03
1.212132761536688577e+03
1.212768797714719767e+03
1.214500005457618499e+03
1.214694006325295277e+03
1.214707839720498896e+03
1.214740373199339729e+03
1.214949107466245550e+03
1.215368276007661052e+03
1.215387842761840830e+03
1.215398876144521410e+03
1.216156646200346131e+03
1.216181712979124768e+03
1.216214579792789664e+03
1.216371347160604955e+03
1.216424547398545428e+03
1.216669981829594235e+03
1.217439618605159922e+03
1.217529652341173005e+03
1.217768320075290831e+03
1.217878220566825348e+03
1.217894953974999680e+03
1.218049854667799309e+03
1.218060954717444702e+03
1.218258788935599796e+03
1.218288755736294434e+03
1.218442389756762168e+03
1.218572690339536848e+03
1.218902558481552433e+03
1.218922791905380564e+03
1.219234393299030899e+03
1.220740433368190679e+03
1.220755766770103264e+03
1.221195368736241562e+03
1.222049005887502062e+03
1.222075306005130415e+03
1.222259206827634443e+03
1.222362940624921521e+03
1.222458907720805200e+03
1.222491507866610618e+03
1.222513841299831256e+03
1.222730575602517547e+03
1.223064477095905886e+03
1.223078343824592139e+03
1.223097943912254323e+03
1.223302111492069116e+03
1.223317244893087036e+03
1.223329244946757854e+03
1.223337278316020729e+03
1.224476716745539534e+03
1.224615850701155296e+03
1.224902118648167288e+03
1.224919718726884412e+03
1.224973218966166542e+03
1.225044885953366474e+03
1.225995256870606454e+03
1.226467325648620317e+03
1.226540692643424109e+03
1.226557326051150767e+03
1.227054561608390941e+03
1.227271962580725813e+03
1.227295596019760524e+03
1.227326896159751868e+03
1.227355729622044009e+03
1.227561663876427019e+03
1.228025365950353716e+03
1.228101299623303476e+03
1.229152904326649150e+03
1.229163971042812136e+03
1.229370638633808085e+03
1.229397072085366062e+03
1.229633473142679577e+03
1.229665406618836641e+03
1.229704173458889727e+03
1.232020483818683715e+03
1.232174651174870405e+03
1.233987525949694600e+03
1.234268827207826234e+03
1.234508661613828735e+03
1.234551361804807129e+03
1.234684295732693045e+03
1.235374565486619758e+03
1.235415699003924374e+03
1.235447032477397897e+03
1.235478065949529764e+03
1.236152702300202236e+03
1.236181635762941596e+03
1.236356803213051990e+03
1.236529337318051148e+03
1.236735771574670252e+03
1.237310074143262227e+03
1.238522146230971657e+03
1.238560546402718046e+03
1.239993852813240437e+03
1.240005686199498996e+03
1.240037186340384551e+03
1.240341087699596073e+03
1.240866623383409433e+03
1.240875656757145180e+03
1.240909456908317679e+03
1.241037824149112112e+03
1.242775298586705048e+03
1.242800365365483913e+03
1.242840365544386486e+03
1.243016732999863962e+03
1.243101500045654575e+03
1.243262500765737059e+03
1.244538173137901367e+03
1.245365910173322845e+03
1.245379176899325330e+03
1.246108046825893098e+03
1.246139080298024737e+03
1.246196313887337965e+03
1.246280980932681359e+03
1.246418548214623343e+03
1.246503915263097724e+03
1.246578215595408892e+03
1.246641249210662863e+03
1.246882816957751402e+03
1.248104722422774103e+03
1.248472024065545838e+03
1.248525590971792781e+03
1.249061960037392282e+03
1.249119560295011752e+03
1.249294627744674926e+03
1.249330027903003611e+03
1.249369828081011519e+03
1.249431128355179681e+03
1.249446361756644819e+03
1.250637967086149274e+03
1.250659467182309072e+03
1.250786101082017922e+03
1.250982868628735559e+03
1.251020802131728260e+03
1.251090235775606288e+03
1.251225803048603211e+03
1.251482837531533960e+03
1.251637638223886370e+03
1.251859072547593996e+03
1.252472875292851995e+03
1.252848410305781272e+03
1.252922443970233189e+03
1.252945510740067220e+03
1.256988628823080262e+03
1.257063395824145346e+03
1.257093395958322162e+03
1.257348930434544172e+03
1.259556140306381849e+03
1.260584144904174991e+03
1.260604611662379966e+03
1.260751078984127844e+03
1.261798283667794067e+03
1.261837717177495506e+03
1.262503886823633593e+03
1.262523220243436299e+03
1.262542786997616076e+03
1.262553953714226509e+03
1.263347357262756759e+03
1.263370357365625750e+03
1.263388357446131522e+03
1.263411424215965553e+03
1.264231094548641749e+03
1.264322028288680031e+03
1.264396561955368043e+03
1.264540162597628068e+03
1.264586062802918605e+03
1.264925564321353022e+03
1.267964311245608087e+03
1.268217312377166081e+03
1.268636180917239699e+03
1.269146016530833776e+03
1.270808057297713276e+03
1.270855224175335934e+03
1.271521193820579356e+03
1.271565994020950029e+03
1.272516364938190009e+03
1.272565831826099611e+03
1.272600698648709567e+03
1.274080305266311370e+03
1.276090414256607119e+03
1.277383486706594113e+03
1.277483120485543395e+03
1.277493520532058028e+03
1.277730421591607865e+03
1.279386262330757518e+03
1.280763701824746022e+03
1.280772868532411167e+03
1.280796601971893551e+03
1.280818168735018162e+03
1.281134670150584043e+03
1.285247888547123921e+03
1.285259855267311877e+03
1.285270655315615613e+03
1.285358122373482502e+03
1.287906767105735071e+03
1.288351769096024782e+03
1.289917076096925257e+03
1.292291353382645411e+03
1.292300220088968672e+03
1.292311386805578877e+03
1.292328486882059906e+03
1.292395053846449855e+03
1.292561521257649019e+03
1.292573987980073525e+03
1.293894827220915204e+03
1.293903460592861848e+03
1.294131861614394666e+03
1.294146395012729272e+03
1.294350829260403316e+03
1.294619297127803520e+03
1.295564034686515015e+03
1.295574168065170170e+03
1.295586401453217832e+03
1.295596001496154258e+03
1.295710268673885594e+03
1.295813702469831014e+03
1.296286504584458044e+03
1.296577605886420542e+03
1.297985345515927975e+03
1.298013712309466200e+03
1.300536290258467261e+03
1.300724857768509764e+03
1.300764724613482713e+03
1.301310393720676984e+03
1.301345760545523490e+03
1.301440294301662789e+03
1.301918729774818530e+03
1.301931829833408983e+03
1.302596099471049229e+03
1.302603399503698938e+03
1.303336102780744795e+03
1.303350036176395861e+03
1.303382936323542935e+03
1.303577203859079191e+03
1.303589237246232415e+03
1.303648304177078444e+03
1.303786971463940290e+03
1.306750084716587025e+03
1.308366558613000279e+03
1.308483159134500966e+03
1.309807998393232765e+03
1.309822365124155112e+03
1.309832965171564410e+03
1.309846498565426145e+03
1.310177333378432195e+03
1.310192866781239218e+03
1.310204166831779276e+03
1.310639602112614739e+03
1.311738773695371947e+03
1.312931912365067546e+03
1.312981612587353538e+03
1.313124113224693701e+03
1.314400418933023957e+03
1.314427819055571945e+03
1.314662586772247096e+03
1.316760096153444692e+03
1.318087735424699758e+03
1.318101835487762855e+03
1.320164311378938464e+03
1.320272645196799203e+03
1.321039815294665914e+03
1.321051415346547628e+03
1.321155215810799518e+03
1.321209082718388117e+03
1.322217187227177419e+03
1.322932357092470738e+03
1.324011461918811847e+03
1.324917799305776725e+03
1.324928299352738577e+03
1.325964170652382563e+03
1.326761207550496465e+03
1.327073942282548842e+03
1.327107175764520434e+03
1.328032646570393354e+03
1.328407381579744651e+03
1.328419514967345094e+03
1.328428948342869717e+03
1.328436948378650186e+03
1.329949155142057407e+03
1.329962921870296441e+03
1.329969388565885765e+03
1.329975921928439675e+03
1.330704225185806081e+03
1.330729991967715932e+03
1.330850359172729895e+03
1.330968826369246017e+03
1.331813530147218671e+03
1.331832730233091752e+03
1.331967930837782205e+03
1.332304065674492449e+03
1.332315865727268601e+03
1.332324532432697424e+03
1.332342032510967556e+03
1.332753034349190102e+03
1.334199007483031437e+03
1.334207174186224165e+03
1.334226907607815974e+03
1.334245707691900179e+03
1.334724376499432992e+03
1.337224854349590260e+03
1.337225087683967331e+03
1.337237887741216127e+03
1.337241321089905114e+03
1.337326488137485057e+03
1.337380888380792385e+03
1.337996491134101234e+03
1.338237258877611566e+03
1.339469464388701681e+03
1.340322701538173760e+03
1.342128976283478778e+03
1.342332577194092437e+03
1.343236847905147442e+03
1.344335019483431779e+03
1.344357252916205198e+03
1.345782759291841558e+03
1.346737130226971658e+03
1.346744230258726930e+03
1.346886630895619646e+03
1.347009564778779804e+03
1.348120869749137455e+03
1.348130736459933587e+03
1.348274770437464667e+03
1.348383170922290446e+03
1.348394804307654567e+03
1.348491738074528030e+03
1.348505838137591354e+03
1.348544171642372703e+03
1.349980478066312799e+03
1.350225412495125511e+03
1.350718181365721193e+03
1.351234483674904595e+03
1.352129754345706488e+03
1.352200487995399044e+03
1.352329255237982579e+03
1.352501256007263237e+03
1.353342793104405928e+03
1.353377393259156634e+03
1.353627394377296923e+03
1.354373831049099408e+03
1.354390997792544795e+03
1.354506964977879761e+03
1.355409435680883917e+03
1.356862342179068492e+03
1.356872508891206280e+03
1.356986676068490169e+03
1.357097476564050112e+03
1.357126610027683910e+03
1.357357577727363378e+03
1.358609149991738605e+03
1.359515920713974992e+03
1.359529120773012892e+03
1.360041456397788579e+03
1.361379829050382341e+03
1.361502496265683249e+03
1.362145799142881970e+03
1.362189066003061498e+03
1.363557638790726514e+03
1.364411175941540250e+03
1.364421909322879173e+03
1.365006211936196678e+03
1.365703981723667766e+03
1.366571318936202715e+03
1.366592085695749347e+03
1.366784353222340542e+03
1.366798553285851085e+03
1.366807286658244720e+03
1.367059287785330071e+03
1.368341826854872807e+03
1.368462194059886542e+03
1.368617594754922720e+03
1.370517303251447629e+03
1.370734204221546179e+03
1.372318711308319962e+03
1.373964152000954982e+03
1.373977452060439873e+03
1.374087685886798454e+03
1.374796155722126059e+03
1.375333324791303539e+03
1.375353124879860388e+03
1.375401691763744338e+03
1.375413825151344781e+03
1.375422725191150448e+03
1.375434591910891641e+03
1.375847293756717818e+03
1.375904627346477810e+03
1.376762531183488363e+03
1.376916565205745201e+03
1.377329967054702138e+03
1.378009603427737375e+03
1.378526839074428381e+03
1.379027974649111457e+03
1.379178275321337424e+03
1.380872316231338800e+03
1.381288484759336825e+03
1.381541852559201288e+03
1.381613386212471823e+03
1.383772595869626457e+03
1.383978263456149989e+03
1.384827533921213899e+03
1.384837067297185740e+03
1.384877567478324636e+03
1.385081835058586421e+03
1.385308102737244553e+03
1.386100606281749606e+03
1.387571612860887399e+03
1.387773480430415248e+03
1.387797780539098312e+03
1.387808780588296713e+03
1.388152948794269832e+03
1.390729593651753930e+03
1.390752560421140515e+03
1.390961161354116712e+03
1.391042495051218566e+03
1.391090761933760859e+03
1.393652073389332372e+03
1.393818007464812808e+03
1.395344747626554863e+03
1.397419923574531822e+03
1.398777996315234986e+03
1.398791829710438833e+03
1.399094331063388836e+03
1.399103764438913231e+03
1.399139331264653947e+03
1.400569237659969531e+03
1.400615437866601951e+03
1.400879639048252784e+03
1.400936339301846829e+03
1.402200744956953486e+03
1.402276745296868285e+03
1.403836085604415757e+03
1.406009428658115894e+03
1.407117466947196363e+03
1.407534268811359880e+03
1.407725769667855502e+03
1.408007537594741052e+03
1.408022137660040471e+03
1.408112004728641296e+03
1.408272472113004824e+03
1.408341705755988414e+03
1.409465410781805986e+03
1.409479444177904270e+03
1.410643949386201939e+03
1.410686982912004396e+03
1.410944684064583726e+03
1.411223385311086304e+03
1.411599153658392652e+03
1.411652687231156960e+03
1.412844192560214196e+03
1.413163960657056577e+03
1.413189427437624545e+03
1.413313627993116825e+03
1.413787963447934999e+03
1.413832330313034390e+03
1.413889497235382578e+03
1.414764567815838518e+03
1.414773467855644412e+03
1.415083835910445032e+03
1.415861572722238407e+03
1.415940106406816767e+03
1.415958006486875774e+03
1.416407541830774562e+03
1.417208978748567688e+03
1.417268379014238008e+03
1.417303312503812549e+03
1.417621313926087169e+03
1.417857648316436098e+03
1.418761619026148992e+03
1.421362030656597881e+03
1.421370264026755422e+03
1.421603731737616044e+03
1.421617765133714329e+03
1.422189967692914024e+03
1.423128538557377624e+03
1.423314372721861901e+03
1.425496282480543869e+03
1.425713450118501669e+03
1.425721583488211763e+03
1.425733783542777246e+03
1.426006484762444643e+03
1.426022651501417840e+03
1.426035651559561074e+03
1.426278552645946093e+03
1.426515187037636679e+03
1.430510338239449311e+03
1.430546005065637473e+03
1.431299175100888306e+03
1.431319941860434938e+03
1.431697410215344689e+03
1.431787077283050849e+03
1.431811077390392484e+03
1.431829710807064430e+03
1.431847010884439669e+03
1.431858077600602883e+03
1.431870277655167911e+03
1.431933311270421655e+03
1.432288112857286706e+03
1.432776415041238351e+03
1.432949049146684956e+03
1.433810552999796528e+03
1.434312188576715698e+03
1.434930791343442252e+03
1.435173759096792310e+03
1.435198959209500799e+03
1.435436126936909886e+03
1.435810895279743590e+03
1.435824862008877062e+03
1.436204263705766834e+03
1.436349097686876121e+03
1.436366531098180985e+03
1.436407331280661765e+03
1.436925200263518946e+03
1.439154243566340710e+03
1.439172776982565438e+03
1.440336248852908284e+03
1.440363082306255365e+03
1.441329486628538689e+03
1.441603287853125948e+03
1.442395724730666188e+03
1.442596158960449884e+03
1.443120127970589692e+03
1.444197099454056115e+03
1.444312633304119345e+03
1.445273770936180426e+03
1.445287270996559982e+03
1.445319271139681859e+03
1.445367638022671372e+03
1.445441438352746673e+03
1.445523572053426278e+03
1.445564038901082540e+03
1.449925358407264866e+03
1.451480465362545146e+03
1.451506898814103124e+03
1.451676499572649618e+03
1.451714766410466382e+03
1.451786333397219096e+03
1.453800742406747077e+03
1.454453111991163723e+03
1.454466645385025686e+03
1.454478245436907400e+03
1.454492278833005685e+03
1.454694546404322409e+03
1.454827880333997200e+03
1.455468149864296038e+03
1.456700688710210443e+03
1.457137890665614350e+03
1.457525959067932945e+03
1.458021161282745197e+03
1.462776449217634308e+03
1.464028654818175710e+03
1.464058621618870120e+03
1.464070088336822209e+03
1.464562357205181797e+03
1.464656557626497261e+03
1.464675191043168979e+03
1.464684457751281570e+03
1.464693157790192799e+03
1.464717591232805717e+03
1.466266098158567274e+03
1.466949234547256310e+03
1.467553470583060289e+03
1.467907372165899687e+03
1.467998405906385187e+03
1.469466245804693472e+03
1.469481879207947941e+03
1.469493279258934990e+03
1.469503812639379248e+03
1.470842718627691738e+03
1.470867318737716687e+03
1.470997385986114750e+03
1.471041586183801883e+03
1.471275353896004162e+03
1.471471554773520893e+03
1.471951323585973341e+03
1.472178957937410814e+03
1.472467659228639377e+03
1.472479659282310195e+03
1.472991028236095644e+03
1.473892432267662343e+03
1.474101933204663965e+03
1.474143533390722496e+03
1.474714769278931954e+03
1.477208447098676288e+03
1.478347118858099520e+03
1.478696687088224508e+03
1.478715453838826306e+03
1.478827454339753103e+03
1.478840387730931525e+03
1.478855054463195984e+03
1.478936221492885352e+03
1.479057855370231437e+03
1.480705096070917079e+03
1.480757862973585816e+03
1.480769229691090686e+03
1.480796529813191455e+03
1.480829929962575079e+03
1.481771267506079539e+03
1.481785534236554895e+03
1.483522642005841362e+03
1.484575480048036297e+03
1.484576780053850825e+03
1.484597746814291895e+03
1.484887348109545883e+03
1.486433488358055456e+03
1.486690456174021392e+03
1.486700356218299703e+03
1.486742823074901025e+03
1.487562526741059628e+03
1.488368330345049799e+03
1.488409130527530351e+03
1.488523497705708905e+03
1.488829399073865488e+03
1.490287805596649150e+03
1.490519539966423963e+03
1.490527973337475714e+03
1.490538340050508168e+03
1.490547706759067978e+03
1.491888312754983644e+03
1.492391381671646968e+03
1.493249085507762857e+03
1.493401386188934111e+03
1.493442986374992643e+03
1.493543986826721266e+03
1.493575986969843143e+03
1.493682120777864384e+03
1.494334723696657875e+03
1.494542557959538499e+03
1.495286994622395696e+03
1.496536600211308496e+03
1.497329603758049643e+03
1.497341203809931358e+03
1.498083040461160181e+03
1.498103773887224406e+03
1.498394475187398029e+03
1.499060011497370169e+03
1.500651718616346216e+03
1.500664752007971856e+03
1.500817586024861839e+03
1.502154725338605886e+03
1.503309397169590284e+03
1.503866066325982729e+03
1.504078967278191158e+03
1.504470335695269341e+03
1.504497769151299735e+03
1.504514569226438880e+03
1.504539736005664963e+03
1.505023438169042947e+03
1.505115205246141613e+03
1.505718141276131291e+03
1.505748008076378710e+03
1.505805008331314639e+03
1.505838441814180669e+03
1.506026742656363922e+03
1.506540378286953683e+03
1.506717112410737855e+03
1.506730045801916276e+03
1.506771279319668338e+03
1.506837279614857380e+03
1.506890613186727251e+03
1.507794483895993153e+03
1.508615987570202378e+03
1.508806255087848513e+03
1.511003564915407651e+03
1.511288632857052562e+03
1.511322033006436186e+03
1.512141536671700123e+03
1.515185550286177204e+03
1.518357264471800136e+03
1.519244435106374567e+03
1.522122881313677681e+03
1.522225315105150457e+03
1.523985322976858470e+03
1.524001923051103176e+03
1.524130890294581150e+03
1.525080761209584807e+03
1.525090061251179577e+03
1.525098761290091034e+03
1.525171061613457141e+03
1.525324495633030438e+03
1.526400367111576998e+03
1.528472809713995503e+03
1.529042278927636744e+03
1.529069412382325936e+03
1.529900349432059329e+03
1.529912549486624812e+03
1.529925749545662484e+03
1.530332018029381970e+03
1.530346884762540640e+03
1.531198621905303526e+03
1.531208021947345742e+03
1.531225288691238347e+03
1.531239122086442421e+03
1.531250355470017439e+03
1.532586028110535381e+03
1.532599061502161021e+03
1.532749695509211051e+03
1.532986763236173147e+03
1.533251297752648043e+03
1.536431678643700025e+03
1.536634279549841040e+03
1.541520101401881448e+03
1.541532534790824002e+03
1.541816702728443488e+03
1.541827736111123841e+03
1.541836769484859587e+03
1.544032379304815322e+03
1.544051179388899300e+03
1.544168746581390224e+03
1.544702948970632633e+03
1.545331885116908779e+03
1.548100097497853312e+03
1.548231631419477708e+03
1.548756133765336244e+03
1.548982168109617533e+03
1.549867272068281636e+03
1.549897838871659587e+03
1.550024072769579334e+03
1.550057806253787021e+03
1.550820842999833758e+03
1.551170477896923785e+03
1.551950248051144627e+03
1.551964981450373898e+03
1.553038019582914785e+03
1.553055119659395586e+03
1.553107053225003710e+03
1.553142320049402770e+03
1.553503121663103002e+03
1.553518021729744305e+03
1.553572521973498851e+03
1.553592955398221420e+03
1.553603488778665678e+03
1.553610522143456137e+03
1.553758789473254410e+03
1.554442659198556839e+03
1.555458530408749539e+03
1.556009899541437562e+03
1.556087866556815015e+03
1.556243000583991716e+03
1.556907203554666921e+03
1.556935103679451458e+03
1.557332838791671520e+03
1.557451339321670048e+03
1.557503639555585096e+03
1.557515539608808467e+03
1.559164746984956992e+03
1.560025284167078325e+03
1.561109255681852346e+03
1.561119889062744278e+03
1.561158089233596002e+03
1.561183322679786897e+03
1.561194456062914924e+03
1.561201956096459071e+03
1.561571791083894595e+03
1.562905897050738758e+03
1.563553399946722266e+03
1.563911068213075168e+03
1.563927668287319648e+03
1.564555237760816681e+03
1.564566771145733810e+03
1.564575604518574892e+03
1.564621171389041137e+03
1.565080640110700642e+03
1.565092740164818679e+03
1.565109006904239095e+03
1.565125140309729659e+03
1.565131673672283569e+03
1.566502146468446654e+03
1.566513146517644827e+03
1.569045891178783677e+03
1.569059191238268795e+03
1.569097824744392028e+03
1.570183129598462983e+03
1.570207329706699056e+03
1.571623236039398762e+03
1.571661369543285900e+03
1.572155605087108142e+03
1.572369739378165832e+03
1.572481373210786160e+03
1.573556244684859848e+03
1.573573611429200128e+03
1.573600578216477061e+03
1.573621611643883170e+03
1.574872983907363960e+03
1.575030017943038729e+03
1.575202452047590668e+03
1.575213785431612905e+03
1.576311157006319490e+03
1.578065298185121947e+03
1.578077164904862911e+03
1.578114031736418156e+03
1.578192565420996743e+03
1.578329099364983676e+03
1.581686547714643893e+03
1.581702414452275207e+03
1.581922782104545377e+03
1.582885619744209862e+03
1.583220287907693773e+03
1.583289488217195185e+03
1.583911791000469975e+03
1.583964024567420211e+03
1.584184125551830903e+03
1.584208858995785477e+03
1.584469160159993407e+03
1.584653927653040228e+03
1.585323363980455269e+03
1.585341864063197590e+03
1.585978033575158861e+03
1.586242134756362475e+03
1.587766608241299764e+03
1.588176176739778612e+03
1.588989547044277742e+03
1.589126547657018591e+03
1.590374453238327987e+03
1.591175123486025313e+03
1.591404357844618971e+03
1.592298595177465813e+03
1.592315495253052177e+03
1.592870497735323852e+03
1.594970607128150050e+03
1.594987740538113030e+03
1.595132941187529241e+03
1.595237074986605194e+03
1.598164421412616775e+03
1.599063992102650673e+03
1.600640832488467822e+03
1.601564436619325761e+03
1.602665574877545623e+03
1.602736141859825921e+03
1.602905175949171053e+03
1.603893013700649817e+03
1.604130248095023717e+03
1.604531649890310064e+03
1.604564683371386764e+03
1.604588783479175618e+03
1.606491258654741387e+03
1.607161128317427710e+03
1.607217695237092357e+03
1.607891564917669257e+03
1.608620901512990486e+03
1.608802235657348547e+03
1.608836069142003453e+03
1.609619139310983883e+03
1.611668748477945883e+03
1.611675015172640542e+03
1.611792515698166426e+03
1.612583485902480334e+03
1.612950854212216882e+03
1.613939225299414147e+03
1.615854867200535182e+03
1.615873500617207355e+03
1.616577837100714760e+03
1.619946552167432628e+03
1.620302220424840243e+03
1.620329520546941012e+03
1.620405087551584302e+03
1.620894523073938217e+03
1.621011990265981694e+03
1.621145224195209494e+03
1.621241957961188518e+03
1.622014894751513793e+03
1.622369029668730263e+03
1.622705564507229610e+03
1.624262404803595700e+03
1.624274538191196143e+03
1.626442481220744185e+03
1.626498381470760478e+03
1.626523981585258070e+03
1.626546681686785178e+03
1.626629682058007802e+03
1.626665315550713558e+03
1.628961925822398143e+03
1.629479961472667128e+03
1.632553041883813421e+03
1.632937543603513177e+03
1.632951510332646649e+03
1.632974377101586015e+03
1.633375678896424915e+03
1.635329054299643985e+03
1.635336587666670539e+03
1.635397521272532231e+03
1.635828689867618095e+03
1.636763127380261949e+03
1.637001228445178867e+03
1.638532735294906615e+03
1.638554768726785596e+03
1.638601868937443214e+03
1.639545339823822360e+03
1.639562839902092264e+03
1.639684673780332560e+03
1.639723040618596542e+03
1.640282509787512254e+03
1.640300076532746743e+03
1.640892279181397726e+03
1.640920112639217450e+03
1.641638449185340733e+03
1.642617386897013603e+03
1.642640420333364773e+03
1.642681087181915700e+03
1.645130564803972675e+03
1.645683567277299062e+03
1.645767467652546884e+03
1.646225936369733972e+03
1.646242069775224536e+03
1.646341470219797202e+03
1.646411670533771030e+03
1.646439003989354433e+03
1.646635004865976498e+03
1.646780238848874887e+03
1.646812505659856015e+03
1.647270074373017906e+03
1.647285007773141388e+03
1.649124782668277703e+03
1.649196616322889668e+03
1.649487550957440362e+03
1.651146925045726221e+03
1.651178391853129824e+03
1.651198125274721633e+03
1.652234696577496379e+03
1.653060733605314454e+03
1.653238667734465707e+03
1.653255101141297928e+03
1.653435901949937033e+03
1.655276810183475391e+03
1.655488877798623207e+03
1.655962679917722880e+03
1.655978413321424568e+03
1.656042946943387051e+03
1.658996726820956837e+03
1.661101602901768956e+03
1.661156536480795012e+03
1.661242070196681425e+03
1.663631347549490101e+03
1.663640847591979309e+03
1.663725047968569015e+03
1.663736548020003511e+03
1.665111120834503936e+03
1.665136220946765434e+03
1.666338492990643545e+03
1.666671194478664802e+03
1.666688927891311550e+03
1.671458482556675790e+03
1.671470215942487130e+03
1.671622383289728532e+03
1.672208619245026284e+03
1.672225919322401751e+03
1.675071232048180946e+03
1.676921373656349033e+03
1.677117174532076660e+03
1.678760948550590683e+03
1.678776348619468308e+03
1.678891715802119279e+03
1.678948282721783926e+03
1.679166983699933326e+03
1.679721419513003639e+03
1.683006334204920677e+03
1.683029100973412596e+03
1.683404502652412248e+03
1.684056605568969644e+03
1.684072272305706520e+03
1.684312373379568498e+03
1.684326440109148962e+03
1.684340306837835215e+03
1.684348206873168465e+03
1.684983009712350395e+03
1.685094376877111472e+03
1.688108790359200611e+03
1.688136323815678452e+03
1.689138728298974002e+03
1.690862436008328132e+03
1.691156037321472240e+03
1.692399709550514444e+03
1.692548876884338370e+03
1.692614810512562599e+03
1.693575181474528108e+03
1.693584014847369190e+03
1.693598114910432059e+03
1.693613648313239310e+03
1.693629681718282654e+03
1.693847749360265880e+03
1.694051983607045258e+03
1.695202088750938401e+03
1.695240588923131781e+03
1.695371856176896927e+03
1.696794129204738510e+03
1.697129397370905735e+03
1.697174797573960177e+03
1.700409178706530611e+03
1.700740346854360496e+03
1.700889980856938109e+03
1.701582583954633947e+03
1.703584092906465912e+03
1.705937270097815144e+03
1.706365672013860376e+03
1.707577677434604993e+03
1.707599210864247425e+03
1.708521248321431358e+03
1.709760620531241557e+03
1.709775587264847672e+03
1.709872121029932259e+03
1.710232989310597304e+03
1.712187364718288791e+03
1.712203131455472885e+03
1.712264431729640819e+03
1.712363465505907016e+03
1.713549137475540419e+03
1.713710638197859453e+03
1.714327707624394634e+03
1.714902843530046994e+03
1.714932443662434935e+03
1.714948277066583614e+03
1.714964577139486437e+03
1.714977743865041930e+03
1.714986743905294816e+03
1.714997477286633739e+03
1.717454121607410571e+03
1.717467555000825314e+03
1.718164358117306165e+03
1.720749203011465397e+03
1.720844203436358612e+03
1.720920770445474545e+03
1.722810578897721143e+03
1.723058880008258029e+03
1.723706582905136202e+03
1.724790887754734513e+03
1.724880021486722171e+03
1.724949588464530052e+03
1.725195389563885783e+03
1.725662791654360944e+03
1.725707125185977702e+03
1.725819459021728790e+03
1.726297927828366937e+03
1.726315561240566467e+03
1.727662400597694614e+03
1.727677333997818323e+03
1.727779101119642519e+03
1.728332403594310790e+03
1.728355303696732562e+03
1.728470270877594658e+03
1.728484404274140388e+03
1.728527137798600961e+03
1.728737972074899290e+03
1.729630576067107768e+03
1.732169187421152174e+03
1.732327954797912525e+03
1.732442388643055892e+03
1.733151025145795529e+03
1.733918961913757812e+03
1.735059667015608511e+03
1.737219910010718195e+03
1.737349710591256780e+03
1.737431044288358407e+03
1.737949279939522057e+03
1.738247481273240055e+03
1.739312786037859723e+03
1.739727821227455024e+03
1.739813754945130540e+03
1.739983622371536512e+03
1.740119356311945467e+03
1.740247923553634337e+03
1.740785092622811817e+03
1.742326632850747728e+03
1.743893839860146045e+03
1.745003611490312323e+03
1.745015044874782006e+03
1.745519747132083694e+03
1.746367884258745562e+03
1.746398084393816816e+03
1.747351288657062469e+03
1.747712223604692326e+03
1.765768771030015614e+03
1.774846378296656894e+03
1.774858678351669141e+03
1.827488747075165975e+03
1.829722357065079223e+03
1.835203014910881848e+03
1.835218648314136317e+03
1.835231681705761730e+03
1.835237381731255482e+03
1.835242048418793956e+03
1.835676650362569262e+03
1.837748692963199119e+03
1.839896002567130381e+03
1.852933860879491704e+03
1.855199304345115024e+03
1.855303938146427299e+03
1.855313904857670423e+03
1.855403238590552519e+03
1.875163826970602940e+03
1.875206927163370210e+03
1.875295927561428471e+03
1.896177687622632220e+03
1.897653760891097591e+03
1.897683427690450344e+03
1.899830470626522128e+03
1.900064505006584113e+03
1.906019464973722506e+03
1.913666065840128340e+03
1.923183275072907691e+03
1.944132602102974261e+03
1.944148568841052793e+03
1.944216702479116748e+03
1.951505968413993969e+03
1.954264347417625004e+03
1.954836416642894847e+03
1.976348279522259872e+03
1.976408713125885015e+03
1.987079427517763861e+03
1.997913109305188073e+03
1.998035243184770025e+03
1.998478211832632496e+03
1.998488011876463361e+03
2.026774638389572829e+03
2.031312058683372925e+03
2.068735659395310904e+03
2.071620872299545681e+03
2.098039257123532934e+03
2.098048890499951995e+03
2.098057790539757661e+03
2.098069123923780353e+03
2.098181024424259704e+03
2.098346991833222546e+03
2.098354958535520836e+03
2.098428992199972527e+03
2.098468492376638551e+03
2.098477392416444673e+03
2.098597459620116751e+03
2.098606026325098355e+03
2.098622293064518544e+03
2.098755626994193790e+03
2.098760660350038506e+03
2.098866360822788465e+03
2.098872694184447937e+03
2.122887301590774769e+03
2.128938095319867443e+03
2.138329603990445321e+03
2.141327950734008937e+03
2.143727361465472768e+03
2.144360330963122124e+03
2.144404397826879176e+03
2.144556198505814336e+03
2.144602865381200445e+03
2.149222119374338490e+03
2.149417186913452952e+03
2.149516454024095765e+03
2.153448471610207434e+03
2.153532805320726766e+03
2.153644372486382053e+03
2.153739272910828277e+03
2.153787306458993498e+03
2.157426356068127461e+03
2.176342740672441323e+03
2.176520141465873621e+03
2.181839965259006021e+03
2.182094233062895910e+03
2.189785134127436322e+03
2.189793267497146189e+03
2.202976326458923722e+03
2.209599889416417227e+03
2.222388579947698872e+03
2.232925460407666378e+03
2.234335900049249631e+03
2.234922136004547610e+03
2.236499276391706644e+03
2.249039632478968997e+03
2.252975816750382819e+03
2.253761053595720568e+03
2.256154130965524928e+03
2.256856000771333129e+03
2.258126906455511744e+03
2.259657413300766621e+03
2.263897998933628514e+03
2.263913732337330202e+03
2.267084479851962897e+03
2.267318947567296618e+03
2.290302383695000117e+03
2.299538858338848968e+03
2.316410700465528862e+03
2.321032121135024227e+03
2.323237197663987445e+03
2.323842533704710604e+03
2.325145539532458770e+03
2.325889109524772721e+03
2.325896842892693712e+03
2.326009643397198943e+03
2.327579683752602705e+03
2.327630683980703452e+03
2.327754151199582338e+03
2.327772284614017735e+03
2.327981585550125146e+03
2.330045361447114828e+03
2.330053861485132074e+03
2.334946516701068049e+03
2.334963050108347943e+03
2.341488412626635636e+03
2.348303876442413184e+03
2.348518210734365312e+03
2.348600044433703715e+03
2.352127860212005999e+03
2.352653362562336497e+03
2.379791317271297430e+03
2.379803883994168700e+03
2.379823184080489682e+03
2.387328184313580550e+03
2.395937889487510347e+03
2.399819240180345332e+03
2.399829840227754630e+03
2.400008807694860934e+03
2.419197560184018130e+03
2.419298560635746981e+03
2.419372594300198671e+03
2.420124464329634975e+03
2.421876372165115754e+03
2.421947839151421704e+03
2.422345007594440631e+03
2.423628780002832173e+03
2.423718880405810069e+03
2.428600768906925623e+03
2.428611802289606203e+03
2.450717234490401097e+03
2.452082040594552836e+03
2.452121140769429985e+03
2.483226379888901192e+03
2.492967623457016543e+03
2.506222416072958822e+03
2.520249945478332393e+03
2.520831248078231965e+03
2.521287316784684663e+03
2.522850423775745639e+03
2.522863023832099771e+03
2.523223292110081275e+03
2.526622640647141907e+03
2.535122311995607561e+03
2.547234899502990174e+03
2.548722672823784706e+03
2.552354922402505053e+03
2.555881904843746725e+03
2.560217624235431231e+03
2.560258091083087947e+03
2.566452818789264256e+03
2.567864758437556247e+03
2.568010559089655544e+03
2.568258360197956335e+03
2.568291260345103638e+03
2.570317036072136034e+03
2.580654215638933692e+03
2.580684149106145469e+03
2.580919650159433331e+03
2.583323194242717364e+03
2.583325694253899201e+03
2.583675229150541327e+03
2.584164531338965844e+03
2.584192898132504070e+03
2.584292531911453352e+03
2.584570566488308032e+03
2.584629133416917739e+03
2.585374003415046445e+03
2.585415436933692945e+03
2.585471403850673596e+03
2.585862605600339975e+03
2.585886672374646423e+03
2.585898439093939942e+03
2.585912505823520405e+03
2.585917705846778063e+03
2.586064373169420378e+03
2.586236107270841785e+03
2.586923143676973723e+03
2.587520546348881908e+03
2.589910957040092853e+03
2.589978924010744777e+03
2.590054591015834831e+03
2.590102057894799600e+03
2.590254458576417619e+03
2.591453130604194939e+03
2.591511264197532910e+03
2.591600697930862225e+03
2.596436152890968060e+03
2.601053706876503384e+03
2.604208087651268670e+03
2.604249154501608245e+03
2.604259521214640699e+03
2.604282487984027284e+03
2.625938851509677079e+03
2.637577536897512800e+03
2.637635637157368819e+03
2.637652437232507964e+03
2.637753437684236815e+03
2.637762904393243844e+03
2.637776604454517837e+03
2.637784771157710111e+03
2.637795437872084221e+03
2.637803104573040855e+03
2.641878789468376908e+03
2.641903822913673139e+03
2.644048399172045720e+03
2.657755660478340360e+03
2.658165595645125904e+03
2.662105046597816909e+03
2.666105731157710579e+03
2.670685318306770569e+03
2.684638814047691540e+03
2.684748047869577931e+03
2.684817014844702499e+03
2.684963615500380001e+03
2.686171620903234270e+03
2.687422226496619714e+03
2.691440311134335843e+03
2.692497749197104895e+03
2.698147841134041755e+03
2.698234208186989235e+03
2.698895644478623581e+03
