6.299778864957161062e+01
6.301048870637313115e+01
6.301945541314377408e+01
6.304122217716319199e+01
6.307325565376757481e+01
6.307732233862265758e+01
6.309522241868151582e+01
6.310145577989380428e+01
6.311448917151952998e+01
6.316022270939800620e+01
6.317638944837107573e+01
6.319285618868592280e+01
6.324522308956572658e+01
6.327295654693809723e+01
6.327738990009979148e+01
6.329558998150039884e+01
6.330239001191382187e+01
6.336612363029840367e+01
6.337585700716466874e+01
6.340099045290838120e+01
6.340725714760309728e+01
6.346775741819306660e+01
6.347595745486807317e+01
6.348472416074419300e+01
6.353435771606565652e+01
6.358319126780907737e+01
6.359879133758103364e+01
6.371355851754866961e+01
6.373629195255823277e+01
6.374109197402652427e+01
6.386882587865503780e+01
6.391415941474449625e+01
6.399755978775611709e+01
6.403075993624516116e+01
6.406076007042200615e+01
6.410432693194326248e+01
6.422269412801210819e+01
6.430659450326001547e+01
6.434542801027782843e+01
6.438706152981879427e+01
6.439489489818720358e+01
6.446812855906111395e+01
6.449649535259943889e+01
6.452142879744863535e+01
6.453189551092810916e+01
6.453976221277892478e+01
6.467972950545511424e+01
6.478789665590383606e+01
6.485369695019838332e+01
6.493073062806803364e+01
6.494903070991590255e+01
6.501763101673361689e+01
6.506973124975407075e+01
6.525036539098108790e+01
6.532559906080012979e+01
6.534533248239200987e+01
6.542676617994092680e+01
6.564510048978351620e+01
6.585596809956429354e+01
6.593720179621870159e+01
6.594303515564197937e+01
6.594890184854767767e+01
6.607436907637170975e+01
6.614666939973790249e+01
6.621353636546984944e+01
6.622793642987473106e+01
6.623746980584648725e+01
6.637787043379411500e+01
6.646063747063978155e+01
6.646747083453560379e+01
6.655447122364846280e+01
6.660690479149310761e+01
6.667633843537127802e+01
6.670220521772820632e+01
6.670847191242292240e+01
6.671957196206834340e+01
6.672680532775321183e+01
6.673587203497109499e+01
6.684133917334392549e+01
6.697493977087812311e+01
6.699787320678220226e+01
6.708494026285988809e+01
6.710827370055298502e+01
6.712560711141071579e+01
6.713107380252738210e+01
6.716597395861978725e+01
6.717390732743542969e+01
6.721087415943779320e+01
6.723740761144308919e+01
6.733327470687930827e+01
6.772304311680133537e+01
6.778571006374852459e+01
6.782021021805189775e+01
6.788687718288933581e+01
6.794667745034850270e+01
6.802581113761053189e+01
6.805327792712354551e+01
6.806027795843147032e+01
6.816684510172412104e+01
6.818104516523447955e+01
6.818861186574353894e+01
6.820851195474749318e+01
6.835434594032938094e+01
6.840744617782237924e+01
6.841827955960846452e+01
6.843507963474750966e+01
6.849157988744723013e+01
6.850961330143574912e+01
6.853361340877722796e+01
6.858041361809308967e+01
6.861601377731628304e+01
6.868538075422962663e+01
6.869744747486521419e+01
6.890931508911856440e+01
6.909108256874782228e+01
6.924598326154757899e+01
6.926821669432086992e+01
6.934341703065747708e+01
6.938148386757964658e+01
6.938795056316888576e+01
6.939455059268779280e+01
6.954348459213461808e+01
6.969331859560674047e+01
6.978601901021316678e+01
7.012872054295998225e+01
7.041792183642475322e+01
7.053478902578476095e+01
7.054925575715448360e+01
7.066402293712211247e+01
7.068185635021612256e+01
7.070032309947609406e+01
7.070645646024114228e+01
7.072115652598780855e+01
7.088875727558910000e+01
7.089672397788717717e+01
7.091232404765912634e+01
7.115525846752672123e+01
7.116545851314684512e+01
7.117065853640417572e+01
7.119135862898617972e+01
7.121042538092969210e+01
7.176502786141226409e+01
7.184279487589513735e+01
7.193589529229059565e+01
7.198226216633503327e+01
7.211892944425176211e+01
7.223866331309979216e+01
7.266653189342640928e+01
7.268109862524337927e+01
7.268903199405903592e+01
7.280903253076640169e+01
7.287716616883025722e+01
7.295209983730752867e+01
7.296916658030590952e+01
7.304060023312921146e+01
7.311333389176687092e+01
7.326723458009406897e+01
7.354770250116513353e+01
7.380830366671463594e+01
7.381343702300712550e+01
7.438033955850220025e+01
7.442257308072670696e+01
7.449840675322928973e+01
7.462877400296889618e+01
7.473054112479321986e+01
7.473534114626151847e+01
7.474290784677056365e+01
7.475307455890826702e+01
7.492790867419444112e+01
7.501277572043248654e+01
7.503057580004407612e+01
7.505104255824916493e+01
7.511674285209645063e+01
7.527671023422385588e+01
7.530464369249074252e+01
7.531117705504480853e+01
7.543104425782250644e+01
7.544714432983074914e+01
7.557657824206260955e+01
7.560084501726345252e+01
7.562881180901274547e+01
7.582287934365450610e+01
7.644398212156241357e+01
7.708348498176545149e+01
7.716765202487270869e+01
7.735241951791964254e+01
7.745371997099010741e+01
7.761748737011326682e+01
7.782368829235542762e+01
7.793312211513608645e+01
7.835885735258790419e+01
7.937866191370605407e+01
7.948582905968223145e+01
7.950429580894218873e+01
7.951662919743712621e+01
7.963929641273799120e+01
7.964849645388555643e+01
7.967302989694572091e+01
7.982006388789467621e+01
8.004953158086510712e+01
8.012563192122703981e+01
8.026193253083717138e+01
8.029706602130647752e+01
8.041589988612921047e+01
8.046496677224955363e+01
8.060643407163458107e+01
8.067503437845229541e+01
8.069056778125940355e+01
8.082350170914524767e+01
8.097933573945273622e+01
8.114716982343097129e+01
8.125327029796973477e+01
8.135513742024133421e+01
8.143243776597032024e+01
8.159277181640435117e+01
8.169027225247909030e+01
8.193407334288956179e+01
8.214734096340450265e+01
8.226547482509641895e+01
8.231684172150366408e+01
8.238010867113439417e+01
8.247700910452559242e+01
8.249044249794033590e+01
8.250194254937478888e+01
8.251424260438729164e+01
8.254840942386647384e+01
8.269721008938361706e+01
8.300427812942480443e+01
8.320444569134920698e+01
8.344438009779909748e+01
8.378228160907761435e+01
8.389528211447705530e+01
8.401184930249530680e+01
8.416094996935420625e+01
8.439708435880839943e+01
8.463031873529213556e+01
8.487631983554224746e+01
8.511318756160963517e+01
8.557842297572763357e+01
8.559488971604248775e+01
8.566142334695022953e+01
8.575032374456095852e+01
8.584912418645002674e+01
8.594829129664569223e+01
8.612132540388124369e+01
8.626955940019728075e+01
8.666866118519654094e+01
8.710396313210254959e+01
8.722029698574385748e+01
8.747593146241298712e+01
8.757993192755937173e+01
8.771806587870251803e+01
8.790190003424173426e+01
8.800783384136840937e+01
8.811996767622495952e+01
8.822946816597043096e+01
8.832413525603958249e+01
8.842500237383862327e+01
8.851820279068134312e+01
8.867813683932634206e+01
8.876677056907769270e+01
8.884473758445507485e+01
8.891757124353996744e+01
8.909877205396810496e+01
8.915847232098001029e+01
8.921817258799194406e+01
8.923150598095942598e+01
8.946010700338698030e+01
8.963264110838623822e+01
9.013587669246156509e+01
9.033847759860252324e+01
9.060947881066667264e+01
9.064987899135815042e+01
9.089271341077848376e+01
9.110391435538346627e+01
9.126311506741525648e+01
9.134088208189810132e+01
9.151861621015468984e+01
9.165665016085060302e+01
9.176955066580278242e+01
9.204775191006937973e+01
9.218328584958386784e+01
9.224985281397404435e+01
9.235188660365773217e+01
9.245265372100949719e+01
9.249698725262639698e+01
9.263888788728286272e+01
9.279445524973100135e+01
9.286322222396080406e+01
9.302218960161566486e+01
9.307545650652076574e+01
9.319302369901157590e+01
9.329399081725786402e+01
9.340595798470232580e+01
9.353192521476265142e+01
9.363632568169805381e+01
9.364385904872467847e+01
9.377259295782576487e+01
9.384212660215119683e+01
9.405616089276176695e+01
9.446076270236012817e+01
9.464773020524670244e+01
9.466346360894833367e+01
9.467293031795526304e+01
9.469189706945149965e+01
9.484006439880268147e+01
9.504103196430511957e+01
9.623643731080505859e+01
9.640877141490982183e+01
9.641520477701664049e+01
9.642140480474651554e+01
9.698324065091395596e+01
9.702717418074180955e+01
9.715597475680772277e+01
9.723537511192911609e+01
9.730294208079183704e+01
9.738650912121556757e+01
9.746394280087423567e+01
9.750287630833929597e+01
9.773424400980758264e+01
9.779707762416687444e+01
9.814631251946774171e+01
9.837021352087424475e+01
9.849874742908082226e+01
9.850958081086689333e+01
9.851658084217483236e+01
9.879874877084924378e+01
9.913828362276628070e+01
9.942785158453764893e+01
9.943501828325766212e+01
9.966935266466123267e+01
9.974748634745068898e+01
1.000939545637108239e+02
1.003438556814039231e+02
1.004790562860942345e+02
1.006130902188998846e+02
1.006772238390735055e+02
1.006852905418188300e+02
1.006937239128707517e+02
1.009219249335092741e+02
1.010272587379524225e+02
1.010543255256764184e+02
1.011279591883393607e+02
1.012420596986586077e+02
1.033087022751365112e+02
1.035742367960839800e+02
1.036278370358132861e+02
1.037372041916290897e+02
1.038679381096752792e+02
1.039443384513789823e+02
1.040388722075184518e+02
1.040455722374846061e+02
1.040582389608037346e+02
1.040908391066092236e+02
1.041623060929149602e+02
1.043076067427781339e+02
1.043642736628899428e+02
1.044301739576317516e+02
1.045379744397738619e+02
1.045801412950335418e+02
1.046540749590382546e+02
1.046802750762193739e+02
1.046850750976876583e+02
1.048358757721499188e+02
1.049214094880363461e+02
1.066246171057029954e+02
1.067114508274037519e+02
1.069168517460678629e+02
1.069839187126943187e+02
1.070453856542744262e+02
1.072807200401505554e+02
1.073959205553896368e+02
1.079383896482717944e+02
1.079521897099931351e+02
1.081508905986910918e+02
1.083601915347982043e+02
1.084595586458883929e+02
1.084897587809597610e+02
1.085154922293870072e+02
1.087166597957839542e+02
1.090790280831577945e+02
1.096794974354485106e+02
1.098705649566725953e+02
1.102061664576642102e+02
1.110924704216954240e+02
1.113925050969462660e+02
1.113991051264651730e+02
1.117176398844584071e+02
1.118297403858325367e+02
1.121223416945040299e+02
1.121926086754426848e+02
1.122014087148012180e+02
1.123191759081865371e+02
1.124577765280835422e+02
1.125392768925973144e+02
1.126063438592237560e+02
1.126905109023310274e+02
1.127281444039817444e+02
1.128646783479688054e+02
1.130030789669713158e+02
1.132223799478040291e+02
1.143138181626400041e+02
1.144700188612541041e+02
1.146945531988265543e+02
1.147868536116439913e+02
1.150060212585470367e+02
1.151176217576848870e+02
1.152481556748365819e+02
1.152676557620515325e+02
1.154915234299756150e+02
1.156566908353603509e+02
1.157530912665152698e+02
1.158508250369669383e+02
1.160949927956840213e+02
1.163739607100462479e+02
1.165005612762725207e+02
1.165899950096019495e+02
1.167199955910349303e+02
1.167417623550543482e+02
1.167850625487162546e+02
1.169741300609952077e+02
1.170508637375230876e+02
1.171519641896990578e+02
1.172133311308319037e+02
1.173420650399329901e+02
1.173699651647174562e+02
1.173760651920000697e+02
1.175123658016102013e+02
1.176244996364667514e+02
1.177093333492223763e+02
1.178534673272009030e+02
1.181771354414866266e+02
1.185542704615719600e+02
1.186079373682660929e+02
1.190034724706465568e+02
1.191527398049175588e+02
1.193978742346247799e+02
1.194821746116617192e+02
1.195841750678629865e+02
1.196093751805715328e+02
1.197379090887780961e+02
1.197636092037229218e+02
1.198380762034463345e+02
1.198918431105877147e+02
1.200041436128563674e+02
1.200837773023546760e+02
1.201438775711556275e+02
1.201867777630285161e+02
1.203145116676570296e+02
1.203911120102552275e+02
1.204794790721472424e+02
1.207485136087486808e+02
1.208791808598300577e+02
1.209377477884397365e+02
1.209924480330888343e+02
1.210892817995152058e+02
1.211927822624253253e+02
1.212385824672686425e+02
1.212790826484073818e+02
1.213673163763697147e+02
1.214214499518177064e+02
1.214389166966051192e+02
1.215425504934448924e+02
1.215584172310761915e+02
1.216866844714234190e+02
1.217802848900551709e+02
1.219066187884220938e+02
1.221614532615131736e+02
1.222591536984824216e+02
1.223432207411424173e+02
1.224559212452001020e+02
1.225761884497668177e+02
1.227076223709438096e+02
1.230051237015308487e+02
1.230843907227225458e+02
1.231979578973230929e+02
1.233193251068096430e+02
1.234935925528946825e+02
1.239893947703906463e+02
1.241391954403803624e+02
1.243789965129005992e+02
1.244981970460299152e+02
1.246154642371789407e+02
1.248407319113646281e+02
1.252489670705466125e+02
1.253526675343512409e+02
1.254958348413396294e+02
1.257320358977586352e+02
1.258299030021399716e+02
1.266819068127623353e+02
1.268447742078601692e+02
1.289875837916648322e+02
1.291953513875807005e+02
1.295507863106114428e+02
1.296873535880808959e+02
1.299214546351075512e+02
1.300149217198096210e+02
1.301866891547132639e+02
1.305698908685988044e+02
1.306862913892049392e+02
1.308273253533185425e+02
1.309863593979382301e+02
1.312756606918502484e+02
1.316622624209424828e+02
1.322460650320238926e+02
1.340902066133568553e+02
1.342151405054621875e+02
1.344809416942690063e+02
1.346346757151841302e+02
1.347872763976969850e+02
1.348618433978676592e+02
1.348804101475749064e+02
1.349531438062125517e+02
1.350115774008925200e+02
1.352280450357196742e+02
1.353464788987533609e+02
1.377694897357697243e+02
1.379420571742514312e+02
1.381007912175293484e+02
1.382598585956314423e+02
1.383478256557344537e+02
1.385221597687843200e+02
1.386244602263273578e+02
1.387027939100113372e+02
1.388328278249267385e+02
1.390302287078103802e+02
1.391221624523211631e+02
1.394090970689814810e+02
1.394756973668540638e+02
1.396785649408543577e+02
1.406458359336806438e+02
1.407054695337277224e+02
1.409450706053534361e+02
1.410773711970733189e+02
1.411779383135305750e+02
1.414201393967849469e+02
1.418920081739042871e+02
1.421463093112766387e+02
1.422080095872337040e+02
1.423238101051563262e+02
1.424217438765024895e+02
1.439802508469894917e+02
1.441143181132775908e+02
1.442607187680605705e+02
1.448591214444413424e+02
1.459705264152460984e+02
1.461603939311031297e+02
1.463039279063981155e+02
1.465183288653152829e+02
1.471266982529392351e+02
1.473179324415754081e+02
1.475841002986888384e+02
1.477375343182621918e+02
1.480449356931275986e+02
1.494641420405867791e+02
1.499949110811399748e+02
1.507219476661745432e+02
1.510474491219933100e+02
1.536293606696996790e+02
1.537910947263953005e+02
1.542748968902205036e+02
1.582268812323009115e+02
1.584925824206604830e+02
1.585751161231292201e+02
1.586474497799778476e+02
1.588295839279136885e+02
1.589581511696026723e+02
1.591175852160114061e+02
1.592319190607075825e+02
1.593508529259775344e+02
1.593951531241120279e+02
1.594940535664483434e+02
1.595432537864983829e+02
1.595946540163880343e+02
1.596765543826908242e+02
1.597846215326922845e+02
1.599406888973767025e+02
1.599888557794717485e+02
1.600515560599013440e+02
1.602424902471957466e+02
1.604036243012078273e+02
1.605765917414785520e+02
1.606829255503942306e+02
1.607931927102353598e+02
1.610319937782830095e+02
1.619455978644151628e+02
1.627081012747432283e+02
1.629469356762733412e+02
1.630714695665896556e+02
1.631705366763380596e+02
1.633055706136162826e+02
1.637185391273017387e+02
1.638198395803722178e+02
1.638920399032911348e+02
1.639986737135486408e+02
1.642179746943813541e+02
1.645066759856098315e+02
1.660273161200691732e+02
1.668739865735045100e+02
1.690777964301354359e+02
1.691934969476107824e+02
1.693028307699441655e+02
1.694194312914448233e+02
1.695035983345520947e+02
1.696619990430058351e+02
1.699201001973739267e+02
1.704341024962705262e+02
1.730552475527837544e+02
1.731812814498088642e+02
1.733321154577535594e+02
1.737934508544285848e+02
1.739023846749729501e+02
1.739600515995573176e+02
1.772567663442506216e+02
1.786864727386717107e+02
1.803946137117363264e+02
1.806164813707152916e+02
1.807593153428794892e+02
1.807896488118805109e+02
1.809032493199634928e+02
1.809949163966149683e+02
1.810904168237445901e+02
1.861623061746465453e+02
1.863203068813112395e+02
1.865045410386394735e+02
1.866111748488969511e+02
1.876063126330252544e+02
1.876181126858014636e+02
1.876400461172329983e+02
1.876469461480936900e+02
1.964273520854897299e+02
1.979332588207199990e+02
1.983611274010466445e+02
1.984788612609495431e+02
1.987862293023324867e+02
1.994266988335256769e+02
1.998592007679085043e+02
1.999952013761768512e+02
2.001361020063607725e+02
2.003954364995783521e+02
2.006273708702478018e+02
2.010869729258370455e+02
2.011671732845364602e+02
2.043772209749411104e+02
2.043893210290590901e+02
2.045193882774569261e+02
2.045950552825473778e+02
2.046755556425885914e+02
2.047329225658311884e+02
2.048615898079674480e+02
2.049713569655722836e+02
2.050730240869493457e+02
2.051715245274966435e+02
2.053149585023443535e+02
2.054383590542584557e+02
2.056103264900565932e+02
2.063675965436449644e+02
2.073453342499507244e+02
2.075355017671494693e+02
2.078030029635596634e+02
2.102494805721988200e+02
2.123818567760064013e+02
2.198814903184282059e+02
2.200100242266347550e+02
2.201530581996934757e+02
2.205179598317311331e+02
2.233739059384017764e+02
2.235668401346412963e+02
2.259347507252195442e+02
2.278750927368128885e+02
2.280202600527464085e+02
2.326467807450519274e+02
2.328144814951004662e+02
2.331117828247929822e+02
2.425040914989494070e+02
2.452680371941443980e+02
2.458602731762777012e+02
2.460441073318168890e+02
2.461928413303691912e+02
2.463466753517315908e+02
2.465899097729409561e+02
2.487219526419243323e+02
2.488461531974164700e+02
2.490475540981903464e+02
2.491923547458172550e+02
2.493495221154214789e+02
2.512956641529557089e+02
2.515352652245814511e+02
2.517956663892364304e+02
2.561398858189378416e+02
2.633049178648405473e+02
2.636512527471710428e+02
2.636751195205828253e+02
2.637738532955070241e+02
2.638807204401414879e+02
2.640772879859646309e+02
2.642188552857969626e+02
2.643668226142535786e+02
2.644501896537827861e+02
2.644655563891778343e+02
2.646812573539093023e+02
2.648481914338622687e+02
2.649647252883980855e+02
2.649796253550392748e+02
2.651330260411301651e+02
2.651891929590057089e+02
2.652119263940152791e+02
2.652878267334826887e+02
2.662661311089895548e+02
2.663657982214215281e+02
2.668010335013626673e+02
2.676631373571578365e+02
2.801768266584851403e+02
2.806910289582762061e+02
2.845831130324501714e+02
2.847683805277333704e+02
2.847816805872184887e+02
2.851398488558075428e+02
2.901388378806597643e+02
2.905408063451470753e+02
2.906072399756075697e+02
2.915238774086398053e+02
3.082072853592065371e+02
3.083597527077897098e+02
3.085960870981384119e+02
3.091637229702466811e+02
3.097959924647648791e+02
3.099464598044029913e+02
3.122060365771204147e+02
3.271658034852977721e+02
3.406179303171591073e+02
3.413127667581771902e+02
3.449860498537547073e+02
3.452057175028940605e+02
3.453643848792071367e+02
3.456119526531309134e+02
3.458396203380507359e+02
3.486867997388453091e+02
3.537085555321894503e+02
3.603487518974095565e+02
3.603796187021292781e+02
3.730974089163063354e+02
3.731939760148733853e+02
3.732984764822560351e+02
3.753453189701771748e+02
3.757467874324282207e+02
3.759125215070140484e+02
3.874729732116133505e+02
3.921117606254489374e+02
3.944350376830685150e+02
3.944404377072203260e+02
3.944465710679854169e+02
3.946183051694066535e+02
3.948056060071173761e+02
4.014337356517018520e+02
4.132496218320757180e+02
4.165894701030188116e+02
4.169672051257877570e+02
4.210318899719258070e+02
4.212289241865028657e+02
4.447556960776316828e+02
4.447628961098341165e+02
4.447679961326441571e+02
4.449639636757837593e+02
4.453355986712700769e+02
4.456054998784143777e+02
4.525800977392589743e+02
4.536176023795414949e+02
4.537510696431460246e+02
4.539531372135683114e+02
4.663046591229284559e+02
4.666175271889105716e+02
4.752375324089077253e+02
4.791317164924740837e+02
4.920845410911855424e+02
4.970669300417932277e+02
5.006209126037941246e+02
5.119312965232882675e+02
5.144435410927395651e+02
5.192068623968914380e+02
5.287443383869813260e+02
5.288168720447243913e+02
5.395062198532754110e+02
5.605249138602553103e+02
5.643437642735555073e+02
5.647934662848663265e+02
5.779203249952859096e+02
5.828105135335234763e+02
5.828176468987610406e+02
5.828278136108987155e+02
5.828326469658494489e+02
5.828448803538971106e+02
5.856842930532880018e+02
5.860215278949182220e+02
5.869198652461025176e+02
5.898225782286066305e+02
6.064995861505489074e+02
6.244315996855559661e+02
6.305238936002596120e+02
6.305290269565520020e+02
6.305332269753367882e+02
6.305395936704786664e+02
6.308922952479510968e+02
6.309410287992473059e+02
6.397449015082661390e+02
6.682783624586859332e+02
6.791899779280049643e+02
6.854108057509151877e+02
6.874421148360291909e+02
6.926012379104208776e+02
7.000846047134224364e+02
7.046992253525044134e+02
7.088770440379717002e+02
7.666374357070501446e+02
7.666408357222568384e+02
7.667971697548006205e+02
7.670048706837516193e+02
7.671897715107282920e+02
7.673248054480064866e+02
8.129021092943864915e+02
8.285583793177029293e+02
8.490955378376620502e+02
8.493534056576532976e+02
8.495162730527512167e+02
8.498035743377180324e+02
8.498791746758437284e+02
8.502449096449417993e+02
8.581158115145432248e+02
8.904709228907861416e+02
8.904811562698888565e+02
8.975729213214351603e+02
9.000930659262196514e+02
9.002004330730902666e+02
9.006686351671436341e+02
9.424325886248227562e+02
9.425919226707841290e+02
9.426638563258437671e+02
9.428084903060586157e+02
9.436739275100957229e+02
9.437768279703223016e+02
9.440100956802883729e+02
9.441739297463764160e+02
9.524430667304342251e+02
9.576935568801355885e+02
9.588802955212066763e+02
9.589295957417040199e+02
9.591549634163369547e+02
9.592508305117731879e+02
9.593408309143037513e+02
9.595495318477271667e+02
9.598665332655291422e+02
9.600906009343477763e+02
9.601962347401326952e+02
9.603685021772726031e+02
9.605262028825956122e+02
9.606273366682539745e+02
9.606802035713700434e+02
9.608195041943978367e+02
9.610391718435371331e+02
9.611130055070946128e+02
9.612222726624631832e+02
9.620282429338652719e+02
9.625148117767312215e+02
9.629318136417894038e+02
9.631264478456322422e+02
9.633953823817864759e+02
9.714379183523617485e+02
9.790861858928886932e+02
1.016496453211859489e+03
1.020377703904247255e+03
1.030761350345536357e+03
1.031100618529593930e+03
1.075808051818775311e+03
1.083264051832710948e+03
1.083272418536798114e+03
1.083974921678772489e+03
1.088664842654638278e+03
1.089466579573773288e+03
1.090687818369147635e+03
1.113725421405782072e+03
1.113965355812232019e+03
1.114098089739223269e+03
1.114252990432023125e+03
1.114648692201815720e+03
1.114763359381335931e+03
1.114882693248394844e+03
1.114994860416733900e+03
1.115535529501565406e+03
1.148380909737222737e+03
1.150166017721192247e+03
1.150291051613745140e+03
1.150631219801827910e+03
1.150636419825085113e+03
1.154037835038055846e+03
1.169925339428910775e+03
1.175736032084141016e+03
1.182609996161563458e+03
1.183147098563776353e+03
1.183154131928566812e+03
1.183158598615210849e+03
1.183166198649202443e+03
1.183645367458971350e+03
1.185782877019071293e+03
1.188105487407042574e+03
1.188117654128125423e+03
1.192032204969449595e+03
1.195698921368990568e+03
1.195825488601734605e+03
1.195834255307610647e+03
1.195885688870982676e+03
1.196348024272130260e+03
1.198795268550865103e+03
1.200940011476649943e+03
1.208817913377559307e+03
1.210364486961340390e+03
1.210367720309135166e+03
1.210373820336417793e+03
1.210379320361016880e+03
1.216395947270629904e+03
1.219174426364159444e+03
1.233823925217983515e+03
1.250662867197515880e+03
1.271677661187052763e+03
1.274221305896942567e+03
1.292232486452693820e+03
1.297588343740320852e+03
1.297594777102427770e+03
1.297601010463640023e+03
1.297766144535542480e+03
1.297890345091034533e+03
1.297965112092099616e+03
1.303975838975324677e+03
1.304923143212182140e+03
1.304931876584576003e+03
1.321046048655878394e+03
1.331805863446262265e+03
1.331818730170476101e+03
1.331869463730717143e+03
1.355413169030914787e+03
1.355571969741157545e+03
1.361982265078135697e+03
1.362768201926604206e+03
1.373385516079648369e+03
1.379156308556423483e+03
1.379219708839983923e+03
1.379225875534231363e+03
1.381176417591444761e+03
1.381186417636170518e+03
1.381351385040660716e+03
1.381514885771924583e+03
1.381577219384047567e+03
1.381608586191003496e+03
1.381615052886592821e+03
1.381618252900904963e+03
1.381626986273298598e+03
1.381633886304159432e+03
1.381669419796417515e+03
1.381677453165680618e+03
1.389681855632368979e+03
1.390172991162326298e+03
1.393648240038854283e+03
1.406536664349532657e+03
1.407848270215744378e+03
1.407860370269862187e+03
1.408326905689794557e+03
1.428875830929047652e+03
1.428880230948726876e+03
1.428961197977522033e+03
1.428971198022247563e+03
1.450550661203957361e+03
1.453860009338487544e+03
1.457992094486076212e+03
1.458243928945749531e+03
1.469469545819453060e+03
1.483676242692826690e+03
1.483684642730396035e+03
1.486587655714241919e+03
1.486776789893485784e+03
1.486836123492191064e+03
1.492712516441268690e+03
1.500686318771096694e+03
1.502143625288960493e+03
1.502148258643016561e+03
1.507382082051508860e+03
1.507635616518785582e+03
1.507645316562169455e+03
1.548348765276697122e+03
1.548559366218618607e+03
1.548565832914207704e+03
1.561075655531574512e+03
1.566602180249185494e+03
1.566692347319127975e+03
1.566730214155155409e+03
1.569120758180296207e+03
1.569575493547452197e+03
1.569727194225939911e+03
1.585322897311701581e+03
1.585469431300414271e+03
1.588145176601129151e+03
1.595110141085554915e+03
1.612512885586717402e+03
1.612956754238605072e+03
1.613005287789006388e+03
1.613372522764813539e+03
1.613440189734123578e+03
1.613447156431948997e+03
1.613458756483830939e+03
1.613612157169921602e+03
1.613906158484854814e+03
1.633235178268030040e+03
1.640222442852193581e+03
1.640226042868294826e+03
1.642637986989148203e+03
1.643764292026594376e+03
1.643900159300933183e+03
1.643903992651411045e+03
1.644041359932458590e+03
1.644048726632073112e+03
1.644067193381333027e+03
1.667060629553762510e+03
1.667065062906924368e+03
1.667110729777838060e+03
1.667122329829719547e+03
1.667128463190484581e+03
1.667134396550355177e+03
1.667141763249969699e+03
1.667190130132959212e+03
1.667232930324384824e+03
1.667250197068277657e+03
1.667849133080377214e+03
1.668017667167486252e+03
1.668409268918941279e+03
1.671528116201448483e+03
1.683017534255013288e+03
1.684989509741422125e+03
1.688110957035557703e+03
1.692378609456143522e+03
1.696461827718506356e+03
1.714781376320113168e+03
1.715681080344076690e+03
1.715843547737385506e+03
1.716062848718218220e+03
1.721360472412059835e+03
1.725899126044709647e+03
1.727237332029891149e+03
1.728455737479260279e+03
1.728462537509673666e+03
1.728467237530694547e+03
1.729138940534914127e+03
1.729315007989049718e+03
1.731974219882485158e+03
1.732312621395999940e+03
1.749873766605616311e+03
1.750083934212266286e+03
1.835234148383460933e+03
1.835258681826521070e+03
1.835266081859617998e+03
1.835281281927600958e+03
1.835293581982613432e+03
1.835310915393471078e+03
1.835316082083245874e+03
1.835322348777940761e+03
1.835331748819982749e+03
1.835338082181642449e+03
1.835350648904514173e+03
1.835378049027062616e+03
1.835385315726229692e+03
1.835397049112041259e+03
1.835446549333432813e+03
1.835452949362057325e+03
1.835464349413044602e+03
1.835490816198084985e+03
1.835499349569584183e+03
1.835511082955395523e+03
1.835522216338523322e+03
1.835530716376540340e+03
1.835573149899659256e+03
1.835582516608218839e+03
1.835658650282063036e+03
1.835725850582619387e+03
1.835734383954118584e+03
1.835773817463819796e+03
1.835779817490655205e+03
1.835814317644958692e+03
1.835836217742907593e+03
1.835928951490996724e+03
1.835938918202239620e+03
1.835943118221024406e+03
1.836019085227456799e+03
1.836038985316460867e+03
1.836066485439456301e+03
1.836070452123864015e+03
1.836094452231205423e+03
1.836101785597337539e+03
1.836109352297846726e+03
1.836145052457517068e+03
1.836218652786697703e+03
1.836336486647047877e+03
1.836397453586391521e+03
1.836431687072835530e+03
1.836442887122928141e+03
1.836605121181860113e+03
1.836639321334821943e+03
1.836649788048301389e+03
1.836677221504331783e+03
1.836742288462013221e+03
1.836819355473365249e+03
1.836829655519432663e+03
1.836958989431217333e+03
1.837057956540518489e+03
1.837085056661724821e+03
1.837136123556790380e+03
1.837221390604817316e+03
1.837233290658040914e+03
1.837242824034012756e+03
1.837272824168189572e+03
1.837278490860200691e+03
1.837286824230805223e+03
1.837292590923263788e+03
1.837389458023172438e+03
1.837415824807765830e+03
1.837430691540924499e+03
1.837451724968330836e+03
1.837457091659000071e+03
1.837603625647712761e+03
1.837611559016528417e+03
1.837682826001939702e+03
1.837729059542054301e+03
1.837822593293721411e+03
1.837835926686688936e+03
1.837840093371991088e+03
1.837990860712970971e+03
1.838066361050649220e+03
1.838176861544867279e+03
1.838274828649696019e+03
1.838487729601904221e+03
1.838546196530066709e+03
1.838686397157119927e+03
1.838731464025350078e+03
1.838754164126877185e+03
1.838923798218905858e+03
1.838934664934174407e+03
1.838944564978452945e+03
1.838958031705349867e+03
1.838965331737999804e+03
1.838973031772438389e+03
1.839099732339112052e+03
1.839209666164128976e+03
1.839281533152223801e+03
1.839349733457252341e+03
1.839456533934921936e+03
1.839566101091632163e+03
1.839645768114613020e+03
1.839723368461683776e+03
1.839821435566959735e+03
1.839992469665249928e+03
1.840000136366206334e+03
1.840006103059559109e+03
1.840141403664697009e+03
1.840247770807095094e+03
1.840253170831246734e+03
1.840258570855398602e+03
1.840265604220189061e+03
1.840419038239762131e+03
1.840523638707592227e+03
1.840664072669022289e+03
1.840726972950346408e+03
1.840839640120921558e+03
1.840935740550734863e+03
1.841065674465203074e+03
1.841189941687659939e+03
1.841226375183943446e+03
1.841350842407294977e+03
1.841430142761969137e+03
1.841471242945791346e+03
1.841479609649878512e+03
1.841549076627238946e+03
1.841563410024679115e+03
1.841567510043016682e+03
1.841637277021719001e+03
1.841647643734751227e+03
1.841651143750405254e+03
1.841793011051579242e+03
1.841895244842157354e+03
1.842038778817452567e+03
1.842270379853297754e+03
1.842413113825014761e+03
1.842753248679615126e+03
1.842854849134027518e+03
1.842984549714118657e+03
1.842992416415969501e+03
1.843001883124976302e+03
1.843007716484399680e+03
1.843118350312547364e+03
1.843164383851767752e+03
1.843317984538753080e+03
1.843370418106597526e+03
1.843465285197561343e+03
1.843582719056122642e+03
1.843631519274383663e+03
1.843800853365070680e+03
1.843910520522228126e+03
1.844115588106068117e+03
1.844256122067945398e+03
1.844402156054421766e+03
1.844437622879715263e+03
1.844443422905656234e+03
1.844452422945909120e+03
1.844541690011826404e+03
1.844574390158079268e+03
1.844578890178205711e+03
1.844590856898394122e+03
1.844864091453780247e+03
1.845030925533286108e+03
1.845144826042710747e+03
1.845233326438532458e+03
1.845289626690337627e+03
1.845305560094933753e+03
1.845403460532797453e+03
1.845422993953494824e+03
1.845428960646847827e+03
1.845505594322928346e+03
1.845521527727524472e+03
1.845526027747651142e+03
1.845537027796849316e+03
1.845599094741113049e+03
1.845687528469969720e+03
1.845705295216099103e+03
1.845716961934945402e+03
1.845721628622484104e+03
1.845742695383372848e+03
1.845748928744585101e+03
1.845760662130396668e+03
1.846540232283723071e+03
1.847558070169378425e+03
1.847701970812980107e+03
1.847712004191188043e+03
1.847722804239491779e+03
1.847910305078097053e+03
1.848193939679997811e+03
1.848311773540347986e+03
1.848318340236384529e+03
1.848324106928842866e+03
1.848586041433689161e+03
1.848657308419100445e+03
1.848662175107533585e+03
1.848874842725364942e+03
1.848880042748622145e+03
1.848945509708092686e+03
1.849003143299194562e+03
1.849007309984496715e+03
1.849015710022066287e+03
1.849394811717614402e+03
1.849403711757420297e+03
1.849411845127130391e+03
1.849483645448260177e+03
1.849495512168001369e+03
1.849501412194389559e+03
1.849512612244482170e+03
1.849824846974298225e+03
1.850715684291938487e+03
1.850721984320115553e+03
1.850729317686247668e+03
1.850735484380495109e+03
1.850863718287359916e+03
1.851586788187986713e+03
1.851681821946362561e+03
1.851715088761816332e+03
1.851788655757514334e+03
1.851793855780771764e+03
1.852092190448419387e+03
1.852270791247218767e+03
1.852458658754130738e+03
1.852463125440774547e+03
1.852579125959591693e+03
1.852715726570543666e+03
1.853081494873124257e+03
1.853235128893592218e+03
1.853418496380377519e+03
1.853513630139200359e+03
1.853526263529037124e+03
1.853536530241622131e+03
1.853551730309605091e+03
1.853556663665003043e+03
1.853959598800480535e+03
1.853965132158562028e+03
1.854116866170531921e+03
1.854292666956808489e+03
1.854297666979171026e+03
1.855218171096163815e+03
1.855271037999279997e+03
1.855301538135693136e+03
1.855305938155372360e+03
1.855320304886294707e+03
1.855400905246783168e+03
1.855516739098188509e+03
1.855638006307227670e+03
1.855713973313659835e+03
1.855837773867362785e+03
1.855894507454439463e+03
1.856044241457464523e+03
1.856100708376681723e+03
1.856195475467198094e+03
1.856228742282652092e+03
1.856261142427563072e+03
1.856332376079491723e+03
1.856427043169561102e+03
1.856501843504108592e+03
1.856646444150841035e+03
1.856819678258970953e+03
1.856905845311023313e+03
1.856928112077279138e+03
1.857024079173162590e+03
1.857089779467009976e+03
1.857189446579441892e+03
1.857208279997008276e+03
1.857218713377005315e+03
1.857376480749293250e+03
1.857501847976669978e+03
1.857519614722799133e+03
1.857544614834613185e+03
1.857549448189564146e+03
1.857587381692556391e+03
1.857593715054215863e+03
1.857668715389658018e+03
1.857960483361269098e+03
1.858220051188863636e+03
1.858503519123352589e+03
1.858807853817835394e+03
1.858832620595272374e+03
1.858920620988857763e+03
1.858944087760480670e+03
1.858952921133321524e+03
1.859277689252527125e+03
1.859372656343937933e+03
1.859468523439374167e+03
1.859858558517155643e+03
1.859910192081422110e+03
1.859914992102890665e+03
1.859919492123017108e+03
1.860583461759315242e+03
1.860943896704708777e+03
1.860951463405217964e+03
1.860979563530896939e+03
1.861089364021984238e+03
1.861161164343114024e+03
1.861193964489814107e+03
1.861243531378170928e+03
1.862120301966230272e+03
1.862160902147816159e+03
1.862204169007995688e+03
1.862211002371891482e+03
1.862379336458105854e+03
1.862449836773421566e+03
1.862538203835313652e+03
1.862586970720092268e+03
1.862591470740218710e+03
1.862660504382308090e+03
1.862695337871435413e+03
1.862699837891561856e+03
1.862710837940760030e+03
1.862723171329254910e+03
1.862744104756214028e+03
1.862918605536676068e+03
1.863346940785756487e+03
1.863361340850161469e+03
1.863365307534569183e+03
1.863397107676796622e+03
1.863407707724205693e+03
1.863521174898359050e+03
1.863612175305362143e+03
1.863878643163817515e+03
1.863972176915484170e+03
1.864083577413727653e+03
1.864158944417476278e+03
1.864286211653350847e+03
1.864304211733857073e+03
1.864404678849867196e+03
1.864640579904944389e+03
1.864694146811191331e+03
1.864776947181519290e+03
1.864798080609372846e+03
1.864874747618935771e+03
1.864951081293674633e+03
1.865040315026109738e+03
1.865216615814622401e+03
1.865297549509934697e+03
1.865309582897088148e+03
1.865397583290673310e+03
1.865676817872895072e+03
1.865736118138117945e+03
1.865741051493515897e+03
1.865851551987733956e+03
1.865935285695569746e+03
1.866094186406259723e+03
1.866159820033142296e+03
1.866231787021684113e+03
1.866333087474754620e+03
1.866351587557496941e+03
1.866355454241457664e+03
1.866638855508981578e+03
1.866648755553259889e+03
1.867199191348440081e+03
1.867438559085688894e+03
1.868502897179318325e+03
1.869218133711576684e+03
1.870390172286901134e+03
1.870625540006259826e+03
1.870763507289990912e+03
1.871073075341213325e+03
1.871639344540542425e+03
1.872643249030546940e+03
1.872803549747498437e+03
1.872952283746050853e+03
1.873124684517120386e+03
1.873141151257435240e+03
1.873282518556373134e+03
1.873404685769437492e+03
1.873470386063285105e+03
1.874101388885471351e+03
1.874211889379689410e+03
1.874617691194654753e+03
1.874721991661142965e+03
1.874846925553248184e+03
1.875104360037968036e+03
1.875237260632371317e+03
1.875374861247795707e+03
1.875536728638421209e+03
1.876311132101972589e+03
1.876423032602452395e+03
1.877333103339447916e+03
1.878109106810155708e+03
1.878365307956026072e+03
1.878397208098700730e+03
1.878766443083452714e+03
1.878871976888790414e+03
1.878990077416999839e+03
1.879070677777488299e+03
1.879180478268575825e+03
1.879251111917820936e+03
1.879420212674131108e+03
1.879751480822408212e+03
1.885986608709275970e+03
1.887648416141778625e+03
1.888649687286671906e+03
1.893631009565842533e+03
1.894242512300813814e+03
1.894771881335105263e+03
1.894913048633148492e+03
1.895169316445983668e+03
1.895479284498995412e+03
1.895587284982031861e+03
1.896250354614305024e+03
1.896278188072124749e+03
1.896311354887131301e+03
1.896385388551583219e+03
1.896404155302184790e+03
1.896462722230794725e+03
1.896508622436085034e+03
1.896587656122899944e+03
1.896604056196249985e+03
1.896758123551989229e+03
1.896835323897270882e+03
1.896918590936352984e+03
1.896966857818895278e+03
1.897066624931774413e+03
1.897090225037326718e+03
1.897283159233566494e+03
1.897340659490738517e+03
1.897770461413045723e+03
1.897940195505521842e+03
1.897954228901619899e+03
1.899061433853639983e+03
1.900583240659984085e+03
1.902604716367784476e+03
1.905120494286372150e+03
1.905968698079998831e+03
1.905975198109070561e+03
1.905986431492645579e+03
1.906078965239839818e+03
1.906306666258242103e+03
1.906540167302585132e+03
1.907588538658136258e+03
1.907787239546834371e+03
1.912221059377277243e+03
1.914455936039522157e+03
1.914476569465139619e+03
1.914526536355285089e+03
1.916529478646860753e+03
1.916644979163441576e+03
1.917704817236944791e+03
1.920012427557827323e+03
1.920203295078156998e+03
1.920415862695541136e+03
1.921075165644301023e+03
1.921086599028770479e+03
1.921237866371986684e+03
1.922159903829170844e+03
1.922460171838798487e+03
1.922547605563182742e+03
1.922746739787152137e+03
1.925495018745610423e+03
1.927030158944921823e+03
1.928197697500119830e+03
1.928442265260625845e+03
1.928535765678810321e+03
1.928826566979431163e+03
1.940526485974470461e+03
1.945292740625075339e+03
1.945302107333634922e+03
1.945306674020726405e+03
1.945311074040405401e+03
1.945316374064110050e+03
1.945474608105151674e+03
1.945601842007544064e+03
1.945675142335382816e+03
1.945833709711248730e+03
1.945896343324713371e+03
1.946301378469583142e+03
1.946404212262845022e+03
1.946565846319093225e+03
1.946890547771334013e+03
1.946943914676686290e+03
1.947109982086096124e+03
1.947177782389336016e+03
1.948685355798687169e+03
1.951899803508771129e+03
1.952865341160511662e+03
1.961298612211999171e+03
1.961480179690733848e+03
1.961682913930804489e+03
1.961743214200500006e+03
1.961756180925160834e+03
1.961946781777631031e+03
1.962363783642689214e+03
1.962571984573876534e+03
1.962615984770669002e+03
1.962754618724048669e+03
1.962869885906252648e+03
1.963484488655088853e+03
1.963668256143663257e+03
1.963677589518740433e+03
1.963808056768927145e+03
1.963929823980202855e+03
1.965113729275268270e+03
1.968134909454288390e+03
1.968467310940967991e+03
1.978760690311866938e+03
1.983916880039805847e+03
1.984028247204566924e+03
1.986000389358387793e+03
1.988540300718246499e+03
1.988640334498984885e+03
1.988735068256019076e+03
1.989011069490446062e+03
1.989256770589354346e+03
1.989337170948948369e+03
1.989514871743722324e+03
1.990061507521907060e+03
1.990698510370928489e+03
1.990792144123042817e+03
1.993420289210863984e+03
1.996780104237775731e+03
1.997053505460574115e+03
1.997620941331788117e+03
2.008151855098402621e+03
2.010792100240341824e+03
2.010950834283619770e+03
2.021118346424905894e+03
2.031310625343628999e+03
2.035658111454607251e+03
2.041256169825488769e+03
2.041618404778932927e+03
2.042488442003543923e+03
2.048966937645550843e+03
2.053988460104517799e+03
2.055317399381587620e+03
2.064321472986012850e+03
2.074694286045516037e+03
2.074700219405386633e+03
2.074705286094714211e+03
2.074716352810877197e+03
2.074722519505124183e+03
2.074912887023217536e+03
2.075115821264183069e+03
2.075121454622711553e+03
2.075252488542099854e+03
2.075451956100893312e+03
2.075837457825065485e+03
2.075972425095379094e+03
2.076157792591109683e+03
2.076165325958136236e+03
2.076730361818616075e+03
2.076828528924339025e+03
2.077397164800919654e+03
2.077432898294072402e+03
2.078154868189779791e+03
2.087459909806963879e+03
2.087883078366269274e+03
2.103644215525275285e+03
2.103869283198565881e+03
2.104282118378321684e+03
2.115358201249895046e+03
2.122624100413596807e+03
2.123584971377798411e+03
2.130934970917642659e+03
2.130952437662429929e+03
2.131124705099570292e+03
2.131342439406729227e+03
2.138088469578628974e+03
2.138100836300605806e+03
2.138181803329401191e+03
2.138195736725052029e+03
2.138373404186343578e+03
2.146383106676736588e+03
2.146507173898299243e+03
2.146516273938999348e+03
2.147646412326923837e+03
2.148287348526870574e+03
2.149050018604611068e+03
2.151005827352046254e+03
2.151160494710469266e+03
2.151228761682462846e+03
2.151259295152358391e+03
2.151324628777898852e+03
2.151442529305214066e+03
2.151457929374091236e+03
2.151530629699246674e+03
2.151605396700311758e+03
2.151701063794853326e+03
2.151803897588115433e+03
2.151889031302212970e+03
2.151934698173126435e+03
2.152018365213997640e+03
2.152051698696416224e+03
2.152055798714753564e+03
2.152064965422418936e+03
2.152094565554806650e+03
2.152100365580747166e+03
2.152109332287518100e+03
2.152123865685852707e+03
2.152132165722975060e+03
2.152226632812149546e+03
2.152284499737628721e+03
2.152302099816345617e+03
2.152324066581259558e+03
2.152331133279531969e+03
2.152454867166270105e+03
2.152525300814621005e+03
2.152647601361615216e+03
2.152730468398908670e+03
2.152757801854491845e+03
2.152857535633888347e+03
2.152900235824866741e+03
2.153200803835836723e+03
2.153869240158779121e+03
2.154102307867850413e+03
2.154398975861377039e+03
2.154405375890001778e+03
2.154411142582460343e+03
2.154421575962457155e+03
2.154427409321880532e+03
2.154552743215774626e+03
2.154740444055274565e+03
2.154762877488942195e+03
2.154766677505938333e+03
2.154791944285611407e+03
2.154796777640562141e+03
2.154955111682051211e+03
2.154962178380323621e+03
2.154966378399108635e+03
2.155135445821936173e+03
2.155140712512158188e+03
2.155147245874712098e+03
2.155155745912729344e+03
2.155345280093762085e+03
2.155397080325440584e+03
2.155401913680391317e+03
2.155418380420706399e+03
2.155426613790863485e+03
2.155435647164599231e+03
2.155442013859741110e+03
2.155450613898205120e+03
2.155458113931749267e+03
2.155746215220294289e+03
2.156035083178935110e+03
2.156040083201297421e+03
2.156045449891967110e+03
2.156198183908409646e+03
2.156252784152611639e+03
2.156386584751040118e+03
2.156703186167053445e+03
2.156974687381353306e+03
2.156981654079179407e+03
2.157092621242150926e+03
2.157310688884134379e+03
2.157439722794576937e+03
2.157447122827673866e+03
2.157585656780606314e+03
2.157834491226862156e+03
2.157841891259959084e+03
2.158085725683852161e+03
2.158370560291119546e+03
2.158375526980000359e+03
2.158379860332714543e+03
2.158388960373414648e+03
2.158693161733967827e+03
2.158706495126935351e+03
2.158710895146614803e+03
2.158999996439632469e+03
2.159108130256598542e+03
2.159129630352758795e+03
2.159315497850725478e+03
2.159448298444681768e+03
2.159711699622754168e+03
2.159839633528277318e+03
2.159913567192282244e+03
2.159918667215092228e+03
2.159945667335851340e+03
2.159952334032334875e+03
2.160041034429051251e+03
2.160046901121957035e+03
2.160058067838567240e+03
2.160082534614662563e+03
2.160415369436613219e+03
2.160602703607806689e+03
2.160677370608424553e+03
2.160686803983949176e+03
2.160877171502042529e+03
2.161014938784879178e+03
2.161234473100088508e+03
2.161633408217675424e+03
2.161643774930707878e+03
2.161649441622718768e+03
2.161658374996007296e+03
2.162079743547261842e+03
2.162175277307874239e+03
2.162180943999885130e+03
2.162187977364675589e+03
2.162248577635712991e+03
2.162253944326382680e+03
2.162422311746079231e+03
2.162434245132785236e+03
2.162572212416516322e+03
2.162616512614651128e+03
2.162745179856787217e+03
2.162834546923151720e+03
2.162849413656310389e+03
2.162860047037202094e+03
2.162865280393941703e+03
2.162875247105184826e+03
2.162887113824926018e+03
2.162902080558531907e+03
2.163070814646535382e+03
2.163188515172955704e+03
2.163200615227074195e+03
2.163205681916401772e+03
2.163404049470275368e+03
2.163414849518579103e+03
2.163419982874871494e+03
2.163551183461671826e+03
2.165030790079273629e+03
2.165140223902054004e+03
2.165263191118696795e+03
2.165375624954895102e+03
2.165522025609678167e+03
2.165553959085835231e+03
2.165776060079190756e+03
2.165854193761980696e+03
2.165941794153776755e+03
2.166100261529195450e+03
2.166187628586614665e+03
2.166299162418788001e+03
2.167114132730443089e+03
2.167283533488095145e+03
2.167386733949663721e+03
2.167521901220871314e+03
2.167912569634818738e+03
2.168359538300571330e+03
2.169411443005258661e+03
2.169420209711134703e+03
2.169654110757266608e+03
2.171450052123022033e+03
2.172176088703584355e+03
2.172558457080409426e+03
2.172846791703331292e+03
2.173060859327424168e+03
2.173240660131591085e+03
2.173737895688830577e+03
2.174075530532250013e+03
2.174082430563110393e+03
2.174321598299464767e+03
2.174515499166694553e+03
2.174687966604728899e+03
2.175147068658081935e+03
2.175264069181371724e+03
2.175488003516260505e+03
2.175621737447724172e+03
2.176006172500459797e+03
2.176113006311611571e+03
2.176311573866379604e+03
2.176482907966011680e+03
2.176554808287589367e+03
2.176756675857116534e+03
2.176991710241651163e+03
2.177174477725753150e+03
2.177268011477419805e+03
2.177786780464302410e+03
2.177850314081792476e+03
2.178404883228792642e+03
2.178707417915225051e+03
2.178971985765182126e+03
2.184775111719903634e+03
2.188729496072718121e+03
2.188738829447795069e+03
2.188937063667739494e+03
2.190620204528989689e+03
2.192428845951546919e+03
2.206893710646253567e+03
2.206903444023120301e+03
2.207088678184920809e+03
2.207225345462837595e+03
2.207765714546327217e+03
2.208072115916720122e+03
2.208244616688237329e+03
2.208332683748787531e+03
2.208347850483287857e+03
2.208957586543690923e+03
2.210054424782678780e+03
2.210237458934640017e+03
2.211109696169090512e+03
2.211228896702219572e+03
2.211636265190858921e+03
2.218497895879786483e+03
2.218534696044376687e+03
2.227810570864444344e+03
2.230085781040416350e+03
2.230741950641828680e+03
2.231594587788616991e+03
2.238801420021472495e+03
2.252535281446736917e+03
2.255628995283500444e+03
2.255756262519375014e+03
2.259112810865010033e+03
2.260105048636168249e+03
2.265490939391454049e+03
2.265565406391177476e+03
2.265655140125848447e+03
2.265832574252763607e+03
2.266034075153984304e+03
2.266555277485083479e+03
2.268066984246254833e+03
2.268312785345610337e+03
2.305323984213064250e+03
2.305447251431048699e+03
2.305544318531851786e+03
2.305691285855836213e+03
2.305730219363300876e+03
2.305788386290121707e+03
2.305836119836945272e+03
2.305920153546122947e+03
2.305976353797480897e+03
2.306185021397422133e+03
2.306505956166149190e+03
2.306530922944481063e+03
2.307631994535736339e+03
2.308427164758834806e+03
2.308567598720264414e+03
2.308691765942274287e+03
2.309316902071554978e+03
2.309519336310283506e+03
2.309629336802265243e+03
2.309664903628006414e+03
2.312255715215518649e+03
2.312457749452458302e+03
2.314932693855083016e+03
2.320759286581426750e+03
2.320954287453576399e+03
2.320957920803160050e+03
2.320975020879640851e+03
2.321056987912908426e+03
2.322212859749260133e+03
2.330046728119894397e+03
2.331182499866347371e+03
2.331601668407762645e+03
2.332157537560576657e+03
2.332662773153597300e+03
2.332769106962513433e+03
2.332966241177537086e+03
2.333088208389707233e+03
2.333487710176495511e+03
2.333499610229719110e+03
2.333838111743681566e+03
2.333906778717464022e+03
2.333922912122954131e+03
2.334133179730051779e+03
2.334220713454883480e+03
2.334299880475627560e+03
2.334479747946759289e+03
2.334601948493305827e+03
2.334705282288804028e+03
2.334767482566997842e+03
2.335563486127156466e+03
2.335669786602589738e+03
2.336240189153738811e+03
2.336268789281653881e+03
2.337019692640100402e+03
2.337214326843943127e+03
2.337499028117281341e+03
2.337748029230949214e+03
2.337794562772405698e+03
2.337903796594291634e+03
2.338324831810722571e+03
2.338454165722507241e+03
2.338549999484461296e+03
2.339171102262369004e+03
2.339355636421038980e+03
2.339513737128151206e+03
2.340774242765814506e+03
2.341041977296601544e+03
2.345577530915386888e+03
2.357056482255472019e+03
2.359050891175548713e+03
2.363513511134801320e+03
2.363867379384158085e+03
2.363984513241377954e+03
2.363994079950832202e+03
2.367287294679871593e+03
2.379276748303199383e+03
2.394786684338697796e+03
2.394799984398182460e+03
2.394824117839453720e+03
2.394864918021934500e+03
2.394957085100822496e+03
2.395566687827295482e+03
2.396713826291253099e+03
2.396805960036658689e+03
2.407362173916429128e+03
2.407885809591744874e+03
2.408145910755058139e+03
2.412194195527846205e+03
2.413134166398571324e+03
2.415432843346166464e+03
2.420534866165174662e+03
2.420610733171159609e+03
2.420846800893648833e+03
2.421088868642973921e+03
2.421375936593563438e+03
2.421449603589708659e+03
2.421558137408464063e+03
2.424064915286799078e+03
2.426914494698327417e+03
2.427155462442732187e+03
2.444508540055091089e+03
2.464123061115182281e+03
2.474699941754052816e+03
2.475580379025178445e+03
2.478731626452596629e+03
2.483206579800344116e+03
2.483215946508903926e+03
2.483245013305572684e+03
2.483310313597631193e+03
2.483563814731425282e+03
2.486587694922521678e+03
2.486750928985926294e+03
2.486978730004775571e+03
2.496804273949927847e+03
2.496816840672800026e+03
2.497001174830575110e+03
2.497310376213491509e+03
2.498983050361262485e+03
2.509639998024902070e+03
2.519360508166953423e+03
2.525476902189445809e+03
2.529743954607347860e+03
2.535229945810337540e+03
2.543288681853368416e+03
2.553387993689625546e+03
2.574167619960698630e+03
2.577713035817717810e+03
2.581948754762146564e+03
2.583951597053275236e+03
2.585379770107505010e+03
2.585871105638356767e+03
2.587415379211850905e+03
2.587423979250314915e+03
2.609354544002341299e+03
2.612846859621867225e+03
2.613129327551883762e+03
2.630713839532675593e+03
