4.729861377185736515e+00
5.152729935149551466e+00
7.449473540763833057e+00
7.509573809564775715e+00
1.094628918041667909e+01
2.099576746045804754e+01
2.386111360917076496e+01
2.409891467274587384e+01
2.632912464745239944e+01
3.426792682074074747e+01
3.475096231447034256e+01
3.727550693893412159e+01
3.884901397650954635e+01
5.077713399218725954e+01
5.433554990734989332e+01
5.434724995967886230e+01
5.615632471750734567e+01
6.116728046254789319e+01
6.120708064055583719e+01
6.199611750288923417e+01
6.290482156710581307e+01
6.303962217000709245e+01
6.551003321902287269e+01
6.553506666431933070e+01
7.630974818786225455e+01
7.656061597654550610e+01
8.248684248183910483e+01
8.392894893171995818e+01
8.667962790091230829e+01
9.433412880265143485e+01
9.435736223989728444e+01
9.984218677100226103e+01
1.047660421264827164e+02
1.057735799660707841e+02
1.113235047883395339e+02
1.117860735238640189e+02
1.143244515435315805e+02
1.145222524282042258e+02
1.180513348788383894e+02
1.289496502886723306e+02
1.299724881966905912e+02
1.311810602687459379e+02
1.320925643454856981e+02
1.331598691190505122e+02
1.362108827648354747e+02
1.370540865360992768e+02
1.510761825838382322e+02
1.565504737344988939e+02
1.579862801562026391e+02
1.752242572537694798e+02
1.752547240567002120e+02
1.753585578544344799e+02
1.753952913520599282e+02
1.893982873143729364e+02
1.965257858590721867e+02
1.978083249286146668e+02
2.128952924057018947e+02
2.144839328442953956e+02
2.145527331520076189e+02
2.155695710331904991e+02
2.167809764512514334e+02
2.172926120728963042e+02
2.213881970572365105e+02
2.294749665589815493e+02
2.294864999438984228e+02
2.316609096690360161e+02
2.321478118467261993e+02
2.328937151828097853e+02
2.332956503138146047e+02
2.351110584333026736e+02
2.400236137382431707e+02
2.400428804910811778e+02
2.414403534080033751e+02
2.415265537935381985e+02
2.437918639252316098e+02
2.462495749174458695e+02
2.491304211354832603e+02
2.491935880846667146e+02
2.504339269654671227e+02
2.542665107735236631e+02
2.542769774870031370e+02
2.543950113482478059e+02
2.572217573243196398e+02
2.603837047995941134e+02
2.731778953554748455e+02
2.765363437096076495e+02
2.810186304234873660e+02
2.810312638133240171e+02
2.836109086842259330e+02
2.836344087893311325e+02
2.875280262036963563e+02
2.884973305389501661e+02
2.889405991881542946e+02
2.901075377406685902e+02
2.907306405275216434e+02
2.908453077070420250e+02
2.938002542564962596e+02
2.952332939991592298e+02
2.963990992132713700e+02
3.009837863851413431e+02
3.062013097207307055e+02
3.078197836260889630e+02
3.164937890876045117e+02
3.169133909642912954e+02
3.205989074479164742e+02
3.262450660339280262e+02
3.311013544205457038e+02
3.311708880648711784e+02
3.356821415749727748e+02
3.380787189604311038e+02
3.396964595291761384e+02
3.499157052351760626e+02
3.624744947382158102e+02
3.700567619835535993e+02
3.704575637761562348e+02
3.706441646107361976e+02
3.721170378648895394e+02
3.745036818725870376e+02
3.745144485874083671e+02
3.759095881605612135e+02
3.823257835239274982e+02
3.831537538937259342e+02
3.856242982766714249e+02
3.864101684581750646e+02
3.921862609586547137e+02
3.961523120303158976e+02
3.961568120504423973e+02
4.014732691618504532e+02
4.031490099900041173e+02
4.106549102271205811e+02
4.159093003942649602e+02
4.159436672146387082e+02
4.161254346942679376e+02
4.323262071528940851e+02
4.427424537399885480e+02
4.440037927147127448e+02
4.442649938829457597e+02
4.453452653811714868e+02
4.486070466362899651e+02
4.527763319502579975e+02
4.536835026742833179e+02
4.632279786956811449e+02
4.640657824427931359e+02
4.653649215865800670e+02
4.654615886855943927e+02
4.675349312920384364e+02
4.679283663850265498e+02
4.679449664592710292e+02
4.825027982364435957e+02
4.845672408030818588e+02
4.849030756384503889e+02
4.851472100636850087e+02
4.901117989346811896e+02
4.936696815141251022e+02
4.967503619592627047e+02
5.033600248545872091e+02
5.045453968228791268e+02
5.052188665016668097e+02
5.055724014161997388e+02
5.067694067698557774e+02
5.095440191794247085e+02
5.128370005740871420e+02
5.232258137051510403e+02
5.238536831799899574e+02
5.383463479990339238e+02
5.402406898048893709e+02
5.483601927863695664e+02
5.533238483198580298e+02
5.581875367395726926e+02
5.702587240617915540e+02
5.744351094075148012e+02
5.854022251250609088e+02
5.886575396845901196e+02
5.886776064410061053e+02
5.886946731840045004e+02
5.925923572832249420e+02
5.939532967034160720e+02
6.025899686646228020e+02
6.086741958765810523e+02
6.090949977586349178e+02
6.094333992721496998e+02
6.108192721371901825e+02
6.126682804069563417e+02
6.132867165062707500e+02
6.252499033454528217e+02
6.305249602716968411e+02
6.312599635590295293e+02
6.337557747216484358e+02
6.360729850854677352e+02
6.392508992988207410e+02
6.397550348869214076e+02
6.397577682324798616e+02
6.478679045054003609e+02
6.493648445338600368e+02
6.545662677974410144e+02
6.566632105094375902e+02
6.598388580459860577e+02
6.624682698061391193e+02
6.660238523752962010e+02
6.664859211085844208e+02
6.684965634345988974e+02
6.686341973835058070e+02
6.696843354136249218e+02
6.784150077952523361e+02
6.808232852330396554e+02
6.966221558941432477e+02
7.008562414979331834e+02
7.110479537474552671e+02
7.124985269018704912e+02
7.230681408415733813e+02
7.266566902248425777e+02
7.287366661942879773e+02
7.399182495377161786e+02
7.401216837809175786e+02
7.405612524135731292e+02
7.434360986047752249e+02
7.434723321001642944e+02
7.522235379069616101e+02
7.613229119376222798e+02
7.654715971594556549e+02
7.654845972175988891e+02
7.741240691913286582e+02
7.741275692069825709e+02
7.802953634593646939e+02
7.838577793924174557e+02
7.948934287498165077e+02
8.006839546481835441e+02
8.048537732978702479e+02
8.079622205338625918e+02
8.080303208384441405e+02
8.113269689161725182e+02
8.210075788797684027e+02
8.223283847871276748e+02
8.237993913662654677e+02
8.253512983072334919e+02
8.261118683755813663e+02
8.269880389609572831e+02
8.369228167279958370e+02
8.372202513916180351e+02
8.378884543801835889e+02
8.444540504117505861e+02
8.478328655236412033e+02
8.486705692703059185e+02
8.489660039249829424e+02
8.490070374418404526e+02
8.491257713062158246e+02
8.511343802898027207e+02
8.512105472971295512e+02
8.514370149766822351e+02
8.514848818574355391e+02
8.515090152987066858e+02
8.515578488504501138e+02
8.517225162535986556e+02
8.519782173972324699e+02
8.538754925495410362e+02
8.539539595671545840e+02
8.542022273442091773e+02
8.544101616075371339e+02
8.545455288796395052e+02
8.547348630597779220e+02
8.547594965032852770e+02
8.550710645634529783e+02
8.555456333526482240e+02
8.566457049394306296e+02
8.575514089902295609e+02
8.579184106316596399e+02
8.579541107913299811e+02
8.609873910244682520e+02
8.612758589813197432e+02
8.613470592997662152e+02
8.616881941588392237e+02
8.623483637781419020e+02
8.624555309241180794e+02
8.633024680454128656e+02
8.633980018060249222e+02
8.634197685700443117e+02
8.634958355769236960e+02
8.645959071637062152e+02
8.647691746053187671e+02
8.651158094889909762e+02
8.655133446003164863e+02
8.658410460659749788e+02
8.663666817502355570e+02
8.666947832176829252e+02
8.667781502572122463e+02
8.683123571190159282e+02
8.689293598785864106e+02
8.692335279056571835e+02
8.693242949782833193e+02
8.700759983403077058e+02
8.718120061046744240e+02
8.726584765572151809e+02
8.741281831305389005e+02
8.749741869143258555e+02
8.753641553251422920e+02
8.786253699110596926e+02
8.803231775045744598e+02
8.808384798092854453e+02
8.811381478162296617e+02
8.817656506227619957e+02
8.821924858651336763e+02
8.871294746126870905e+02
8.930465677437979366e+02
8.930697678475612520e+02
8.933143022745850885e+02
8.959685474791400566e+02
8.961884484626563108e+02
8.989489608091621449e+02
8.991833285240481928e+02
9.001685662638981285e+02
9.003742671839039531e+02
9.004145340306657772e+02
9.028715116862668992e+02
9.053603894845425657e+02
9.071499641551561126e+02
9.071707642481853782e+02
9.125674550517752550e+02
9.144222966809646778e+02
9.203054896604558053e+02
9.203408231518195635e+02
9.213688277496127057e+02
9.223098319582931026e+02
9.243407077081355965e+02
9.327474786411003151e+02
9.351162559022214964e+02
9.402599789077357855e+02
9.434498598412769752e+02
9.442529967666735047e+02
9.443655639368015500e+02
9.459089041727880840e+02
9.463335394053200389e+02
9.491356186044021115e+02
9.504888913236370627e+02
9.514653290241284367e+02
9.539347734021540646e+02
9.552850461079714250e+02
9.564112178114876315e+02
9.564992848720379470e+02
9.565633851587290337e+02
9.575520229137857768e+02
9.577797572656703551e+02
9.580447251174168741e+02
9.581275254877449470e+02
9.600889675937092989e+02
9.613983734500811806e+02
9.624438114591794147e+02
9.652137238477273513e+02
9.658004931387439456e+02
9.661542613876538326e+02
9.666121301021572663e+02
9.668526311778083482e+02
9.673550667583056111e+02
9.679639694816481779e+02
9.688826735905904570e+02
9.691708082126178851e+02
9.783719160316204579e+02
9.869869212292547900e+02
9.958529942164669819e+02
1.001289451864582475e+03
1.001365952206733368e+03
1.001419052444226509e+03
1.001922488029196302e+03
1.002342823242496365e+03
1.002609124433539478e+03
1.005982372853865968e+03
1.009072353340598397e+03
1.010645227042007946e+03
1.012536802168822760e+03
1.012617669197170471e+03
1.013927175053989799e+03
1.013999708711732865e+03
1.016539720072039017e+03
1.016852454804091280e+03
1.017337156971941795e+03
1.018459261990603068e+03
1.020682338600072057e+03
1.028657274268302217e+03
1.028797708229732052e+03
1.028825108352280495e+03
1.029899679825012527e+03
1.038082983091842152e+03
1.038104983190238499e+03
1.046019285253949192e+03
1.046025118613372342e+03
1.046618387933460554e+03
1.052405947151892406e+03
1.052428747253866732e+03
1.058438107464312679e+03
1.058450440852807560e+03
1.058484141003532841e+03
1.058667375156388744e+03
1.060644283998195306e+03
1.062508892337733414e+03
1.067397680869709347e+03
1.084116522312087227e+03
1.084128089030486308e+03
1.086619233505566626e+03
1.089469912922015283e+03
1.089901648186302509e+03
1.090397383736833490e+03
1.090716751831886995e+03
1.091778756581747530e+03
1.092167591654161924e+03
1.092654393831404604e+03
1.093033028858198804e+03
1.093064762333461658e+03
1.093591598023089318e+03
1.094968537514841501e+03
1.096295510116448213e+03
1.100536195749757098e+03
1.101229032181830007e+03
1.101561133667167724e+03
1.101583500433870540e+03
1.102585338247965183e+03
1.103572009327559044e+03
1.104338146087470932e+03
1.105805952652296355e+03
1.108390930880385440e+03
1.108465564547520671e+03
1.109701970077395799e+03
1.112534382745478752e+03
1.113746554833635400e+03
1.115922197897622482e+03
1.117476938184596065e+03
1.117880773324098755e+03
1.120082483171337344e+03
1.120683252524969930e+03
1.120968087132237997e+03
1.121102454399867838e+03
1.121181954755436436e+03
1.121439589241050498e+03
1.128914222671658308e+03
1.128930756078937975e+03
1.131467334090554914e+03
1.131715235199302924e+03
1.132132670399632616e+03
1.132221237462418912e+03
1.132493538680297434e+03
1.134346546967954055e+03
1.134565881282268947e+03
1.134648114983395999e+03
1.135044850091143417e+03
1.135205784144260861e+03
1.135509052167306436e+03
1.135795953450484376e+03
1.135822820237313863e+03
1.136046021235589478e+03
1.136311122421265736e+03
1.136522623367212418e+03
1.137582828109022103e+03
1.137826229197643443e+03
1.137859062677825932e+03
1.139004267799803301e+03
1.141263677905108580e+03
1.141297744724140557e+03
1.143303753696098738e+03
1.143435820953441635e+03
1.143472087782313338e+03
1.145213128902525341e+03
1.146233066797572974e+03
1.146264833606318234e+03
1.146570201638755861e+03
1.146690868845111481e+03
1.147772240348257128e+03
1.148627410839709455e+03
1.149534614897216898e+03
1.149750415862395812e+03
1.149938183368860336e+03
1.150007483678808967e+03
1.150099317422872673e+03
1.150121850856987521e+03
1.150155817675572280e+03
1.150246218079891833e+03
1.150275818212279546e+03
1.150290218276684300e+03
1.150296118303072717e+03
1.150423018870640590e+03
1.150423385538947286e+03
1.150636519825532559e+03
1.151480290265997382e+03
1.152000092590835038e+03
1.152345627469587043e+03
1.152385727648937063e+03
1.152931230088719303e+03
1.153042363919103309e+03
1.153135964337735004e+03
1.153218598040650932e+03
1.153907601122245978e+03
1.156177677941924912e+03
1.156183344633936258e+03
1.157129348864979420e+03
1.157421050169625687e+03
1.157992319391317551e+03
1.158195253632282629e+03
1.158323354205217811e+03
1.159692260327707118e+03
1.159876661152447468e+03
1.159936528086871476e+03
1.160899699061360025e+03
1.161356101102637240e+03
1.161522401846424373e+03
1.161569902058870866e+03
1.163678544823196489e+03
1.163904579167477550e+03
1.164165080332579919e+03
1.165053150971179321e+03
1.165170184827951516e+03
1.165939688269587350e+03
1.166994359653315541e+03
1.167609662405282734e+03
1.168007097516161139e+03
1.168241898566318469e+03
1.168257431969125491e+03
1.168572166710122929e+03
1.169359603565300404e+03
1.169568671167030516e+03
1.169577104538082494e+03
1.169696771739965698e+03
1.169867939172185743e+03
1.169915706052491714e+03
1.173355921438997711e+03
1.174258792143790970e+03
1.176975937629669943e+03
1.180760987891797413e+03
1.182665696410685314e+03
1.182741596750152667e+03
1.187367884108081398e+03
1.188091254010049852e+03
1.192490140350917954e+03
1.192814475134852046e+03
1.192904575537829714e+03
1.197221694846324681e+03
1.197230228217824106e+03
1.197329295327572481e+03
1.197430729114572614e+03
1.200415642464721259e+03
1.200446909271229970e+03
1.201156579111924430e+03
1.211103756934422790e+03
1.211120057007325613e+03
1.215103708157703750e+03
1.215399909482476232e+03
1.216586248121758445e+03
1.218028721239945753e+03
1.218642223983862323e+03
1.218650090685713167e+03
1.220861967245089318e+03
1.221537403599339768e+03
1.222674808686431106e+03
1.223070910458012577e+03
1.225865189622208845e+03
1.226023723664592126e+03
1.226076690568155527e+03
1.226162390951453972e+03
1.226466325644147901e+03
1.227045461567690609e+03
1.227061594973181400e+03
1.227290962665704456e+03
1.228263400348305595e+03
1.228685202234831877e+03
1.230693344549665198e+03
1.231664615560381662e+03
1.237309507474061320e+03
1.239381983409962459e+03
1.240869190061555855e+03
1.244451039414858769e+03
1.244567573269394643e+03
1.244600540083506530e+03
1.244789807596680248e+03
1.244873807972375289e+03
1.246265980865592837e+03
1.246450515024262813e+03
1.247397685927190878e+03
1.248093022370445169e+03
1.248115489137595205e+03
1.249188860604960382e+03
1.249215160722588735e+03
1.250483633062550552e+03
1.250573266796774305e+03
1.251112935877133395e+03
1.253914148405672449e+03
1.254677818487885361e+03
1.255168687349983429e+03
1.255909690664151412e+03
1.257065162498713562e+03
1.257212129822697761e+03
1.257919266318728432e+03
1.258096467111266293e+03
1.258906104065734553e+03
1.259322672595520999e+03
1.259833908215376823e+03
1.259859508329874416e+03
1.261505049022956655e+03
1.262132151827700227e+03
1.263099689488385593e+03
1.267412442110683969e+03
1.267985211339084572e+03
1.269066982844019321e+03
1.269087616269636328e+03
1.269660252164107305e+03
1.269705219031890465e+03
1.270444355671042786e+03
1.271645594376966073e+03
1.272473098078010707e+03
1.272505264888544616e+03
1.272557865123801321e+03
1.272633765463268901e+03
1.272782366127891464e+03
1.273448502440547145e+03
1.275424911280117612e+03
1.275857213213605746e+03
1.275889113356280404e+03
1.277091285399711523e+03
1.277369986646214329e+03
1.280271099621562371e+03
1.281658739161171070e+03
1.285260321936066020e+03
1.285393955867082468e+03
1.287042996575818734e+03
1.287894233716345298e+03
1.288373035857807963e+03
1.289635341503522341e+03
1.289693941765614227e+03
1.289719241878770163e+03
1.290886347098696660e+03
1.292187686252323147e+03
1.292590354719941161e+03
1.293191957410634132e+03
1.294378462717328375e+03
1.294603030388383331e+03
1.295234233211464016e+03
1.295381167201965809e+03
1.295945036390560745e+03
1.296042370159223310e+03
1.296047236847656450e+03
1.296053336874939077e+03
1.296754606678064192e+03
1.296768606740679843e+03
1.296779206788089141e+03
1.296798006872173119e+03
1.296811373598623049e+03
1.296816340287503408e+03
1.296822440314786263e+03
1.296887273938090630e+03
1.297658977389566189e+03
1.297940011979838346e+03
1.298274246808050975e+03
1.298443880900079648e+03
1.299067183687827082e+03
1.300038454698543546e+03
1.301571494888462894e+03
1.301590194972099880e+03
1.302672033143998988e+03
1.303599270624440351e+03
1.303803571538184769e+03
1.305338345069189700e+03
1.305480579038670157e+03
1.306093415112938374e+03
1.306109848519770821e+03
1.306476816827718494e+03
1.306562083875745429e+03
1.306780084850763842e+03
1.306885951990925832e+03
1.306892652020892001e+03
1.308372258638493804e+03
1.308419892184870150e+03
1.308511459261074378e+03
1.310050399477381461e+03
1.310062899533288601e+03
1.310466401337967227e+03
1.310611001984699442e+03
1.311972674741504079e+03
1.312953512461674563e+03
1.313543448433521235e+03
1.315166889027759908e+03
1.318421703585052683e+03
1.319690709260733229e+03
1.322206420512356090e+03
1.326602006838464831e+03
1.326618406911814873e+03
1.326918908255819360e+03
1.328098013529416676e+03
1.328404981569010715e+03
1.329465786313503713e+03
1.330763558784511588e+03
1.330785525549425529e+03
1.331530862216307924e+03
1.331963030815866659e+03
1.332084231357941007e+03
1.336193883071861819e+03
1.338387159548048430e+03
1.339304763652070733e+03
1.339716798828248784e+03
1.340365168394775083e+03
1.340440402064594082e+03
1.340611202828507658e+03
1.341296472560071606e+03
1.344336152821834276e+03
1.346034793752409314e+03
1.347280432656914400e+03
1.348139536499291808e+03
1.348507038142958208e+03
1.348533971596752508e+03
1.348790172742622872e+03
1.349299875022287551e+03
1.350214579113339141e+03
1.353380359939091932e+03
1.356439973623340848e+03
1.358568649810600164e+03
1.358845317714675502e+03
1.358848917730776748e+03
1.361535129744971073e+03
1.361587296644956496e+03
1.361618930119771903e+03
1.361921864807993188e+03
1.362130865742758260e+03
1.363080469989902895e+03
1.365005411932618699e+03
1.365737781874840266e+03
1.365770015352338987e+03
1.365799682151691968e+03
1.365831515627401586e+03
1.367097154621357959e+03
1.370993905383070341e+03
1.371162206135802535e+03
1.372382544927151685e+03
1.373541850112192151e+03
1.374774488958553775e+03
1.375904027343794496e+03
1.376047194650782785e+03
1.376108794926292603e+03
1.377620668354875761e+03
1.378728939978333301e+03
1.378741440034240213e+03
1.378966807708873148e+03
1.379328175991774287e+03
1.379668410846822098e+03
1.380422280885203918e+03
1.380459814386407288e+03
1.380464081072156887e+03
1.380533714716929808e+03
1.380765349086257402e+03
1.381580986067560843e+03
1.381612819543270689e+03
1.384673066563685779e+03
1.384890500869502830e+03
1.385501203600896133e+03
1.387505745899627982e+03
1.387570279521590692e+03
1.390740693701399323e+03
1.394086608666142638e+03
1.396271785106101561e+03
1.399224364978304266e+03
1.401399308039160360e+03
1.401511108539192946e+03
1.401711209434152124e+03
1.405058257737297936e+03
1.405113491317665648e+03
1.405134958080343495e+03
1.405361792428202534e+03
1.406220862937097763e+03
1.406471130723097531e+03
1.406542264374578963e+03
1.407143967065719380e+03
1.407528468785419136e+03
1.407982670816856398e+03
1.408574973465954599e+03
1.408625673692713463e+03
1.409166009442720906e+03
1.409216309667690894e+03
1.409774578831239523e+03
1.411645287198060032e+03
1.412832959176638951e+03
1.413877930516983270e+03
1.415948573111351152e+03
1.416471008781300043e+03
1.418096916053237692e+03
1.423385606373790779e+03
1.426665921045133928e+03
1.427875826456486038e+03
1.428068827319690399e+03
1.428095227437765971e+03
1.428321428449459518e+03
1.428545396117830933e+03
1.428552596150033423e+03
1.428577496261400029e+03
1.428606763058963679e+03
1.428630596498893055e+03
1.430173236731748602e+03
1.431223774763657048e+03
1.431235441482503575e+03
1.431837310841055796e+03
1.431844544206740920e+03
1.432307012941818130e+03
1.432803915164233786e+03
1.434001120518784319e+03
1.438145805722727118e+03
1.441342153351858087e+03
1.441489687345043194e+03
1.447332480143842758e+03
1.448134650398249050e+03
1.449724924177480943e+03
1.449935658453332053e+03
1.450753028775721305e+03
1.457111023878784636e+03
1.457456892092361386e+03
1.457859793894356471e+03
1.458258595678013762e+03
1.459260833493897280e+03
1.459683302050072143e+03
1.459912269740806323e+03
1.459939669863354311e+03
1.459969703331013761e+03
1.460033936951634587e+03
1.460048103681662496e+03
1.460067237100570765e+03
1.468124906472164412e+03
1.468137839863342606e+03
1.469363678679291070e+03
1.472475792598349472e+03
1.472965261454186020e+03
1.474059099679756173e+03
1.476405210172832540e+03
1.478393185730802088e+03
1.478577586555542439e+03
1.480736496211355416e+03
1.481031597531208263e+03
1.482656238130814017e+03
1.484124478030910950e+03
1.486057086674583388e+03
1.491860679298058585e+03
1.493264785577982138e+03
1.495553795815675130e+03
1.496478866619759401e+03
1.498076707099500481e+03
1.499302779249825562e+03
1.499973415582607686e+03
1.500989653461107082e+03
1.503712265638102735e+03
1.505449373407389430e+03
1.505498440293509702e+03
1.506636878718556090e+03
1.506668645527301123e+03
1.506775546005417937e+03
1.507503149259653583e+03
1.507589716313495046e+03
1.507832817400774729e+03
1.508053685055280994e+03
1.509052256188098454e+03
1.510171227859412284e+03
1.512332637526406643e+03
1.512950206955178146e+03
1.513209474781431027e+03
1.515763919539624339e+03
1.516907991323199440e+03
1.517363793361792887e+03
1.517956129344373494e+03
1.518734066157061307e+03
1.519777737491591324e+03
1.524060589980160103e+03
1.525110428008937333e+03
1.525137461463178852e+03
1.525626963652497807e+03
1.528383475981113406e+03
1.531256422163817660e+03
1.532531294532403763e+03
1.536622379496617441e+03
1.541572234968384464e+03
1.541801535993942935e+03
1.544293680473495670e+03
1.548228764739989629e+03
1.548618433149464636e+03
1.551874647713019158e+03
1.554324625337312227e+03
1.554378025576146911e+03
1.555480330506251448e+03
1.555994266138183320e+03
1.556790603033166235e+03
1.556891970153201555e+03
1.556911936909170436e+03
1.557596139969296928e+03
1.559129780161899589e+03
1.560100617837344771e+03
1.562043959862355678e+03
1.562078726684518415e+03
1.562160793718233435e+03
1.562396228104556712e+03
1.563039964317026943e+03
1.564491404141985186e+03
1.564879039209032271e+03
1.564922806071448122e+03
1.566596546890656555e+03
1.566625680354290580e+03
1.566679880596703242e+03
1.566694780663344545e+03
1.566705614045130460e+03
1.566785847737312451e+03
1.567510917646884309e+03
1.568810423458977994e+03
1.569616860399133657e+03
1.572173038498413007e+03
1.573811979161976296e+03
1.581675514331963313e+03
1.582883153066510886e+03
1.586451702360328909e+03
1.587057038401052523e+03
1.587237505874867566e+03
1.588151709963683288e+03
1.589012580480629140e+03
1.589242681509765362e+03
1.589716016960111119e+03
1.589751017116650701e+03
1.589960318052757884e+03
1.590589287532516437e+03
1.592557396334964778e+03
1.593115332163689118e+03
1.593211532593949642e+03
1.593237799378095588e+03
1.593778735130786572e+03
1.594352804365001475e+03
1.595128407833920164e+03
1.596252112859737508e+03
1.596899549088756203e+03
1.597431451467711668e+03
1.597453718233967493e+03
1.598688390422756356e+03
1.599229992845095694e+03
1.600522265291504709e+03
1.602408973729886156e+03
1.602906709289362425e+03
1.605712788506334846e+03
1.605922089442441802e+03
1.606729159718763867e+03
1.607487129775482799e+03
1.608264899920758580e+03
1.608317133487708816e+03
1.608850902541679716e+03
1.609567272412340344e+03
1.609779340027488388e+03
1.609925707348788819e+03
1.611500547725660908e+03
1.611782782321300374e+03
1.611794015704875392e+03
1.612525552310036346e+03
1.612937720820143795e+03
1.613055554680494197e+03
1.613228188785940574e+03
1.613968525430460204e+03
1.613991892201635892e+03
1.615869700600211672e+03
1.616115268365190332e+03
1.616236635574676711e+03
1.617218606633249692e+03
1.618526179148088659e+03
1.619650184175247659e+03
1.619963352242571318e+03
1.621193991079987882e+03
1.621833827275015210e+03
1.621975894577083864e+03
1.622634564189677576e+03
1.623018165905352134e+03
1.623046132697101484e+03
1.625399609889792373e+03
1.627561819560364711e+03
1.628938959053011558e+03
1.631616637695706913e+03
1.632484974912714506e+03
1.633677546913208744e+03
1.633706847044255028e+03
1.633778780699314439e+03
1.634985919431625689e+03
1.635218420471496302e+03
1.635800256407115057e+03
1.635827023193497325e+03
1.636053224205190645e+03
1.636108257784663920e+03
1.637830765488650968e+03
1.637834032169928150e+03
1.638303067601041903e+03
1.638487601759711879e+03
1.638542402004808082e+03
1.638556668735283438e+03
1.638615768999611646e+03
1.638667502564325559e+03
1.639638940242454055e+03
1.640255376332823516e+03
1.640809878812858642e+03
1.642538219876269295e+03
1.642546353245979390e+03
1.642607753520594542e+03
1.642630553622569096e+03
1.642678453836804692e+03
1.642702920612899788e+03
1.642785620982780983e+03
1.642820754473250190e+03
1.642838121217590469e+03
1.642881921413488499e+03
1.642912454883384044e+03
1.642965588454359477e+03
1.643302456627683114e+03
1.643899925966556111e+03
1.644409628246220791e+03
1.644428361663339956e+03
1.644477928551696550e+03
1.644566928949754356e+03
1.644587129040100308e+03
1.645364732517964057e+03
1.645431232815389421e+03
1.645991935323154621e+03
1.646213302979897435e+03
1.646608538080935887e+03
1.646819839025988358e+03
1.646840572452052584e+03
1.647251207621968661e+03
1.647516975477293272e+03
1.650747256591525911e+03
1.651757761111049376e+03
1.652816532513115135e+03
1.652833465922183677e+03
1.654199605365632351e+03
1.654245872239229584e+03
1.654351906046803379e+03
1.656863583947053485e+03
1.658484391196181150e+03
1.658524191374189058e+03
1.659225861179102822e+03
1.660129331886579848e+03
1.660647100868989810e+03
1.661569571661445252e+03
1.665115154185876690e+03
1.668572836317169958e+03
1.668589003056142928e+03
1.668657736696890424e+03
1.671484016004208343e+03
1.671692216935395663e+03
1.679183483773730359e+03
1.679709652793709665e+03
1.684953242912550650e+03
1.685041943309266799e+03
1.685783546626118323e+03
1.685807546733459731e+03
1.688736826501451787e+03
1.689257628830761632e+03
1.691165204029137385e+03
1.691195470831173452e+03
1.691283537891723881e+03
1.692382876141892893e+03
1.692561376940245282e+03
1.693567681440983733e+03
1.694572919270284956e+03
1.695550490309178713e+03
1.696508927929163974e+03
1.696718828867954471e+03
1.696811795950420446e+03
1.697264497975149197e+03
1.697528399155457919e+03
1.701251415806804289e+03
1.701266282539962958e+03
1.701404549825035701e+03
1.703372058624800502e+03
1.703525692645268464e+03
1.703561792806727681e+03
1.705348900799642252e+03
1.707003908201731292e+03
1.707165475591014911e+03
1.712417199079565762e+03
1.714369341143935571e+03
1.714886576790626577e+03
1.716114282281590476e+03
1.718088891113110321e+03
1.718393292474557938e+03
1.718876794637041257e+03
1.720444334981263864e+03
1.720449401670591669e+03
1.720540668745454013e+03
1.720653702584335861e+03
1.721180338273069083e+03
1.722760578674093040e+03
1.723607215794046169e+03
1.723676816105336457e+03
1.723775816548119792e+03
1.723820583415008286e+03
1.723872316979721973e+03
1.723957550694266729e+03
1.724758820944647823e+03
1.724900088243138271e+03
1.724904621596747120e+03
1.724985288624200621e+03
1.725664291661069683e+03
1.725805825627419608e+03
1.725833625751756927e+03
1.726056393414761033e+03
1.726483028656238275e+03
1.726860030342393884e+03
1.728313836844603657e+03
1.728328603577315107e+03
1.728485970947813939e+03
1.728753505477706540e+03
1.728800005685680617e+03
1.729032040056797314e+03
1.729317908002020204e+03
1.729603142611077146e+03
1.730792347929847210e+03
1.731368983842208536e+03
1.731847685983223755e+03
1.732781890161490537e+03
1.733177091929046810e+03
1.733191525326934197e+03
1.736090304958512888e+03
1.736473306671503906e+03
1.737227110042920685e+03
1.737292877003732883e+03
1.738349715063818167e+03
1.740223090109232544e+03
1.740737059074646595e+03
1.743030102663712569e+03
1.744874944248176234e+03
1.744894011000119463e+03
1.746208350211889638e+03
1.751566074174532105e+03
1.761657685976350649e+03
1.762042121029085592e+03
1.765808571208023523e+03
1.767719013085887354e+03
1.771551830228320568e+03
1.772303133588556193e+03
1.773117537231010147e+03
1.774880145114346988e+03
1.774900011869868422e+03
1.777211455541229498e+03
1.777287222546767225e+03
1.777624590722326957e+03
1.779683666598295986e+03
1.781531574863142168e+03
1.783858818605169745e+03
1.783976152463283370e+03
1.785348825269286181e+03
1.791657753486229012e+03
1.791706353703595369e+03
1.794105431100235137e+03
1.795807038710745701e+03
1.795923172563492699e+03
1.797482212869698287e+03
1.800143724773420445e+03
1.803482506372926309e+03
1.804944946247082498e+03
1.808910697317401855e+03
1.808978864288947989e+03
1.809826834748197825e+03
1.810247536629804472e+03
1.813465817690366521e+03
1.816063229307397705e+03
1.817108433982118868e+03
1.820066447211955392e+03
1.821446520051055359e+03
1.821507553657363815e+03
1.821528220416463455e+03
1.823165327738493716e+03
1.826992678189810704e+03
1.827204045801827760e+03
1.827224612560479954e+03
1.827507180490943483e+03
1.827521280554006580e+03
1.827559647392270335e+03
1.829675390188351003e+03
1.829712590354730537e+03
1.830269359511570201e+03
1.830321626412002843e+03
1.830424293537852463e+03
1.833987176139659141e+03
1.835258015156872716e+03
1.835999751807653865e+03
1.836597754482245591e+03
1.837105723420824461e+03
1.837247424054586418e+03
1.839694968334662917e+03
1.839813502198144079e+03
1.844098988031823410e+03
1.851256186709357962e+03
1.851325153684482075e+03
1.851743755556696442e+03
1.851773255688636937e+03
1.854001798989222607e+03
1.860422127704408922e+03
1.866586255273724873e+03
1.870762607285965487e+03
1.871177009139394841e+03
1.872245913920115754e+03
1.875170760334946181e+03
1.877384770237197017e+03
1.882419192753860443e+03
1.886974446460754507e+03
1.888349585944456294e+03
1.888369052698188852e+03
1.889019288939730586e+03
1.889809259139571850e+03
1.889834159250938455e+03
1.889841759284930049e+03
1.889857292687737072e+03
1.889973593207896101e+03
1.890010760040792775e+03
1.890052360226851533e+03
1.890644996210773797e+03
1.892143036244153336e+03
1.894522446886166108e+03
1.894542913644371083e+03
1.896203121069717554e+03
1.896226487840893242e+03
1.896259921323759045e+03
1.896327388292174646e+03
1.896386055221231345e+03
1.896406588646401360e+03
1.896433955435467169e+03
1.896819923828393485e+03
1.897570493852015716e+03
1.897654994229947306e+03
1.899842237345816102e+03
1.900062804998980710e+03
1.905953564678980911e+03
1.905989931508299378e+03
1.910181883590312282e+03
1.912390993470647572e+03
1.914355168922170606e+03
1.914388669072001449e+03
1.914436902621061108e+03
1.918401687020390455e+03
1.919184157186687116e+03
1.919968527361482074e+03
1.920218461812657551e+03
1.923535876649933016e+03
1.924160312776082492e+03
1.925478452004848350e+03
1.925729119792636993e+03
1.926451323022720999e+03
1.928301164629547429e+03
1.932000081173105173e+03
1.937036637032643057e+03
1.938121041882688814e+03
1.938503143591654407e+03
1.939858782988141002e+03
1.939902716517969111e+03
1.940687286693658280e+03
1.941187422263868939e+03
1.941206289014917729e+03
1.941256855907746967e+03
1.941296356084412992e+03
1.941420656640352490e+03
1.941433690031978131e+03
1.941437890050762917e+03
1.941450656774529534e+03
1.941529557127414591e+03
1.941699457887302515e+03
1.941736824721094081e+03
1.941743424750612803e+03
1.942963363540173077e+03
1.944176102297530861e+03
1.944695237952719708e+03
1.949280425126826003e+03
1.949294725190783765e+03
1.952748740639010975e+03
1.952752873990830949e+03
1.954407348057201261e+03
1.955014184104634069e+03
1.955040750890121672e+03
1.956131489101826901e+03
1.956190789367049774e+03
1.956555424331228096e+03
1.956757925236921892e+03
1.959847439054900406e+03
1.961174944992225619e+03
1.961194745080782468e+03
1.961319612305922874e+03
1.962071282334464968e+03
1.962710051858054840e+03
1.963222620817207371e+03
1.963827956857931213e+03
1.967842508146511364e+03
1.969595249319052527e+03
1.970104784931304948e+03
1.978026687029007007e+03
1.978039420419290764e+03
1.980995700308041933e+03
1.981368701976307193e+03
1.981396635434574137e+03
1.985399053335554072e+03
1.985581687485726206e+03
1.985631654375871904e+03
1.986138656643460536e+03
1.987654563423416221e+03
1.990563376433203075e+03
1.990930211407221122e+03
1.992658152468842445e+03
1.993241055075898657e+03
1.993259388491228719e+03
1.997694474994003485e+03
1.997704608372658868e+03
1.997728108477764181e+03
1.997904075931452326e+03
1.997937876082625053e+03
1.998029743160171165e+03
1.999029247630496002e+03
2.001493191983922770e+03
2.003452300746117999e+03
2.005219508650028502e+03
2.008147221744346552e+03
2.010362564985894323e+03
2.010759366760606781e+03
2.011918038609481300e+03
2.012057772567780376e+03
2.013345744994957158e+03
2.013868380665800260e+03
2.016958361152532689e+03
2.017541197092623861e+03
2.017959932298767853e+03
2.019222304611447043e+03
2.022559752871655974e+03
2.023944559065259000e+03
2.024749829333530215e+03
2.026825938619015005e+03
2.028555646355204544e+03
2.030367554459038729e+03
2.032465197174165951e+03
2.032855265585429834e+03
2.034145971358164843e+03
2.035511677466342007e+03
2.043708514127033823e+03
2.044159516144158943e+03
2.044172016200065855e+03
2.044608218150997118e+03
2.045302887924603283e+03
2.045414721758117821e+03
2.045883423854407511e+03
2.048092867069567092e+03
2.049724841035304962e+03
2.050661911893059823e+03
2.054894030821387332e+03
2.055025531409528867e+03
2.057382741952250854e+03
2.057994744689458457e+03
2.059840519611429954e+03
2.064586640838653693e+03
2.065096309784836194e+03
2.066648750061522605e+03
2.066658483438388885e+03
2.066782450659504320e+03
2.066818617487928350e+03
2.067150252304512378e+03
2.075912824828814337e+03
2.082442954035087951e+03
2.084535063392133452e+03
2.085969769808917590e+03
2.088935916408464436e+03
2.090187088671050788e+03
2.090222522162861878e+03
2.096910285407493575e+03
2.098045057149473450e+03
2.098066357244739720e+03
2.098145657599413425e+03
2.098360225225742852e+03
2.099141762054531682e+03
2.099517897070144954e+03
2.100346434109144411e+03
2.110455445988785868e+03
2.121793730033064548e+03
2.122574366857828409e+03
2.122915201715559306e+03
2.122922301747314577e+03
2.122972601972284792e+03
2.124529008933378918e+03
2.124927444048730194e+03
2.125100378155518229e+03
2.125287612326264025e+03
2.125316245787661501e+03
2.125321879146190895e+03
2.125465446454968060e+03
2.126963386487900152e+03
2.127166020727523573e+03
2.127276421221294186e+03
2.128129491703354233e+03
2.128704994277313290e+03
2.129526531285004694e+03
2.135493957974567820e+03
2.135633291931078020e+03
2.136264194752817275e+03
2.136306828276830856e+03
2.138075702854862357e+03
2.138213903472970287e+03
2.138252036976857198e+03
2.138870173074830291e+03
2.138950106765669716e+03
2.139289774951516392e+03
2.139441508963486740e+03
2.139456409030127816e+03
2.139523642664166800e+03
2.139532076035218324e+03
2.139824544009959936e+03
2.139880844261765560e+03
2.140283246061524096e+03
2.141423884496410210e+03
2.141688219011990441e+03
2.142780557230851628e+03
2.147778579584713952e+03
2.148347448795671426e+03
2.150957093800750499e+03
2.150986227264384524e+03
2.151378529018970312e+03
2.151390395738711049e+03
2.153024603047771507e+03
2.154190008260094146e+03
2.155632581378728901e+03
2.156322717798725989e+03
2.156574418924469683e+03
2.158480394115689251e+03
2.164992723242351076e+03
2.165017790021130168e+03
2.165039390117737184e+03
2.166030227882633426e+03
2.166323195859612042e+03
2.168072137015156841e+03
2.169525310181200894e+03
2.172237822313024026e+03
2.174887134162180701e+03
2.175606504046259033e+03
2.175937872194983356e+03
2.178450883434530624e+03
2.179013419283828625e+03
2.179190953411190549e+03
2.179569521771019936e+03
2.179949623471040923e+03
2.181428796753370989e+03
2.181740664814880347e+03
2.184132708846730111e+03
2.185168613479856504e+03
2.185693715828398581e+03
2.190822338766377015e+03
2.191590842203540433e+03
2.191605575602769477e+03
2.191843576667239631e+03
2.193503817426068053e+03
2.194682456030911453e+03
2.194797189877396704e+03
2.195673593797149806e+03
2.195789894317308153e+03
2.196055795506562845e+03
2.196094929014921945e+03
2.196113929099900361e+03
2.198181671681298212e+03
2.198685540601539742e+03
2.199955446281245258e+03
2.202457824139901277e+03
2.202696025205264959e+03
2.202993226534510086e+03
2.205621471622778699e+03
2.205654405103408408e+03
2.205667471828516227e+03
2.205845272623738310e+03
2.206046840191923820e+03
2.207915881884624014e+03
2.209479088876131300e+03
2.209622522850979294e+03
2.210267859070605937e+03
2.210661694165382869e+03
2.214057976022060757e+03
2.214536844830488008e+03
2.217380024213392062e+03
2.217876459767054257e+03
2.218008193689573091e+03
2.218707663484647128e+03
2.218825164010173467e+03
2.220738939236278839e+03
2.221952677998109266e+03
2.222084078585803582e+03
2.225547960744826923e+03
2.227784404080745844e+03
2.229380944554672624e+03
2.229694245955926363e+03
2.229715112715919986e+03
2.229718812732468905e+03
2.229799946428675412e+03
2.229835679921828614e+03
2.230185981488566995e+03
2.230337615500089214e+03
2.231273286351583010e+03
2.232025756383703083e+03
2.232048556485677636e+03
2.232059556534875810e+03
2.232066423232253783e+03
2.232076289943050142e+03
2.232179057069346527e+03
2.232509525214045880e+03
2.232519758593148708e+03
2.234321233316985399e+03
2.234352833458318401e+03
2.235750439709170223e+03
2.236276075393431256e+03
2.241901967222131589e+03
2.243862075988799461e+03
2.244671046273619140e+03
2.245786951264550680e+03
2.246808489166754498e+03
2.247559392525201019e+03
2.247573825923087952e+03
2.247846693810167835e+03
2.248365762798392097e+03
2.248374396170338514e+03
2.248419463038568665e+03
2.248427463074349362e+03
2.249253266767790592e+03
2.249395234069411799e+03
2.249468534397250551e+03
2.249521067965542443e+03
2.249561601480163517e+03
2.249602268328714217e+03
2.249709368807725696e+03
2.249718802183249863e+03
2.249760835704580131e+03
2.252918083158833724e+03
2.254768324767449030e+03
2.254914358753925626e+03
2.255582861743832837e+03
2.258179873359074918e+03
2.263231895954455467e+03
2.264608235443523881e+03
2.264915270150082961e+03
2.267107879956621218e+03
2.267131146727349460e+03
2.267165146879416625e+03
2.268069284256541778e+03
2.268353518861126304e+03
2.269652224669641328e+03
2.269913325837427692e+03
2.270264927409979919e+03
2.271558899863991883e+03
2.272120902377571383e+03
2.272655371434673270e+03
2.273093306726690571e+03
2.276480821877491962e+03
2.277271825415288276e+03
2.278297063334040558e+03
2.279747436487561572e+03
2.281831612475791644e+03
2.291473322265404477e+03
2.292958195573228750e+03
2.293753665797669328e+03
2.294114967413605427e+03
2.295181105515285708e+03
2.296996246966914441e+03
2.297007180349147802e+03
2.298023451561129605e+03
2.298422086677374864e+03
2.299543025024151575e+03
2.299853859747705883e+03
2.299875359843865681e+03
2.299890293243989618e+03
2.300107094213641176e+03
2.301494000416636482e+03
2.301526333894582422e+03
2.303831110869459735e+03
2.309181668133382118e+03
2.310458140509124405e+03
2.312450382752843780e+03
2.312544683174606234e+03
2.315038460994797333e+03
2.315486863000294306e+03
2.318235841961883125e+03
2.320957120799582299e+03
2.321028087783651699e+03
2.321055687907094125e+03
2.321755124368686211e+03
2.322183126282942339e+03
2.323201030835562960e+03
2.323207964199905746e+03
2.323616832695253834e+03
2.323730533203784034e+03
2.325503874468459799e+03
2.325647308443307793e+03
2.325905609598570209e+03
2.327559583662703972e+03
2.327763917909931024e+03
2.327785184671713978e+03
2.327788518019955973e+03
2.327965985480353083e+03
2.328189519813452989e+03
2.328220886620409146e+03
2.328249086746535340e+03
2.328843056069754311e+03
2.329086790493199715e+03
2.329414025290104291e+03
2.332922040979850408e+03
2.334530181505658675e+03
2.334900116493541645e+03
2.335041350458549459e+03
2.337801229468889687e+03
2.342173249022927848e+03
2.348302776437493321e+03
2.349302547575678091e+03
2.350517919678146882e+03
2.354186002750467196e+03
2.356136044805444271e+03
2.357349850234239057e+03
2.357449084011399464e+03
2.358183220628189702e+03
2.359190758467777414e+03
2.359600693634562958e+03
2.365538886860045295e+03
2.367327928194939432e+03
2.369049402560971885e+03
2.369134536275069422e+03
2.373402555363961255e+03
2.373806323836499359e+03
2.377478706928051452e+03
2.379829884110455623e+03
2.381371057670084610e+03
2.382331028630261244e+03
2.389369526776903058e+03
2.394635283661551966e+03
2.394676250511444323e+03
2.394698617278147594e+03
2.394726484069449270e+03
2.394766984250587939e+03
2.395264253141310746e+03
2.395358953564862077e+03
2.395867422505677496e+03
2.399832406905900825e+03
2.399871373746848803e+03
2.400574443558024086e+03
2.400889811635187471e+03
2.401362213748025624e+03
2.403756591123643830e+03
2.404865529416749723e+03
2.405249764468590456e+03
2.407469507729817451e+03
2.408755280147154735e+03
2.410714322242384696e+03
2.411839793942770484e+03
2.412501030233510392e+03
2.413998003595452246e+03
2.415020008166410662e+03
2.418452923520266268e+03
2.419111093130623885e+03
2.422317407470997750e+03
2.422371641046893274e+03
2.422428507967899350e+03
2.422450274731918853e+03
2.423631380014461229e+03
2.425192786997918574e+03
2.425245920568894235e+03
2.426611060007870037e+03
2.429064104312545624e+03
2.430224942837777235e+03
2.431256714119083881e+03
2.431779449790374201e+03
2.434306961094773214e+03
2.434322861165886479e+03
2.436524804347502595e+03
2.437281807733231290e+03
2.450255865760243523e+03
2.450274132508609000e+03
2.450784334790509547e+03
2.452974144584524765e+03
2.454506018102559210e+03
2.454532551554564634e+03
2.456243792541494258e+03
2.458150567736291578e+03
2.459618474301564675e+03
2.459642207741047059e+03
2.460980313725781343e+03
2.461657983423353471e+03
2.463668325748026746e+03
2.463757659480908842e+03
2.464575929807323519e+03
2.465188565880696842e+03
2.465261032871474981e+03
2.469249550710286712e+03
2.469378951289035740e+03
2.469884153548573977e+03
2.471426793781429751e+03
2.471841928971472043e+03
2.471875962457021615e+03
2.473487036329283001e+03
2.473498103045445987e+03
2.478079790203898483e+03
2.478724659754770983e+03
2.479179995124610286e+03
2.483039012384224861e+03
2.484159950731002027e+03
2.485562890339040678e+03
2.486093326044769583e+03
2.487600332784919829e+03
2.487722566664948772e+03
2.491513416953017440e+03
2.491890118637831165e+03
2.492347420683133350e+03
2.495929870039120033e+03
2.497522577162568723e+03
2.500067988547026744e+03
2.500538157316542765e+03
2.506583251020141233e+03
2.506594151068892188e+03
2.506759418474724043e+03
2.509253129627950784e+03
2.510031066440638824e+03
2.511889408085482046e+03
2.516958330756448959e+03
2.518087402472935537e+03
2.520432279627162643e+03
2.520845714809601759e+03
2.521307216873688503e+03
2.522096787071740891e+03
2.522712423158532147e+03
2.523250792233076936e+03
2.523788994640209239e+03
2.525316134803740624e+03
2.525615969478096758e+03
2.527421910888577713e+03
2.527438677630234451e+03
2.532286032643564340e+03
2.542626378891191052e+03
2.548439804891979747e+03
2.551328551145350502e+03
2.552085154529290321e+03
2.553821095626692113e+03
2.553828628993719121e+03
2.554248697539159366e+03
2.554443865078721046e+03
2.554446598424279728e+03
2.554731333031099894e+03
2.555103134693998527e+03
2.555349569129520205e+03
2.557616845936676327e+03
2.557997880974204236e+03
2.559036452285924042e+03
2.560063156877903111e+03
2.560236524319962882e+03
2.563723639916231605e+03
2.564573077048707546e+03
2.564871545050285476e+03
2.566116017282905432e+03
2.566144717411267720e+03
2.566508952373656939e+03
2.566761586836908464e+03
2.568831862762970104e+03
2.573803351664827005e+03
2.573828385110123691e+03
2.574089486277909145e+03
2.575506025946775026e+03
2.576016528230017684e+03
2.578093437519080453e+03
2.578614739850626393e+03
2.580349380942214339e+03
2.580611248780095593e+03
2.581569953067940332e+03
2.581575919761293335e+03
2.581619786624155950e+03
2.582095455418271285e+03
2.582495790542120176e+03
2.582880158927890534e+03
2.582890825642264190e+03
2.583387661197715261e+03
2.584791934145050618e+03
2.585327836541896431e+03
2.585625504539895701e+03
2.585631571233695922e+03
2.586021139642723483e+03
2.586106373357268239e+03
2.586210073821072911e+03
2.586947810453963484e+03
2.588884852450797553e+03
2.589113020137953754e+03
2.590173424880657876e+03
2.590603193469482449e+03
2.590997195231671867e+03
2.591027662034602145e+03
2.591656131512124830e+03
2.591700465043741588e+03
2.591834565643512178e+03
2.592931237215087549e+03
2.592950403967478451e+03
2.592957470665751316e+03
2.593558740021619997e+03
2.593795741081617052e+03
2.594580911259989989e+03
2.595501182042606160e+03
2.595527215492374580e+03
2.596318452364547738e+03
2.596595586937376993e+03
2.597322523521964740e+03
2.597982293139478315e+03
2.601937310828458521e+03
2.601963577612604695e+03
2.602601747133510798e+03
2.603025549028982368e+03
2.604653422976382899e+03
2.605190225377253682e+03
2.606601365021967467e+03
2.607847803930050759e+03
2.609272676969520944e+03
2.612898393185686473e+03
2.616120574263692106e+03
2.618540818421667609e+03
2.628405795876521097e+03
2.633392451512878779e+03
2.634363422522253586e+03
2.634484156395573791e+03
2.638377573809044407e+03
2.638383507168915003e+03
2.641524454550266000e+03
2.643239195552849651e+03
2.644082099322771683e+03
2.644248966735759495e+03
2.644328700425705392e+03
2.645566372627911733e+03
2.646091574976901029e+03
2.647616915132381564e+03
2.649114688497901625e+03
2.650005525815541660e+03
2.650357660723812842e+03
2.652737271366720506e+03
2.653480241356351144e+03
2.654903814390007028e+03
2.654933614523289634e+03
2.657305125129968928e+03
2.657805360700626807e+03
2.657879061030254434e+03
2.658261596074491536e+03
2.658401130031896173e+03
2.659186766879022798e+03
2.660320171948224015e+03
2.660326538643365893e+03
2.660933141356421856e+03
2.661349909887102967e+03
2.661378176680193974e+03
2.662009846172028574e+03
2.663074084265211241e+03
2.663668453590219542e+03
2.663877054523195511e+03
2.663899687957757578e+03
2.663919188044972998e+03
2.664868858959081990e+03
2.665303894238128123e+03
2.665366727852487656e+03
2.665515128516216009e+03
2.666100897802759846e+03
2.667442403802700937e+03
2.667456403865317043e+03
2.667767171921906993e+03
2.669534579826711706e+03
2.670431083836363086e+03
2.670447883911502231e+03
2.672875628103022336e+03
2.672892828179949902e+03
2.673284029929616281e+03
2.673316696742386284e+03
2.673346430208703623e+03
2.675048904489757660e+03
2.675325139058561035e+03
2.675521773271349502e+03
2.676028475537596023e+03
2.677514382183375346e+03
2.677640416080400428e+03
2.677677516246332289e+03
2.678347285908571394e+03
2.679133922760170663e+03
2.679618991596328215e+03
2.681207432034027079e+03
2.681647400668471619e+03
2.682295836901962957e+03
2.682358037180156316e+03
2.685113782838675888e+03
2.685137982946912416e+03
2.685366250634515382e+03
2.686201254369104390e+03
2.686239154538614002e+03
2.686289288096172186e+03
2.686837157213206410e+03
2.687430059864987470e+03
2.687692527705552948e+03
2.689746236890852288e+03
2.690056204943864032e+03
2.691076509507217907e+03
2.691217910139638207e+03
2.691246643601483356e+03
2.692149180971452552e+03
2.692207481232203008e+03
2.692583849582192670e+03
2.692610883036434188e+03
2.693404586586306323e+03
2.693617754206373775e+03
2.693903255483289740e+03
2.693930688939321044e+03
2.694151923262133550e+03
2.695852464201206658e+03
2.695932797893835868e+03
2.695969231390119603e+03
2.696093665279988272e+03
2.696525367210793320e+03
2.696577900779085212e+03
2.697128203240336006e+03
2.698486709316310680e+03
2.698620576581704427e+03
2.698909977876063749e+03
2.698971711485502965e+03
2.699012378334053665e+03
2.699788848473515372e+03
2.700215850383299312e+03
2.701765390647015465e+03
2.702165625770417137e+03
2.702249292811287887e+03
2.702279026277605226e+03
