2.595752298544856984e+01
2.613869046239428329e+01
3.675387127256365716e+01
6.297645522082362390e+01
6.299442196784732317e+01
6.302852212036166435e+01
6.311758918538446750e+01
6.316812274473124234e+01
6.318032279929649064e+01
6.319968955258176635e+01
6.320455624101489889e+01
6.336705696780613550e+01
6.338429037821660472e+01
6.339045707246406636e+01
6.360342469163722967e+01
6.379925890084717821e+01
6.414276043717204345e+01
6.421416075651292488e+01
6.473439641662180577e+01
6.603396889568023198e+01
6.624296983044557408e+01
6.655270454908026068e+01
6.664220494937451633e+01
6.665300499767818110e+01
6.675963880793565863e+01
6.684347251621871067e+01
6.690957281185502836e+01
6.718850739273483441e+01
6.721810752512264742e+01
6.722697423144602169e+01
6.819471189302615244e+01
7.265736518576126457e+01
7.269449868517570224e+01
7.368366977595105993e+01
7.410533832854780201e+01
7.528204359141086854e+01
7.560617837445043676e+01
7.561474507943204060e+01
7.634491501181399542e+01
7.690681752494626267e+01
7.706278488918343328e+01
7.707881829422683495e+01
7.711341844897745545e+01
7.712805184775926648e+01
7.718261875847871067e+01
7.721265222613797619e+01
7.729391925627480475e+01
7.733211942712665632e+01
7.737938630519637684e+01
7.770068774223038588e+01
7.952256255730765133e+01
7.965442981375608156e+01
7.978746374208917302e+01
8.401851599897904066e+01
8.758019859541870744e+01
8.771396586036502185e+01
8.864687003281757427e+01
8.873340375317656026e+01
8.897593817125513738e+01
8.923813934396073932e+01
9.402949410682680309e+01
9.713470799502458419e+01
1.069680186415805849e+02
1.114653054225487381e+02
1.120918415580909056e+02
1.124125763259237800e+02
1.124294097345452315e+02
1.124474431485337504e+02
1.124722432594532791e+02
1.125271435049968858e+02
1.127137443395768486e+02
1.131801464255795224e+02
1.205653461228578465e+02
1.234121588553457656e+02
1.310113595097522818e+02
1.311324267178970331e+02
1.347296428065950522e+02
1.348003764562875517e+02
1.348548767000421549e+02
1.348897768561345742e+02
1.349680772063361189e+02
1.351201445531303023e+02
1.353134787511588399e+02
1.383504590008455182e+02
1.383553923562434989e+02
1.390498954624374051e+02
1.437940500141985751e+02
1.438170834505499158e+02
1.438446502405101626e+02
1.438977838114855956e+02
1.441364848790860265e+02
1.442855522124625338e+02
1.447829211036321624e+02
1.557864703174619763e+02
1.563669729137838829e+02
1.622582992629851049e+02
1.633338374067073460e+02
1.634140044319243827e+02
1.634623713149139235e+02
1.634765047114594552e+02
1.634817380681991779e+02
1.634835380762498005e+02
1.635048381715153596e+02
1.635594384157172101e+02
1.640134737797425259e+02
1.641503410585537779e+02
1.644333756577710801e+02
1.644475423877990181e+02
1.646242098446182069e+02
1.696515323295263613e+02
1.768904647059513593e+02
1.791703082359793484e+02
1.814533184468371303e+02
1.823034555824440304e+02
1.880910481343582035e+02
1.956617486612966843e+02
1.958056826383806879e+02
1.960581504342200390e+02
1.964835856703300863e+02
1.968509206465843420e+02
1.978003248928341975e+02
1.984597278420411897e+02
1.989568967323163236e+02
2.003092027805611508e+02
2.004214366158649625e+02
2.016654755132138064e+02
2.044773880896093488e+02
2.049645236016764329e+02
2.065677974390517591e+02
2.068493653650426438e+02
2.088404742703597492e+02
2.097487783327873103e+02
2.101987136784750874e+02
2.120033550831418836e+02
2.129351259171922379e+02
2.131269601085119234e+02
2.135620287210410027e+02
2.142990986842836207e+02
2.146054667211940341e+02
2.167332095709454336e+02
2.174051459095418863e+02
2.178001143427212298e+02
2.180841489464110907e+02
2.213152633977043706e+02
2.230333377485297888e+02
2.230933046834010156e+02
2.231307381841572521e+02
2.231491382664523826e+02
2.231729383728993241e+02
2.232574387508308007e+02
2.233446724743205607e+02
2.236907073553092573e+02
2.240056420972012461e+02
2.243059434403114381e+02
2.250994469892889356e+02
2.287719967482532866e+02
2.300272356956948272e+02
2.302741034664877873e+02
2.308930062345560827e+02
2.311214405895715345e+02
2.318454771611884269e+02
2.322987791886005482e+02
2.325032801032393763e+02
2.325239468623389598e+02
2.326897809373720634e+02
2.328312815702395255e+02
2.328838484720138240e+02
2.328886818269645573e+02
2.329833155835512741e+02
2.330618492681297482e+02
2.332255833337704871e+02
2.332854169347120603e+02
2.353406261267203661e+02
2.359492288487212477e+02
2.366381985968336608e+02
2.387584747465232624e+02
2.422523237062408441e+02
2.451082698129114874e+02
2.451480033239546117e+02
2.452876372818066102e+02
2.454453713206119403e+02
2.458359730675944377e+02
2.460783074847784917e+02
2.483013840942474246e+02
2.488752866610504384e+02
2.526085033580168044e+02
2.530268385623716654e+02
2.534866739523378385e+02
2.543567778439135623e+02
2.544895451043873038e+02
2.546940793525085382e+02
2.549095136493806706e+02
2.555884166858026276e+02
2.561833193465294585e+02
2.590735322731265455e+02
2.621633127589644232e+02
2.629533162922879796e+02
2.650163588526646663e+02
2.656637950816833609e+02
2.687283421213302859e+02
2.698750472500165074e+02
2.702624489826868626e+02
2.727735935472182405e+02
2.736171639867886825e+02
2.738378983073654354e+02
2.758508739771491491e+02
2.763870097083718065e+02
2.769852123838580837e+02
2.771830466020130643e+02
2.788509873952807538e+02
2.788765875097782896e+02
2.798832586788235517e+02
2.802041267805860230e+02
2.803180272900107752e+02
2.803959943053881716e+02
2.804669946229400352e+02
2.806531287887661392e+02
2.810108637220837977e+02
2.847971473230607558e+02
2.855227839018338045e+02
2.860685530094753517e+02
2.897334027340010039e+02
2.925255152218397825e+02
2.954981951839407088e+02
2.962744653225077514e+02
3.025101265450942947e+02
3.034578641172232096e+02
3.047153030745043907e+02
3.047261697897728823e+02
3.048250035651443568e+02
3.049556374827432705e+02
3.050860047324829338e+02
3.052794722644411536e+02
3.056640739845882422e+02
3.057008074822136905e+02
3.068484459484076297e+02
3.081394517224844094e+02
3.087327543760551407e+02
3.088675883124388406e+02
3.099226263644735582e+02
3.120681026268717346e+02
3.160125202684430974e+02
3.164275221245560488e+02
3.167977571137807331e+02
3.180241292654476979e+02
3.188241995104616535e+02
3.190338004479105507e+02
3.193515018688432860e+02
3.202162057362672272e+02
3.229924181529922294e+02
3.239499891024346994e+02
3.240992897701880793e+02
3.242274236766056106e+02
3.244153911839648003e+02
3.246592256078576497e+02
3.248826599405103366e+02
3.250770608099762171e+02
3.273005707547166026e+02
3.280232739870367595e+02
3.287460772198041923e+02
3.317026237764144980e+02
3.318480244267249191e+02
3.319556915749373616e+02
3.321088255931689446e+02
3.342965020443091930e+02
3.350790722110533579e+02
3.350910722647241187e+02
3.365165453068780153e+02
3.369494805765323235e+02
3.378656513408106434e+02
3.407341641703531536e+02
3.408721647875666463e+02
3.412039662715625354e+02
3.416728017017817933e+02
3.421893706788245595e+02
3.476765285536988586e+02
3.483225314429735704e+02
3.483651649669870949e+02
3.485024989145521772e+02
3.485259323526925641e+02
3.486260661338783393e+02
3.488816672770650484e+02
3.491790686072048402e+02
3.503794739760675725e+02
3.603751186820027783e+02
3.638750676690029309e+02
3.659642103461134752e+02
3.661116110053690704e+02
3.663481453966122672e+02
3.666411467070727781e+02
3.667839806792369473e+02
3.697776274017792844e+02
3.700634620135197679e+02
3.750031507731491160e+02
3.755216197586897806e+02
3.761854227275760536e+02
3.800875401799580686e+02
3.801753072391665569e+02
3.836280226815794094e+02
3.841217582231654433e+02
3.844893598672790063e+02
3.845789269345381172e+02
3.851193960184751290e+02
3.852058630718692598e+02
3.853067635231507211e+02
3.885568780594226723e+02
3.885760448118134605e+02
3.894905822354533029e+02
3.903587861185311567e+02
3.940684693769098885e+02
3.945671049404114115e+02
3.946368385856314376e+02
3.948473061936231829e+02
3.950213403053313073e+02
3.985614228051636019e+02
3.990024247775632489e+02
3.990654583928169927e+02
3.991040585654578763e+02
3.995866940573984607e+02
4.020906052562450554e+02
4.032058769110103640e+02
4.035875786181870808e+02
4.066348255804587666e+02
4.088304020669322085e+02
4.123886513146827610e+02
4.132266217292068404e+02
4.164505028148152519e+02
4.166595370830630145e+02
4.168349045340679027e+02
4.168379712144504197e+02
4.169641384454052400e+02
4.171217724837633227e+02
4.201624527499984652e+02
4.204412206634661970e+02
4.205128543171840079e+02
4.205389544339178656e+02
4.217045596471354543e+02
4.243162713281242304e+02
4.262195131737855718e+02
4.295582614398088594e+02
4.328055759635576010e+02
4.338593806767428305e+02
4.350464193191557456e+02
4.350661860742300178e+02
4.356742221270297932e+02
4.358762896974520231e+02
4.359278899282361976e+02
4.360642572048111560e+02
4.367234934866060598e+02
4.425283194489307448e+02
4.447199959179612279e+02
4.450276306272035640e+02
4.452110647809537909e+02
4.536359024613893212e+02
4.538231366321352880e+02
4.540910044968520651e+02
4.547565074733417418e+02
4.571591515526002354e+02
4.575742867426429257e+02
4.579563551181262255e+02
4.584390239435492163e+02
4.629544774724355420e+02
4.631555450383852417e+02
4.660749580955811098e+02
4.661258249897520614e+02
4.664188596336950354e+02
4.697939413955547252e+02
4.700690426259563992e+02
4.702537767855209268e+02
4.703323438035818072e+02
4.706003783357106727e+02
4.754001998031110929e+02
4.789388156297169985e+02
4.799847536410514408e+02
4.819666291717385320e+02
4.887677929235586021e+02
4.892210282840057971e+02
4.892829618943397918e+02
4.895453297344574821e+02
4.905528009070807229e+02
4.937173150605014484e+02
4.967356285600336037e+02
4.972403974843002175e+02
4.977715665266424026e+02
4.994723741335749310e+02
4.995262077076811238e+02
4.997628087658891900e+02
4.998324424106618835e+02
4.999250761583035114e+02
5.001034769562084534e+02
5.001156103438088962e+02
5.001308437452742623e+02
5.009443473837029615e+02
5.027892889686140165e+02
5.028669893161320488e+02
5.029635897481814482e+02
5.041084282018521776e+02
5.041242282725186783e+02
5.075847770832999686e+02
5.080334790901382576e+02
5.082771135131366691e+02
5.089241497403663175e+02
5.091514840904619632e+02
5.103007225638119735e+02
5.103293893586920831e+02
5.104416565274783579e+02
5.107201577730866688e+02
5.117355289810431600e+02
5.119293631813079628e+02
5.143810741466868421e+02
5.143910741914124856e+02
5.184684924278344624e+02
5.220537084628617777e+02
5.221501088940166255e+02
5.223430430902561739e+02
5.232478471370297939e+02
5.244693526002636190e+02
5.291984404179714829e+02
5.393153523329458494e+02
5.393537858381747583e+02
5.394042193970742574e+02
5.400121554494267002e+02
5.503261015789781823e+02
5.557015589542673979e+02
5.581696699929962051e+02
5.591235742593726172e+02
5.597702438182957394e+02
5.605742474142350602e+02
5.640187294864906562e+02
5.643486642954710533e+02
5.665011072556947056e+02
5.666419745523961637e+02
5.667461083514722304e+02
5.668969423594169257e+02
5.670223429202761736e+02
5.671904436721137017e+02
5.678459799373601982e+02
5.679198802678823768e+02
5.682719818426712663e+02
5.683203487256608923e+02
5.684598160161008309e+02
5.730205030806292825e+02
5.739503072392169543e+02
5.742419418768982950e+02
5.750736789302100078e+02
5.750901123370424557e+02
5.781693261089536691e+02
5.786034280504925391e+02
5.801149681442516339e+02
5.802306353282446025e+02
5.821754106929995487e+02
5.851373572737617224e+02
5.897109443959864166e+02
5.897438778766160112e+02
5.902018465915667775e+02
5.906726153637662264e+02
5.944886324310607506e+02
5.947661670056789944e+02
5.947935671282270960e+02
5.948983342634692235e+02
5.950237348243283577e+02
5.952562691976813767e+02
5.953789030794997643e+02
5.956135041287626564e+02
6.040065416669708611e+02
6.041155754879624737e+02
6.041990091944564938e+02
6.054504814583847292e+02
6.056334822768634467e+02
6.097184338803120909e+02
6.143370212038020099e+02
6.148568235286394383e+02
6.152355585558808571e+02
6.160263954262649122e+02
6.162977966401180083e+02
6.170689334223925471e+02
6.198589459008391032e+02
6.224806909600357585e+02
6.235272956410185543e+02
6.269643110132122956e+02
6.270314446468036067e+02
6.272268788542244238e+02
6.273311793207126357e+02
6.275000467426457362e+02
6.275570469975817787e+02
6.277797813271037057e+02
6.283405505018337180e+02
6.305508270540539115e+02
6.309651622405184526e+02
6.332085389407803859e+02
6.397362681363197225e+02
6.486731747736715761e+02
6.497591462973908847e+02
6.497886130958490867e+02
6.516015212041558016e+02
6.545642677884959539e+02
6.548624357887313181e+02
6.549972030581501485e+02
6.578122823153754553e+02
6.582291175130216061e+02
6.588758537389094272e+02
6.589019205221608217e+02
6.593977894066216550e+02
6.623578026454034671e+02
6.653568493920976152e+02
6.660430524611693954e+02
6.663836539845237894e+02
6.683743295545693854e+02
6.687845313892140666e+02
6.868282454238061518e+02
6.926890383031118290e+02
6.995915025080023497e+02
6.998702704214700816e+02
6.999086705932164705e+02
7.000982381077317314e+02
7.002850389432061320e+02
7.006041737038829069e+02
7.027096164538961602e+02
7.031976186365062631e+02
7.034583198025029560e+02
7.046017915833945153e+02
7.047787923750379377e+02
7.051536940518011534e+02
7.052985946998753661e+02
7.089592777390986384e+02
7.090695115654573328e+02
7.091644786568682548e+02
7.093496461517041780e+02
7.096512475006286422e+02
7.125536938152733910e+02
7.126192941086734436e+02
7.169240133617087167e+02
7.172260147124222840e+02
7.200258605681821109e+02
7.234463758665785917e+02
7.236301100216704754e+02
7.239665115262401969e+02
7.245649808695858383e+02
7.302574396626769158e+02
7.319137804040628907e+02
7.321501147944117065e+02
7.428168291684003179e+02
7.434675987456608937e+02
7.453682405796936337e+02
7.455499747258403431e+02
7.509220987528877913e+02
7.519593367253108909e+02
7.519633367432011255e+02
7.520949039983078137e+02
7.521247041315900788e+02
7.522540713768571550e+02
7.524315721707367857e+02
7.525572727329378040e+02
7.526216730209707748e+02
7.527645736600998134e+02
7.528703074663319512e+02
7.530365415431540441e+02
7.531065418562334344e+02
7.532402424542148083e+02
7.604295412753183427e+02
7.620131483580667009e+02
7.622410827108458307e+02
7.641204911165779095e+02
7.665860021436780016e+02
7.671917048527085399e+02
7.673213054323524602e+02
7.697630163530056961e+02
7.711183890816330404e+02
7.731936316965750393e+02
7.747691387430955956e+02
7.795801935940710337e+02
7.796844940605592456e+02
7.797714944496721046e+02
7.800870625277301542e+02
7.803043301661352871e+02
7.804616308696691931e+02
7.838618460772726166e+02
7.839190463331030969e+02
7.863578905742683673e+02
7.863746239824425857e+02
7.947591614826339992e+02
7.949192288652086518e+02
7.952248302320234643e+02
7.982242436470241955e+02
8.081277879410364449e+02
8.082235883695078655e+02
8.083262221618749663e+02
8.085468231485220940e+02
8.098923958333183464e+02
8.119488383641761402e+02
8.155900213161844476e+02
8.175975636283338872e+02
8.177734644150575605e+02
8.227497533383825612e+02
8.229843877211278595e+02
8.260740348730362257e+02
8.261796353453386246e+02
8.264879367242293711e+02
8.266016372327595718e+02
8.347227735548782448e+02
8.351220086738071586e+02
8.380629551606456289e+02
8.438205475783829570e+02
8.468113276214372718e+02
8.468723278942634352e+02
8.470590287292907306e+02
8.476368646470191379e+02
8.495708066299881693e+02
8.505393109616638867e+02
8.514655817711151258e+02
8.516124824281343990e+02
8.522262185064278128e+02
8.522335185390775223e+02
8.535114575880461416e+02
8.536303581198337724e+02
8.740470494343317114e+02
8.767073279992044945e+02
8.790969386868372339e+02
8.792257725963855819e+02
8.792523727153557047e+02
8.793151729962326044e+02
8.793815732932106357e+02
8.796365411002313976e+02
8.797805417442802991e+02
8.798810755272551205e+02
8.798834755379891703e+02
8.799862759977685300e+02
8.804808782098974689e+02
8.833322242959943651e+02
8.875288097320632232e+02
8.876833104230739764e+02
8.878158110156883822e+02
8.903696557711982678e+02
8.935677700748969983e+02
8.940100720531108891e+02
8.940442722060724918e+02
8.942058729288384029e+02
8.943287401450337484e+02
8.945526078129578309e+02
9.001675329259430782e+02
9.005082344497448048e+02
9.006067348902921594e+02
9.028279448247456003e+02
9.036555818597198595e+02
9.036914486868024596e+02
9.039280497450104122e+02
9.044800522138643828e+02
9.131641910540350864e+02
9.133971587626595010e+02
9.134199921981163470e+02
9.148373652040424986e+02
9.243685411659552074e+02
9.244604415769836123e+02
9.244906417120549804e+02
9.246301756694598453e+02
9.255518131248547888e+02
9.402790789931616473e+02
9.403081124563483399e+02
9.403497126424069847e+02
9.405099466923936689e+02
9.408053146801059938e+02
9.452645012906695001e+02
9.454835356036428493e+02
9.500713227893777457e+02
9.515663961428221000e+02
9.516337964442725479e+02
9.517267301932560031e+02
9.517570969957395164e+02
9.518837975624129513e+02
9.520339315672270004e+02
9.521715988496162026e+02
9.523300995585171904e+02
9.523854331393322354e+02
9.525028669978934204e+02
9.574639225197530550e+02
9.579952582295073853e+02
9.624294113947744336e+02
9.670257319520086412e+02
9.670658654648407264e+02
9.671006656204859837e+02
9.671274324068682517e+02
9.672431662578260330e+02
9.672969998319321121e+02
9.674197003807154260e+02
9.675376342415128192e+02
9.677952353936447025e+02
9.678787691005859415e+02
9.680541698850732928e+02
9.682449040714731154e+02
9.685324386908170027e+02
9.691490081151159757e+02
9.707468152613746497e+02
9.707895154523530437e+02
9.714876185746480814e+02
9.715623189087484661e+02
9.755958036153425610e+02
9.761730061969051349e+02
9.888148960716148395e+02
9.903858364310439129e+02
9.917950094002951573e+02
9.921225775320237972e+02
1.000277714006209635e+03
1.000665515740668980e+03
1.006003106279930535e+03
1.010800327735702240e+03
1.012192700629814453e+03
1.014056942301045865e+03
1.014073342374395907e+03
1.014516911024941578e+03
1.014840145803955920e+03
1.014859512557241260e+03
1.014964146358553648e+03
1.015441148491965350e+03
1.016003251005992183e+03
1.016129618237841441e+03
1.016494386535949502e+03
1.028147671989084984e+03
1.028956175605150747e+03
1.029068276106524991e+03
1.029485777973819495e+03
1.029691178892483549e+03
1.035903240009517503e+03
1.038090849793692996e+03
1.038887253355640951e+03
1.047539325385724851e+03
1.047615092391262806e+03
1.047619159076117739e+03
1.047764893061252224e+03
1.047883626925627823e+03
1.047932493810853657e+03
1.048204695028284959e+03
1.048300462123273746e+03
1.049282433181846727e+03
1.049987703002861963e+03
1.067163613156165184e+03
1.073850109728464759e+03
1.078586430911857633e+03
1.078730631556800972e+03
1.080162004625342888e+03
1.089586746777892813e+03
1.090212682910751255e+03
1.090637918145966978e+03
1.091732456374667890e+03
1.119881915607624023e+03
1.120646485693862132e+03
1.121388922347774269e+03
1.142104448332155926e+03
1.145969432285123276e+03
1.146600701775169000e+03
1.146605568463602140e+03
1.146693835525046779e+03
1.146750669112570677e+03
1.147162970956607751e+03
1.147167737644593672e+03
1.147223537894162746e+03
1.147307838271199671e+03
1.147400472018841356e+03
1.147410172062225001e+03
1.147429838816852225e+03
1.147438138853974351e+03
1.147439938862024974e+03
1.147451672247836314e+03
1.147460272286300551e+03
1.147469305660035843e+03
1.147488639079838777e+03
1.147490172420030149e+03
1.147498972459388369e+03
1.147504739151846934e+03
1.147512172518426269e+03
1.147544605996819655e+03
1.147565472756813961e+03
1.147572039452850504e+03
1.147587339521280683e+03
1.147599772910222782e+03
1.147728906821113014e+03
1.147784740404164268e+03
1.147902140929242933e+03
1.147905974279721022e+03
1.148175175483734620e+03
1.148252575829910711e+03
1.148415843226797733e+03
1.148938778898982491e+03
1.148955512307156823e+03
1.149286580454539489e+03
1.149295713828722000e+03
1.149344080711711513e+03
1.149351580745255887e+03
1.149362447460524209e+03
1.149374547514642472e+03
1.149384514225885368e+03
1.149391780925052899e+03
1.149486948017358372e+03
1.150031550453115187e+03
1.150161751035442876e+03
1.150442085622584273e+03
1.150568019519162135e+03
1.150650486554666031e+03
1.150667986632935708e+03
1.150684320039320937e+03
1.150755353690355150e+03
1.151013921513477044e+03
1.151069121760362577e+03
1.151070555100106503e+03
1.151176755575092557e+03
1.151393223209919825e+03
1.151591524096828607e+03
1.151607957503661055e+03
1.151613190860400891e+03
1.151674991136805147e+03
1.151859425295027904e+03
1.152229893618629376e+03
1.152243527012938785e+03
1.152361027538464668e+03
1.152519761581742614e+03
1.152541595012726702e+03
1.152913030007318639e+03
1.152942363471847102e+03
1.153037130562363473e+03
1.153902234431576289e+03
1.154000501537746686e+03
1.154012068256146222e+03
1.154028768330837920e+03
1.154049401756454927e+03
1.154102935329219463e+03
1.154112002036437389e+03
1.154117035392282560e+03
1.154126435434324549e+03
1.154143302176428506e+03
1.154151702213998078e+03
1.154193269066574203e+03
1.154275069432429746e+03
1.154570970755860799e+03
1.154649171105614869e+03
1.155209540278556005e+03
1.155236073730561202e+03
1.155362574296340199e+03
1.155376541025473898e+03
1.155900176700789416e+03
1.155921243461677932e+03
1.155999043809643354e+03
1.156194578017511503e+03
1.156249078261266050e+03
1.156458879199609328e+03
1.156473879266697622e+03
1.156789947346991994e+03
1.156794680701495736e+03
1.156983614879844708e+03
1.156991781583037437e+03
1.158443754743714180e+03
1.158455088127736644e+03
1.158469921527412680e+03
1.158491321623125714e+03
1.158500254996413787e+03
1.158507121693791987e+03
1.158567855298759014e+03
1.158572821987639372e+03
1.158588355390446395e+03
1.158600522111529244e+03
1.158607688810249329e+03
1.158613455502707893e+03
1.158623022212161914e+03
1.159113957741225022e+03
1.159217324870205175e+03
1.160360496649755078e+03
1.160408663531850152e+03
1.160646464595425414e+03
1.160817432026750794e+03
1.160889732350117129e+03
1.160897532385002933e+03
1.160927099183908467e+03
1.160979499418270734e+03
1.161057766434989844e+03
1.161104299976446327e+03
1.161144700157137777e+03
1.161288367466362388e+03
1.161421134726836044e+03
1.161434434786321162e+03
1.162594239973598178e+03
1.162616873408160245e+03
1.162627306788157512e+03
1.162651206895051473e+03
1.162661673608530919e+03
1.162796440877950090e+03
1.162831974370208172e+03
1.162959508273942220e+03
1.163053342026950986e+03
1.164147446920380389e+03
1.164389181334880959e+03
1.164512348552418189e+03
1.164535248654839734e+03
1.164792649806077179e+03
1.167147060336275672e+03
1.167972897363199536e+03
1.167974364036425868e+03
1.167989764105303266e+03
1.168013030876031735e+03
1.168173998262631585e+03
1.168224998490732105e+03
1.168234898535010416e+03
1.168253998620436278e+03
1.168261998656216974e+03
1.168268865353595174e+03
1.168277665392953622e+03
1.168282732082281200e+03
1.168292998794866207e+03
1.168300065493139073e+03
1.168380732520592346e+03
1.168634666989658172e+03
1.168666600465815236e+03
1.169204336204194078e+03
1.169472437403287813e+03
1.169983606356178825e+03
1.170359941372685853e+03
1.170669276089531650e+03
1.170964177408490059e+03
1.170994110875702063e+03
1.171039577745721090e+03
1.171115478085188670e+03
1.171199078459094608e+03
1.171797914470746946e+03
1.171843114672906722e+03
1.172179282843099372e+03
1.172194216243222854e+03
1.172420550588846027e+03
1.172658351652421288e+03
1.173704689665544493e+03
1.173710923026756973e+03
1.173724756421960592e+03
1.173736156472947869e+03
1.174636060497805829e+03
1.174685927387504307e+03
1.175565097986297815e+03
1.175687998535975794e+03
1.176290101228905087e+03
1.176344168137388124e+03
1.176352101506203780e+03
1.176373368267986962e+03
1.176405635078968317e+03
1.176424568496982147e+03
1.176433468536788041e+03
1.176450668613716061e+03
1.176505002190058349e+03
1.176541702354201334e+03
1.176695269707704483e+03
1.176919970712689064e+03
1.177301572419418562e+03
1.180550553617288188e+03
1.180616753913371895e+03
1.181396557401075370e+03
1.181417690828928471e+03
1.181431390890202692e+03
1.181452490984573842e+03
1.181474391082522970e+03
1.181481424447313202e+03
1.181488424478621255e+03
1.181503257878297291e+03
1.181512791254269132e+03
1.181520457955225538e+03
1.181540791379500888e+03
1.181555524778730160e+03
1.181578858216423214e+03
1.181597591633542379e+03
1.181613625038585951e+03
1.181625425091362104e+03
1.181772392415346303e+03
1.181931893128719821e+03
1.181976126659889360e+03
1.182602796129361195e+03
1.182612929508016350e+03
1.182657196372668523e+03
1.183334466068452002e+03
1.183750201261178063e+03
1.183763601321110400e+03
1.183779934727495629e+03
1.183797801474072230e+03
1.183902501942349090e+03
1.183912168652250784e+03
1.183918868682216953e+03
1.184623271832689170e+03
1.184944173267934048e+03
1.185784510359709884e+03
1.185848210644611981e+03
1.186032944804176623e+03
1.186082445025568404e+03
1.186187345494740157e+03
1.186242079072871547e+03
1.187155083156320188e+03
1.187499951365424067e+03
1.187658518741289981e+03
1.188111520767360389e+03
1.189348559633401237e+03
1.190481698034742976e+03
1.190488664732568623e+03
1.190496731435313905e+03
1.190507164815310944e+03
1.190511798169367239e+03
1.190521698213645550e+03
1.190528331576646906e+03
1.190593365200845710e+03
1.190602098573239346e+03
1.190606865261225266e+03
1.190624065338153287e+03
1.190629465362305154e+03
1.190800299459701137e+03
1.191257668171968362e+03
1.191259668180913422e+03
1.191286734968637575e+03
1.191313935090291352e+03
1.191414835541572529e+03
1.192019904914437120e+03
1.192116072011215010e+03
1.192218872470994484e+03
1.192350739727442715e+03
1.192468373586898451e+03
1.193048309514019365e+03
1.193138943252715762e+03
1.193537545035478615e+03
1.193635212138965699e+03
1.193889879944644690e+03
1.194438349064362228e+03
1.194452782462249388e+03
1.194460482496688201e+03
1.194474549226268891e+03
1.194531982816476329e+03
1.194541649526377796e+03
1.194615783191276932e+03
1.194624216562328911e+03
1.194637049953060114e+03
1.194644783320981105e+03
1.194654383363917759e+03
1.194796850667775516e+03
1.194923317900072107e+03
1.194935251286778112e+03
1.194941151313166074e+03
1.195062251854793203e+03
1.195176685699936570e+03
1.195189085755396491e+03
1.195222252570403043e+03
1.195268719444894714e+03
1.195295186229935098e+03
1.195392219997256234e+03
1.195512087200033875e+03
1.195522053911276771e+03
1.195532720625650882e+03
1.195723721479910182e+03
1.195957822526936752e+03
1.196353257628870097e+03
1.196419024589682067e+03
1.196657792324247566e+03
1.196714359243911986e+03
1.197498262749952801e+03
1.198081665359245108e+03
1.198263166171015200e+03
1.198284999601999289e+03
1.199211837080651776e+03
1.199239637204988867e+03
1.199286804082611525e+03
1.199354704386298408e+03
1.199446638130809333e+03
1.199675939156367576e+03
1.199705572622237696e+03
1.199706205958403643e+03
1.200592976591188744e+03
1.200899544628993681e+03
1.200914711363494234e+03
1.200923311401958244e+03
1.200953611537476718e+03
1.201004778432989497e+03
1.201057045333422138e+03
1.201164612481187305e+03
1.201247212850620826e+03
1.201400213534922841e+03
1.201890349060407743e+03
1.201926282554454929e+03
1.202000816221143168e+03
1.202063383167643224e+03
1.202309484268340611e+03
1.202808286499254109e+03
1.202830086596755791e+03
1.202857386718857015e+03
1.202885920179807272e+03
1.203178254820619259e+03
1.203384089074555050e+03
1.203428422606171807e+03
1.203448022693834218e+03
1.203454222721564065e+03
1.203462422758238972e+03
1.203482389514207853e+03
1.203541189777194404e+03
1.203601123378583225e+03
1.203880657962146643e+03
1.203892691349299639e+03
1.203962624995414217e+03
1.203978291732151092e+03
1.204025525276738335e+03
1.204284026432895416e+03
1.204588861129614770e+03
1.205045329837856343e+03
1.205233830680934261e+03
1.205920600419206949e+03
1.205986434046983959e+03
1.206037534275531925e+03
1.209018014272518940e+03
1.209212415141984820e+03
1.209876551445695441e+03
1.210345620210291372e+03
1.210985423071836294e+03
1.211316224551359710e+03
1.213020432173498648e+03
1.213030198883847561e+03
1.213038432254004874e+03
1.213043698944227117e+03
1.213135366020878564e+03
1.213177566209620636e+03
1.213205132999580883e+03
1.213213533037150455e+03
1.213250933204424200e+03
1.213271099961287518e+03
1.213772435536865032e+03
1.213786468932963317e+03
1.214462238622037830e+03
1.214468971985486405e+03
1.214495305436597164e+03
1.214587639182897192e+03
1.214668472877762497e+03
1.214706339713790157e+03
1.215346309242747111e+03
1.215360009304021105e+03
1.216685815233743142e+03
1.217740886619260209e+03
1.217752120002835454e+03
1.217761220043535786e+03
1.217855120463509365e+03
1.217863220499737054e+03
1.217869953863185401e+03
1.217886253936088224e+03
1.217892720631677548e+03
1.217901920672825099e+03
1.217906120691609885e+03
1.217908620702791268e+03
1.217913854059531104e+03
1.217939154172686813e+03
1.218148755110135653e+03
1.218268255644606825e+03
1.218875591694275727e+03
1.219030525720557762e+03
1.220301764739560440e+03
1.220720499945704432e+03
1.220747333399051513e+03
1.220836967133275266e+03
1.220935934242576650e+03
1.221236902255335053e+03
1.221296002519663489e+03
1.221367536172934024e+03
1.221540670280616951e+03
1.221560037033902063e+03
1.221564970389300242e+03
1.221632804026022086e+03
1.221643037405124687e+03
1.221656770799881315e+03
1.222288640292610353e+03
1.222322973779501581e+03
1.222487807850062154e+03
1.223017110217389018e+03
1.223357145071542391e+03
1.223538712550277069e+03
1.223622679592489703e+03
1.223634212977406605e+03
1.224427216524147980e+03
1.224435749895647177e+03
1.224442749926954775e+03
1.224468450041899814e+03
1.224506583545786725e+03
1.224916718713466707e+03
1.224919585392954559e+03
1.225232620126348820e+03
1.225960856716750413e+03
1.226002123567984881e+03
1.226025790340501999e+03
1.226033757042800289e+03
1.226134257492292591e+03
1.226540959311283359e+03
1.226638793082182247e+03
1.227235529084442078e+03
1.227287262649155991e+03
1.227305162729214771e+03
1.227501430273696315e+03
1.227665397673713869e+03
1.228965136820184398e+03
1.229173704419678415e+03
1.229190437827852293e+03
1.229210504584268620e+03
1.229361971928379262e+03
1.229373271978919320e+03
1.229580639573046028e+03
1.229653773233472521e+03
1.230278042692210192e+03
1.230818045107393345e+03
1.230958279067928970e+03
1.231730082519851749e+03
1.232217318032366393e+03
1.232698620185010213e+03
1.232730486994202465e+03
1.233568890743998054e+03
1.233579057456135615e+03
1.233589724170509726e+03
1.233598190875044111e+03
1.233602190892934232e+03
1.234370760997062462e+03
1.234382227715014551e+03
1.234408861167467194e+03
1.234438194631995430e+03
1.234477928143038525e+03
1.234483328167190393e+03
1.234723062572745903e+03
1.235479165954449627e+03
1.235608599866681516e+03
1.235752333842870939e+03
1.236071401936582788e+03
1.236119802153054934e+03
1.236163869016812441e+03
1.236181735763388815e+03
1.236197569167537722e+03
1.236198335837633522e+03
1.236318003039516725e+03
1.236331869768202978e+03
1.236396536724095085e+03
1.236411036788947285e+03
1.236534070672554662e+03
1.236547470732487227e+03
1.236577770868005700e+03
1.236593170936883098e+03
1.236690671372957922e+03
1.237096873189712142e+03
1.237263907270112441e+03
1.237304440784733742e+03
1.237324707542044280e+03
1.237341640951112822e+03
1.237365641058454230e+03
1.237449008097983551e+03
1.237558475254246787e+03
1.237690342510695018e+03
1.238045144097559842e+03
1.238802614152042906e+03
1.239857818871489371e+03
1.239988752790430226e+03
1.240038819681023142e+03
1.240930723670100861e+03
1.241449792658325123e+03
1.241743527305398629e+03
1.242544030885684151e+03
1.242572531013152229e+03
1.242692731550753933e+03
1.242794298671683919e+03
1.242801865372192879e+03
1.242806565393213759e+03
1.242814898763818746e+03
1.242838998871607146e+03
1.242841698883683193e+03
1.242869532341502691e+03
1.242918132558869274e+03
1.243271200804648515e+03
1.243354434510247984e+03
1.243566068790124291e+03
1.245138309155368006e+03
1.246368847992337123e+03
1.246409948176159332e+03
1.246425748246825833e+03
1.246437848300943870e+03
1.246439614975511859e+03
1.246445981670653964e+03
1.246451248360876207e+03
1.246572148901608898e+03
1.246810449967420254e+03
1.246834083406455193e+03
1.246997184135929956e+03
1.247015717552154683e+03
1.247054717726584386e+03
1.247252151942950604e+03
1.247345519027205455e+03
1.247430586074337953e+03
1.247666587129862592e+03
1.247722387379431439e+03
1.248240223028806213e+03
1.249044693293499449e+03
1.249492061961041145e+03
1.250658500511319062e+03
1.250681600614635272e+03
1.250690933989712448e+03
1.250731134169509460e+03
1.250766034325601822e+03
1.251439570671354431e+03
1.252005406535412249e+03
1.252147107169173978e+03
1.252193607377148055e+03
1.252846576964248470e+03
1.252874943757786696e+03
1.252902277213369871e+03
1.253006577679858310e+03
1.253137111597009834e+03
1.253346879201870706e+03
1.253501913228600415e+03
1.254452184145393176e+03
1.254510017737389489e+03
1.254714751986405190e+03
1.254774452253417167e+03
1.255687223002488736e+03
1.256044957935806451e+03
1.256181991882029706e+03
1.256188291910206772e+03
1.256334992566331721e+03
1.258070166993637713e+03
1.258179100814182220e+03
1.259035604644931254e+03
1.259182671969362673e+03
1.259447606487626445e+03
1.259514840121664975e+03
1.259516540129268378e+03
1.259647774049550890e+03
1.259732441094894284e+03
1.260586978250180437e+03
1.260600211642700742e+03
1.260716778830719022e+03
1.260745878960870414e+03
1.260818279284683967e+03
1.260864912826587670e+03
1.260883879578084134e+03
1.260978146666364182e+03
1.261363481723124323e+03
1.261530282469147551e+03
1.262242985656742121e+03
1.262685754303710155e+03
1.263448524381897641e+03
1.264225061188323934e+03
1.264581829450651412e+03
1.264738530151501891e+03
1.265044931521894569e+03
1.266837139537619350e+03
1.267171674367173409e+03
1.267174241045319832e+03
1.267211474545181318e+03
1.267242274682936340e+03
1.267292408240494069e+03
1.267378208624239960e+03
1.267740876912955400e+03
1.267820410602006632e+03
1.268300279414906299e+03
1.268561680584033866e+03
1.268737748038169457e+03
1.268747081413246633e+03
1.268947348975618297e+03
1.270793057230624981e+03
1.270860590866005396e+03
1.270889657662674381e+03
1.270906757739155182e+03
1.271522960495147800e+03
1.271586994114873960e+03
1.271642561030065963e+03
1.271800461736283296e+03
1.272219596944216391e+03
1.272481564782545092e+03
1.272536098359781818e+03
1.272606498674650311e+03
1.272727765883689699e+03
1.272739965938254727e+03
1.273901437799652513e+03
1.274253506040958882e+03
1.274262972749966139e+03
1.274443273556368922e+03
1.274502140486320059e+03
1.274709008078210672e+03
1.276052614087544498e+03
1.276058614114379679e+03
1.276086347571751958e+03
1.276091447594562169e+03
1.276101080970981229e+03
1.276115247701009139e+03
1.276656716789418851e+03
1.277880722263833832e+03
1.278675659152555454e+03
1.278698525921494593e+03
1.278794626351307897e+03
1.278804959730857718e+03
1.278812293096989606e+03
1.279369928924372516e+03
1.280448633748924522e+03
1.280472200520994647e+03
1.280489033929615744e+03
1.280775035208768486e+03
1.281106436690975215e+03
1.281135703488538866e+03
1.281180070353638257e+03
1.281199037105134494e+03
1.281225403889727659e+03
1.281280237468306495e+03
1.281290037512137587e+03
1.281331471030784087e+03
1.281366104519016972e+03
1.281383104595050554e+03
1.281388137950895953e+03
1.281494971762047726e+03
1.281511038500573704e+03
1.281520738543957350e+03
1.282636310200064827e+03
1.283462147226988463e+03
1.283481280645896732e+03
1.283590914469571999e+03
1.283627981302021453e+03
1.284940653839670404e+03
1.284957320580879696e+03
1.284964687280494445e+03
1.285012154159458532e+03
1.285526789794520937e+03
1.286051625475203764e+03
1.286060558848491837e+03
1.286070958895006697e+03
1.286075392248168328e+03
1.286092492324649129e+03
1.286142025879523317e+03
1.286156159276068820e+03
1.286161192631914219e+03
1.286167859328397753e+03
1.286173759354785943e+03
1.286183592732099441e+03
1.286243359666076230e+03
1.286293026554880271e+03
1.286450260591449251e+03
1.286871195807432741e+03
1.286976429611428557e+03
1.287668599373853112e+03
1.287859366893735341e+03
1.287997400844431468e+03
1.288230068551714112e+03
1.288247768630878454e+03
1.288779204341080003e+03
1.289732675272184679e+03
1.289751208688409633e+03
1.289925376134047383e+03
1.290401978265670095e+03
1.290427745047579720e+03
1.290454245166102737e+03
1.290490678662386472e+03
1.290512745427747632e+03
1.290549178924031366e+03
1.290663912770516617e+03
1.290699412929292521e+03
1.290739713109536751e+03
1.291257182090604601e+03
1.292591388057896211e+03
1.293192924081624369e+03
1.293918160658608485e+03
1.294134728293882745e+03
1.294145028339950159e+03
1.294916431790084062e+03
1.295210766439841336e+03
1.295736235456689883e+03
1.297605477150284287e+03
1.297760977845767457e+03
1.298747348924019661e+03
1.298936949772017215e+03
1.299143484029083766e+03
1.299290584686997363e+03
1.299856720552396837e+03
1.300055754775919013e+03
1.300063054808568722e+03
1.300104154992390932e+03
1.300122388407274002e+03
1.300129321771617015e+03
1.300193855393579724e+03
1.300512590152467510e+03
1.300522490196745821e+03
1.300526423547671357e+03
1.300590690501774588e+03
1.300617890623428138e+03
1.300858758367385917e+03
1.300896191868142068e+03
1.301031792474621398e+03
1.301349427228589320e+03
1.301356160592037895e+03
1.301544528101186188e+03
1.301892929659426500e+03
1.302360865085620389e+03
1.302608099524719819e+03
1.302612266210022426e+03
1.303344836153138431e+03
1.303630270763090039e+03
1.303785538124196364e+03
1.303819338275368864e+03
1.303846071728268726e+03
1.303897605292087974e+03
1.303927772093676822e+03
1.303940638817890658e+03
1.304916509849180784e+03
1.305035043712661718e+03
1.305047843769910514e+03
1.305051810454318229e+03
1.305067277190160667e+03
1.305098710664081409e+03
1.305128177462539497e+03
1.305270778100327107e+03
1.305329245028489368e+03
1.306189215541409794e+03
1.306356382955739491e+03
1.306364982994203729e+03
1.306380349729598720e+03
1.306386049755092472e+03
1.307438054460227022e+03
1.309169795538844028e+03
1.310178100048527540e+03
1.310642902127374327e+03
1.310695335695219001e+03
1.312745344863969876e+03
1.312763211610546250e+03
1.312774011658849986e+03
1.312818278523501931e+03
1.312999946002684055e+03
1.313310147390072416e+03
1.314390352221333387e+03
1.314430019065411670e+03
1.314443352458379195e+03
1.314539652889086938e+03
1.314628919955004221e+03
1.314678686844255481e+03
1.314700986943993257e+03
1.315742024933412267e+03
1.315756324997370029e+03
1.315804191878123220e+03
1.315915392375472038e+03
1.316745329420733242e+03
1.316750062775236529e+03
1.316754596128845378e+03
1.316755562799835616e+03
1.316823896438794009e+03
1.317261698396881457e+03
1.317995201677505293e+03
1.318095868794409853e+03
1.320196378189025154e+03
1.321061148723413908e+03
1.322201620490887763e+03
1.322277487496872709e+03
1.323598960073880335e+03
1.324228096221051146e+03
1.324356396794880538e+03
1.324896032541757450e+03
1.324910232605267538e+03
1.324927999351396920e+03
1.324935266050563996e+03
1.325085500055825150e+03
1.325619369110243269e+03
1.328136080366338774e+03
1.328144747071767597e+03
1.328418814964214334e+03
1.329455352933506674e+03
1.329502719812023770e+03
1.329985121969587453e+03
1.330008422073797874e+03
1.330225356377379057e+03
1.330282889968033714e+03
1.330595824700980756e+03
1.330690591791496900e+03
1.330698658494242409e+03
1.330711658552385643e+03
1.330977259740297995e+03
1.331432561776655120e+03
1.331640529373465597e+03
1.331716296379003097e+03
1.331769763284802821e+03
1.331782963343840720e+03
1.331798496746647743e+03
1.331813863482042962e+03
1.331824030194180523e+03
1.331830830224593910e+03
1.331836696917499694e+03
1.331875630424964811e+03
1.331988097594645524e+03
1.332292398955645922e+03
1.332295598969958064e+03
1.332301365662416629e+03
1.332306599019156238e+03
1.332360565927192056e+03
1.332745767650023026e+03
1.332755367692959453e+03
1.332880468252476703e+03
1.333680571830973349e+03
1.334245907692794617e+03
1.334699109719759463e+03
1.334708843096625969e+03
1.334710476437264333e+03
1.334719743145376924e+03
1.334737276557129007e+03
1.335558513563478755e+03
1.335566280264882380e+03
1.335589347034716184e+03
1.335610580463016731e+03
1.335711614248227988e+03
1.337479288820892407e+03
1.337987657761260152e+03
1.337990757775125303e+03
1.338108324967615999e+03
1.338117458341798738e+03
1.338564093672727040e+03
1.338572893712085715e+03
1.338596427150673208e+03
1.338606827197188068e+03
1.339460264347554130e+03
1.339500031192079859e+03
1.339976799991114603e+03
1.339989600048363400e+03
1.340045200297037809e+03
1.340107900577467262e+03
1.340615669515151922e+03
1.342331810523996865e+03
1.343234347893965833e+03
1.343272914733124480e+03
1.343428515429054869e+03
1.345012889181898800e+03
1.345031122596782097e+03
1.345080089482454923e+03
1.345112556294330943e+03
1.345172623229649389e+03
1.345501591367639776e+03
1.346092060675204721e+03
1.347296066060168641e+03
1.347432800005050467e+03
1.347793968287057169e+03
1.347969602405921250e+03
1.348106569685179693e+03
1.348127136443832342e+03
1.348129069785812362e+03
1.348154903234687026e+03
1.348159636589190313e+03
1.348190836728734439e+03
1.348198636763620470e+03
1.348258803699386135e+03
1.348274470436123011e+03
1.348419537751609141e+03
1.348425371111032291e+03
1.348476671340474923e+03
1.348604971914304315e+03
1.348664705514798925e+03
1.348697438994533968e+03
1.348723939113056758e+03
1.348770705988890313e+03
1.349038640520572017e+03
1.349139774306230265e+03
1.349181874494525118e+03
1.349251008137061490e+03
1.349256374827730951e+03
1.349266041537632418e+03
1.349310275068801957e+03
1.350349013047934022e+03
1.350703381299527337e+03
1.350736181446227192e+03
1.350932148989366851e+03
1.351074949628048671e+03
1.351111383124332633e+03
1.351263050469337713e+03
1.351655685558747564e+03
1.352195087971247176e+03
1.352325888556258178e+03
1.352347088651076547e+03
1.352360922046280393e+03
1.352428055679871704e+03
1.352449755776926395e+03
1.352461755830596985e+03
1.352472722546312752e+03
1.352486855942858256e+03
1.353113025410093996e+03
1.353344426445044519e+03
1.353468426999642134e+03
1.354391831129605180e+03
1.354539765124579617e+03
1.355392168936991084e+03
1.355401202310726376e+03
1.356984476058650671e+03
1.357077009805845137e+03
1.357392977885691835e+03
1.358672516941816639e+03
1.358743750593745517e+03
1.359507887344712117e+03
1.359513454036276244e+03
1.359893922404603245e+03
1.360019722967251482e+03
1.360030856350379281e+03
1.360037989715616959e+03
1.360042223067884152e+03
1.360042923071014911e+03
1.360090223282566967e+03
1.360096156642437563e+03
1.360111823379174439e+03
1.360117390070738338e+03
1.360149223546448184e+03
1.360157456916605724e+03
1.360164256947019112e+03
1.360173790322990726e+03
1.360184590371294462e+03
1.360512325170435361e+03
1.362576101067425043e+03
1.362756201872933389e+03
1.363182670446998600e+03
1.363281204221028247e+03
1.364413809286651258e+03
1.364541776525656815e+03
1.364786077618303580e+03
1.364837011179439287e+03
1.364851411243844268e+03
1.364921411556923431e+03
1.364989678528917011e+03
1.365024778685903811e+03
1.365637981428478497e+03
1.365643714787454655e+03
1.365660681530005604e+03
1.365683948300734073e+03
1.365735215196694071e+03
1.365794448794952132e+03
1.366547752164132589e+03
1.366552085516847001e+03
1.366556918871797734e+03
1.366577985632686477e+03
1.366790686584000241e+03
1.366801319964891718e+03
1.366809853336391143e+03
1.367041487705718737e+03
1.367050687746866288e+03
1.367253421986936701e+03
1.367760890923279248e+03
1.368293893307154576e+03
1.368314193397947520e+03
1.368317160077882818e+03
1.368324126775708237e+03
1.368619194762078678e+03
1.368641294860922471e+03
1.368854395814025338e+03
1.368893895990691590e+03
1.369080263490894367e+03
1.369119963668455057e+03
1.369139197087810544e+03
1.369241297544459258e+03
1.369263664311162302e+03
1.370205235189043833e+03
1.370280768860204262e+03
1.370319402366327722e+03
1.370459336325521463e+03
1.370482303094908048e+03
1.370525903289911639e+03
1.370610937003561958e+03
1.372110077041861132e+03
1.372127510453166224e+03
1.372376378232904244e+03
1.372511945505901167e+03
1.374074652495173041e+03
1.374117752687940310e+03
1.374911389570847632e+03
1.375344824842737808e+03
1.375367924946054245e+03
1.376059061370523750e+03
1.376104794908402255e+03
1.377332800400707811e+03
1.377403634050847359e+03
1.377631901738450779e+03
1.377996736703523766e+03
1.378013036776426361e+03
1.378133303980993333e+03
1.378486405560254525e+03
1.379829511567351801e+03
1.380159979712051154e+03
1.380903983039636842e+03
1.381170284230679954e+03
1.381250384588932093e+03
1.381521252467066461e+03
1.381549719261051905e+03
1.381663353102617521e+03
1.381992387907572720e+03
1.383768695852183555e+03
1.383794495967575585e+03
1.383797862649299987e+03
1.383821496088334698e+03
1.383931296579421996e+03
1.383952063338968856e+03
1.384136564164156653e+03
1.384297464883791463e+03
1.384370265209394120e+03
1.384848767349514674e+03
1.385008701398159701e+03
1.385076568368364178e+03
1.385297569356800295e+03
1.387051177199884023e+03
1.388192582304865482e+03
1.388251682569194145e+03
1.388291049411930544e+03
1.388387749844427162e+03
1.390729026982553023e+03
1.390776227193657860e+03
1.390799393963938655e+03
1.390809727343488703e+03
1.390872227623023718e+03
1.390887761025830741e+03
1.390904161099181010e+03
1.390915627817132872e+03
1.391042595051665785e+03
1.391117995388896816e+03
1.391158395569588492e+03
1.391189229040825694e+03
1.391230929227331444e+03
1.391389463269714724e+03
1.391403830000637299e+03
1.391420363407916966e+03
1.393604939845192348e+03
1.393614306553751931e+03
1.393622673257839097e+03
1.393624873267678595e+03
1.393639239998601170e+03
1.393657040078212731e+03
1.393765640563932948e+03
1.393985974882720711e+03
1.394078108628126074e+03
1.395306047453466590e+03
1.395446848083203122e+03
1.396075517561620245e+03
1.396114817737391832e+03
1.396220318209247125e+03
1.396246751660805103e+03
1.396260118387255034e+03
1.396270418433322448e+03
1.396272885111021424e+03
1.396310518612672013e+03
1.396321585328834999e+03
1.396332218709726703e+03
1.396421685776538652e+03
1.398271860718189373e+03
1.398433861442744274e+03
1.398778196316129424e+03
1.398807463113693075e+03
1.399310365362944594e+03
1.399709167146601885e+03
1.400572837676070776e+03
1.400726071694749635e+03
1.400859038956117956e+03
1.402182911543859518e+03
1.402871681291077493e+03
1.403448417203886038e+03
1.403637551383129676e+03
1.405196325021476241e+03
1.405984528546749061e+03
1.406013995345207150e+03
1.406576531194505606e+03
1.407557935583877224e+03
1.407564702280808206e+03
1.408052571129488797e+03
1.408374605903135944e+03
1.408406206044468718e+03
1.408413772744977678e+03
1.408420906110215583e+03
1.408427472806251899e+03
1.408439439526440083e+03
1.408448706234552446e+03
1.408465406309244372e+03
1.408500173131407109e+03
1.408507906499328328e+03
1.408656107162161788e+03
1.408807774507166869e+03
1.410210647448241161e+03
1.410821816848388153e+03
1.410849183637453962e+03
1.410857450341093909e+03
1.410871517070674372e+03
1.410931984007782148e+03
1.411194118513522653e+03
1.412830759166799226e+03
1.413165860665554419e+03
1.413195927466696276e+03
1.413291727895167696e+03
1.413312061319443046e+03
1.413334228085251652e+03
1.413346261472404876e+03
1.413355261512657535e+03
1.413463561997036095e+03
1.413518862244368847e+03
1.413561762436241679e+03
1.413776863398289606e+03
1.413845130370283186e+03
1.414786067911998543e+03
1.414988068815456018e+03
1.417226012158083677e+03
1.418271850168971014e+03
1.418331283768123512e+03
1.418421850839855324e+03
1.418690118706360863e+03
1.418718085498110213e+03
1.418774752418222079e+03
1.418781152446846363e+03
1.418921019739075291e+03
1.420054291474346883e+03
1.420459526620111092e+03
1.421354163954747037e+03
1.421369864024966319e+03
1.421795132593664221e+03
1.422209734447988239e+03
1.422303768201891444e+03
1.422666369823642299e+03
1.423916942083545109e+03
1.423976242348767983e+03
1.424052909358331135e+03
1.424773645915188581e+03
1.424789279318442823e+03
1.424794912676971762e+03
1.424804346052496157e+03
1.424920446571760522e+03
1.425516215903030115e+03
1.425613783006069752e+03
1.425707316757736635e+03
1.425746716933955668e+03
1.425961151226355241e+03
1.426516920378722489e+03
1.426582987340876116e+03
1.426605187440167128e+03
1.427575725114270426e+03
1.427581425139763951e+03
1.427588991840273138e+03
1.427609791933302404e+03
1.427702959016662817e+03
1.427922826666696437e+03
1.428141360977433806e+03
1.428217527984760409e+03
1.428253628146219853e+03
1.428294494995665218e+03
1.428334295173673127e+03
1.428520996008700422e+03
1.428591129655709437e+03
1.428929331168329554e+03
1.429589734122009077e+03
1.429643567696115497e+03
1.429975202512699070e+03
1.430333637449147773e+03
1.430377604312458061e+03
1.430489604813384858e+03
1.430527238315035447e+03
1.430543471720973457e+03
1.431680376805828701e+03
1.431701810235023913e+03
1.431916277860905893e+03
1.432277479476395001e+03
1.432776881709992267e+03
1.432950515819911288e+03
1.433771619492331638e+03
1.433782052872328677e+03
1.433820619711487097e+03
1.433829153082986295e+03
1.433926953520402776e+03
1.433935953560655662e+03
1.433942686924104237e+03
1.434273755071486903e+03
1.434906024566005271e+03
1.434945191407847233e+03
1.435180925795512394e+03
1.436386931189421375e+03
1.436577898710198042e+03
1.436639732320084931e+03
1.436918966902306693e+03
1.436944500349839245e+03
1.436947967032010865e+03
1.436964600439737751e+03
1.436976200491619466e+03
1.436987433875194483e+03
1.437088234326028669e+03
1.437189968114370686e+03
1.437468702694355898e+03
1.439934380388868476e+03
1.440331782166264020e+03
1.442399291413285027e+03
1.442567792166911659e+03
1.442577925545566814e+03
1.442587625588950687e+03
1.442595692291696196e+03
1.442612492366835113e+03
1.442738126262071091e+03
1.442808826578281241e+03
1.442913093711287047e+03
1.443255861910998647e+03
1.445468405140023151e+03
1.445478538518678761e+03
1.445493771920143899e+03
1.445517372025696432e+03
1.445555738863960414e+03
1.445641472580741265e+03
1.445869006931731292e+03
1.445877373635818458e+03
1.447352913568565327e+03
1.449901458300370678e+03
1.449917291704519357e+03
1.449924091734932972e+03
1.449933258442598117e+03
1.449936458456910259e+03
1.449939458470327963e+03
1.449961191900865060e+03
1.450014025470498609e+03
1.450190159591599013e+03
1.450286026687035246e+03
1.450379593772184762e+03
1.450685461806858711e+03
1.451704999700117469e+03
1.451962667519214165e+03
1.453056239076925067e+03
1.453075972498516876e+03
1.453085005872252395e+03
1.453117006015374272e+03
1.453149906162521575e+03
1.453173839602898170e+03
1.453187806332031641e+03
1.453194039693243894e+03
1.453202173062954216e+03
1.453211339770619134e+03
1.453216873128700854e+03
1.453421607377716555e+03
1.453477040958978932e+03
1.453663308458734718e+03
1.453746208829510124e+03
1.453804642424189979e+03
1.454322078071775650e+03
1.454715379830834081e+03
1.455129448349439372e+03
1.455199148661176878e+03
1.455399549557478167e+03
1.455488649955983647e+03
1.455775651239608578e+03
1.456427887490095600e+03
1.457110290542171469e+03
1.457517692364292998e+03
1.457928127533314637e+03
1.458173895299187734e+03
1.458193495386850145e+03
1.458232528894762254e+03
1.458282462451425545e+03
1.459884902951740514e+03
1.459904236371543448e+03
1.459926036469045130e+03
1.461357142869727795e+03
1.462371014070975434e+03
1.462781349239549854e+03
1.462786482595842244e+03
1.462922416537145864e+03
1.462929649902830761e+03
1.462938549942636655e+03
1.463084917263937086e+03
1.463469418983637070e+03
1.464028488150763451e+03
1.464049321577275350e+03
1.464069721668515513e+03
1.464168288776027794e+03
1.464191888881580326e+03
1.464379256386255747e+03
1.464673791036907687e+03
1.464831991744466904e+03
1.465187059999190978e+03
1.465225660171831805e+03
1.465248526940771171e+03
1.465270160370860822e+03
1.465351294067068011e+03
1.465399794283987148e+03
1.466307198342389484e+03
1.466512599261053538e+03
1.466929001123428179e+03
1.466957401250448811e+03
1.466965101284887396e+03
1.466982034693956166e+03
1.468331807397537204e+03
1.469623213173403201e+03
1.470159282237660818e+03
1.470377649880985928e+03
1.470486950369836904e+03
1.470518617178134718e+03
1.470525217207653668e+03
1.471237420393011917e+03
1.471253853799844364e+03
1.471287753951464083e+03
1.471294920650184167e+03
1.471305554031075872e+03
1.471407721154688943e+03
1.471639622191876015e+03
1.471753989370054569e+03
1.471755989378999629e+03
1.471766122757655012e+03
1.471844489774821568e+03
1.472097190905037678e+03
1.472119924340047191e+03
1.472308325182677891e+03
1.472410558973256229e+03
1.472986628216416193e+03
1.473826231971578864e+03
1.473835332012279196e+03
1.474104866551116856e+03
1.474115966600762249e+03
1.474130366665167230e+03
1.474174700196783988e+03
1.474212767033706314e+03
1.474245400512994365e+03
1.474252167209925346e+03
1.474372534414939082e+03
1.474418701288089096e+03
1.475293405200238794e+03
1.475357772154789018e+03
1.477160913552747161e+03
1.477178313630569619e+03
1.477192580361044975e+03
1.477208147097334404e+03
1.477321980939794457e+03
1.477513448462807446e+03
1.478063317588786731e+03
1.478071684292873670e+03
1.478610020033935825e+03
1.480727162836278239e+03
1.480740962897999452e+03
1.480877863510293082e+03
1.480884730207671282e+03
1.480962497222154298e+03
1.481223065054221252e+03
1.481775100856557629e+03
1.482336403367006596e+03
1.482536104260176899e+03
1.483507408604375769e+03
1.483687042741130426e+03
1.484132044731420137e+03
1.484405845956007624e+03
1.484858114645464639e+03
1.484940481680521316e+03
1.485180349420006451e+03
1.485339750132932750e+03
1.485341283473123895e+03
1.485349950178552717e+03
1.485359550221489371e+03
1.485401183741030309e+03
1.485413017127288867e+03
1.485421917167094762e+03
1.485486717456916949e+03
1.485516284255822256e+03
1.485519750937993649e+03
1.485539351025655833e+03
1.485544684382842888e+03
1.485552684418623357e+03
1.486064786709021973e+03
1.486117753612585602e+03
1.486247254191782304e+03
1.486484821920980266e+03
1.486588389050855085e+03
1.486652622671476138e+03
1.486805956690602216e+03
1.487489726415457426e+03
1.487585626844376065e+03
1.488346430247100670e+03
1.488828632403769916e+03
1.488845799147215530e+03
1.488850365834306785e+03
1.488869432586250241e+03
1.488873499271105402e+03
1.488891666019023660e+03
1.488899532720874276e+03
1.488909399431670408e+03
1.489022533270999475e+03
1.489237534232600183e+03
1.489599769186044341e+03
1.490318305733062061e+03
1.490531706687506812e+03
1.490671773980630178e+03
1.490720307531031949e+03
1.490793307857529044e+03
1.491223043112870755e+03
1.491911179523922783e+03
1.491919546228009949e+03
1.492197080802628079e+03
1.493085284775157334e+03
1.493775921197390517e+03
1.497339470468845775e+03
1.497397037392982838e+03
1.497419337492721070e+03
1.497426370857511301e+03
1.497485471121839737e+03
1.497537371353965455e+03
1.497646638509334252e+03
1.497941839829634318e+03
1.498043206949669639e+03
1.498270974635036737e+03
1.498394908522669311e+03
1.499359479503419834e+03
1.500678485402728256e+03
1.501664289811779554e+03
1.502134091912988879e+03
1.502163592044929374e+03
1.502200992212203118e+03
1.502232492353088901e+03
1.502246859084011248e+03
1.502252525776022367e+03
1.502260792479662314e+03
1.502309659364888375e+03
1.502385459703908282e+03
1.502949028891161561e+03
1.503296497111894041e+03
1.503309763837896980e+03
1.503311430512017751e+03
1.503320063883964167e+03
1.503337397294822040e+03
1.503357564051685358e+03
1.503398630902025388e+03
1.503440097754154067e+03
1.503806232725041355e+03
1.504053933832894700e+03
1.504382368635166358e+03
1.504695770036867088e+03
1.504727570179094528e+03
1.505105238534898717e+03
1.505524207075419326e+03
1.505695741175946068e+03
1.505704707882716775e+03
1.505709907905973978e+03
1.505716141267186231e+03
1.505936742253833472e+03
1.506001875878479495e+03
1.506067376171432215e+03
1.506104376336917085e+03
1.506109176358385412e+03
1.506180910012550385e+03
1.506214243494969196e+03
1.506275310434760286e+03
1.506375810884252587e+03
1.506478911345373717e+03
1.506496178089266778e+03
1.506850213006035801e+03
1.507329381815804709e+03
1.507782050507051054e+03
1.507913717762604847e+03
1.508051918380712777e+03
1.508197785699777114e+03
1.508952589075666538e+03
1.509151023296505173e+03
1.510997864889914126e+03
1.511006798263202199e+03
1.511018298314636695e+03
1.511023231670034875e+03
1.511032965046900927e+03
1.511051731797502725e+03
1.511116865422148749e+03
1.511124832124447039e+03
1.511144098877284932e+03
1.511149932236708310e+03
1.511157098935428166e+03
1.511627267704944188e+03
1.511733368179483023e+03
1.511820668569937425e+03
1.512078369722516754e+03
1.512115036553177333e+03
1.512159303417829506e+03
1.512233803751035111e+03
1.512500138275560630e+03
1.512625205501595701e+03
1.513002773856952444e+03
1.514234912701077974e+03
1.514273279539341729e+03
1.514306946356584831e+03
1.514313013050384825e+03
1.514388313387168637e+03
1.514415180173998351e+03
1.514422413539683248e+03
1.514684514711941347e+03
1.515136150065232641e+03
1.515158750166312529e+03
1.515186116955378338e+03
1.515253183922004837e+03
1.515262050628328097e+03
1.515275584022190287e+03
1.515282350719121268e+03
1.515304084149658138e+03
1.515322884233742343e+03
1.515795419680510122e+03
1.516962524900436392e+03
1.518313930944656022e+03
1.518342031070334997e+03
1.518420698088843210e+03
1.518512631833354135e+03
1.519096301110505692e+03
1.519126101243788071e+03
1.519149134680139241e+03
1.519159934728442977e+03
1.519173301454892908e+03
1.519185468175975757e+03
1.519573236576952695e+03
1.519611503414769231e+03
1.519619536784032334e+03
1.519747337355625632e+03
1.519772704135746153e+03
1.520131005738265003e+03
1.522244681858435570e+03
1.523642254775805213e+03
1.523668821561292816e+03
1.523989356328231224e+03
1.524073256703479274e+03
1.524132923637008616e+03
1.524232324081581282e+03
1.524627459182172515e+03
1.524932427212821494e+03
1.525662263810379272e+03
1.525708064015222362e+03
1.526433000590864822e+03
1.526527001011285620e+03
1.527547505575534387e+03
1.527678372827510429e+03
1.527883573745280046e+03
1.527914940552235976e+03
1.527929273949676144e+03
1.528495109813733734e+03
1.528849044730055766e+03
1.528928178417317667e+03
1.529247979847642682e+03
1.529269079942013832e+03
1.529279679989422903e+03
1.529290780039068522e+03
1.529315646816952949e+03
1.529342013601546114e+03
1.529348946965889127e+03
1.529366213709781960e+03
1.529382647116614407e+03
1.529384580458594655e+03
1.529519214394083747e+03
1.529872615974687051e+03
1.529884816029252306e+03
1.530008549915990670e+03
1.530385284934287029e+03
1.530543218973986768e+03
1.530685719611326704e+03
1.530726753128184328e+03
1.532135059426892440e+03
1.532586494779289069e+03
1.532592394805677259e+03
1.532748795505185853e+03
1.532760162222690724e+03
1.532770962270994232e+03
1.532784595665303641e+03
1.532789029018465271e+03
1.532801529074372411e+03
1.532858995998062255e+03
1.532889362800545541e+03
1.535001405580077744e+03
1.535394907340030841e+03
1.536407445201981545e+03
1.536413811897123423e+03
1.536462845449761517e+03
1.536497378937547182e+03
1.536639846241404712e+03
1.536650779623638300e+03
1.537610283915061018e+03
1.537637117368408099e+03
1.538175319775540629e+03
1.539976427831071078e+03
1.539977094500719431e+03
1.539987794548575721e+03
1.539999327933492623e+03
1.540005461294257657e+03
1.540012761326907366e+03
1.540035961430670795e+03
1.540116728458571288e+03
1.540151495280734252e+03
1.540414329789605517e+03
1.540966465592389341e+03
1.541570234959439404e+03
1.541808236023909103e+03
1.541836036148246421e+03
1.541950236659012717e+03
1.542185704378818400e+03
1.543560377193766499e+03
1.543650677597638605e+03
1.543689144436349807e+03
1.543706777848549336e+03
1.543945512249632202e+03
1.544471814603541134e+03
1.544489814684047360e+03
1.544638382015187744e+03
1.545138050916644033e+03
1.545151184308717120e+03
1.545302718319792348e+03
1.545414818821166591e+03
1.545424818865892348e+03
1.545452485656299814e+03
1.545884920923717800e+03
1.545922087756614701e+03
1.546014988172115636e+03
1.546420456652256917e+03
1.547469928012727678e+03
1.547524028254693349e+03
1.548029397181643390e+03
1.548048363933139626e+03
1.548059963985021341e+03
1.548106864194784521e+03
1.548216864686766257e+03
1.548763567131915806e+03
1.548897967733027826e+03
1.549016268262131916e+03
1.549034235009155509e+03
1.549096968623067596e+03
1.549876205441569937e+03
1.549943672409985311e+03
1.550055439576535264e+03
1.550839076414716828e+03
1.550898143345562858e+03
1.550912210075143548e+03
1.550972610345286284e+03
1.551129844381855492e+03
1.551133044396167406e+03
1.551135011071630288e+03
1.551235311520228151e+03
1.551275811701366820e+03
1.551295678456888481e+03
1.551331311949594010e+03
1.551338878650103197e+03
1.551865047670082504e+03
1.551902614504768280e+03
1.551993181576500092e+03
1.552274382834184280e+03
1.552403216743732628e+03
1.552762551684206301e+03
1.553061053019266183e+03
1.553204286993219284e+03
1.553273853971027165e+03
1.553295120732810346e+03
1.553610955478727647e+03
1.553709122584450597e+03
1.553848223206583953e+03
1.554026157335734979e+03
1.555328696494728547e+03
1.556091266572021595e+03
1.556116600018659938e+03
1.556236533888402391e+03
1.556688835911341812e+03
1.556888003468793841e+03
1.560422019274825743e+03
1.560474886177941926e+03
1.560519019708664473e+03
1.560768254156709190e+03
1.561024921971333242e+03
1.561141355825421897e+03
1.562053859906633988e+03
1.562112926837480018e+03
1.562128793575111331e+03
1.562487595179866275e+03
1.563271998688143412e+03
1.563485532976518016e+03
1.563922801598886508e+03
1.564270903155785163e+03
1.564501204185816277e+03
1.564607537994731729e+03
1.564671704948387969e+03
1.565145407067040196e+03
1.565761709823479805e+03
1.566471746332480734e+03
1.566517679871253677e+03
1.566654980485336637e+03
1.566675980579260340e+03
1.566683980615040809e+03
1.566693213989670767e+03
1.566714447417971542e+03
1.566714780752795832e+03
1.566818647884012307e+03
1.567776052166042746e+03
1.569001357646272254e+03
1.569426626214970156e+03
1.569433559579313396e+03
1.569444259627169686e+03
1.569577726890774329e+03
1.570179096247090456e+03
1.570189962962358777e+03
1.570201863015582148e+03
1.570210696388423230e+03
1.570244596540043176e+03
1.570264229961187766e+03
1.570281996707316921e+03
1.570287663399328039e+03
1.570414663967343358e+03
1.570806565720140270e+03
1.571109200407019671e+03
1.571493968794578905e+03
1.572201438625433866e+03
1.572329572531851227e+03
1.572896541734311313e+03
1.574840417095040948e+03
1.575413552991748475e+03
1.579429604287037591e+03
1.579592705016512355e+03
1.581502246890350762e+03
1.581590880620102098e+03
1.581726881228370530e+03
1.581893115305192623e+03
1.582166683195403039e+03
1.582987053531209995e+03
1.583204387836580054e+03
1.583256988071836759e+03
1.583277621497453993e+03
1.583320388355397199e+03
1.583922024379572349e+03
1.583926591066663832e+03
1.584209025663197735e+03
1.584343259596897951e+03
1.584348992955873655e+03
1.584365093027882040e+03
1.584407693218413215e+03
1.584472993510471497e+03
1.584488460246313707e+03
1.585410397703050421e+03
1.585839399621779421e+03
1.586395435442005919e+03
1.586411935515803179e+03
1.586427568919057649e+03
1.586435668955285564e+03
1.586442335651769099e+03
1.586989604766119783e+03
1.587003004826051892e+03
1.587216272446566791e+03
1.587770808260084550e+03
1.587804075075538321e+03
1.587892642138325073e+03
1.587920975598380892e+03
1.588160743337418808e+03
1.588191910143480300e+03
1.588206110206990616e+03
1.588211243563283233e+03
1.588221610276315459e+03
1.588302443971180537e+03
1.589031013896406421e+03
1.589490482618065926e+03
1.589899717781720483e+03
1.590609687623756827e+03
1.590809755185233826e+03
1.591157056738554502e+03
1.591196290247361276e+03
1.591201223602759228e+03
1.591213456990807117e+03
1.591224557040452282e+03
1.591230590400770097e+03
1.591239590441023211e+03
1.591247323808944429e+03
1.591346857587446721e+03
1.591350024268276456e+03
1.591394291132928629e+03
1.591525125051422037e+03
1.591607492086478487e+03
1.593758268372581369e+03
1.593771501765101448e+03
1.594195570328432495e+03
1.595194474796074019e+03
1.595733443873302349e+03
1.595918911369479929e+03
1.596146179052610933e+03
1.596187212569468102e+03
1.596237712795332527e+03
1.597358317807284948e+03
1.597363884498848847e+03
1.597759052932922714e+03
1.598158688053640844e+03
1.599045692020802790e+03
1.599293893130892457e+03
1.600089296688367995e+03
1.601705037248167855e+03
1.601864871296365664e+03
1.602652541485919755e+03
1.602746708573752812e+03
1.602829742278457616e+03
1.603891313693046413e+03
1.604100181293882315e+03
1.604594416837704557e+03
1.606224690795838796e+03
1.606229890819096227e+03
1.606297524454923860e+03
1.607289795559564027e+03
1.607789431127538364e+03
1.607870698157674951e+03
1.609783206711448884e+03
1.609895940548988847e+03
1.611564481344940077e+03
1.611796715716951439e+03
1.612150117297554516e+03
1.612582719232384534e+03
1.612605552667841494e+03
1.612614886042918442e+03
1.612903820668524077e+03
1.612914087381109084e+03
1.612921120745899316e+03
1.612925854100402603e+03
1.612935620810751516e+03
1.612990421055847719e+03
1.612998054423321719e+03
1.613019954521270847e+03
1.613034254585228382e+03
1.613047187976407031e+03
1.613257255582609559e+03
1.613684190825428686e+03
1.613875225013170166e+03
1.613914891857248676e+03
1.613988592186876303e+03
1.615269431248815181e+03
1.615408831872290421e+03
1.615678399744610715e+03
1.616064801472808313e+03
1.617238406721806541e+03
1.617574474891551745e+03
1.618536445860673666e+03
1.618557279287185111e+03
1.618565279322965807e+03
1.618568312669865918e+03
1.618621212906464280e+03
1.618629612944034079e+03
1.618637212978025445e+03
1.619687484342074185e+03
1.620684588801665313e+03
1.622048794903133512e+03
1.622364596315568633e+03
1.623057732748983199e+03
1.623616001912531829e+03
1.623628268634061897e+03
1.624296904957898960e+03
1.624398505412311124e+03
1.624645106515244834e+03
1.626633982077240034e+03
1.626700615708595024e+03
1.626709282414023846e+03
1.626850849713855951e+03
1.627157484418625927e+03
1.628984559256960210e+03
1.629131026578708315e+03
1.629758462718275723e+03
1.630505699393655959e+03
1.632517975060308800e+03
1.633302445235550977e+03
1.633308378595421573e+03
1.633323711997334158e+03
1.633341578743910759e+03
1.633369112200388372e+03
1.633411745724401953e+03
1.635349854392673251e+03
1.635827756530110491e+03
1.636772527422304165e+03
1.638250467365785198e+03
1.638257067395303920e+03
1.638472235024316660e+03
1.638980837299061477e+03
1.639000737388065545e+03
1.639013270777454863e+03
1.639462639453941620e+03
1.639478906193361809e+03
1.639933408226141182e+03
1.640260376355186281e+03
1.640273276412882296e+03
1.640880212460762323e+03
1.640888045829130533e+03
1.641275614229213033e+03
1.641312047725496541e+03
1.641315814409010045e+03
1.641583282271937833e+03
1.641610749061450861e+03
1.641623415784770032e+03
1.642455852841212391e+03
1.642531186511478836e+03
1.642564986662651336e+03
1.642739887444902251e+03
1.642863554664675803e+03
1.642977055172311339e+03
1.643805492210863804e+03
1.643949392854465259e+03
1.643958226227306341e+03
1.644031293220768248e+03
1.644123460299656017e+03
1.645350165786147045e+03
1.645396865995015787e+03
1.645663667188294994e+03
1.645796234447874212e+03
1.646218703004049303e+03
1.646258203180715327e+03
1.646607304742086626e+03
1.646667571678299510e+03
1.646670605025199620e+03
1.647248574276857653e+03
1.647722843064711014e+03
1.649136582721053855e+03
1.649194949648768898e+03
1.650790490118223033e+03
1.651134891658573224e+03
1.651778094535324726e+03
1.652750398883996240e+03
1.652787065714656819e+03
1.655447110945152644e+03
1.655462944349301551e+03
1.655472811060097683e+03
1.655606111656290068e+03
1.655943513165332206e+03
1.655943846500156269e+03
1.655950679864052290e+03
1.655952846540409382e+03
1.655961713246732643e+03
1.655981013333053397e+03
1.656027646874957099e+03
1.656036313580385922e+03
1.656050780311755489e+03
1.656058613680123926e+03
1.656101547205479164e+03
1.656107713899726832e+03
1.656117247275698446e+03
1.656347048303493011e+03
1.657463453296660873e+03
1.661122802996587325e+03
1.661146136434280379e+03
1.661150203119135313e+03
1.661156103145523502e+03
1.661172169884049254e+03
1.661224636785376561e+03
1.661572105006109041e+03
1.661992506886373803e+03
1.662135740860327132e+03
1.662427208830596328e+03
1.665098520778149805e+03
1.665116587525620844e+03
1.665187587843172651e+03
1.665250621458426394e+03
1.665359655279418121e+03
1.665463622411081815e+03
1.665626989808416056e+03
1.666312959543110765e+03
1.666325626266429936e+03
1.666336592982145703e+03
1.666373393146735907e+03
1.666398993261233272e+03
1.666426460050746300e+03
1.666434526753491809e+03
1.666477560279294494e+03
1.666486860320889264e+03
1.666487226989195733e+03
1.666795461701121667e+03
1.667140396577190586e+03
1.667177096741333571e+03
1.672210285919147509e+03
1.672283519580021220e+03
1.672346686529204590e+03
1.672358353248051344e+03
1.672366786619103323e+03
1.673378324476581611e+03
1.675108965550278981e+03
1.675230032758423704e+03
1.675243866153627550e+03
1.676917106970599434e+03
1.676949573782475454e+03
1.677084041050552514e+03
1.677314342080583401e+03
1.679912487034227752e+03
1.681367693542699044e+03
1.681376326914645460e+03
1.681384193616496304e+03
1.681743361889558173e+03
1.683020200933606930e+03
1.683086567897102441e+03
1.683161734899956627e+03
1.683253135308748824e+03
1.683386235904046771e+03
1.683483436338779711e+03
1.683565436705529919e+03
1.684437007270332060e+03
1.684475574109490481e+03
1.684485340819838939e+03
1.684557707810170086e+03
1.684980176366344949e+03
1.685053343360253848e+03
1.685180510595681426e+03
1.685215177417396717e+03
1.688094523628725483e+03
1.688146023859062325e+03
1.688190090722819832e+03
1.688198490760389404e+03
1.688217657512780079e+03
1.688235590926321493e+03
1.688263091049316699e+03
1.688276357775319639e+03
1.688303691230902814e+03
1.688361091487628073e+03
1.688443625190096554e+03
1.688583792483667139e+03
1.688705259693600965e+03
1.690306866856855322e+03
1.690801535735949301e+03
1.690806502424829660e+03
1.690820802488787194e+03
1.690915436245373940e+03
1.690944969710797068e+03
1.690958369770729405e+03
1.692569943645226886e+03
1.692608310483490641e+03
1.692632143923420244e+03
1.692643877309231584e+03
1.692661044052677198e+03
1.692671810767498528e+03
1.692730377696108235e+03
1.692742811085050334e+03
1.693277813477870723e+03
1.693567214772230045e+03
1.693601314924744429e+03
1.693629281716493551e+03
1.693659615185494658e+03
1.693707148731423786e+03
1.694510785659056410e+03
1.694705386529416955e+03
1.695668157502116856e+03
1.695735157801778314e+03
1.696032525798435699e+03
1.696122159532659680e+03
1.696124926211700540e+03
1.696132026243455584e+03
1.696136592930546840e+03
1.696160193036099372e+03
1.696170593082614005e+03
1.696363093943582044e+03
1.696373927325368186e+03
1.696508794595234349e+03
1.696688695399848029e+03
1.699879109669108175e+03
1.700822713889417173e+03
1.701416749879600957e+03
1.703029490425983340e+03
1.703160591012335999e+03
1.703394892060257234e+03
1.705837402984488563e+03
1.705943603459474616e+03
1.705999337042078650e+03
1.706016037116770349e+03
1.706124770936420418e+03
1.706509439323532206e+03
1.707408176676505491e+03
1.707593310837859235e+03
1.707730144783188052e+03
1.708673715670014644e+03
1.708811282951956400e+03
1.708830783039171592e+03
1.708855249815266916e+03
1.708861249842102097e+03
1.708907683383111589e+03
1.708914816748349040e+03
1.709754720504853367e+03
1.709763320543317604e+03
1.709806320735637655e+03
1.709864120994151563e+03
1.709909754531582848e+03
1.710012921659668791e+03
1.710140755564744723e+03
1.710182422417768066e+03
1.710203989180892904e+03
1.710232722642737826e+03
1.711336194244727039e+03
1.712142197849611648e+03
1.712530832921131150e+03
1.713702971496903046e+03
1.713717004893001103e+03
1.713728371610506201e+03
1.713768038454584257e+03
1.713778305167169265e+03
1.713823638703258666e+03
1.713844572130217784e+03
1.713877138942540569e+03
1.713883205636341017e+03
1.713892005675699693e+03
1.713947839258750946e+03
1.714033506308566984e+03
1.714907510217585696e+03
1.714932676996811779e+03
1.715090744370441371e+03
1.715254245101705237e+03
1.715912748046886918e+03
1.716563550957629786e+03
1.716677951469290974e+03
1.716798752009576219e+03
1.717058919839854298e+03
1.717472255021846195e+03
1.718944628273763556e+03
1.718987728466530825e+03
1.720488735179845435e+03
1.720772336448264014e+03
1.721130271382476167e+03
1.721363005756723624e+03
1.721367905778639170e+03
1.721373039134931787e+03
1.721389005873010319e+03
1.721393672560548794e+03
1.721460539526280627e+03
1.721498406362308515e+03
1.721598306809117275e+03
1.721646840359519047e+03
1.721779174284721194e+03
1.722445577265236125e+03
1.722935846124650652e+03
1.723022079843667825e+03
1.723748783093878274e+03
1.724283152150532715e+03
1.724491219747790410e+03
1.724500719790279618e+03
1.724511253170723876e+03
1.724517819866760419e+03
1.724523686559666203e+03
1.724533153268673004e+03
1.724540919970076629e+03
1.724579753477094528e+03
1.724619486988137623e+03
1.724629053697591644e+03
1.724639087075799807e+03
1.724683920609652887e+03
1.724725920797500521e+03
1.724927555032651298e+03
1.725071655677147419e+03
1.725150522696550070e+03
1.725239823095949760e+03
1.725296223348202147e+03
1.725311356749220295e+03
1.725394290453478106e+03
1.725670825023623820e+03
1.725805692293489983e+03
1.725889426001325546e+03
1.726000759832604444e+03
1.726089560229767812e+03
1.726143027135567309e+03
1.726381061533519187e+03
1.726471461937838967e+03
1.726685796229791094e+03
1.726708562998283242e+03
1.726910597235222895e+03
1.726991930932324522e+03
1.727085331350062006e+03
1.727418199505495295e+03
1.727646500526581121e+03
1.727757101021246399e+03
1.727794267854143300e+03
1.727932401805286190e+03
1.728003635457215069e+03
1.728068335746589810e+03
1.729213740869461617e+03
1.729622609364809477e+03
1.729642442786848960e+03
1.729655476178474373e+03
1.729665609557129756e+03
1.729675442934443254e+03
1.729728476504971468e+03
1.729735843204586217e+03
1.729817643570441533e+03
1.729915077339551544e+03
1.730062844667113723e+03
1.730124211608246469e+03
1.731003548874452235e+03
1.731390583938816008e+03
1.732323288110374051e+03
1.732323788112610146e+03
1.732337221506024889e+03
1.732362254951321347e+03
1.732401421793163308e+03
1.732458488715064277e+03
1.732493188870262202e+03
1.732609622724350629e+03
1.733539593550350446e+03
1.735038600254719995e+03
1.735884870706366200e+03
1.735900337442208638e+03
1.735909070814602273e+03
1.735922870876323714e+03
1.735928837569676489e+03
1.735940204287181587e+03
1.735946670982770456e+03
1.735981471138415827e+03
1.736206105476435368e+03
1.736436106505124599e+03
1.737274310254025522e+03
1.737326977156247040e+03
1.737340310549214564e+03
1.737370244016426795e+03
1.737879012958583417e+03
1.737969613363797635e+03
1.737977146730824188e+03
1.737998746827431660e+03
1.738093713918842468e+03
1.738224247835994220e+03
1.738300948179039551e+03
1.738491015695791248e+03
1.738544982603827066e+03
1.738555182649447033e+03
1.738662549796317762e+03
1.738705449988190821e+03
1.738940984374961317e+03
1.739111285136638571e+03
1.740230590142776691e+03
1.741403695389538370e+03
1.741456262291312896e+03
1.742556167210683043e+03
1.742580033984094825e+03
1.743138836483362184e+03
1.743145969848599862e+03
1.743162969924633444e+03
1.743167269943865449e+03
1.743173003302841380e+03
1.743407271017280209e+03
1.743438871158612983e+03
1.743575038434293447e+03
1.743668372185065891e+03
1.743930506690806851e+03
1.744063907287446455e+03
1.744167007748567585e+03
1.744466475754617250e+03
1.744797043899763594e+03
1.744832010722820769e+03
1.744838444084927687e+03
1.744871977568240936e+03
1.744966777992239713e+03
1.744975044695879433e+03
1.745492013674711188e+03
1.745504947065889837e+03
1.745511213760584724e+03
1.745527680500899578e+03
1.745533947195594010e+03
1.745546380584536337e+03
1.745553080614502505e+03
1.745574447376732905e+03
1.745619880913269526e+03
1.745642547681314227e+03
1.745660214426996163e+03
1.745718814689088276e+03
1.745729781404804044e+03
1.745741148122308914e+03
1.745746681480390180e+03
1.745751648169270538e+03
1.746362117566286997e+03
1.746591218590950803e+03
1.746742119265860538e+03
1.746877253203585951e+03
1.746981420336144538e+03
1.746988187033075519e+03
1.746993053721508431e+03
1.747064887376120851e+03
1.747069187395352856e+03
1.747073554081549673e+03
1.747081254115988258e+03
1.747089354152216174e+03
1.747751023778227591e+03
1.747924157885910518e+03
1.747984891490877317e+03
1.748430193482508912e+03
1.748551094023241603e+03
1.749299764038365993e+03
1.754320853162061667e+03
1.767346011417621867e+03
1.775980050033717362e+03
1.776171150888423881e+03
1.776379051818269545e+03
1.777562123776274348e+03
1.779114130717689704e+03
1.779306764912587596e+03
1.779479765686340670e+03
1.781630041970207003e+03
1.781829209527658804e+03
1.789997946062671417e+03
1.821489653577304807e+03
1.821550387182271834e+03
1.835214781630175594e+03
1.835221248325764691e+03
1.835290081966959633e+03
1.835297281999161896e+03
1.835358915608154120e+03
1.835393415762457380e+03
1.835438949299441447e+03
1.835501182911117212e+03
1.835520082995648636e+03
1.835567449874165732e+03
1.835679750376434413e+03
1.835828117706679905e+03
1.835900184695669168e+03
1.836183119294439166e+03
1.836281653068469041e+03
1.836326119934015651e+03
1.836436153759479794e+03
1.836448653815386706e+03
1.836595821140265571e+03
1.836689788227203735e+03
1.837393891376334068e+03
1.837400591406300464e+03
1.837405758096075260e+03
1.837410424783613962e+03
1.837420391494857313e+03
1.837425491517667069e+03
1.837433224885588288e+03
1.837437924906609396e+03
1.837615225699594475e+03
1.838483129581330559e+03
1.839298599895221969e+03
1.839589701197184695e+03
1.839714835090184579e+03
1.839719935112994563e+03
1.839920336009295852e+03
1.839938336089802078e+03
1.840022169798085088e+03
1.840528172061201076e+03
1.841083774546156292e+03
1.841149741507862927e+03
1.841156241536934431e+03
1.841162874899936014e+03
1.841331108985703167e+03
1.841649210408425006e+03
1.841717777381760243e+03
1.842180746119073774e+03
1.842791648851361515e+03
1.843018616533150634e+03
1.843132550376057679e+03
1.843905020497629039e+03
1.845513694359156261e+03
1.845533861116019580e+03
1.846152697217122977e+03
1.846308931249219540e+03
1.846746966541683832e+03
1.846904200578252812e+03
1.846915167293968580e+03
1.847050034563834743e+03
1.847784904517237919e+03
1.847924505141607369e+03
1.847935271856428471e+03
1.848064539101248329e+03
1.848936809669181230e+03
1.849332511438973825e+03
1.849581645886571323e+03
1.849778713434630845e+03
1.849804913551811978e+03
1.850095248183678905e+03
1.850167015171326284e+03
1.850400349548257282e+03
1.850740951071611789e+03
1.850854984914966280e+03
1.851342253760962876e+03
1.851380787266638890e+03
1.851390420643057951e+03
1.851671388566365295e+03
1.851953823162899198e+03
1.851976456597461265e+03
1.852075523707209868e+03
1.852101523823496336e+03
1.852106290511482257e+03
1.852550725832571061e+03
1.852557325862090011e+03
1.852562259217487963e+03
1.852574525939018031e+03
1.852583492645788738e+03
1.852588692669046168e+03
1.852879593970114229e+03
1.853575063747298145e+03
1.854177833109875792e+03
1.854304000340830498e+03
1.854432634249484408e+03
1.854446267643793590e+03
1.854455701019318212e+03
1.854461067709987447e+03
1.854468901078355884e+03
1.854474834438226480e+03
1.854480734464614670e+03
1.855086770508469272e+03
1.855488738972956753e+03
1.857370147387633779e+03
1.857821082737794086e+03
1.860256160295446080e+03
1.861117330813733361e+03
1.863326907362822794e+03
1.863341340760710182e+03
1.864187777879768419e+03
1.864216244673754090e+03
1.864325645163052286e+03
1.864388845445718289e+03
1.864658379984555950e+03
1.867168124542825808e+03
1.867624593251067836e+03
1.867693393558780144e+03
1.868792131806265616e+03
1.868887398899018308e+03
1.871399910136328799e+03
1.871761845088431301e+03
1.871908512411073616e+03
1.871926679158991874e+03
1.872869450042240260e+03
1.873916388058047232e+03
1.874771825217358810e+03
1.875297060899830512e+03
1.886003275450485489e+03
1.886811412398244784e+03
1.887660749530273506e+03
1.889354757106792704e+03
1.889808159134651987e+03
1.896211254439427648e+03
1.896267721358645076e+03
1.896278721407843250e+03
1.896384321880145762e+03
1.898976366806507485e+03
1.903105218606301605e+03
1.905958264700001791e+03
1.906011498271424443e+03
1.908167441247301895e+03
1.910911420186528176e+03
1.914367768978524737e+03
1.914430235924577346e+03
1.914442969314861330e+03
1.914535136393749099e+03
1.920823997854275831e+03
1.924902482762135151e+03
1.925258484354367056e+03
1.925465718614564366e+03
1.932779117990712848e+03
1.938175742127337799e+03
1.938413576524395467e+03
1.938736677969480070e+03
1.939202146717974983e+03
1.939215680111836946e+03
1.939231546849468259e+03
1.939346414029883135e+03
1.941168455512372475e+03
1.941425589995750443e+03
1.948546955179684574e+03
1.950273796236386033e+03
1.951296867478781223e+03
1.951924703620137961e+03
1.952755974004695645e+03
1.952793307505004805e+03
1.953351776669447872e+03
1.953824878785416558e+03
1.954288347524966639e+03
1.954669549229906806e+03
1.954810483193573191e+03
1.955358352310607188e+03
1.959881005871696061e+03
1.969702049796722122e+03
1.978163254306476347e+03
1.983345744152043608e+03
1.990739777222162957e+03
1.990947278150219518e+03
2.000439820606008880e+03
2.003999769861362893e+03
2.006249013254530382e+03
2.013640412979538723e+03
2.022475319160689196e+03
2.031127824526044606e+03
2.033710436076882161e+03
2.035694011615172485e+03
2.035874579089434519e+03
2.041953906279477451e+03
2.045244720997782679e+03
2.063206134664283127e+03
2.068111089935232030e+03
2.068638525627543004e+03
2.086957940895220418e+03
2.088210646497997914e+03
2.088225979899910726e+03
2.091515261278024354e+03
2.103645282196712742e+03
2.104140251077148150e+03
2.104804987383541629e+03
2.113593093355376823e+03
2.115442801628273628e+03
2.121998397615115209e+03
2.122337632465690149e+03
2.122951735212290259e+03
2.127433355256521736e+03
2.128285692401968390e+03
2.131371039534644751e+03
2.132060475951510398e+03
2.132240010087818064e+03
2.133094613910068801e+03
2.134038984800473372e+03
2.135943959987220296e+03
2.136697496690778280e+03
2.136746096908144864e+03
2.137094598466832394e+03
2.137125265270657565e+03
2.137144432023048012e+03
2.138076302857545670e+03
2.138299737190198357e+03
2.138462304583954392e+03
2.138620538624996243e+03
2.139795577213737943e+03
2.139847544112828928e+03
2.140214512420776373e+03
2.140419946672923288e+03
2.140965882447977037e+03
2.141327050729983512e+03
2.141334350762633676e+03
2.141355284189592567e+03
2.141484984769683706e+03
2.141951386855685996e+03
2.144167330099917308e+03
2.144251030474270920e+03
2.149463887122321921e+03
2.149655987981500857e+03
2.149790621916989949e+03
2.149912255794335579e+03
2.149944189270492643e+03
2.149991189480703270e+03
2.150053989761580397e+03
2.150237590582742541e+03
2.150493358393341168e+03
2.152114965646046585e+03
2.152412700311010667e+03
2.153880040207082857e+03
2.154069407720703111e+03
2.154510809694892032e+03
2.162629379338864510e+03
2.167504034474294713e+03
2.175467536758055303e+03
2.175559437169083594e+03
2.178229415777340364e+03
2.178251249208324680e+03
2.178262115923593228e+03
2.181329796310587426e+03
2.181824331855751552e+03
2.183677973479573666e+03
2.196678264957249667e+03
2.200466748568066123e+03
2.207050778015410742e+03
2.208377417282193164e+03
2.226538898510170384e+03
2.229834079914672657e+03
2.230139481280592463e+03
2.233974165098041794e+03
2.243815009111624477e+03
2.246174652998562578e+03
2.248683097551018363e+03
2.249589001602711960e+03
2.250279371357085893e+03
2.271478766172257565e+03
2.276546422170892583e+03
2.282153813916851050e+03
2.283934221879799679e+03
2.285447061979372847e+03
2.289434179811922149e+03
2.295151838717722057e+03
2.300646563293105373e+03
2.305500551669435936e+03
2.309099367765290481e+03
2.312701050540632423e+03
2.313605854587406156e+03
2.314307624392767138e+03
2.315410895993861686e+03
2.315904731535895280e+03
2.316347500182862859e+03
2.317682972822486590e+03
2.317764206519140771e+03
2.320810486810422390e+03
2.320924720654671091e+03
2.320994720967750254e+03
2.321263322169080766e+03
2.322199359688880577e+03
2.323079830293488158e+03
2.323119963806320357e+03
2.323559532438976021e+03
2.323739266576177670e+03
2.326650712931075304e+03
2.327828518198858546e+03
2.329369191756251439e+03
2.330053594817272369e+03
2.332253871324766806e+03
2.337445761212376055e+03
2.349175280339803066e+03
2.363431544101533746e+03
2.367071193713351022e+03
2.367399828516516664e+03
2.367590329368539642e+03
2.377637940973565492e+03
2.380434253480189000e+03
2.381202356915563996e+03
2.382382028858361991e+03
2.383670767955634346e+03
2.394277382060822220e+03
2.394557083311797669e+03
2.394663717122055004e+03
2.394941351697120353e+03
2.396075723437311808e+03
2.400242175405273883e+03
2.419376794318983229e+03
2.419387494366840201e+03
2.419402394433480822e+03
2.419416294495649709e+03
2.419431494563632896e+03
2.419522128302329293e+03
2.419540128382835064e+03
2.419576728546530830e+03
2.419716929173584049e+03
2.419970563641308217e+03
2.420414632294090097e+03
2.420523066112398283e+03
2.420868967659457212e+03
2.444144005091359759e+03
2.444723107681420061e+03
2.451662805386172295e+03
2.461512649440008317e+03
2.461891451134214549e+03
2.463389624501523485e+03
2.463431358021511642e+03
2.463567425296745114e+03
2.463989027182376958e+03
2.468356646716736122e+03
2.471149759209047716e+03
2.471983929606576112e+03
2.472550698808141078e+03
2.483190879730125289e+03
2.483224313212990637e+03
2.483239379947044199e+03
2.485095954917318977e+03
2.485976158854067762e+03
2.488774071367847228e+03
2.488920372022183528e+03
2.488933672081668192e+03
2.490227944537022267e+03
2.490672213190699040e+03
2.494808598357519713e+03
2.497317676246140763e+03
2.504765009554647804e+03
2.505782180770655032e+03
2.507553222025043851e+03
2.511855941269133837e+03
2.515842025763728543e+03
2.516765729895033473e+03
2.518881839359420610e+03
2.520051144589187061e+03
2.521932719671276118e+03
2.531413162072947216e+03
2.532289232657875800e+03
2.533761972578099630e+03
2.535272279333009465e+03
2.535582414053433240e+03
2.536471884698293707e+03
2.536550518383319741e+03
2.543256248374975257e+03
2.543533049612979994e+03
2.550736681831523583e+03
2.550754681912029810e+03
2.554303664451667828e+03
2.559212453073094821e+03
2.562633368373280518e+03
2.564570043701808117e+03
2.565849649424897507e+03
2.566617486192412798e+03
2.566924220897629766e+03
2.569374931858536002e+03
2.571160273176882129e+03
2.571474707916538136e+03
2.574006119238380052e+03
2.574097852981996311e+03
2.575101790805483233e+03
2.577673035638815691e+03
2.579125175466904238e+03
2.579318276330555818e+03
2.579362376527795732e+03
2.579488310424373594e+03
2.579513943872354048e+03
2.579994579355349288e+03
2.580002579391129984e+03
2.580039412889202595e+03
2.580053212950923808e+03
2.580087413103885865e+03
2.580138813333775033e+03
2.580603148743867678e+03
2.580685782446783833e+03
2.580725515957826701e+03
2.581919854632889383e+03
2.581948388093840094e+03
2.583325494253004308e+03
2.583867263342755450e+03
2.583927463612003976e+03
2.584109131091185645e+03
2.584126664502937729e+03
2.584129864517250098e+03
2.584194164804835964e+03
2.584339998790418122e+03
2.584355465526260105e+03
2.584596933272900969e+03
2.584650033510394223e+03
2.584720467158745123e+03
2.584976034968449312e+03
2.585319703172186109e+03
2.585366403381054624e+03
2.585498237304020677e+03
2.585877238999121801e+03
2.585888705717073663e+03
2.585916805842752638e+03
2.585977739448614557e+03
2.586035906375434934e+03
2.586046239754984526e+03
2.586051273110830152e+03
2.586381474587669800e+03
2.586453741577553046e+03
2.586489041735434512e+03
2.586503375132875135e+03
2.588882785774887452e+03
2.600278803410715682e+03
2.606155163026310674e+03
2.614915468873808095e+03
2.623368773348229297e+03
2.623375740046054489e+03
2.623607541082794341e+03
2.623692608129927521e+03
2.624628478982315301e+03
2.652267769266852611e+03
2.665552795351348777e+03
2.671712656234915812e+03
2.676204476324766802e+03
2.678162618415972247e+03
2.679782958996345769e+03
2.684966848848174777e+03
2.687673494287091671e+03
2.688816032730475399e+03
2.693411919952438438e+03
2.702202025933218010e+03
