3.882514720309774958e+01
6.866550446491585262e+02
1.038063849672933657e+03
1.038171883489452966e+03
1.146527401447330249e+03
1.146551668222531134e+03
1.146598301764434837e+03
1.150624619772308961e+03
1.152347127476296009e+03
1.154002768214551224e+03
1.154032768348728041e+03
1.155898510026668191e+03
1.155909310074971927e+03
1.158710722604405646e+03
1.160911399113689185e+03
1.163001375127860001e+03
1.167956230621990017e+03
1.167969764015851979e+03
1.169811172251626658e+03
1.169815705605235507e+03
1.180742121140748623e+03
1.181424090857552983e+03
1.182438662061931382e+03
1.183774168035037064e+03
1.191230634717726844e+03
1.192050371717367852e+03
1.198840668753919317e+03
1.200944344829364354e+03
1.210353353578212591e+03
1.211120490342597122e+03
1.211266090993801754e+03
1.211310657859795583e+03
1.214689006302932285e+03
1.214702839698136131e+03
1.218259122270424086e+03
1.218878691708140650e+03
1.219176759707928795e+03
1.221189235375476301e+03
1.222465207748982266e+03
1.222484007833066471e+03
1.222558741500649148e+03
1.222567374872595565e+03
1.222609208393031167e+03
1.222649475239792991e+03
1.222724008906481231e+03
1.222794975890550631e+03
1.223057277063703395e+03
1.223298511475967871e+03
1.223387745208402748e+03
1.223405845289356193e+03
1.223412245317980478e+03
1.223463278879563404e+03
1.223651746389158916e+03
1.224895551952130745e+03
1.224901818646825632e+03
1.224911818691551161e+03
1.225775055885748543e+03
1.226521525891033207e+03
1.226608859614970470e+03
1.227272529249926947e+03
1.227276429267369849e+03
1.229615339728243725e+03
1.229620373084088897e+03
1.229640539840952215e+03
1.229737740275685383e+03
1.229746573648526464e+03
1.229750106997662670e+03
1.229755173686990247e+03
1.229772340430436088e+03
1.234504661595938387e+03
1.234508594946863923e+03
1.235403432282394306e+03
1.236176369072719581e+03
1.237293974071254297e+03
1.240133420104127481e+03
1.240867823388776742e+03
1.242778531934499824e+03
1.245378376895747351e+03
1.250965135216089038e+03
1.250969268567908557e+03
1.250975901930910140e+03
1.251067569007561588e+03
1.251125835934829411e+03
1.251219603020873365e+03
1.251254836511789790e+03
1.251260103202012033e+03
1.251263336549806809e+03
1.251563371225057381e+03
1.256977562106917276e+03
1.256992028838287069e+03
1.257041529059678851e+03
1.257210863150365867e+03
1.257261530043642097e+03
1.260562911475874216e+03
1.261917517534405988e+03
1.262497620128938934e+03
1.262510186851810658e+03
1.262543987002983386e+03
1.262553920380744103e+03
1.262657320843206890e+03
1.263345857256047793e+03
1.272518198279723265e+03
1.274067805210404231e+03
1.274072638565354964e+03
1.274078205256919091e+03
1.274085571956533613e+03
1.274110138733076155e+03
1.280752168439829120e+03
1.280757001794779853e+03
1.280933302583292516e+03
1.281270504091440216e+03
1.288340502378967358e+03
1.288344335729445220e+03
1.292279086661115343e+03
1.292283120012487871e+03
1.292289886709419079e+03
1.292416953944399211e+03
1.293905760603148565e+03
1.295201333064316714e+03
1.295559834667730001e+03
1.295697435283154618e+03
1.295724602071325535e+03
1.296268037835198129e+03
1.296277904545994033e+03
1.296384705023663400e+03
1.296691573062810221e+03
1.297966145430054439e+03
1.297982812171264186e+03
1.298077545928297923e+03
1.301304260359911950e+03
1.301308560379143955e+03
1.301900229692076209e+03
1.302590966114756839e+03
1.302598066146511883e+03
1.302695566582586707e+03
1.303349136172370436e+03
1.304429941006314721e+03
1.304876709671172875e+03
1.305033410372023354e+03
1.317503132810040142e+03
1.317508366166779979e+03
1.318085002079141304e+03
1.321027248571794189e+03
1.321031015255307466e+03
1.321061448724755792e+03
1.321180615924402673e+03
1.321219382764455531e+03
1.328421181641466092e+03
1.330237689765873938e+03
1.330707225199224013e+03
1.330958259655319125e+03
1.330973293055890053e+03
1.332012597704223253e+03
1.332120564853777296e+03
1.332284832255136735e+03
1.339458631006915766e+03
1.351224983632415388e+03
1.351234483674904595e+03
1.353331493053866097e+03
1.353349226466512846e+03
1.354361197659262416e+03
1.354365464345012242e+03
1.354370497700857413e+03
1.354378364402708257e+03
1.355393168941463500e+03
1.355414669037623753e+03
1.355511969472803685e+03
1.355568136390679456e+03
1.358626816737420768e+03
1.361363562310961925e+03
1.361402529151909448e+03
1.361458162734066491e+03
1.362796935388449128e+03
1.362973936180092551e+03
1.363556838787148536e+03
1.365152412590085078e+03
1.365513180870302904e+03
1.366773219839212743e+03
1.368331626809252384e+03
1.368338360172701186e+03
1.368503627578533042e+03
1.373957385304023774e+03
1.373961918657632850e+03
1.375323291413095376e+03
1.375329958109579138e+03
1.375349124861970040e+03
1.375427291878241931e+03
1.375445158624818532e+03
1.379000007857362107e+03
1.379005207880619537e+03
1.379014174587390244e+03
1.379021074618250623e+03
1.379024241299080586e+03
1.379033241339333472e+03
1.381160750854708112e+03
1.381513452432180657e+03
1.381532485850641706e+03
1.383973063432892559e+03
1.399265798496950538e+03
1.403450983882032233e+03
1.404109286826319476e+03
1.408212338510721565e+03
1.408221038549632794e+03
1.408225505236276831e+03
1.408233071936786018e+03
1.408295638883285847e+03
1.410730716440937840e+03
1.413176260712069279e+03
1.414764134480567236e+03
1.414772967853408090e+03
1.417203412057003789e+03
1.417214878774955878e+03
1.417349046041691054e+03
1.425702583403233348e+03
1.425706150085851959e+03
1.425715050125657854e+03
1.425834083991375110e+03
1.427592191854585508e+03
1.428296195003268622e+03
1.431682643482633011e+03
1.431689176845187149e+03
1.435799795230097970e+03
1.435811228614567653e+03
1.435817495309262540e+03
1.436361197740994157e+03
1.451692966312964245e+03
1.451800366793317608e+03
1.453785042336527795e+03
1.453820742496198136e+03
1.453904342870104301e+03
1.458218962167418113e+03
1.460692873232087777e+03
1.464025288136451536e+03
1.464634924196407383e+03
1.464642424229951757e+03
1.464646257580429619e+03
1.464689024438372826e+03
1.464735857981171193e+03
1.464769724799308506e+03
1.464810558315271692e+03
1.464819091686770662e+03
1.469462712455557039e+03
1.469479012528459862e+03
1.470832851916895834e+03
1.471438121290655090e+03
1.471588221961986392e+03
1.472101290923375245e+03
1.472451625823596032e+03
1.472456059176757662e+03
1.472458859189280929e+03
1.472469125901865709e+03
1.472472825918414173e+03
1.472495492686459102e+03
1.472572926366117599e+03
1.472577326385796823e+03
1.472608326524446511e+03
1.472620126577222663e+03
1.472748227150157618e+03
1.474721035973626840e+03
1.478824687660712470e+03
1.478938621503619515e+03
1.481761667463142885e+03
1.481777234199432542e+03
1.486693956189675418e+03
1.490508439916778570e+03
1.490525506659776966e+03
1.490682507361968874e+03
1.494334390361833812e+03
1.497323370396837390e+03
1.497336203787568820e+03
1.497344003822454624e+03
1.505714474593065461e+03
1.505718641278367841e+03
1.505725641309675666e+03
1.505728941324435027e+03
1.505751041423278821e+03
1.505769841507362798e+03
1.505825641756931873e+03
1.505880142000686419e+03
1.506083476243440600e+03
1.506184143360345161e+03
1.523983256300948597e+03
1.523990356332703868e+03
1.525083061219871524e+03
1.525168128267004249e+03
1.525196095058753599e+03
1.529046045611150248e+03
1.529886782704715188e+03
1.530352251453209874e+03
1.531199221907987067e+03
1.532566094688048906e+03
1.532573361387216210e+03
1.532582828096223011e+03
1.532590361463249792e+03
1.532628961635890619e+03
1.532674995175111007e+03
1.532715128687943206e+03
1.532744395485506629e+03
1.532759495553042370e+03
1.532954629759121417e+03
1.532961629790429470e+03
1.532987729907163157e+03
1.533026363413286390e+03
1.533065196920304516e+03
1.544026612612356985e+03
1.549852172000745895e+03
1.549864005387004681e+03
1.551154944494116535e+03
1.553037819582020120e+03
1.553047619625851212e+03
1.553149220080263603e+03
1.553165020150929877e+03
1.553211720359798619e+03
1.555444630346581107e+03
1.555452997050668273e+03
1.555462763761016731e+03
1.555562764208273165e+03
1.555636931206654481e+03
1.556074833165189375e+03
1.556118933362429061e+03
1.556278034074013704e+03
1.557325872093846101e+03
1.557341472163617937e+03
1.561103488989394009e+03
1.561109355682300020e+03
1.561112589030094341e+03
1.563007630839080775e+03
1.563561366649020556e+03
1.564556004430912481e+03
1.569044357838592305e+03
1.569051457870347576e+03
1.573570644749264829e+03
1.574291214638710244e+03
1.575026784595243953e+03
1.578064964850297883e+03
1.578201965463038732e+03
1.581665347619825525e+03
1.581675314331068648e+03
1.581681014356562173e+03
1.581785414823497831e+03
1.581853215126737268e+03
1.583902857627181902e+03
1.583924691058165990e+03
1.583990924687731876e+03
1.584091225136329967e+03
1.585310997258477755e+03
1.585317530621032120e+03
1.585404664344074490e+03
1.585452531224827908e+03
1.585959366825004508e+03
1.588983680351371959e+03
1.588988413705875246e+03
1.591175156819507947e+03
1.594959807079846314e+03
1.594997007246225621e+03
1.595092007671118836e+03
1.595351975500502476e+03
1.603897980389530176e+03
1.604421682731810733e+03
1.604559183346787677e+03
1.606462658526826090e+03
1.606473058573340722e+03
1.607146594919093332e+03
1.607153961618707854e+03
1.607163994996915790e+03
1.607167961681323732e+03
1.607195428470836760e+03
1.607220361915685999e+03
1.607235295315809481e+03
1.607253528730692551e+03
1.607273462153179025e+03
1.607326595724154458e+03
1.607391996016659959e+03
1.607438329557221778e+03
1.608827302436127184e+03
1.608879236001735762e+03
1.609767306640335164e+03
1.609824840230989821e+03
1.612962620931510628e+03
1.620961756707976974e+03
1.620970623414300235e+03
1.621009356920870687e+03
1.621082490581297407e+03
1.621244491305852307e+03
1.623655968757951996e+03
1.624245738062386181e+03
1.624263438141550523e+03
1.624368738612511379e+03
1.624384138681388777e+03
1.624387805364454607e+03
1.624506372561418175e+03
1.626473114691087176e+03
1.626477381376836775e+03
1.626480414723736885e+03
1.626498848139514394e+03
1.626551681709148170e+03
1.626561948421732950e+03
1.626565781772211039e+03
1.626588615207667999e+03
1.626591348553226226e+03
1.626631482066058425e+03
1.626730849177148684e+03
1.626786716093682571e+03
1.626868816460879543e+03
1.626929716733258829e+03
1.629494428204036922e+03
1.635318487585717321e+03
1.635327854294276904e+03
1.635331554310825368e+03
1.635800789742833786e+03
1.635829223203336824e+03
1.635936423682795521e+03
1.636027190755421771e+03
1.638549002034327032e+03
1.638605968955780554e+03
1.638687069318505337e+03
1.639234838435092115e+03
1.639252638514703676e+03
1.640872812427665394e+03
1.640889612502804539e+03
1.641609915724390476e+03
1.641628382473650390e+03
1.642914454892329104e+03
1.644413094928392184e+03
1.644417694948965845e+03
1.644423794976248473e+03
1.646228403047432948e+03
1.646238569759570510e+03
1.646257969846338483e+03
1.646262903201736208e+03
1.646321536797310728e+03
1.646324336809834222e+03
1.646355236948036236e+03
1.646357736959217391e+03
1.646369003676275042e+03
1.646376403709372198e+03
1.646393670453264804e+03
1.646474870816436805e+03
1.651133258317934860e+03
1.651137091668412950e+03
1.651278658968245054e+03
1.671453382533865579e+03
1.671616449929857936e+03
1.672215652609816743e+03
1.675069132038788439e+03
1.678750381836664019e+03
1.678807515425529800e+03
1.683000500845497527e+03
1.683007100875016249e+03
1.683977371881260297e+03
1.693555748054277956e+03
1.693567081438300420e+03
1.693658715181469233e+03
1.706366638684850386e+03
1.707572677412242001e+03
1.712172331317717862e+03
1.712175998000784148e+03
1.712187098050429540e+03
1.712225398221728710e+03
1.712263398391685996e+03
1.712296265205350892e+03
1.712311365272886405e+03
1.712346232095496362e+03
1.712433465818986178e+03
1.714887110126345306e+03
1.714893210153628161e+03
1.714895876832221347e+03
1.715041877485215537e+03
1.715264745148666861e+03
1.717461988309261415e+03
1.717474488365168327e+03
1.728459737497150400e+03
1.728526871130741711e+03
1.728593604762543919e+03
1.739709121143818265e+03
1.739983089035817784e+03
1.746312384010518372e+03
1.746334184108020281e+03
1.889361823805065569e+03
1.912354193306057596e+03
1.925464185274373222e+03
1.939203113388964994e+03
1.939229380173111167e+03
1.939364680778248612e+03
1.952803174215800709e+03
1.952860041136807013e+03
1.953218876075044363e+03
1.954281980829824533e+03
2.068639592298980460e+03
2.129087129319761061e+03
2.129130462846905630e+03
2.229724846092786265e+03
2.249133899567249046e+03
2.249159199680404527e+03
2.249270466844718612e+03
2.249277800210850728e+03
2.249723702205165864e+03
2.315519363145652278e+03
2.315858897997569784e+03
2.316063232244795927e+03
2.317679772808174221e+03
2.317806640042259460e+03
2.317865706973105716e+03
2.325885176173847412e+03
2.326590612662274907e+03
2.326643612899320487e+03
2.328153619652888210e+03
2.328274720194515339e+03
2.394642417026789644e+03
2.395389253700380777e+03
2.500036321738728930e+03
2.552139721440009907e+03
2.580381514419265841e+03
2.581945688081764274e+03
2.583344494337983178e+03
2.583353894380024940e+03
2.584140664565553834e+03
2.584699700399198264e+03
2.584720667159639561e+03
