1.102358952614567933e+01
1.114909008745213903e+01
1.752241859242797517e+01
2.016506374510126065e+01
2.020119724004314321e+01
2.157170336968859914e+01
2.175733753327842379e+01
2.189137146608407392e+01
2.191480490422442884e+01
2.218153943053898658e+01
2.408331460297391757e+01
2.432294900808205895e+01
2.483828464627538324e+01
2.504228555867791783e+01
2.612795708105545955e+01
4.805765516253884329e+01
4.818312239036288247e+01
5.076633394388359477e+01
5.259667546349522382e+01
5.611185785196077802e+01
5.651059296865344805e+01
5.656459321017176478e+01
5.783769890418973603e+01
6.592420173807541062e+01
6.606980238928035476e+01
6.614590272964227324e+01
6.620850300962462143e+01
6.626176991452973652e+01
6.634230360805334215e+01
6.637150373865213737e+01
6.764834278270100754e+01
6.813874497604513181e+01
7.184942823889645069e+01
7.356130256199196538e+01
7.677678361003086138e+01
8.563105654446678727e+01
8.737706435355907786e+01
9.267182136791254266e+01
9.311235667155828821e+01
9.861098126438461975e+01
1.043433735694134157e+02
1.046892084495075750e+02
1.063495492087837562e+02
1.103364337069565551e+02
1.133910140353602998e+02
1.136470151803360267e+02
1.167799291924237792e+02
1.201065440708466667e+02
1.322932319096463516e+02
1.504981799986977080e+02
1.509819488290405332e+02
1.572706102886728274e+02
1.592772192633146062e+02
1.596011207119772735e+02
1.597340213063806971e+02
1.604704245999749332e+02
1.670086871759585563e+02
1.670559540540282910e+02
1.680226917111358773e+02
1.825157231984863984e+02
1.862806067037505784e+02
1.914055629586631255e+02
1.921262661820381368e+02
1.928899695977333124e+02
1.977147911769477275e+02
1.991068640697181422e+02
2.024103788448248338e+02
2.097780117968685261e+02
2.123224898438186869e+02
2.127744918654164508e+02
2.135384286154885558e+02
2.148582345183751556e+02
2.152659363418384544e+02
2.182634497483413725e+02
2.188303856173188819e+02
2.196236891654018564e+02
2.206742605307924805e+02
2.239966420569481897e+02
2.274056573039101750e+02
2.311139072225448956e+02
2.313425082449724357e+02
2.316199428191434038e+02
2.433002283930379974e+02
2.433352285495776357e+02
2.449209023082358954e+02
2.510370296628689175e+02
2.524527693281565917e+02
2.537026749184111338e+02
2.541364101916434208e+02
2.560911189341592831e+02
2.625028476108814743e+02
2.627649487831398005e+02
2.641612550281773792e+02
2.655014276888218205e+02
2.656517950280126570e+02
2.663488981458351645e+02
2.769781123521028121e+02
2.795189237159869435e+02
2.813048650370168389e+02
2.815420994313908523e+02
2.816747000244524770e+02
2.866389888941068307e+02
2.867594227660856632e+02
2.903759722745865588e+02
2.949397260194976411e+02
2.972743697946219754e+02
2.977927387797153642e+02
2.990150775800096881e+02
3.037874322578970805e+02
3.088911550845089096e+02
3.096658252159197673e+02
3.098213592448855138e+02
3.104453620357638783e+02
3.179276621673279237e+02
3.237094213598188048e+02
3.258222641429290434e+02
3.258477975904617665e+02
3.260502651626730426e+02
3.264627670076046684e+02
3.269330024440855027e+02
3.288840778370176281e+02
3.365653788586214432e+02
3.371986150241297651e+02
3.372415152160026537e+02
3.380946190315448234e+02
3.396102591436413718e+02
3.400834945935398537e+02
3.404277961334427687e+02
3.407314641582772197e+02
3.407608309562881459e+02
3.410997658055216561e+02
3.423703381548757534e+02
3.427334731123452229e+02
3.433067090094999116e+02
3.433454425160704204e+02
3.450412167671576640e+02
3.450749502513654647e+02
3.458401203402870010e+02
3.508213092855276614e+02
3.509664099344963688e+02
3.510091434589571691e+02
3.513088447993837917e+02
3.545726260634474443e+02
3.546019261944934442e+02
3.606016863620027380e+02
3.648627720865518995e+02
3.683095541690942127e+02
3.712213338588161946e+02
3.720433042017793355e+02
3.734302437382572180e+02
3.738508122859341256e+02
3.743965813935757865e+02
3.803692081063962291e+02
3.879512086838746541e+02
3.901606518990342920e+02
3.904922200486532233e+02
3.905172534939497382e+02
3.906025872089415998e+02
3.911856564834097867e+02
3.918975263339438584e+02
3.962519791427478140e+02
3.964727801302893795e+02
3.965806806128787798e+02
3.966097140760654725e+02
3.967809815087328502e+02
3.982547881003938528e+02
3.992462592014560983e+02
3.994596934893831417e+02
4.044625825316783789e+02
4.183779114352302031e+02
4.186309125667881972e+02
4.193072822585463086e+02
4.217192263793997427e+02
4.367686603552834299e+02
4.464360369263591224e+02
4.468124386098312470e+02
4.468367053850320758e+02
4.469310391402769937e+02
4.514298592614363770e+02
4.515890599734681814e+02
4.524098303110641837e+02
4.526814648592942945e+02
4.547066405836433205e+02
4.551267757960488325e+02
4.551527759123354144e+02
4.553879436307994411e+02
4.678001991451265553e+02
4.686046694098197918e+02
4.691148383582382735e+02
4.737301256669686040e+02
4.762358368738658783e+02
4.763046705150604794e+02
4.791598832851179282e+02
4.843195730287107494e+02
4.858392798256624019e+02
4.858680466209897304e+02
4.885805587528126352e+02
4.897129304840588588e+02
4.902102327082636180e+02
4.903871668329421141e+02
4.909947362169880876e+02
4.912363372975589186e+02
4.912751708045767032e+02
4.914265048147576636e+02
4.919154070013929640e+02
4.919409071154432809e+02
4.919789739523654930e+02
4.939931162940338254e+02
4.940986834328539317e+02
4.941443503037676237e+02
4.942357840460421130e+02
4.944543183567791971e+02
4.947555530373971351e+02
5.075556102861835370e+02
5.075928437860452505e+02
5.122654313510533939e+02
5.203174340306358090e+02
5.226078442745905477e+02
5.256617579333459389e+02
5.263449276555174947e+02
5.271739646967532735e+02
5.272102648591072693e+02
5.281325023171858675e+02
5.289824727853806507e+02
5.306596469532781839e+02
5.307782808172064506e+02
5.348173322153645586e+02
5.354467350303947342e+02
5.361402381321161101e+02
5.386573827234828968e+02
5.409473929656486462e+02
5.411197604032358868e+02
5.414469618666579436e+02
5.414627286038419243e+02
5.415506289969800946e+02
5.437935056950057060e+02
5.452478788664166132e+02
5.457381810593135469e+02
5.466930519966800830e+02
5.473194214648101479e+02
5.497772991244364675e+02
5.500250668992548526e+02
5.612541171216471412e+02
5.696642880698186673e+02
5.699982228966892990e+02
5.701486235693625986e+02
5.701713236708897057e+02
5.708768601597641918e+02
5.760747500742088505e+02
5.785655278809824722e+02
5.789159961151328844e+02
5.790075631913369989e+02
5.798167668105337498e+02
5.885885727094657796e+02
5.894569432599557786e+02
5.912950181474885767e+02
5.915830861025510785e+02
5.918586206682241482e+02
5.926209240776577190e+02
5.927812247946093294e+02
5.938642629718757462e+02
5.974984792260586346e+02
5.988350185371193675e+02
6.034741726192615943e+02
6.043518432113462495e+02
6.043909100527411056e+02
6.047779117836222440e+02
6.074860905627307375e+02
6.075243240670650948e+02
6.078625922466502516e+02
6.081123266969311771e+02
6.083240276437724106e+02
6.139249526941418935e+02
6.140141197596118445e+02
6.173751014584084942e+02
6.176681361023513546e+02
6.177970033453821088e+02
6.178194701125323718e+02
6.180081042895398014e+02
6.183164723353953605e+02
6.183327057413333705e+02
6.183805726220865608e+02
6.185038065065886030e+02
6.191749095081246423e+02
6.200879802585379821e+02
6.222770233824574007e+02
6.229568597563871890e+02
6.233104946713672234e+02
6.236898297012921830e+02
6.253295703684336786e+02
6.286010183334535668e+02
6.287766524523177623e+02
6.289972201054823699e+02
6.363910198412247610e+02
6.364835869219015194e+02
6.367687215305112431e+02
6.387891305668742916e+02
6.480018384377586926e+02
6.505832833167113449e+02
6.513873202461330720e+02
6.515770210945779581e+02
6.529894940785885638e+02
6.560458410815606385e+02
6.562975755407866245e+02
6.564925764129361596e+02
6.573744803572881210e+02
6.575647145414517354e+02
6.608543959213545804e+02
6.629610720102174355e+02
6.646897797419343306e+02
6.699385365505499976e+02
6.702308378578798056e+02
6.702650046773588883e+02
6.703012381727480715e+02
6.704046719686933784e+02
6.707018732979386186e+02
6.707476735027818222e+02
6.711655753718653159e+02
6.721813465816107964e+02
6.746867244536838371e+02
6.760695973053066155e+02
6.788803098763351045e+02
6.829729615142224475e+02
6.890205885624849316e+02
6.891080222868692999e+02
6.928349389556585720e+02
6.934354749749142002e+02
6.972906922175329782e+02
6.975127932108888444e+02
6.976623938799840516e+02
6.978397946734165771e+02
6.978830615335958782e+02
6.980909291299591359e+02
6.989193995019937802e+02
6.992069674548200737e+02
7.006176404307800567e+02
7.010584090688026890e+02
7.025885825792338437e+02
7.037567544705976843e+02
7.066013338597635993e+02
7.073232370885057207e+02
7.075052712359942007e+02
7.075617381552115148e+02
7.075905049505388433e+02
7.195881586105419956e+02
7.251670168955503186e+02
7.272074926883293529e+02
7.299916718073525317e+02
7.313710779768038037e+02
7.316506792273320343e+02
7.380055409830478084e+02
7.380148743581252120e+02
7.384585096756358098e+02
7.419941588223064173e+02
7.434481319919283351e+02
7.437358666121667738e+02
7.441137683023476939e+02
7.447522378245956816e+02
7.467972469709839061e+02
7.473478827670586497e+02
7.490127568799438222e+02
7.493739918289153366e+02
7.495540593009412760e+02
7.495891927914105963e+02
7.496853265547061937e+02
7.497201933773161500e+02
7.498222605004822299e+02
7.500678282654608893e+02
7.504069631155889510e+02
7.507940981803998284e+02
7.510530993387932313e+02
7.538144450223595641e+02
7.539541789806588667e+02
7.553031183471794066e+02
7.561508221385697652e+02
7.629626859382461816e+02
7.664597349122759624e+02
7.677359406201588854e+02
7.685084774086950574e+02
7.687092449733029298e+02
7.688444789114755622e+02
7.720497932473768969e+02
7.733363323348095264e+02
7.740258354186407814e+02
7.743434368391261842e+02
7.774014505162191426e+02
7.776388849114875939e+02
7.780421867152715549e+02
7.788070568028514344e+02
7.809751664998119622e+02
7.811769340688923648e+02
7.811957674864589762e+02
7.812801011969783076e+02
7.838178125469975157e+02
7.853606194472652078e+02
7.863522905492219479e+02
7.891266029574492222e+02
7.907256434425573843e+02
7.916640476396090662e+02
7.957320325005066479e+02
7.969747047250763217e+02
7.993300152593002394e+02
7.993599487265122434e+02
8.024035623392002208e+02
8.027990974415806704e+02
8.034745004623487148e+02
8.038612355253706028e+02
8.066893148407392573e+02
8.068809156976819850e+02
8.072439506547042356e+02
8.081092545248116039e+02
8.087306573040613102e+02
8.094948607219927226e+02
8.107939665322974179e+02
8.110372676204715390e+02
8.110581677139480234e+02
8.119631717616161950e+02
8.133742780728475736e+02
8.134150782553281260e+02
8.135596455685780484e+02
8.144963164245439202e+02
8.164909586789974583e+02
8.176969974063889595e+02
8.242249932697875465e+02
8.243557271878338497e+02
8.246971287147663361e+02
8.276755420358432502e+02
8.279322431839498222e+02
8.279693100163993904e+02
8.281379441039557605e+02
8.318038938334011618e+02
8.354276433741044912e+02
8.355622773095936964e+02
8.373047517695495117e+02
8.373734520768144876e+02
8.374530190993478982e+02
8.382255225544016639e+02
8.385587240446592432e+02
8.395260617044501714e+02
8.412458360628789933e+02
8.455841221327099220e+02
8.462324583657538142e+02
8.474183970032469233e+02
8.479679994613667304e+02
8.481588003147313657e+02
8.481773337309562066e+02
8.482587340950226462e+02
8.483174343575620924e+02
8.483351677702088409e+02
8.485224686079195635e+02
8.485451353759642643e+02
8.496019401025672551e+02
8.509028792544047519e+02
8.509704462232675723e+02
8.509947796654331569e+02
8.510225464562880688e+02
8.511108801846976348e+02
8.511423469921007836e+02
8.519009837184684102e+02
8.520792178489612070e+02
8.521274513980210941e+02
8.521453848115623941e+02
8.521754849461865433e+02
8.523124855589275057e+02
8.523325856488258978e+02
8.525487866157936878e+02
8.529010548579947226e+02
8.532671231619169703e+02
8.533644235970972431e+02
8.534780907721450376e+02
8.535927246181829560e+02
8.536220914161938254e+02
8.538628591597042714e+02
8.540934601910769288e+02
8.542423608570412625e+02
8.544066282584007013e+02
8.545191287615639339e+02
8.545564289283904600e+02
8.545916957527894056e+02
8.550450311136839900e+02
8.550668645446683058e+02
8.552466986823171737e+02
8.552662987699794712e+02
8.556825339649418538e+02
8.558294346219612407e+02
8.558839015322332671e+02
8.559702019182153663e+02
8.562248363904119515e+02
8.655254779879169291e+02
8.656326451338929928e+02
8.659318131386010009e+02
8.669698177811197866e+02
8.671974187990748533e+02
8.682647902396045083e+02
8.701018984561470688e+02
8.701306319179919910e+02
8.701622987262898050e+02
8.703448328760146069e+02
8.711505364795574451e+02
8.718562396358439628e+02
8.719711734832237653e+02
8.721908077988806554e+02
8.733472129709507499e+02
8.758385907804079125e+02
8.805806453227766042e+02
8.807114459077877200e+02
8.811310477844743900e+02
8.813027485524132771e+02
8.814833826936402374e+02
8.818933178604256682e+02
8.820108517194340720e+02
8.823163530858015520e+02
8.846965303979098962e+02
8.855862010436653691e+02
8.857934686373449722e+02
8.862981042276818471e+02
8.866155723142376246e+02
8.869478738004698926e+02
8.898508201173508496e+02
8.918176955809494757e+02
8.928991670845423414e+02
8.933384023823737152e+02
8.949460095724635948e+02
8.962345486688413985e+02
8.965519834219147697e+02
8.987547599405907022e+02
9.027360444137171953e+02
9.054261897788371698e+02
9.056343573765420842e+02
9.068223960234273591e+02
9.084507033060992853e+02
9.085774705397375328e+02
9.088949052928109040e+02
9.096032751276910631e+02
9.098205760995787159e+02
9.121287530896624958e+02
9.133660586235628216e+02
9.134335589254607157e+02
9.136452598723020628e+02
9.138880942917223820e+02
9.140363282880384759e+02
9.140545950364038390e+02
9.141922956522755612e+02
9.148448319041043533e+02
9.178435453159743247e+02
9.261415490958066812e+02
9.265101507443928313e+02
9.277886564625626988e+02
9.367166963935911781e+02
9.369900642829071558e+02
9.370551645740708864e+02
9.376538672517933719e+02
9.387207053566044124e+02
9.390347734279534961e+02
9.395305423119671104e+02
9.397157764737677326e+02
9.400608780172486831e+02
9.414878177326291961e+02
9.415112845042518757e+02
9.417095187241959593e+02
9.417277188055965098e+02
9.417732190090981703e+02
9.427548233993644544e+02
9.427974902568604421e+02
9.428715239213123596e+02
9.430171245725173321e+02
9.431563251950979065e+02
9.432921258024717872e+02
9.433025591824687126e+02
9.433219259357540523e+02
9.434535265243431468e+02
9.436350273361131258e+02
9.437078276617154415e+02
9.455192690967957105e+02
9.456163695310814319e+02
9.456805698182198512e+02
9.457286366998675931e+02
9.461189384455084337e+02
9.470828760900927819e+02
9.485637827135089992e+02
9.490380848348448808e+02
9.492347857145978196e+02
9.492574858161249267e+02
9.494573867101898941e+02
9.496090873886774943e+02
9.536561054891336653e+02
9.539235400185790468e+02
9.539674068814420025e+02
9.543583086297662703e+02
9.551438121429633838e+02
9.561891834850965779e+02
9.562398503783730348e+02
9.564909181679507810e+02
9.566159187270210396e+02
9.567267192225808685e+02
9.569624202767635097e+02
9.572005880086452407e+02
9.573712887721114839e+02
9.574617891768783693e+02
9.576040898133237533e+02
9.576496233503077065e+02
9.577629238570490315e+02
9.580582585112787228e+02
9.585775275003975366e+02
9.586491944875978106e+02
9.588635954465149780e+02
9.589866293301223550e+02
9.595160316978964374e+02
9.595305984297134501e+02
9.598250664134003500e+02
9.598801333263560309e+02
9.601200343993235720e+02
9.603853022524116341e+02
9.605400362777993450e+02
9.612905063009743571e+02
9.613289064727207460e+02
9.617313416059618021e+02
9.619594426261530771e+02
9.643152198291309105e+02
9.645604875927677995e+02
9.660661276601387044e+02
9.701345125228252755e+02
9.702420463371080359e+02
9.702989132581144531e+02
9.727498908868800527e+02
9.727794243523030673e+02
9.733220267791149354e+02
9.737370953021926425e+02
9.739271628189442254e+02
9.740491300311142595e+02
9.740952635707818672e+02
9.741279970505169103e+02
9.741832306308847365e+02
9.746023658388177182e+02
9.748894004559252835e+02
9.758598381295812487e+02
9.762496732064680600e+02
9.763408736143658189e+02
9.765434411870242002e+02
9.768144423990884206e+02
9.772367109543686183e+02
9.773576114951013096e+02
9.779864809744128706e+02
9.782587821922913918e+02
9.786047837397976537e+02
9.807899935132388691e+02
9.808237603309289625e+02
9.817406977653030253e+02
9.821455662427607649e+02
9.825234012659768723e+02
9.835648392571847580e+02
9.840376080383293811e+02
9.841043083366491828e+02
9.864728189299109999e+02
9.947238558330154774e+02
9.959045277802864575e+02
1.001441385877446919e+03
1.001885721198088390e+03
1.005185502623164211e+03
1.005225136133760202e+03
1.009831623403131971e+03
1.013236805299615753e+03
1.013858208078865459e+03
1.013987741991544567e+03
1.015930650681284192e+03
1.016102518116634997e+03
1.016476486455890722e+03
1.019026931196193800e+03
1.019194765280171964e+03
1.020153869569805579e+03
1.020174202994081043e+03
1.020344503755758296e+03
1.020491371079295163e+03
1.020644471764044397e+03
1.021105707160272118e+03
1.021155840717829847e+03
1.028422306550732628e+03
1.030120147477729915e+03
1.030199547832851295e+03
1.030278314851806726e+03
1.030401515402826362e+03
1.030530182644962679e+03
1.031722787978939323e+03
1.034458566881490469e+03
1.036926444585842546e+03
1.043842142183253145e+03
1.043993109525127466e+03
1.046437287123480019e+03
1.046495454050300395e+03
1.046857722337226960e+03
1.047408891469020546e+03
1.049000498587549146e+03
1.049353533499845753e+03
1.050245837490712347e+03
1.050284537663800620e+03
1.051088041257503619e+03
1.052530547709173561e+03
1.052656481605751424e+03
1.052730615270650560e+03
1.056063796845110119e+03
1.056179030693831464e+03
1.059293811291483507e+03
1.061732455531754340e+03
1.062335591562638456e+03
1.063347696089318106e+03
1.065724840054526339e+03
1.065853873964968898e+03
1.066145541936132759e+03
1.066425309854073248e+03
1.066917312054573358e+03
1.069550023829485781e+03
1.070305260540646486e+03
1.070393060933337438e+03
1.070721862403915566e+03
1.074098077504177809e+03
1.074537179468079330e+03
1.074566646266537646e+03
1.076621555457204067e+03
1.076716722549509541e+03
1.077310291870939636e+03
1.081895979047282026e+03
1.082419081386879043e+03
1.083165718059575738e+03
1.084084022166729028e+03
1.084996326247046682e+03
1.085014526328447346e+03
1.085574462166116973e+03
1.086174798184478050e+03
1.086436366021017648e+03
1.086532033115559443e+03
1.087746971882756725e+03
1.087803805470280395e+03
1.088080006705602045e+03
1.088138973636000856e+03
1.088234807397954455e+03
1.088437741638919533e+03
1.088793076561503085e+03
1.088806643288847681e+03
1.088822110024689664e+03
1.088880210284545683e+03
1.088914343770542473e+03
1.089033777638048832e+03
1.089095544580970682e+03
1.089114211331125034e+03
1.089366179124728205e+03
1.090077715640438100e+03
1.090133582556971760e+03
1.090167582709038925e+03
1.090834152356965888e+03
1.091219987415962350e+03
1.092052924474641259e+03
1.093076295718378333e+03
1.093181629522821368e+03
1.093218963023130527e+03
1.094362534804469306e+03
1.097116080453149607e+03
1.097232614307685481e+03
1.097388848339782044e+03
1.097636216112811326e+03
1.102267803494444479e+03
1.104861915096716075e+03
1.105005582405940686e+03
1.105182416530171849e+03
1.109146967595124352e+03
1.109231701307432786e+03
1.109669436598555194e+03
1.109850137406747081e+03
1.109949704518731778e+03
1.110365239710563401e+03
1.110561207253703060e+03
1.110838441826979533e+03
1.111064176169918937e+03
1.111506111479826131e+03
1.111838312965611294e+03
1.113359619769719075e+03
1.113753254863601569e+03
1.113904455539852961e+03
1.114172456738499250e+03
1.114357324231993516e+03
1.114400657759137857e+03
1.114496458187609278e+03
1.115001860448041725e+03
1.115099794219388059e+03
1.115991064872299603e+03
1.116401966710075158e+03
1.116596767581330141e+03
1.116759168307673917e+03
1.116779368398019642e+03
1.117046436259158554e+03
1.117169303475353900e+03
1.118033074005270237e+03
1.118239808263230998e+03
1.118437809148798124e+03
1.118592109838914212e+03
1.118648443424202014e+03
1.118888044495827671e+03
1.119118678860682621e+03
1.119746948337310641e+03
1.120000816139411654e+03
1.120326050927371170e+03
1.120510585086041146e+03
1.120663752437754965e+03
1.122969662751034321e+03
1.123319564315983598e+03
1.124071934347656452e+03
1.124410302527688827e+03
1.124956038301848139e+03
1.124995938480303266e+03
1.125005338522345255e+03
1.125452473855509879e+03
1.127300015452049593e+03
1.132764939894150530e+03
1.133048141160780006e+03
1.133710677457334441e+03
1.134392647174138801e+03
1.135282851155613116e+03
1.135527718917461016e+03
1.135773820018158403e+03
1.135990420986915296e+03
1.136002154372726409e+03
1.136022721131379058e+03
1.136071588016604665e+03
1.136475789824414278e+03
1.136542256788357008e+03
1.138592165956660892e+03
1.138670566307309400e+03
1.138769866751434847e+03
1.139274802343113606e+03
1.139884705070928703e+03
1.141384178444052168e+03
1.143501421246841801e+03
1.143611655073200382e+03
1.144268191342919408e+03
1.146293100399409013e+03
1.146462901158850173e+03
1.146553568231028976e+03
1.146783235924893916e+03
1.147045237096705023e+03
1.147122970777705405e+03
1.147333771720521327e+03
1.147447238894674683e+03
1.147708006727636302e+03
1.147897040906432949e+03
1.147985041300018338e+03
1.148008641405570643e+03
1.148150242038885381e+03
1.148197208915613373e+03
1.148401343161945533e+03
1.148568643910205083e+03
1.148628977513383006e+03
1.148927312181030629e+03
1.148970245706385640e+03
1.149083079544373049e+03
1.149272313724064361e+03
1.149450847855898701e+03
1.149619315276043153e+03
1.150487385825191268e+03
1.150891020963799519e+03
1.151358289720344828e+03
1.151660224404093697e+03
1.151676124475207189e+03
1.151765524875054325e+03
1.151882958733615396e+03
1.152223360256075466e+03
1.152240960334792362e+03
1.152850563061265802e+03
1.153056297314754374e+03
1.153090697468610415e+03
1.153280098315713531e+03
1.153340398585408821e+03
1.153524032740053599e+03
1.153871500960786307e+03
1.155180140147062730e+03
1.155199606900795288e+03
1.155454408040403678e+03
1.155611075407771750e+03
1.155669875670758529e+03
1.155720175895728289e+03
1.156690213567595265e+03
1.156748080493074212e+03
1.156926214623119677e+03
1.157255516095934354e+03
1.157357083216863884e+03
1.157545884061283687e+03
1.157967552613880343e+03
1.158240620501854437e+03
1.158288320715195823e+03
1.158874656670940794e+03
1.160102395495386872e+03
1.160587164330202313e+03
1.160605664412944634e+03
1.160887732341172068e+03
1.161134866779824279e+03
1.161346167724876523e+03
1.161636735691120293e+03
1.161830003222184132e+03
1.161882336789581586e+03
1.162267638512859548e+03
1.162800307561910586e+03
1.163208109385820990e+03
1.163398543570879156e+03
1.163449143797190800e+03
1.163546377565406146e+03
1.163690344875972642e+03
1.163818178781048346e+03
1.163972246136787817e+03
1.164085513310046508e+03
1.164166413671876626e+03
1.164212847212885890e+03
1.164257647413256791e+03
1.164277114166989122e+03
1.164305147625703285e+03
1.164457281639462508e+03
1.164521015257846784e+03
1.164855516753918891e+03
1.165469952835342838e+03
1.166130989125188307e+03
1.166330056682193117e+03
1.166492090740230424e+03
1.166598724550487759e+03
1.166658324817052517e+03
1.167378828039532891e+03
1.168692533915137119e+03
1.168874934730932182e+03
1.169137869240251121e+03
1.170643109305832922e+03
1.170719809648878254e+03
1.170744143091044180e+03
1.170770643209566970e+03
1.170852710243281763e+03
1.170886643728384115e+03
1.170950310679803806e+03
1.171590646877067229e+03
1.172391450458694408e+03
1.172621718155242888e+03
1.172876319293957067e+03
1.172936919564994469e+03
1.173369388165894634e+03
1.173569422393889454e+03
1.174072691311447215e+03
1.174095824748245832e+03
1.174671593990064366e+03
1.176088200325894832e+03
1.176139733889714080e+03
1.176343034798985855e+03
1.177018104484929609e+03
1.177888475044364895e+03
1.178008508914554568e+03
1.178125409437397138e+03
1.178222609872129851e+03
1.178470544314360268e+03
1.178503544461955016e+03
1.178668945201716497e+03
1.179461748747563433e+03
1.179705849839315533e+03
1.179839983772568303e+03
1.180122485036067019e+03
1.180136351764753272e+03
1.180741321137170416e+03
1.181386657356796832e+03
1.182028093558980117e+03
1.182227627784738615e+03
1.182437962058800622e+03
1.182587629394860642e+03
1.183090964979383216e+03
1.184246236813050928e+03
1.184726905629529028e+03
1.184767272476738071e+03
1.184971840058341513e+03
1.185411975360198539e+03
1.185435508798786032e+03
1.185758910245212292e+03
1.186018711407183901e+03
1.186183178809437777e+03
1.186511246943402739e+03
1.186893215318438706e+03
1.186939382191588720e+03
1.187016349202493529e+03
1.187160749848331534e+03
1.187806052734475315e+03
1.188272088152171364e+03
1.188542956030305959e+03
1.189750528097888719e+03
1.190008895920116174e+03
1.190627098685053625e+03
1.190647565443258600e+03
1.190663932183126235e+03
1.190676298905103522e+03
1.190739465854287118e+03
1.190902499916796842e+03
1.190970133552624475e+03
1.191058067279245051e+03
1.191079067373168982e+03
1.191120767559674732e+03
1.191211667966230607e+03
1.191930371180660359e+03
1.191946737920527994e+03
1.192606074202770060e+03
1.193255443773769230e+03
1.193732079238874576e+03
1.193804179561346018e+03
1.194026347221666811e+03
1.194293681750664973e+03
1.194360982051668316e+03
1.194615583190382495e+03
1.194626883240922325e+03
1.194636616617788604e+03
1.195539620656511488e+03
1.195738454879139226e+03
1.196356957645418561e+03
1.197022560622355513e+03
1.198003265008596600e+03
1.198017565072553907e+03
1.199968573798521447e+03
1.199987307215640612e+03
1.200059174203735438e+03
1.200207674867910782e+03
1.200360275550423694e+03
1.200397642384215260e+03
1.201090712150665013e+03
1.201419946956514650e+03
1.201445613737977055e+03
1.201827815447390094e+03
1.202455984923570668e+03
1.203218455000416498e+03
1.203585323307916724e+03
1.204075492166884032e+03
1.204501294071300663e+03
1.204646228052857396e+03
1.204682261547351800e+03
1.205171197067469620e+03
1.205459431689944040e+03
1.206200535004559470e+03
1.207051772145086261e+03
1.207442340558586466e+03
1.207981009634472684e+03
1.208523812062179104e+03
1.208542045477062175e+03
1.208680512763029355e+03
1.208826580082988130e+03
1.209127581429229167e+03
1.209187348363205956e+03
1.210513854296058753e+03
1.210679055034925796e+03
1.212454296308099401e+03
1.212690864032824948e+03
1.212890664926442923e+03
1.213207599677279859e+03
1.213725735327996290e+03
1.214176537344227199e+03
1.214593072540531466e+03
1.215319342455470178e+03
1.215351609266451760e+03
1.215542310119368949e+03
1.216888749474708220e+03
1.216903449540454858e+03
1.217077616986092607e+03
1.217089983708070122e+03
1.217128383879816283e+03
1.217397751751241913e+03
1.217522285641558483e+03
1.217601052660513687e+03
1.219080025941949771e+03
1.219548628037792014e+03
1.219592394900207637e+03
1.219913363002417555e+03
1.220083897098471652e+03
1.220702533198680612e+03
1.220715833258165731e+03
1.220865600594672969e+03
1.221893905193807996e+03
1.223017410218730674e+03
1.223027543597386057e+03
1.223048277023450510e+03
1.223483645637321160e+03
1.223602579502591198e+03
1.223811280436014840e+03
1.223879280740149170e+03
1.224106948425068822e+03
1.224193315478015847e+03
1.224604217315791175e+03
1.224886985247149141e+03
1.225811022713278362e+03
1.226478059029959240e+03
1.226739360198639588e+03
1.226917860996991749e+03
1.228457801217771475e+03
1.228473334620578726e+03
1.228668802161482063e+03
1.228698768962176473e+03
1.228726569086513791e+03
1.228766302597556887e+03
1.228799936081317128e+03
1.229616406399681182e+03
1.230377976472501587e+03
1.230505177041411343e+03
1.230524277126837205e+03
1.230639777643418256e+03
1.231281780514802676e+03
1.231992150358627669e+03
1.233564090722529500e+03
1.233947392436862401e+03
1.234185093499990217e+03
1.234252860469747475e+03
1.235202031381620372e+03
1.235398832261820417e+03
1.235570266361899940e+03
1.235616999904251088e+03
1.236073935281246577e+03
1.236558704116062017e+03
1.236988172703544933e+03
1.237075906429270844e+03
1.237096439854440860e+03
1.237688175834337926e+03
1.237706075914396706e+03
1.238188011403206474e+03
1.239658717981002610e+03
1.239753485071518980e+03
1.240601922199522505e+03
1.241049790869300296e+03
1.241267425176012239e+03
1.241409859146387362e+03
1.241426192552772591e+03
1.241705093800170062e+03
1.241755660692999072e+03
1.241871727878781030e+03
1.241915794742538537e+03
1.243604835630177149e+03
1.243685269323253578e+03
1.243709002762735736e+03
1.243769469699843285e+03
1.243896870269647707e+03
1.244271905280340661e+03
1.244387839132192994e+03
1.244808241012457756e+03
1.244830974447467270e+03
1.244924741533510996e+03
1.244954441666346156e+03
1.245259276363065283e+03
1.246312414406602329e+03
1.246669949339025379e+03
1.247275252046266814e+03
1.247569653362988902e+03
1.247646687040858524e+03
1.247783287651810269e+03
1.247815187794485155e+03
1.247964155127414415e+03
1.248259656449056365e+03
1.248313723357539402e+03
1.248405257100261224e+03
1.249214994055176703e+03
1.249467728518875219e+03
1.249612962501773609e+03
1.249690696182773991e+03
1.250018597649326921e+03
1.250036597729833147e+03
1.250168964988517928e+03
1.250192831761929710e+03
1.250386199293440541e+03
1.251863305899861189e+03
1.251901372736783514e+03
1.252238940913237684e+03
1.252271374391631070e+03
1.252335108010015574e+03
1.252804810110777680e+03
1.253553546792866882e+03
1.254070449104733825e+03
1.254091449198657756e+03
1.254315650201406015e+03
1.254383717172504930e+03
1.254989286547605843e+03
1.255904223973034732e+03
1.256169058490851512e+03
1.256419226276403833e+03
1.256812761369839109e+03
1.256977995442188785e+03
1.257810965834349872e+03
1.258865803885490095e+03
1.259282539082689027e+03
1.260133042886602652e+03
1.260549511415941879e+03
1.261205047681188262e+03
1.261244914526161210e+03
1.261337348272908230e+03
1.263004122394291244e+03
1.263015922447067396e+03
1.263216756678640195e+03
1.263259790204442879e+03
1.263548624829600840e+03
1.263670558708288581e+03
1.263809059327738396e+03
1.263933693218501958e+03
1.264100927299796695e+03
1.264120760721835723e+03
1.264142227484513342e+03
1.264332928337430985e+03
1.265246932425352043e+03
1.265929302143945506e+03
1.265963368962977484e+03
1.266155536489121232e+03
1.266179069927708952e+03
1.266296737120647094e+03
1.266381904168226811e+03
1.266504938051834415e+03
1.266739939102886183e+03
1.266950973380079176e+03
1.267552709404701773e+03
1.267892077589206565e+03
1.268138445357763430e+03
1.268861581925355040e+03
1.268934782252746572e+03
1.269515351516033206e+03
1.270493722558504942e+03
1.270749590369551015e+03
1.271512027112914211e+03
1.272457798009580529e+03
1.273039233943409954e+03
1.273759170496689421e+03
1.273938604632549414e+03
1.274230105936301243e+03
1.274922009030866548e+03
1.275857979883701319e+03
1.276421015735235869e+03
1.278046489671902236e+03
1.278105789937125110e+03
1.278509058407426664e+03
1.278650759041188621e+03
1.278855193288862438e+03
1.279227494953997166e+03
1.279572363163101272e+03
1.280222266069818943e+03
1.280992436181103358e+03
1.281838539965337532e+03
1.281888240187623751e+03
1.281987240630407314e+03
1.282136207963336801e+03
1.282159774735406700e+03
1.283252012953820667e+03
1.283400280283619168e+03
1.284071149950778135e+03
1.284684186025940789e+03
1.285183088257301733e+03
1.285223721772370027e+03
1.285695623882971859e+03
1.286042692101915463e+03
1.286938262774059012e+03
1.287446565047462173e+03
1.289894075994056266e+03
1.291174715055100933e+03
1.291452182962754250e+03
1.291786517791413871e+03
1.292038318917604784e+03
1.292299986754591828e+03
1.292762088821362568e+03
1.292953389676963525e+03
1.293091790295966121e+03
1.293294491202554354e+03
1.293439058515804163e+03
1.294328095825393802e+03
1.294340029212099580e+03
1.294581096956951797e+03
1.294886531656354464e+03
1.295549567955144994e+03
1.296269004506188139e+03
1.297407576265164153e+03
1.297752477807750665e+03
1.298501114489392648e+03
1.298917583018731875e+03
1.299560119225835251e+03
1.301511894621898136e+03
1.301820362668200914e+03
1.302102497263392934e+03
1.303572603838505529e+03
1.303884338566085489e+03
1.305814313864646465e+03
1.307899923192620690e+03
1.308237991371311409e+03
1.308477225774630369e+03
1.308587292933576919e+03
1.309379629810669712e+03
1.309514730414912719e+03
1.309999532583210794e+03
1.310616635343228381e+03
1.310865369789036777e+03
1.311071570711278810e+03
1.311198437945364503e+03
1.311429872313797659e+03
1.311922807851805828e+03
1.312158775573847834e+03
1.312732544806721080e+03
1.313458981389072051e+03
1.313530948377614095e+03
1.313834016399765233e+03
1.314164184543122474e+03
1.314392818899032363e+03
1.314541519564102373e+03
1.315171989050569891e+03
1.315662991246597358e+03
1.316167126834698138e+03
1.316550328548583593e+03
1.317870301118882253e+03
1.318217669339167742e+03
1.318298169699208984e+03
1.318711071545929599e+03
1.318786805217984920e+03
1.319192607032950491e+03
1.319557208663646406e+03
1.319664109141763220e+03
1.320635146818102612e+03
1.320923881442813581e+03
1.321035315274539244e+03
1.322549055378138064e+03
1.322880323526415168e+03
1.323107257874721881e+03
1.325970737348419107e+03
1.327318043374300942e+03
1.327570344502728403e+03
1.329945088457202473e+03
1.330188089544034710e+03
1.331108193659238623e+03
1.331155793872132563e+03
1.332492066515334045e+03
1.333124802678605874e+03
1.333268003319077025e+03
1.333351403692088525e+03
1.333487670968216207e+03
1.333889039430019920e+03
1.335075911405020634e+03
1.335236045454560326e+03
1.335412746244861864e+03
1.335559713568846064e+03
1.335832048120206991e+03
1.337123653896966971e+03
1.337169020766539006e+03
1.337705323165173695e+03
1.337762290086627445e+03
1.337863423872285694e+03
1.337947157580121711e+03
1.338172891923061115e+03
1.338198758705417958e+03
1.338712027667701477e+03
1.338753827854654446e+03
1.339005728981292577e+03
1.339101262741904748e+03
1.339271130168310492e+03
1.339643698501304470e+03
1.340279601345406263e+03
1.340453202121843105e+03
1.340488968948478259e+03
1.340524235772877091e+03
1.340553335903028710e+03
1.340587569389472947e+03
1.340655903028431112e+03
1.340868303978403219e+03
1.340986337839647831e+03
1.341054271476817121e+03
1.341151371911102842e+03
1.341313339302175564e+03
1.342114942887380721e+03
1.342641878577455827e+03
1.342787479228660686e+03
1.342929313196352268e+03
1.343426348752697777e+03
1.343581049444602968e+03
1.343664883152885977e+03
1.343868017394745721e+03
1.343906150898632632e+03
1.343947951085585828e+03
1.343970684520595569e+03
1.344070651634369142e+03
1.344086785039859706e+03
1.344136418595181340e+03
1.344237785715216432e+03
1.344821521659333030e+03
1.344891121970623317e+03
1.345108022940722094e+03
1.345775092590885379e+03
1.346067060563390896e+03
1.346534495987348464e+03
1.347237199130217277e+03
1.347335066234598571e+03
1.347356266329416940e+03
1.347425899974189633e+03
1.347541667158629934e+03
1.347567500607504144e+03
1.347915002161719485e+03
1.348300837220715948e+03
1.348326970670932496e+03
1.348970173547683999e+03
1.349077240693212843e+03
1.349285308290470311e+03
1.349725876927598620e+03
1.349977378052447875e+03
1.350202945727975020e+03
1.350361846438665225e+03
1.350434913432127132e+03
1.351125116519089033e+03
1.352314488505271129e+03
1.353940429110691184e+03
1.353955829179568582e+03
1.353977662610552898e+03
1.354107263190196818e+03
1.354124729934984316e+03
1.354191896902057806e+03
1.354254430515075455e+03
1.355306235219315568e+03
1.356156739023229193e+03
1.356231839359118567e+03
1.356378273347383811e+03
1.356561940835510995e+03
1.356817175310390894e+03
1.357645912350285244e+03
1.357661979088810995e+03
1.358091214341916611e+03
1.358106081075075508e+03
1.361403962491653601e+03
1.363510538580068896e+03
1.364257308586695444e+03
1.364740644081766732e+03
1.365905782626230575e+03
1.366290051011553487e+03
1.366350251280801785e+03
1.366418184917970848e+03
1.367239488591285635e+03
1.367293688833698525e+03
1.367514289820345766e+03
1.367767957621552114e+03
1.367788624380651754e+03
1.367997291980592763e+03
1.368050292217638571e+03
1.368126225890588557e+03
1.368158792702911569e+03
1.369612699205568561e+03
1.370135701544718358e+03
1.370277168844103244e+03
1.370453969634852228e+03
1.370463036342069927e+03
1.371508974353404255e+03
1.371649308314387326e+03
1.372507212151397653e+03
1.373704184171571342e+03
1.375829893678895132e+03
1.376378496132542296e+03
1.381526885825595400e+03
1.382678457642714648e+03
1.383030225882679360e+03
1.383509094691106611e+03
1.383737095710850554e+03
1.384082130587366692e+03
1.384250331339651666e+03
1.384303864912415975e+03
1.385479103502052567e+03
1.385697904480649186e+03
1.385824305045980736e+03
1.385927372173619688e+03
1.386460841226248476e+03
1.386697775619280719e+03
1.386905676549126383e+03
1.387566546171559821e+03
1.387612379709885545e+03
1.387694613411012597e+03
1.387979381351315624e+03
1.388375483122897094e+03
1.388684617838848226e+03
1.388847485233946145e+03
1.388871918676559062e+03
1.389107219728952714e+03
1.389167986667402147e+03
1.389196753462729475e+03
1.389240820326486983e+03
1.389263087092742580e+03
1.389669555577356505e+03
1.389695989028914482e+03
1.389900523277035745e+03
1.390308791769700292e+03
1.390920327838153980e+03
1.392098666441655496e+03
1.392166566745342379e+03
1.392192000192427940e+03
1.392214866961367306e+03
1.392251333791133220e+03
1.392267900531895293e+03
1.392400367791027065e+03
1.392521968334890744e+03
1.392913470085898552e+03
1.393252771603438532e+03
1.393459139193092824e+03
1.393772773929170398e+03
1.393831807526534021e+03
1.394400643404009315e+03
1.395790249619080669e+03
1.396596553225307161e+03
1.396763953974013930e+03
1.399266965168835213e+03
1.399287898595794104e+03
1.399673033651660035e+03
1.399789867507537565e+03
1.402456112765763464e+03
1.402848714521690908e+03
1.403236682923562284e+03
1.403577584448258676e+03
1.403653051452454747e+03
1.404244654098421961e+03
1.406451263967576097e+03
1.407997837551357179e+03
1.410137580454779027e+03
1.410989384264507180e+03
1.412044822318330716e+03
1.412616591542258902e+03
1.412807125727764515e+03
1.413154460614567370e+03
1.413762096665578156e+03
1.414949735310674441e+03
1.415421204086004991e+03
1.415538871278942906e+03
1.415735538825213325e+03
1.416035640167428937e+03
1.416810276965357616e+03
1.416837477087011166e+03
1.416983411073040315e+03
1.417000944484792626e+03
1.417427546392787235e+03
1.418461884352240077e+03
1.418517884602703361e+03
1.418915086379204695e+03
1.419144487405210612e+03
1.419368921742335715e+03
1.419525189107914684e+03
1.419823857110386143e+03
1.420220258883309725e+03
1.420408559725492978e+03
1.420586293853749339e+03
1.420773128022706487e+03
1.420831094948632654e+03
1.420888661872769717e+03
1.421005462395164841e+03
1.421092229449900742e+03
1.421115929555900493e+03
1.421160896423683425e+03
1.421556298192134136e+03
1.422159467556500886e+03
1.423100771766522939e+03
1.423761341387614493e+03
1.423873341888541518e+03
1.423891008634223454e+03
1.424312943854679361e+03
1.424398144235741711e+03
1.424457444500964584e+03
1.424526711477430808e+03
1.424594611781117692e+03
1.424656412057521948e+03
1.424918246561920796e+03
1.427367357515671074e+03
1.427818759534585297e+03
1.428834164076024081e+03
1.431016373836047933e+03
1.432262412742341894e+03
1.432274312795565265e+03
1.432451046919349210e+03
1.432715481435376887e+03
1.432726314817163029e+03
1.432745381569106485e+03
1.432984482638495820e+03
1.433092116453226026e+03
1.433262850550174562e+03
1.433299784048694391e+03
1.433319017468050106e+03
1.433707819206982094e+03
1.433748952724286710e+03
1.434005820539805427e+03
1.434768157282721404e+03
1.435011725038755003e+03
1.435094858743907253e+03
1.435117392178022328e+03
1.435169125742736242e+03
1.435343293188373764e+03
1.435661061276271539e+03
1.435969562656056723e+03
1.436168063543860171e+03
1.436226397138092807e+03
1.436337597635441625e+03
1.436575998701700200e+03
1.437018800682150413e+03
1.437100967716312880e+03
1.437462302665731613e+03
1.437487336111028071e+03
1.437598069939622974e+03
1.437666836913852876e+03
1.437789404128706337e+03
1.437864771132455189e+03
1.438150005741512132e+03
1.438193605936515723e+03
1.438484040568829869e+03
1.438559940908297449e+03
1.438667908057851719e+03
1.438693808173690968e+03
1.438884375692678759e+03
1.439278477455315397e+03
1.439440178178528413e+03
1.439555445360732392e+03
1.439667812529965886e+03
1.439692512640438053e+03
1.439757146262847982e+03
1.439843946651066517e+03
1.439871313440132099e+03
1.439925347015132729e+03
1.440052580917525120e+03
1.440080881044098533e+03
1.440338015527476500e+03
1.441479053964151717e+03
1.442010789675694923e+03
1.442182657111045728e+03
1.442376757979169952e+03
1.442567092163780671e+03
1.443256395246717375e+03
1.443563763288100290e+03
1.443597430105343165e+03
1.443821731108538870e+03
1.444096365670186515e+03
1.444402567039684754e+03
1.444576234483086409e+03
1.444628234715659573e+03
1.444656801510092464e+03
1.444711268420364604e+03
1.444848535700964931e+03
1.444888202545043214e+03
1.445118236907214623e+03
1.445253870847176358e+03
1.445450738394341442e+03
1.445733539659181815e+03
1.446041174368423981e+03
1.446078074533461631e+03
1.446199775077772301e+03
1.446405942666532155e+03
1.446429642772531906e+03
1.446451709537893066e+03
1.446707110680185224e+03
1.447548114441609187e+03
1.448773819923627798e+03
1.449443122917113214e+03
1.449475323061129757e+03
1.449533623321879986e+03
1.450358493677813613e+03
1.450529261108244782e+03
1.450742495395277047e+03
1.451612032617651948e+03
1.452219968670004164e+03
1.452302702373367538e+03
1.452435502967323828e+03
1.452514669988068363e+03
1.452585836973032201e+03
1.452714504215168517e+03
1.453025005603898535e+03
1.455845484885275937e+03
1.456062419188856893e+03
1.456169853002692435e+03
1.456204586491372538e+03
1.456241253322033117e+03
1.457744826713494149e+03
1.459829736038337614e+03
1.461005341296280903e+03
1.461551177070887206e+03
1.461867378485111203e+03
1.462234246792611430e+03
1.463443985536551509e+03
1.464841391786508893e+03
1.464863858553658929e+03
1.465668328818352393e+03
1.465907396554259321e+03
1.465930596658022750e+03
1.466033897120038318e+03
1.466198097854432945e+03
1.466368965285311333e+03
1.466624233093673638e+03
1.466652099884975769e+03
1.466780933794524117e+03
1.466863734164852303e+03
1.467159268819976432e+03
1.467490903636560461e+03
1.467657371047759398e+03
1.467734404725629247e+03
1.467892338765328759e+03
1.468408007738346441e+03
1.468614175327106295e+03
1.468647008807288557e+03
1.468706342405994064e+03
1.469381445425420225e+03
1.469464545797090068e+03
1.470154915551464001e+03
1.471570655216751675e+03
1.471819256328630445e+03
1.472048624021153728e+03
1.472312958536734186e+03
1.472561826316472207e+03
1.472589493106879672e+03
1.472605893180229941e+03
1.472699993601097731e+03
1.472980161520827096e+03
1.473198529164151978e+03
1.473280662864831811e+03
1.473328763079961846e+03
1.473643331153547251e+03
1.474090166485370219e+03
1.474564935275460130e+03
1.474613068824072570e+03
1.474689069163987369e+03
1.474707335912352846e+03
1.474720035969154424e+03
1.475317538641509827e+03
1.475450172568053858e+03
1.475467272644534660e+03
1.475602306581812854e+03
1.475795974114665569e+03
1.477301580848554067e+03
1.477966850490666729e+03
1.478532686354724319e+03
1.479642957987127147e+03
1.479925592584555261e+03
1.480171393683910765e+03
1.480263094094044845e+03
1.480305594284128802e+03
1.480657629191952765e+03
1.481279365306026421e+03
1.481310032109851818e+03
1.481434666000615380e+03
1.481620100163310781e+03
1.481903101429045591e+03
1.482182269344302313e+03
1.482194869400656444e+03
1.482253602996678183e+03
1.482495970747344700e+03
1.482617137955936869e+03
1.482918472637001969e+03
1.483218440645288183e+03
1.484100644590981801e+03
1.487211591838155528e+03
1.487297025553594722e+03
1.487344159097734973e+03
1.487381759265903156e+03
1.487743227549251742e+03
1.488243529786874205e+03
1.489054900082428048e+03
1.489084966883569678e+03
1.489450068516501915e+03
1.489506068766965200e+03
1.489703002981095096e+03
1.489797970072506132e+03
1.489888603811202529e+03
1.490172338413550506e+03
1.490505373236395826e+03
1.491154376139088299e+03
1.491343776986191415e+03
1.491406277265726658e+03
1.491872679351729175e+03
1.492123980475683766e+03
1.492364248216958003e+03
1.492549615712688592e+03
1.492587615882645878e+03
1.493354052643899422e+03
1.494043989063001845e+03
1.494051955765300136e+03
1.494664358504296615e+03
1.495208827606123805e+03
1.495446828670593504e+03
1.495467128761386675e+03
1.496421799697858432e+03
1.496706367637267022e+03
1.498221341079715103e+03
1.498241341169166390e+03
1.498286174703019697e+03
1.499039544739164967e+03
1.499656147496946460e+03
1.499692447659300342e+03
1.499813581534409877e+03
1.500119949571320376e+03
1.500154316391694238e+03
1.500229316727136393e+03
1.500362850657705394e+03
1.500424017597943930e+03
1.500595118363199390e+03
1.500853286184532180e+03
1.501496655728695714e+03
1.501595389503619799e+03
1.501621989622590036e+03
1.501846057291408670e+03
1.501871657405906262e+03
1.502077991662078148e+03
1.502347092865644299e+03
1.503045562656246148e+03
1.503284597058670670e+03
1.503516798097199626e+03
1.504149400926541830e+03
1.504624403051008358e+03
1.504666536572785844e+03
1.504718270137499758e+03
1.504973204611038000e+03
1.505197805615575362e+03
1.505208072328160370e+03
1.505382773109516620e+03
1.506249543652850662e+03
1.506523311543955515e+03
1.506583045144449898e+03
1.506678812239438912e+03
1.506916113300777852e+03
1.507431215604593945e+03
1.507726583592306270e+03
1.507972384691661773e+03
1.508002951495039952e+03
1.508311319540895283e+03
1.508610987547839613e+03
1.509675525642363709e+03
1.509715659155195908e+03
1.509931126785550305e+03
1.509948560196855396e+03
1.510138161044852950e+03
1.510163327824079033e+03
1.510278895007624897e+03
1.510388928833088812e+03
1.510988298180459878e+03
1.512345337583208220e+03
1.512459738094869408e+03
1.512548438491585557e+03
1.512656338974174787e+03
1.512812673006718569e+03
1.513361008792506482e+03
1.513488242694898645e+03
1.513505942774062987e+03
1.513527242869328575e+03
1.514242412734622121e+03
1.514871515548310526e+03
1.515051249685512175e+03
1.515065783083846782e+03
1.515093716542113498e+03
1.515530451828763717e+03
1.515761119527101073e+03
1.516524489607972100e+03
1.516830990978812224e+03
1.517016425141507625e+03
1.517473060517161457e+03
1.517580760998856249e+03
1.517712761589234560e+03
1.517851462209578813e+03
1.518191963732485874e+03
1.518433264811714935e+03
1.518877900133698404e+03
1.518968333871500363e+03
1.518994233987339385e+03
1.519018667429952529e+03
1.519089634414021930e+03
1.519425369248943298e+03
1.519983705079456513e+03
1.521020709717502768e+03
1.521594978952612564e+03
1.522312348827745836e+03
1.522566216629846394e+03
1.522854951254557591e+03
1.522939018297217444e+03
1.523021652000133599e+03
1.523272419788369461e+03
1.524188290551306181e+03
1.524598192384608865e+03
1.524699126169372903e+03
1.524765793134210298e+03
1.524919327154230814e+03
1.525637297032047627e+03
1.526008232024403014e+03
1.526162532714519330e+03
1.526365600289414260e+03
1.526568301196002267e+03
1.527265270979895377e+03
1.527334171288054904e+03
1.528291608903567521e+03
1.529000112072377306e+03
1.529740415383414302e+03
1.530838886963040750e+03
1.530928520697264730e+03
1.530994387658523920e+03
1.531052854586686635e+03
1.532386993887013205e+03
1.533433065232277158e+03
1.533451998650291216e+03
1.533593865951465204e+03
1.533626599431200248e+03
1.533712899817182461e+03
1.534138935055975935e+03
1.534372902769072880e+03
1.534576937014957821e+03
1.534810638060195515e+03
1.535078172590088116e+03
1.535332973729696732e+03
1.535571874798191857e+03
1.536310578102072668e+03
1.536397945159492110e+03
1.536614846129590887e+03
1.538016619065745090e+03
1.538289920288096255e+03
1.538335553825527313e+03
1.538645188543714767e+03
1.539137690746451199e+03
1.539554392610167497e+03
1.539672926473648658e+03
1.540354196187322259e+03
1.541498267970897359e+03
1.542342871748422567e+03
1.542475372341037200e+03
1.542492005748764086e+03
1.542507005815852608e+03
1.542625073010579626e+03
1.542655206478686296e+03
1.542713773407295776e+03
1.542740440193230825e+03
1.542755606927731151e+03
1.542917274317462216e+03
1.542997741344020824e+03
1.543050408246242341e+03
1.543117141878044777e+03
1.543186175520133702e+03
1.543275642586945651e+03
1.543326976149870461e+03
1.543345842900919479e+03
1.543496043572698227e+03
1.543993679131727276e+03
1.544222946823803113e+03
1.544234013539966327e+03
1.544482047982643962e+03
1.545146984289932334e+03
1.545161784356126418e+03
1.545273751523570809e+03
1.546350156337835870e+03
1.546468523533904772e+03
1.546938492302526129e+03
1.546956525716514534e+03
1.548387265448890730e+03
1.549351969763570651e+03
1.550641142196114515e+03
1.550801142911724355e+03
1.551572013026139530e+03
1.551839947557821233e+03
1.552075515278074135e+03
1.552441516915031571e+03
1.553018119493910717e+03
1.553035386237803550e+03
1.553708822583108713e+03
1.553940456952436307e+03
1.554064824175340618e+03
1.554609426611097660e+03
1.555248229468169939e+03
1.555672764700254675e+03
1.556710036006160408e+03
1.557559039803364840e+03
1.558207609370786031e+03
1.558375043452974978e+03
1.558637611293987220e+03
1.559731182851697895e+03
1.560204984970797796e+03
1.560676287078715859e+03
1.561017721939130752e+03
1.561550690989523673e+03
1.561570157743256004e+03
1.562816229983032599e+03
1.562871563563847531e+03
1.563012430860549102e+03
1.563748600819766580e+03
1.564736338570797670e+03
1.565051773314926095e+03
1.565269740956461874e+03
1.568058886764365525e+03
1.568302121185575061e+03
1.570040562294158008e+03
1.570620798222620579e+03
1.570891666100755174e+03
1.570912232859407368e+03
1.571487468765507401e+03
1.572623907181608729e+03
1.573009008903992026e+03
1.574119113868982367e+03
1.574127913908341043e+03
1.574148080665204361e+03
1.574169080759128065e+03
1.574246147770480093e+03
1.575390486221914671e+03
1.575613920554567358e+03
1.576265556802370611e+03
1.577065760381314476e+03
1.577204527668623541e+03
1.577249994538642568e+03
1.577355828345322152e+03
1.577626762890421332e+03
1.577648396320510983e+03
1.577887297389006108e+03
1.577902497456989067e+03
1.578494766772604635e+03
1.578752601259113362e+03
1.578843801667011121e+03
1.579288970324712864e+03
1.579588704998622006e+03
1.579807839312042688e+03
1.579841306128390897e+03
1.579878706295664870e+03
1.580005106860996648e+03
1.580090907244742539e+03
1.580153907526513649e+03
1.580170674268170387e+03
1.580315941584551183e+03
1.580971844518104263e+03
1.581667814297524501e+03
1.582113982959699115e+03
1.583070253903327057e+03
1.583435955538942835e+03
1.583893824253446155e+03
1.584780261551407193e+03
1.584865461932469316e+03
1.584902362097506966e+03
1.585014795933705273e+03
1.585937233392678309e+03
1.586793937224321780e+03
1.586821504014282027e+03
1.587190705665551832e+03
1.587208839079987456e+03
1.587369339797833618e+03
1.587484606980037597e+03
1.587991809248520667e+03
1.589573716323665622e+03
1.590131185483636273e+03
1.590157318933852594e+03
1.590355319819419492e+03
1.590553087370609774e+03
1.590827921933152084e+03
1.591071356355256057e+03
1.591840026459831506e+03
1.591887360004866196e+03
1.592099127618672128e+03
1.593330066457430576e+03
1.593374133321188083e+03
1.593399233433449353e+03
1.593476833780520110e+03
1.593565300842859415e+03
1.593921635769915611e+03
1.593958335934058596e+03
1.594124003341679554e+03
1.594494738333140504e+03
1.594511571741761827e+03
1.594799339695482558e+03
1.594928940275126706e+03
1.594954840390965956e+03
1.594979107166166841e+03
1.595699510388199997e+03
1.596342113262267958e+03
1.596740681711548632e+03
1.597220483857483714e+03
1.597268650739578788e+03
1.597880986811610455e+03
1.598313455412510848e+03
1.598365322311154387e+03
1.598667323661867840e+03
1.598888791319057873e+03
1.599320026581108777e+03
1.599534027538236842e+03
1.599701928289180159e+03
1.600323231067982533e+03
1.601199034985051640e+03
1.601731504033208239e+03
1.602244706328526718e+03
1.602499940803407071e+03
1.602674474917351290e+03
1.602838808985675541e+03
1.602888542541444394e+03
1.603867380252669818e+03
1.604065281137789725e+03
1.604305548879063736e+03
1.604319548941679614e+03
1.604417816047850238e+03
1.604435982795768268e+03
1.606467758549636073e+03
1.606682426176412719e+03
1.606936527312890576e+03
1.607024761040852809e+03
1.607148761595450651e+03
1.607864364796015479e+03
1.608479167545746350e+03
1.611729048747641173e+03
1.611951749743680693e+03
1.612395485061638510e+03
1.612501752203589376e+03
1.613839058184745909e+03
1.614332160390165882e+03
1.614419460780620511e+03
1.614869462793273215e+03
1.614987829989341890e+03
1.615209664314838619e+03
1.615326664838128409e+03
1.615997601172252189e+03
1.616055334763801511e+03
1.616742371169933676e+03
1.617000538991266694e+03
1.617478774463527770e+03
1.617792409199605345e+03
1.618090643866805749e+03
1.619142281903633602e+03
1.619216682236392217e+03
1.619761918008315206e+03
1.620490987935777184e+03
1.620513721370786925e+03
1.620758455798704972e+03
1.620790489275309483e+03
1.621489559068594644e+03
1.621690826635438953e+03
1.621707426709683659e+03
1.621984894617336977e+03
1.621997728008068179e+03
1.623619768596045105e+03
1.624243704719958714e+03
1.624469872398169855e+03
1.624892974290510438e+03
1.625328042903039432e+03
1.625677444465752387e+03
1.625729478031807957e+03
1.625835878507688676e+03
1.627824887403613502e+03
1.627982988110725273e+03
1.628434623464016340e+03
1.628606090897578270e+03
1.628625857652652485e+03
1.628643924400123524e+03
1.628759858251975629e+03
1.628809991809533585e+03
1.628879658787788685e+03
1.628901092216983898e+03
1.628947759092370234e+03
1.629091693069454095e+03
1.629181793472431991e+03
1.629374794335636352e+03
1.629461561390372253e+03
1.630111564297537143e+03
1.630452332488303682e+03
1.630492532668100694e+03
1.630614199878928957e+03
1.630698200254624226e+03
1.631155102298137308e+03
1.631168735692446489e+03
1.631344069809968914e+03
1.631937372463539759e+03
1.632362874366614733e+03
1.634013915084296059e+03
1.634280616277128274e+03
1.634492150556557135e+03
1.635795356385199284e+03
1.636334458796357239e+03
1.636756394016813601e+03
1.637127929011852302e+03
1.637192495967297418e+03
1.637351596678882061e+03
1.637682464825370289e+03
1.638201300479217480e+03
1.640248809636786973e+03
1.641771383113226648e+03
1.641955883938413990e+03
1.642638153656560462e+03
1.643794892163454733e+03
1.644927397228630525e+03
1.645872968124402405e+03
1.646051868924543442e+03
1.646200336255236380e+03
1.646973506379938499e+03
1.647696742947977327e+03
1.647712243017302171e+03
1.647730009763431099e+03
1.647867877046714966e+03
1.647918877274815486e+03
1.648840581397175583e+03
1.648877781563554890e+03
1.649511017729063042e+03
1.649629818260403226e+03
1.649761885517746350e+03
1.650485622088021501e+03
1.650514722218172892e+03
1.650676222940491698e+03
1.651106091529763489e+03
1.651145391705535076e+03
1.651802361310525612e+03
1.651837261466617974e+03
1.651962462026582671e+03
1.652216096494306612e+03
1.652450164207850776e+03
1.652490397721130194e+03
1.653172900773653510e+03
1.653213700956134062e+03
1.653358934939032224e+03
1.653403701805920491e+03
1.653538169073997778e+03
1.653625902799723917e+03
1.653829570377302161e+03
1.654025237919099936e+03
1.654193305337455058e+03
1.654406706291899809e+03
1.654578073725014519e+03
1.654674707490546325e+03
1.654805641409486725e+03
1.654839174892800202e+03
1.654870375032344100e+03
1.655436944233014856e+03
1.655605178318782237e+03
1.655627978420756790e+03
1.655728512203731498e+03
1.655915179705276387e+03
1.656536015815324618e+03
1.656850517221945438e+03
1.657032018033715303e+03
1.657133351820268217e+03
1.657166485301792363e+03
1.657432686492388257e+03
1.657755887937920079e+03
1.658430324287698113e+03
1.658460424422322149e+03
1.658631325186682943e+03
1.658724625603972981e+03
1.658953959963013403e+03
1.659146394157016857e+03
1.659341728363990569e+03
1.659625662967233211e+03
1.659690696591432015e+03
1.659747430178508694e+03
1.660047031518488211e+03
1.660808768258720647e+03
1.660937035499067633e+03
1.661061402721971945e+03
1.661319703877234588e+03
1.661891439767680367e+03
1.662307408294783500e+03
1.662381841961024520e+03
1.662923611050775889e+03
1.663066711690799366e+03
1.663088578455266088e+03
1.663313879462934210e+03
1.663362479680300567e+03
1.663439413357722970e+03
1.663509213669907922e+03
1.663819181722919438e+03
1.664289650493777117e+03
1.664414051050163835e+03
1.664753852569940364e+03
1.665254721476763962e+03
1.665995158121730583e+03
1.666118258672303000e+03
1.666517827126056318e+03
1.666533260528415894e+03
1.666667127793809641e+03
1.666801461727956848e+03
1.666861795331134772e+03
1.666977329181198229e+03
1.667094896373689153e+03
1.667141163247286386e+03
1.667374264289840312e+03
1.667418131152703381e+03
1.667790432817837882e+03
1.667959933575936930e+03
1.668015100489340057e+03
1.668233368132217720e+03
1.668592603072244174e+03
1.668713803614318749e+03
1.668782670588995870e+03
1.669148672225953305e+03
1.669165838969398919e+03
1.669339973081554263e+03
1.669452440251234975e+03
1.669539907309101636e+03
1.669616974320453892e+03
1.669997176020921643e+03
1.670017309444302555e+03
1.670207710295878087e+03
1.670246710470308017e+03
1.670632278861445457e+03
1.670745579368186782e+03
1.671460815900445141e+03
1.671841817604490871e+03
1.672008751684443723e+03
1.672870388871485375e+03
1.673006989482436893e+03
1.673063756402996205e+03
1.673160256834598385e+03
1.673195623659444664e+03
1.674410995761913227e+03
1.674892231247592235e+03
1.675214432688651641e+03
1.675845535511285107e+03
1.675873535636516863e+03
1.676008569573795057e+03
1.676055636450970269e+03
1.676379837900974735e+03
1.676733839484261352e+03
1.677041640860916004e+03
1.677513042969281287e+03
1.677558376505370916e+03
1.677586009962295975e+03
1.677764444093683323e+03
1.678526180833915760e+03
1.680555723244461660e+03
1.680704490576496255e+03
1.680859157934919040e+03
1.680990758523508248e+03
1.681044425430202409e+03
1.681178726030867438e+03
1.681205426150284666e+03
1.681331893382581484e+03
1.681820295566980349e+03
1.681947662803302364e+03
1.682033096518741559e+03
1.682053629943911346e+03
1.682654065962719642e+03
1.682937767231585440e+03
1.682997267497702751e+03
1.683221568500898456e+03
1.683797904411917898e+03
1.684044205513509723e+03
1.685512912082360799e+03
1.685540112204014576e+03
1.685769979898773954e+03
1.685928380607227609e+03
1.686472849709055026e+03
1.686585416879182958e+03
1.686645183813159747e+03
1.686788584454525108e+03
1.686858318099745020e+03
1.687184552892176725e+03
1.687601254755893251e+03
1.688051056767651517e+03
1.689437829636717197e+03
1.689574296913739317e+03
1.689643097221451626e+03
1.689776664485503488e+03
1.689857431513403981e+03
1.690039498994374981e+03
1.690292200124591091e+03
1.690439467449917174e+03
1.690860135998041414e+03
1.690907502876558283e+03
1.690928936305753496e+03
1.691208670890211351e+03
1.691356171549914279e+03
1.691541405711715015e+03
1.691649072859927401e+03
1.692008841135672583e+03
1.692428043010570491e+03
1.692991412196929105e+03
1.693152212916116923e+03
1.693175213018985914e+03
1.693240146642737500e+03
1.693765515659138828e+03
1.693806515842513818e+03
1.693958483188861010e+03
1.694129483953668796e+03
1.694460818768910940e+03
1.695150021851400197e+03
1.695357322778562093e+03
1.695537623584964876e+03
1.695750991205927221e+03
1.695859525024682625e+03
1.696473761105212134e+03
1.696537761391456115e+03
1.696886062949249208e+03
1.697647699689034653e+03
1.697673899806215786e+03
1.697734166742428670e+03
1.697808600408669690e+03
1.698488370115634325e+03
1.698570937151585667e+03
1.698814704908513704e+03
1.698867705145559285e+03
1.699012705794081057e+03
1.699712208922637728e+03
1.699962476708637496e+03
1.700211311154893110e+03
1.700302978231544557e+03
1.700388111945641867e+03
1.700594246200919315e+03
1.701545783790043970e+03
1.701885451975890419e+03
1.701987519099056726e+03
1.702427521066983672e+03
1.702886789787748739e+03
1.703756127009228749e+03
1.704110228592962812e+03
1.704155728796464246e+03
1.704229729127433984e+03
1.704446730097979753e+03
1.704522497103517480e+03
1.704601330789437725e+03
1.704677564463729368e+03
1.704956999046845567e+03
1.705319167333324685e+03
1.705531268281954908e+03
1.705835102974201618e+03
1.706576806291500588e+03
1.706917641149231940e+03
1.706940774586030329e+03
1.707039875029261339e+03
1.707184375675546335e+03
1.707440943489723168e+03
1.707565510713521917e+03
1.707734911471173746e+03
1.707799778427960746e+03
1.708036012817862229e+03
1.708049512878241785e+03
1.708102513115287366e+03
1.708402481123573352e+03
1.708492681526998695e+03
1.708783916162890819e+03
1.709114984310273485e+03
1.709260118292724428e+03
1.709291218431821335e+03
1.709363452088222630e+03
1.709419485672168548e+03
1.709478219268190287e+03
1.709738687099810022e+03
1.710995959389679228e+03
1.711069359717965199e+03
1.711098126513292300e+03
1.711159693455319939e+03
1.711261127242319844e+03
1.711404494550202799e+03
1.711852196552568785e+03
1.712004297232845374e+03
1.712080630907584009e+03
1.712375332225647981e+03
1.712626733350050017e+03
1.712730300479924836e+03
1.712867467760077943e+03
1.712999768351797684e+03
1.713262536193704591e+03
1.713404403494878579e+03
1.713446503683173432e+03
1.713507770623858960e+03
1.713526270706601281e+03
1.713623537808299034e+03
1.713674471369434968e+03
1.714294874144212145e+03
1.714719476043261693e+03
1.715045310833904750e+03
1.715394145727416344e+03
1.715648280197376607e+03
1.716188415946489613e+03
1.716201882673386763e+03
1.716344516644656323e+03
1.717438421537191516e+03
1.718130357965239000e+03
1.718582359986836764e+03
1.719332996677423807e+03
1.719692598285756958e+03
1.719768498625224538e+03
1.719805565457673993e+03
1.721046971009911886e+03
1.722067408907195841e+03
1.722084242315817391e+03
1.722110575766928150e+03
1.722331510088399227e+03
1.722406210422499726e+03
1.722855445765056629e+03
1.723209614015755506e+03
1.724458819602879430e+03
1.724593620205780553e+03
1.724631487041808214e+03
1.724685153948502375e+03
1.724712587404532997e+03
1.724747387560178140e+03
1.724971755230338658e+03
1.724983021947396082e+03
1.725250989812559965e+03
1.725273923248464143e+03
1.725455924062470331e+03
1.725611791426260197e+03
1.725834325754887459e+03
1.725859192532772113e+03
1.725980426408328867e+03
1.726338694677365083e+03
1.726470028598094814e+03
1.726797630063306087e+03
1.726909030561549343e+03
1.727030631105412795e+03
1.727205965222935220e+03
1.727326532428843848e+03
1.727381866009658779e+03
1.727610133697262199e+03
1.727858301473869687e+03
1.727905468351491891e+03
1.727911568378774518e+03
1.730945748615938101e+03
1.731177849654019610e+03
1.731548951313787029e+03
1.731566718059916411e+03
1.732777190140469656e+03
1.732846657117830091e+03
1.732935724182852937e+03
1.733258925628384986e+03
1.733380692839660469e+03
1.734045462479537036e+03
1.734351830516447080e+03
1.734433797549714882e+03
1.734676998637441784e+03
1.734693632045168897e+03
1.735001533422270541e+03
1.735197567632374785e+03
1.735266167939192655e+03
1.735493468955805838e+03
1.735521269080143156e+03
1.735615369501011173e+03
1.735692503179328014e+03
1.735903570790003187e+03
1.736513140182994448e+03
1.736826408250765326e+03
1.736857741724239077e+03
1.737190109877436043e+03
1.738362981789820878e+03
1.738678449867431482e+03
1.739045684843238632e+03
1.739102451763797717e+03
1.740203523355052539e+03
1.740640758643938852e+03
1.740691058868908840e+03
1.740894259777733168e+03
1.741039927095903067e+03
1.741228961274699486e+03
1.741700463383512215e+03
1.741721696811812990e+03
1.741744563580752128e+03
1.741921064370159456e+03
1.742234965774096281e+03
1.742787568245633793e+03
1.742803134981923222e+03
1.743033636012848774e+03
1.743135203133778759e+03
1.743339270713146107e+03
1.745653381063100369e+03
1.745703447953693285e+03
1.745728348065060118e+03
1.745882182086422517e+03
1.746889153256809323e+03
1.747342288616809356e+03
1.747573989653101989e+03
1.747601389775649977e+03
1.747673956766875790e+03
1.747903424459846065e+03
1.748131858814861516e+03
1.750539836251306951e+03
1.750882104448782457e+03
1.753201181487617305e+03
1.753416549117524482e+03
1.753601483277983561e+03
1.753904251298792815e+03
1.755026322983971568e+03
1.756174694786778446e+03
1.756576763251713146e+03
1.758819973284562820e+03
1.758837140028008662e+03
1.759165941498586790e+03
1.759411075928294167e+03
1.759991811858993060e+03
1.761711952885728351e+03
1.761978454077665901e+03
1.762011620892672454e+03
1.762367989153210829e+03
1.762726357422694718e+03
1.763264559829827249e+03
1.764496965341812029e+03
1.764879333718636872e+03
1.765040267771754543e+03
1.765157634963351029e+03
1.766022072162915265e+03
1.766062105675300245e+03
1.766287973352169502e+03
1.766744108725587239e+03
1.768759551073069815e+03
1.769620554923945292e+03
1.769853689299981625e+03
1.773069570349809510e+03
1.773878307300252345e+03
1.774118908376350873e+03
1.774530976886011103e+03
1.774814978156218331e+03
1.774846644964516145e+03
1.775132646243668887e+03
1.775295913640555455e+03
1.775490181176091937e+03
1.776153484142741945e+03
1.776367018431116094e+03
1.776582019392716802e+03
1.776703986604886950e+03
1.776862087311998948e+03
1.776976254489283065e+03
1.777774691393658486e+03
1.777792858141576517e+03
1.777810724888153118e+03
1.777862025117595522e+03
1.777992925703053743e+03
1.778033192549815567e+03
1.778548661521938584e+03
1.778663028700117366e+03
1.778721628962209252e+03
1.778807696013814393e+03
1.779164397609177058e+03
1.779228531229350665e+03
1.779562099387914941e+03
1.779735866831763815e+03
1.779824700562409589e+03
1.779970134546202416e+03
1.780164002079949796e+03
1.780322102787061567e+03
1.780476770145484352e+03
1.780764371431793052e+03
1.780920738797819240e+03
1.781152673168488718e+03
1.781461641217027591e+03
1.782086444011483991e+03
1.783072415087947093e+03
1.784032119380264476e+03
1.784153453256268676e+03
1.784199953464242753e+03
1.784376587587579479e+03
1.784556521725675793e+03
1.785874094285240290e+03
1.785951061296145099e+03
1.786453830211466311e+03
1.786652497766682018e+03
1.786799131755842154e+03
1.788725873706608581e+03
1.788744907125069631e+03
1.788947241363351168e+03
1.788989008216821958e+03
1.790290514037860703e+03
1.790806149677395524e+03
1.793945363717660484e+03
1.793961397122703829e+03
1.794248898408565310e+03
1.794547966412826099e+03
1.794983768361968259e+03
1.795993039542642236e+03
1.797699813842927597e+03
1.798066648816945644e+03
1.798192449379593654e+03
1.798315249928824414e+03
1.798460883913511680e+03
1.798649318089624785e+03
1.798708985023154128e+03
1.799452588348950940e+03
1.799637789177269269e+03
1.799731722930725255e+03
1.799868456875606853e+03
1.801740931916995805e+03
1.803707207377910891e+03
1.804194409556942674e+03
1.804355676944884635e+03
1.804391110436695499e+03
1.804634778193176544e+03
1.806524486644975696e+03
1.806558220129183610e+03
1.806745420966447000e+03
1.807004488791805215e+03
1.807754892148015188e+03
1.807857859275206920e+03
1.808099693690154481e+03
1.809268198916342499e+03
1.809446899715589325e+03
1.810012702246164508e+03
1.810062069133626665e+03
1.810288936814968338e+03
1.810603538222036377e+03
1.811607409378558486e+03
1.812582680407165071e+03
1.812968448799196722e+03
1.813225449948645064e+03
1.813267216802115854e+03
1.813750385629775110e+03
1.815004624572743978e+03
1.815239392289419129e+03
1.815309859271252208e+03
1.815613160627779962e+03
1.817696603279397095e+03
1.817882437443881372e+03
1.819339577294332912e+03
1.819762379185332065e+03
1.819980680161692135e+03
1.820215314544437433e+03
1.820265581435924787e+03
1.820473849034077148e+03
1.820826583945031871e+03
1.821327386184890656e+03
1.821485653559414686e+03
1.821792454931596694e+03
1.821825688413568059e+03
1.822017255937028494e+03
1.822199990087647848e+03
1.822231723562910247e+03
1.822759859258352662e+03
1.822802759450225494e+03
1.823036627162875220e+03
1.823155827696004508e+03
1.823400328789545711e+03
1.823533096050019594e+03
1.823731930272647105e+03
1.824140265432276465e+03
1.825042602801350995e+03
1.825139369900812426e+03
1.825176603400674139e+03
1.826496109302219111e+03
1.826548476203098744e+03
1.826627309889019216e+03
1.827148845554942227e+03
1.827187412394100647e+03
1.827762714967165266e+03
1.828171216794206657e+03
1.828350217594795140e+03
1.828456384736298787e+03
1.829441655809631129e+03
1.830184892467121244e+03
1.830707594804929158e+03
1.830739594948051035e+03
1.830871128869675431e+03
1.830938062502372077e+03
1.831073429774474334e+03
1.831345097656187136e+03
1.831423098005046768e+03
1.832385768977299222e+03
1.832697903706668058e+03
1.833385373448071732e+03
1.833816475376193011e+03
1.833842875494268583e+03
1.835156181368083480e+03
1.835205714922957668e+03
1.836678088174874802e+03
1.837427991528848679e+03
1.837465625030499268e+03
1.837968327278855895e+03
1.839144365872070694e+03
1.839661234850455230e+03
1.840428938284040441e+03
1.840772539820812881e+03
1.840820473368530884e+03
1.841359809114065683e+03
1.844767424354766035e+03
1.844845924705861989e+03
1.844908291651467607e+03
1.844924091722133880e+03
1.846872100434683716e+03
1.848021605575893091e+03
1.848390840560645074e+03
1.848933209653079984e+03
1.850453149784408652e+03
1.851928289715366418e+03
1.852293858017052571e+03
1.852512558995201516e+03
1.853765331264944280e+03
1.853787098028963783e+03
1.854381500687454263e+03
1.854846369433265636e+03
1.855069070429305157e+03
1.855861540640327348e+03
1.855891774108881236e+03
1.856142941898906201e+03
1.856303842618541466e+03
1.856698244382519761e+03
1.856830344973345063e+03
1.856861211778064899e+03
1.857244680159809832e+03
1.857279880317243624e+03
1.857527714759026821e+03
1.858337751715284185e+03
1.858501719115301967e+03
1.858731520143096304e+03
1.858795153761033816e+03
1.859749224694822260e+03
1.860418527688307677e+03
1.860659228764853196e+03
1.861019530376316879e+03
1.863338207413362852e+03
1.863377207587792782e+03
1.863831209618335606e+03
1.864138444325788896e+03
1.864359078645918316e+03
1.864499612607795598e+03
1.865189382359485990e+03
1.865877285436161173e+03
1.866446687982837602e+03
1.866912523399639213e+03
1.867079424146109659e+03
1.867240191531815071e+03
1.868357629862937756e+03
1.872052413054675299e+03
1.872380047853368751e+03
1.872502215066433337e+03
1.872521615153201083e+03
1.873203251535181380e+03
1.874524324110399903e+03
1.875115526754578241e+03
1.876874734622708502e+03
1.881310921130402903e+03
1.881483321901472436e+03
1.881899923764741516e+03
1.884884403779618879e+03
1.890658596271600800e+03
1.890913330744244604e+03
1.891644667348511121e+03
1.895070649338024168e+03
1.895736518982820371e+03
1.896109853985909922e+03
1.896517289141514084e+03
1.897368026279804326e+03
1.897634560805224510e+03
1.898218730084612389e+03
1.898434631050238522e+03
1.898619065208461279e+03
1.898963233414434399e+03
1.898975333468552435e+03
1.899148134241411071e+03
1.899440435548740652e+03
1.899460668972569010e+03
1.899815937228187749e+03
1.900594307376147071e+03
1.901205576776741282e+03
1.901352044098489387e+03
1.901618211955602646e+03
1.902636183175187853e+03
1.902672450004059328e+03
1.904675325628670180e+03
1.905565229608802838e+03
1.906528500583738833e+03
1.909462780374093427e+03
1.909818115296676751e+03
1.915022405239745922e+03
1.916315911025004198e+03
1.919265490883788971e+03
1.922385771506039873e+03
1.923048574470453786e+03
1.923109408075867805e+03
1.925241750946193179e+03
1.927756395526378355e+03
1.927987829894811512e+03
1.929266668947805556e+03
1.930914209649832856e+03
1.933007552345728300e+03
1.934389325192431215e+03
1.934593426105280969e+03
1.934773293576412243e+03
1.939800616061320625e+03
1.939973550168108886e+03
1.940019050371610319e+03
1.940217584592896401e+03
1.941882992041500074e+03
1.942160559949600611e+03
1.942242926984657288e+03
1.942715795766249357e+03
1.944013868238598661e+03
1.944733138122229775e+03
1.944824805198881450e+03
1.945104039781102756e+03
1.945952810243930571e+03
1.949809427492811210e+03
1.950526364032672745e+03
1.950558864178031172e+03
1.950778465160205542e+03
1.953400010218507987e+03
1.956197789398357827e+03
1.957888030291363521e+03
1.958995268576866010e+03
1.960319141164607572e+03
1.960668642727767747e+03
1.961161378264881250e+03
1.961421946096948432e+03
1.961452946235597892e+03
1.964585460245896456e+03
1.966825270263539551e+03
1.966968237569633402e+03
1.967278238956127552e+03
1.967764407797204512e+03
1.968683711908830219e+03
1.969967150982397925e+03
1.970246652232478937e+03
1.972463262146358602e+03
1.977255483579767770e+03
1.981693370095065575e+03
1.983085009652564395e+03
1.985104918686691235e+03
1.985197919102639617e+03
1.985466753638346518e+03
1.985864122082259883e+03
1.986218390333405978e+03
1.986584725305187703e+03
1.986747026031084488e+03
1.987177427956074780e+03
1.987810497454171127e+03
1.987866797705976296e+03
1.988013698362995683e+03
1.988263099478452659e+03
1.988539400714221301e+03
1.989048402990754994e+03
1.991900649080877201e+03
1.995161063663216282e+03
1.995585065559582517e+03
1.997682041605061386e+03
1.997801942141321433e+03
2.001729859709095763e+03
2.002055727833220999e+03
2.004217670835933859e+03
2.005502776583622563e+03
2.006306580178667446e+03
2.006628181617043538e+03
2.007151850625841234e+03
2.007176250734971745e+03
2.007272017829960987e+03
2.007476518744599616e+03
2.007492218814818898e+03
2.007705653102745828e+03
2.007937320805555828e+03
2.010672333038011629e+03
2.011580703767403747e+03
2.012076439317934955e+03
2.012732975587653982e+03
2.017132961933441948e+03
2.017694864446574002e+03
2.017973432359147409e+03
2.018457567857796676e+03
2.019099937397487793e+03
2.019390172028907500e+03
2.019556306105282601e+03
2.019796773847451050e+03
2.020472810204385041e+03
2.020655911023311091e+03
2.023394789939727161e+03
2.024253660447727725e+03
2.024277360553727476e+03
2.024535428374613275e+03
2.024728662572194253e+03
2.030732089422769832e+03
2.030759889547107150e+03
2.030982123874392528e+03
2.031628160097149703e+03
2.036900183676493498e+03
2.038414557116258266e+03
2.038589991234227909e+03
2.038713991788825524e+03
2.039003959752385981e+03
2.039192460595463899e+03
2.039603262432792008e+03
2.039853096883520266e+03
2.040321032309714155e+03
2.040853901359659631e+03
2.040966235195410945e+03
2.041613904758806484e+03
2.041780872172241743e+03
2.048071633641266544e+03
2.050641978470573576e+03
2.050808012546501232e+03
2.051035246896149602e+03
2.052369019528169702e+03
2.054214094447010211e+03
2.054282194751591760e+03
2.054605929532842310e+03
2.055065431587984222e+03
2.055366466267707892e+03
2.055783468132765847e+03
2.058385246435993849e+03
2.058627914188001796e+03
2.059278317096955561e+03
2.061375826478153613e+03
2.061503127047511043e+03
2.063364768707113399e+03
2.063525036090582489e+03
2.066841384256420497e+03
2.068790859642196665e+03
2.073697814922090856e+03
2.074225150613955066e+03
2.074759986339362968e+03
2.074873920182270467e+03
2.074905520323603014e+03
2.077530798731936557e+03
2.078500803070320671e+03
2.084257795485375027e+03
2.085560501311780627e+03
2.086138203895579409e+03
2.091848162766940277e+03
2.095095643958100936e+03
2.095509579142777056e+03
2.096753718040572949e+03
2.097276453711863269e+03
2.097747755819781560e+03
2.097999990281243754e+03
2.098522392617710011e+03
2.098566826149773988e+03
2.098612259686311063e+03
2.098678393315429730e+03
2.100267067087505438e+03
2.100308367272221858e+03
2.101804273962727166e+03
2.102103141966093062e+03
2.102123108722062170e+03
2.102609777565375225e+03
2.102672644513216710e+03
2.103926650121808962e+03
2.104166084526022132e+03
2.105014754988402728e+03
2.105034421743029725e+03
2.105461490319778477e+03
2.108739138312528667e+03
2.108783605178075049e+03
2.109109239967823669e+03
2.109539108557095005e+03
2.110453279312428549e+03
2.110980248335985834e+03
2.111472717205240315e+03
2.115279934233175936e+03
2.116034904276477391e+03
2.116269471992257877e+03
2.116664140424095422e+03
2.116790674323357052e+03
2.116806407727058286e+03
2.116904674833228910e+03
2.117301709942318212e+03
2.118814083373137692e+03
2.119168018289459724e+03
2.119186851707026108e+03
2.119295418859263918e+03
2.121963130790716150e+03
2.122073731285381200e+03
2.122272798842385782e+03
2.122865968162027002e+03
2.127987124399943696e+03
2.128093258207964936e+03
2.128335192623359944e+03
2.128653560713941260e+03
2.129343163798219393e+03
2.129771365713370415e+03
2.129804165860070043e+03
2.132936513202957030e+03
2.133742116806052763e+03
2.136271361451537359e+03
2.137015431446087860e+03
2.138153369868898153e+03
2.139217874629939615e+03
2.140561680640167651e+03
2.141144816581600480e+03
2.141162516660765050e+03
2.144326864146773460e+03
2.144664298989298004e+03
2.145330135300611801e+03
2.145491236021141503e+03
2.145720537046699974e+03
2.145859704335798142e+03
2.146118238825437857e+03
2.146390506709833517e+03
2.147943613656168964e+03
2.149113218887277071e+03
2.150069256496527942e+03
2.150366957828009163e+03
2.150404757997072011e+03
2.150443524837125096e+03
2.150666859169330564e+03
2.150711559369254246e+03
2.150853893339181923e+03
2.150887193488118555e+03
2.151186661494167765e+03
2.151315862072023265e+03
2.151846064443374871e+03
2.151914998085017032e+03
2.151941098201750719e+03
2.152267166326770621e+03
2.152866769008518531e+03
2.153009269645858240e+03
2.153143836914382973e+03
2.158367160275912738e+03
2.158522527637466737e+03
2.158870162525611704e+03
2.159143463747962414e+03
2.159409131602839352e+03
2.159514232072905997e+03
2.160421469463896301e+03
2.160620070352146740e+03
2.160689637329954621e+03
2.161991643153229234e+03
2.162071343509692724e+03
2.164175952922645592e+03
2.164261453305049599e+03
2.164457654182566330e+03
2.164879956071328706e+03
2.165414958464149095e+03
2.165932560779147025e+03
2.166038061251002091e+03
2.166666864063348839e+03
2.168035736852355967e+03
2.170977850011079227e+03
2.171184450935110362e+03
2.172831291634006448e+03
2.173837062799026626e+03
2.173956530000014936e+03
2.174400531985832458e+03
2.174430165451702578e+03
2.174530532567265254e+03
2.174808733811532420e+03
2.174965001177110935e+03
2.175399303119544129e+03
2.176035905966777136e+03
2.176127039707710082e+03
2.176166306549999263e+03
2.176886576438102566e+03
2.180916261127700636e+03
2.183435105726671281e+03
2.183952308039879881e+03
2.184285842864961523e+03
2.184861078771061329e+03
2.188098159915707583e+03
2.188738029444217318e+03
2.193747818517373162e+03
2.201309552337540936e+03
2.201525219968790225e+03
2.201669587281145596e+03
2.205122069389181434e+03
2.205697438629210865e+03
2.206209240918267824e+03
2.206334474811715154e+03
2.207610747186562548e+03
2.207645847343549576e+03
2.209169654158838512e+03
2.209322588176175941e+03
2.211244730106368479e+03
2.212219534466221376e+03
2.212242367901678335e+03
2.213997609085400654e+03
2.214130709680698601e+03
2.214291043731132504e+03
2.216082985078997808e+03
2.217526924870411676e+03
2.217759492577246874e+03
2.222294279525935963e+03
2.224162721215952388e+03
2.224749890508758199e+03
2.225640594492468608e+03
2.225828161998038468e+03
2.230317248742331685e+03
2.230410015823902995e+03
2.230908084718203554e+03
2.232341157794348874e+03
2.233555029890108472e+03
2.235164037086460212e+03
2.235714472881640631e+03
2.236109207980442534e+03
2.236782677659230558e+03
2.238422584993783857e+03
2.238447751773010168e+03
2.239451256261225353e+03
2.241689599605641888e+03
2.242915271754178320e+03
2.244600279290444178e+03
2.247236757748870332e+03
2.248774831294634623e+03
2.249959069924524101e+03
2.250196804321134550e+03
2.250309604825639326e+03
2.250992374546021892e+03
2.252164079786522052e+03
2.253537685930032694e+03
2.254206755589140812e+03
2.255111426301984920e+03
2.255439327768538078e+03
2.256414032127943301e+03
2.256601232965206691e+03
2.256839300696641658e+03
2.257812171714514534e+03
2.257824105101220084e+03
2.257982739144050811e+03
2.259642479900643139e+03
2.259819880694075437e+03
2.261200820203718195e+03
2.261315887385027509e+03
2.262183857933728632e+03
2.262359192051250830e+03
2.263523930593925797e+03
2.263591230894929140e+03
2.264586535346469645e+03
2.264788636250374111e+03
2.265053437434708485e+03
2.265232304901367115e+03
2.265419072403359223e+03
2.265882574476391255e+03
2.266509810615064907e+03
2.267487548321370468e+03
2.268645386833184148e+03
2.268861054464433437e+03
2.269243022839469177e+03
2.269588757719116529e+03
2.270416461421055374e+03
2.270765496315461860e+03
2.271130364614017253e+03
2.271222698360316826e+03
2.271263565209761964e+03
2.271456199404660310e+03
2.271719933917556773e+03
2.272077368849532832e+03
2.272265569691268411e+03
2.273002606321028907e+03
2.273186807144874820e+03
2.273234274023839134e+03
2.275068748895270801e+03
2.275414417107952886e+03
2.276335721228523653e+03
2.278478597479293057e+03
2.279425201713019760e+03
2.279491935344822195e+03
2.279876470398004130e+03
2.279960104105392929e+03
2.280693274051192475e+03
2.281366243727743949e+03
2.283036184529956699e+03
2.283354185952231092e+03
2.286568200327043542e+03
2.286692667550395072e+03
2.291018353563871642e+03
2.292232825662315008e+03
2.292260325785310670e+03
2.292446893286408340e+03
2.292659827572098948e+03
2.294683403289292073e+03
2.295461506769392145e+03
2.296056242762706916e+03
2.296763979261420900e+03
2.297631483141367880e+03
2.297965184633861554e+03
2.300169794494070629e+03
2.301361366490092678e+03
2.302287570632578991e+03
2.303678710187841261e+03
2.304029311755921299e+03
2.304317113043124664e+03
2.304654381218237177e+03
2.305260783930398247e+03
2.305910953504975623e+03
2.305933486939090471e+03
2.306169054659343601e+03
2.306614789986246251e+03
2.306753557273555998e+03
2.306914391326225996e+03
2.307035091866064249e+03
2.307075358712826073e+03
2.307188092550366036e+03
2.307426826951449129e+03
2.311005576290886893e+03
2.311462611668329828e+03
2.311522745270613086e+03
2.313284486483406909e+03
2.314270424226387604e+03
2.314455558387741348e+03
2.314651259263021984e+03
2.315463062893847109e+03
2.315733864105016892e+03
2.316335066793920760e+03
2.316815302275127124e+03
2.316950836214641640e+03
2.317775973238434290e+03
2.318766244334129624e+03
2.319087779105540449e+03
2.319331380195056681e+03
2.319441347353556012e+03
2.319893582709530619e+03
2.319930949543321731e+03
2.320119250385505438e+03
2.320396318291369425e+03
2.321278555570545450e+03
2.322380860500650215e+03
2.323197364152496448e+03
2.323566499136801667e+03
2.324031401216095219e+03
2.324868071624804998e+03
2.325726008795297730e+03
2.326328578156981166e+03
2.326558412518258137e+03
2.327212048775006679e+03
2.328710255475798476e+03
2.329029523570404308e+03
2.330466529997475845e+03
2.330496130129863104e+03
2.330576297155080283e+03
2.331663702018543518e+03
2.332400171979102652e+03
2.332787007042571986e+03
2.333211108939385213e+03
2.333509510273997421e+03
2.335291784911961258e+03
2.335395852044072399e+03
2.336422123300780186e+03
2.336610224142068546e+03
2.336655624345122760e+03
2.336982825808545385e+03
2.337016892627576908e+03
2.338667800011328836e+03
2.339443503480694744e+03
2.339795305054141863e+03
2.340274407196945958e+03
2.341073777438829438e+03
2.342239815987318252e+03
2.343296520713474365e+03
2.343321987494041878e+03
2.343345787600488620e+03
2.343578188639911787e+03
2.344223091524267147e+03
2.344761660599706374e+03
2.345300863011311321e+03
2.345473630450687779e+03
2.346070566453841820e+03
2.346177666932853299e+03
2.347030104078746717e+03
2.347247805052423701e+03
2.347268671812417779e+03
2.348146209070572695e+03
2.348526944106759402e+03
2.351127555738102274e+03
2.352687662715745773e+03
2.353002530790673063e+03
2.354447937255313263e+03
2.354624704712579387e+03
2.354870505811935345e+03
2.356075011199135133e+03
2.357416583866041492e+03
2.357623051456143003e+03
2.358675422829584477e+03
2.358871357039241502e+03
2.358918723917758598e+03
2.359918361722013287e+03
2.359947495185647313e+03
2.361979137605585493e+03
2.363277243411417658e+03
2.366687958665982933e+03
2.366810425880389175e+03
2.367888730703152305e+03
2.368130798452476938e+03
2.371942582167504497e+03
2.372956586702681307e+03
2.373824023915663474e+03
2.374414226555369169e+03
2.374586093990720201e+03
2.374640960902781444e+03
2.374822695048928381e+03
2.376838537398200060e+03
2.377123972008151668e+03
2.377185172281871928e+03
2.379376915417867622e+03
2.381795192900380698e+03
2.382636029994392629e+03
2.383717768165844518e+03
2.383746401627242449e+03
2.384168003512874293e+03
2.384379537792303381e+03
2.385489776091223575e+03
2.386101945495843211e+03
2.387052716414872521e+03
2.387750019533589239e+03
2.387903886888434499e+03
2.390570732149343712e+03
2.391402835870962008e+03
2.391663203702134524e+03
2.392417373741857773e+03
2.392649241445562893e+03
2.394637683672285675e+03
2.395655754892318782e+03
2.396964560746007010e+03
2.397033861055955640e+03
2.397202295142617004e+03
2.397366695877906295e+03
2.397546663349484788e+03
2.398437033998371135e+03
2.399111003679395253e+03
2.399620739292542112e+03
2.400788911183906293e+03
2.401862515985647860e+03
2.402143850577261674e+03
2.402268484468025235e+03
2.402971620946165785e+03
2.403578756994940250e+03
2.403665157381369681e+03
2.403956958686463167e+03
2.404133126141045977e+03
2.404183726367357849e+03
2.404231559914628178e+03
2.405477132152168906e+03
2.406039968002808564e+03
2.406904605203267693e+03
2.407070472611783316e+03
2.408148410766239522e+03
2.408611412837035459e+03
2.408888014074146213e+03
2.409055481489817794e+03
2.409364916207110582e+03
2.409613083983717843e+03
2.410106452856997294e+03
2.410141486347019054e+03
2.413359234071862829e+03
2.417474519144312580e+03
2.417650053262729216e+03
2.418689524578474902e+03
2.418854558649929459e+03
2.420826134134549193e+03
2.420844867551668813e+03
2.421057901837806639e+03
2.421244169337562198e+03
2.422800209630350309e+03
2.422843576490977284e+03
2.422961077016503168e+03
2.423394512288393798e+03
2.423593413177986349e+03
2.423717880401337879e+03
2.424142815635211264e+03
2.424194682533855030e+03
2.424711118176967830e+03
2.424799051903588861e+03
2.425420888018109963e+03
2.429647673589250189e+03
2.430508244104853929e+03
2.430782245330335627e+03
2.431024413080107934e+03
2.431385548028632456e+03
2.432194318312557698e+03
2.433640724781670087e+03
2.433695325025872080e+03
2.433733991865477947e+03
2.435715267393481554e+03
2.435737934161526027e+03
2.436753505370376843e+03
2.436863539195840985e+03
2.437052973376426962e+03
2.440149420558748261e+03
2.440320187989179885e+03
2.442448164173307759e+03
2.442956466446710692e+03
2.443206067563062334e+03
2.443807903588131921e+03
2.444199872007893646e+03
2.445897179599172432e+03
2.447209652135927172e+03
2.449353461724203953e+03
2.450674934301211579e+03
2.452890410876688748e+03
2.453435279980305040e+03
2.455434422254885249e+03
2.455538856055302858e+03
2.455851257452531627e+03
2.457069162899663752e+03
2.460345177551775123e+03
2.460844113116618701e+03
2.462503053869632822e+03
2.464379195594088287e+03
2.466709539349980787e+03
2.467255608458963707e+03
2.470218888379022701e+03
2.470910991474482671e+03
2.471224759544489643e+03
2.471482560697515964e+03
2.473309602202368296e+03
2.473716937357524785e+03
2.473966171805569502e+03
2.475028909892042975e+03
2.476315715647335310e+03
2.477652788294114544e+03
2.479810031275806523e+03
2.480141266090601221e+03
2.480224466462718738e+03
2.480419033999596650e+03
2.480880136061894518e+03
2.481323271377169476e+03
2.483134279476977554e+03
2.484350218248647707e+03
2.484939620884775195e+03
2.485271689036630505e+03
2.487990534530113109e+03
2.488084001614815406e+03
2.488916672005634609e+03
2.489574108279378834e+03
2.490329111656163150e+03
2.490344445058075507e+03
2.490614179597807379e+03
2.490862714042721564e+03
2.491383916373820739e+03
2.491946985558837696e+03
2.493157124304566878e+03
2.493185224430245853e+03
2.493945394496804511e+03
2.495265367067103398e+03
2.496698740144590374e+03
2.497696911275618731e+03
2.499577553020200412e+03
2.500472723690554631e+03
2.500926759054580089e+03
2.500982025968430662e+03
2.501566495249159743e+03
2.502068630828315236e+03
2.502104430988433251e+03
2.503317669748027129e+03
2.503667837980835884e+03
2.505543913038326082e+03
2.506667351396283721e+03
2.506686218147332966e+03
2.506699951542089366e+03
2.507186087049683920e+03
2.507377721240109167e+03
2.508629026836625144e+03
2.509019695250572568e+03
2.509054795407559141e+03
2.509433697102213046e+03
2.511895141444458204e+03
2.513957384001256742e+03
2.514821454532514963e+03
2.515171422764428826e+03
2.516682129521127081e+03
2.517202231847306848e+03
2.517535400004081566e+03
2.518137436030046047e+03
2.518891672736734108e+03
2.519682542940600342e+03
2.520638813884228966e+03
2.520660280646906358e+03
2.521270483376063567e+03
2.522849490438237808e+03
2.524046595792341122e+03
2.524210629859323490e+03
2.524298396918532035e+03
2.524763032329966791e+03
2.525918470831046761e+03
2.525979171102530927e+03
2.525994637838373365e+03
2.526126605095269042e+03
2.526772707984991030e+03
2.526802574785238448e+03
2.527121476211537811e+03
2.527289676963822785e+03
2.527382444045394095e+03
2.527738112302802165e+03
2.528761583546986003e+03
2.528912084220106863e+03
2.529033551430040461e+03
2.529050584839555995e+03
2.529201018845712042e+03
2.530552258222519413e+03
2.530626991890102090e+03
2.530888359725747250e+03
2.538437393489113674e+03
2.538637127715766837e+03
2.540324668596696483e+03
2.540509569423672929e+03
2.540533769531909002e+03
2.546474329434642641e+03
2.547107965601940123e+03
2.547620934562881757e+03
2.549638210251897362e+03
2.553254459759056772e+03
2.556057938964400364e+03
2.556721375264979542e+03
2.557145510495275630e+03
2.557914080599403860e+03
2.558109014804588242e+03
2.558375682663938278e+03
2.560157523966630379e+03
2.560263991109476137e+03
2.561678930771185605e+03
2.562516467850437948e+03
2.563424171910182395e+03
2.564570510370561806e+03
2.566921887553860415e+03
2.569575299421354885e+03
2.569935867700678045e+03
2.572615413018388608e+03
2.572988381353171917e+03
2.574277620452680367e+03
2.574606855258530231e+03
2.576089495223031918e+03
2.576177128948310838e+03
2.576456530197944630e+03
2.576692564586951903e+03
2.576854565311506576e+03
2.581930588014228306e+03
2.583836029869729373e+03
2.584086630990553203e+03
2.585249902860001839e+03
2.586334107709152704e+03
2.586899743572315856e+03
2.587512179644795197e+03
2.589167487048225667e+03
2.589451354984503723e+03
2.590375992453316485e+03
2.590596160104691990e+03
2.590926694916355700e+03
2.591019928666681153e+03
2.591342196774705371e+03
2.592295134370091546e+03
2.592895470388452395e+03
2.592913303801546590e+03
2.593354839109664681e+03
2.593919641635767675e+03
2.594868679213710948e+03
2.596435019552566246e+03
2.596553420082117555e+03
2.596572920169332519e+03
2.596807587885560224e+03
2.596897254953266383e+03
2.597234089793107614e+03
2.597274489973799064e+03
2.598393228310736049e+03
2.598489362074031760e+03
2.598777963364812877e+03
2.599383366072501303e+03
2.600320570264186244e+03
2.600728805423367703e+03
2.601068240274837990e+03
2.601342308167284500e+03
2.601578609224150568e+03
2.601762610047102044e+03
2.601803943565300870e+03
2.602369679428911695e+03
2.602449913121093687e+03
2.602769481217041630e+03
2.602817114763417976e+03
2.603750818939448436e+03
2.605485860032825258e+03
2.605555360343668326e+03
2.605675027545551075e+03
2.609758645809703467e+03
2.610043080415182430e+03
2.610436948843441769e+03
2.611961522328826504e+03
2.612242790253475960e+03
2.612663492135081924e+03
2.614098731887585018e+03
2.614219932429659366e+03
2.615583505194961617e+03
2.616521509390224310e+03
2.616821044063238787e+03
2.617075178533199050e+03
2.624242543922871391e+03
2.625968284974652761e+03
2.627096156685772257e+03
2.627169657014505447e+03
2.627385724647544066e+03
2.627454191620432084e+03
2.627796226483530518e+03
2.628114761241523411e+03
2.628131327982285711e+03
2.628275261959369345e+03
2.629282666465027887e+03
2.629479467345227931e+03
2.629509400812440163e+03
2.629924869337306973e+03
2.630907107063739204e+03
2.631619043581238202e+03
2.631910111549718295e+03
2.632017878698377899e+03
2.632102679077651374e+03
2.632608114671566000e+03
2.634309388947252955e+03
2.635792062245237048e+03
2.635861929224386586e+03
2.636040463356221608e+03
2.636102363633072855e+03
2.638527341145551873e+03
2.638553241261391122e+03
2.639043343453393845e+03
2.639550745722771353e+03
2.639567512464428091e+03
2.640139148354426197e+03
2.640284582338219479e+03
2.640302482418278032e+03
2.641954589807397042e+03
2.642445625336907142e+03
2.642658426288668124e+03
2.642674426360229063e+03
2.643733564430601746e+03
2.643945832046643773e+03
2.644490867817672097e+03
2.644646068511813610e+03
2.644685435354550009e+03
2.645096570526702635e+03
2.646084508278628618e+03
2.646433209838210587e+03
2.648012416901279721e+03
2.648191151034008726e+03
2.648678453213487956e+03
2.648817087166867168e+03
2.649429723240240946e+03
2.649505090243989798e+03
2.651383365311319267e+03
2.651886834229771466e+03
2.651913634349636141e+03
2.652227002417854692e+03
2.653308607255376955e+03
2.653389807618549185e+03
2.653597908549289059e+03
2.654000377016012862e+03
2.655591217464445890e+03
2.656803522886532392e+03
2.657003090445773068e+03
2.657277391672596877e+03
2.660739440490086963e+03
2.662908416857590055e+03
2.663172118037004566e+03
2.664006088433638070e+03
2.665967430539155430e+03
2.666415299208933448e+03
2.666629933502227686e+03
2.666783934191002118e+03
2.666831001068177102e+03
2.667254902964095891e+03
2.668952577223681146e+03
2.669925448241553568e+03
2.670156882609986951e+03
2.670370283564431247e+03
2.670575251147824019e+03
2.671044186578490553e+03
2.672339725706176068e+03
2.672634060355933343e+03
2.672732694130410437e+03
2.673683931718193435e+03
2.673774232122065769e+03
2.673955332932046531e+03
2.677136947161947774e+03
2.677399581669924828e+03
2.679638958352296868e+03
2.680092193712744120e+03
2.680430161890987165e+03
2.680547695749995910e+03
2.682021535675139148e+03
2.682145402895807365e+03
2.683888944027200523e+03
2.684082644893535871e+03
2.684203045432032013e+03
2.684646814083472691e+03
2.684801714776272092e+03
2.685589884968062961e+03
2.686523589144093421e+03
2.686895724141816117e+03
2.687394126370940739e+03
2.687427759854700980e+03
2.687637960794833361e+03
2.688214830041571531e+03
2.688301830430684277e+03
2.690161405414377441e+03
2.691303877190796356e+03
2.692093047387059414e+03
2.693588420741845312e+03
2.694696059029136904e+03
2.694816792902457109e+03
2.694913360001024103e+03
2.696141598827707185e+03
2.696425466763984787e+03
2.696570334078576252e+03
2.697364304296307637e+03
2.697618572100197980e+03
2.697668572323825629e+03
2.697695705778514366e+03
2.699311013003043172e+03
2.699574914183351666e+03
2.699734114895383755e+03
2.700669585745982658e+03
2.701044387422298769e+03
2.702125958926338626e+03
