2.057776559092736690e+01
9.857374776452292053e+01
1.433809481665834369e+02
1.631033697092643422e+02
1.772045994442653409e+02
2.118352209978219207e+02
2.570704566476210857e+02
3.751266179920280592e+02
3.999996292376014821e+02
4.276943864368839741e+02
5.041198282528393406e+02
5.238037496233266666e+02
5.887333400236102534e+02
6.148408567905607924e+02
6.915595665848361477e+02
6.995408022812434865e+02
6.998281035662104159e+02
7.623175830529968380e+02
7.870159935176610588e+02
7.946777944520498522e+02
8.336329686806808468e+02
8.395317617299439235e+02
8.478163654498439428e+02
8.489926707109179915e+02
8.502393096198954936e+02
8.527663209220581848e+02
8.529975886230791957e+02
8.820690519797371962e+02
8.864189047679673195e+02
9.300475665656317688e+02
9.468973752604326819e+02
9.976653023220901559e+02
1.001908554633545236e+03
1.003604395551597349e+03
1.026994466831326918e+03
1.034225465838936316e+03
1.055228059773908171e+03
1.081306309743294833e+03
1.129956727334303650e+03
1.133330575757313909e+03
1.133937345137781676e+03
1.134050545644075783e+03
1.156126444379447548e+03
1.156169011236496317e+03
1.156278045057487816e+03
1.156300111822848976e+03
1.161144433489278526e+03
1.161178733642687348e+03
1.162888441289425600e+03
1.163369643441622202e+03
1.176414635119221430e+03
1.176514068897276502e+03
1.177183305223796879e+03
1.177363972698506359e+03
1.177535240131173850e+03
1.180594887148905173e+03
1.183753967944691567e+03
1.186580513919868736e+03
1.187139749754407603e+03
1.187144783110253002e+03
1.187293883777111660e+03
1.193226476977547236e+03
1.193485444802458233e+03
1.193624978759863097e+03
1.200149374607160553e+03
1.200409409103508779e+03
1.200562176453433949e+03
1.205502665216641390e+03
1.211082623506569234e+03
1.211105856943815070e+03
1.211225390811768420e+03
1.215949645274525665e+03
1.218193521977023920e+03
1.218285522388499658e+03
1.218545723552260142e+03
1.220970501063844722e+03
1.228225600179242747e+03
1.230924912252027980e+03
1.236347803172798876e+03
1.236494137160616901e+03
1.238517112875126259e+03
1.242937232644295136e+03
1.243051799823368356e+03
1.249279594344103998e+03
1.249701796232419611e+03
1.252809276797421944e+03
1.252838710262397626e+03
1.252850643649103404e+03
1.252955644118722375e+03
1.253042544507387902e+03
1.253147178308700404e+03
1.258918437454229434e+03
1.258968604345269569e+03
1.264513862479999716e+03
1.269284417149836372e+03
1.271754661531439979e+03
1.277438720286961825e+03
1.277484187156980852e+03
1.282455542724907900e+03
1.282550343148906677e+03
1.285491489636639471e+03
1.288153268208221334e+03
1.288330769002101079e+03
1.290729313063021891e+03
1.303907905338155160e+03
1.304235773471225912e+03
1.305049410443584293e+03
1.305070810539297099e+03
1.305107377369510232e+03
1.305707480053494464e+03
1.306721517922154362e+03
1.311963008031602612e+03
1.312922478989542924e+03
1.314399318928104094e+03
1.315047221825876704e+03
1.322916823689663715e+03
1.323132824655737068e+03
1.324455197236769891e+03
1.331121693719618179e+03
1.333727272039841864e+03
1.337193487542634330e+03
1.337434288619627296e+03
1.337497488902293071e+03
1.352514456066300909e+03
1.359462020472903987e+03
1.361500196255396304e+03
1.361803230944064808e+03
1.365704781727245745e+03
1.374750522184694773e+03
1.375088090361149170e+03
1.396294151872804605e+03
1.396302451909926958e+03
1.396312518621617301e+03
1.400888705755470482e+03
1.415070169182653444e+03
1.416167207422535739e+03
1.428847164134167542e+03
1.431813444067644014e+03
1.431876444349415578e+03
1.441276386391045662e+03
1.441689021569907027e+03
1.441722488386255463e+03
1.441797255387320547e+03
1.445551705512587660e+03
1.445572638939546778e+03
1.459829302703066105e+03
1.462584281691490332e+03
1.465544461597684403e+03
1.465696828945820471e+03
1.465754029201650837e+03
1.466231198002474684e+03
1.466353331882056864e+03
1.466437298924269726e+03
1.471375187675848338e+03
1.471592355313806138e+03
1.480795496475236405e+03
1.486162853814297932e+03
1.486236787478302631e+03
1.486483221913824309e+03
1.496841268240615591e+03
1.498084807135728170e+03
1.501282221436296140e+03
1.508165485555313353e+03
1.518330264351041251e+03
1.518455131576181657e+03
1.522230915130196763e+03
1.522411349270529399e+03
1.522518949751776972e+03
1.522601750122104932e+03
1.527613572537688469e+03
1.539760193530620882e+03
1.539990527894133947e+03
1.565780776575423261e+03
1.566694780663344545e+03
1.572896108399039804e+03
1.592797064073555248e+03
1.599329226622256328e+03
1.599984462886161054e+03
1.607886964897095368e+03
1.612458785344751732e+03
1.612461985359064101e+03
1.612813953599923252e+03
1.613382389475609671e+03
1.622661030974717960e+03
1.622667131002000815e+03
1.626350714143645519e+03
1.640320309956575102e+03
1.642151218145387702e+03
1.645764900974400916e+03
1.647677042859867925e+03
1.657127451793880255e+03
1.680494922972529821e+03
1.684718241861498655e+03
1.685320777889699229e+03
1.685456045161354496e+03
1.685723513024282283e+03
1.689154395035710877e+03
1.692684044155545962e+03
1.692761677836099125e+03
1.697107497272956834e+03
1.697113463966309610e+03
1.703388792032974607e+03
1.708776382795864265e+03
1.710422990160383961e+03
1.710712491455190275e+03
1.720434034935196451e+03
1.720642369200313397e+03
1.721573406697750443e+03
1.735047266960149045e+03
1.735092867164097697e+03
1.738146847489817901e+03
1.774883978464825077e+03
1.837035723107745071e+03
1.853157661880450860e+03
1.853460529901707559e+03
1.889350957089797021e+03
1.889646691745815815e+03
1.890128260566318886e+03
1.897786161483264777e+03
1.899837837326136651e+03
1.900060738323070609e+03
1.900942275599115874e+03
1.904128489849591233e+03
1.907769739468564239e+03
1.908264875016411906e+03
1.912772695177824517e+03
1.915965942793090107e+03
1.920148828167884858e+03
1.921394233738012872e+03
1.967766341139184988e+03
2.005671910673415141e+03
2.034133471302257931e+03
2.049613140535719594e+03
2.064964709196246986e+03
2.104798220686610875e+03
2.104810454074658537e+03
2.116655740386525849e+03
2.124794543454326686e+03
2.127413521834482253e+03
2.127599956001650753e+03
2.131506740141570845e+03
2.133738850124775581e+03
2.153609072328501043e+03
2.167022265652897204e+03
2.234350600114996269e+03
2.255585795090285956e+03
2.256122664158121552e+03
2.261204120218477783e+03
2.296031875987058356e+03
2.315878898087020843e+03
2.322382660508700610e+03
2.323198164156074654e+03
2.327230148855959669e+03
2.327543750258555519e+03
2.367900097420656948e+03
2.379273348287992576e+03
2.417304651717906836e+03
2.421955472518895476e+03
2.422041606237465203e+03
2.467953278245987804e+03
2.472016063083627614e+03
2.490719946737522605e+03
2.526219538844252838e+03
2.545679825881192755e+03
2.548050436483846624e+03
2.554382764805447550e+03
2.580581648647707880e+03
2.637777071123271526e+03
2.681297732437899413e+03
2.692554182782839689e+03
