8.523645011706914687e+00
1.658134771678282249e+01
3.884988064705243715e+01
4.851489054087635111e+01
4.860172426257710043e+01
5.048286600939484714e+01
5.054573295723654525e+01
5.127310287709531167e+01
5.763853134673791345e+01
5.915260478516076859e+01
6.131408111911991199e+01
6.285282133453261366e+01
8.042303325136680314e+01
8.463238541120209391e+01
9.636873790252494132e+01
1.037716376789676218e+02
1.068549514692163172e+02
1.251252331838083478e+02
1.253262007493107859e+02
1.325838332093726990e+02
1.472913656560876916e+02
1.485510379566909194e+02
1.489066062136513438e+02
1.499632776063245956e+02
1.535931938412753652e+02
1.542405967368116535e+02
1.545038979144370899e+02
1.588301839305972294e+02
1.616482632012402121e+02
1.619199310829527292e+02
1.712561728396808576e+02
1.729011135300796127e+02
1.823787225857454928e+02
1.846762995284202304e+02
1.857979045448451529e+02
1.919389653443273858e+02
1.928008025322632477e+02
1.934919056232504602e+02
2.035861174366977480e+02
2.058512275674966645e+02
2.149985351458755076e+02
2.169036770000347474e+02
2.218208656590314547e+02
2.269154217779781106e+02
2.401945145026039086e+02
2.453827710406295921e+02
2.497268904698837559e+02
2.606789727868591058e+02
2.694313119320585770e+02
2.787857204367049349e+02
2.787992871640493036e+02
2.915914777109849183e+02
3.062826767513147956e+02
3.077735834194566564e+02
3.077867834784944421e+02
3.090638558569202132e+02
3.156869521456594612e+02
3.203994398891228457e+02
3.507005754122070584e+02
3.602773182445862403e+02
3.603091850537785490e+02
3.644823703851895402e+02
3.835149221757327496e+02
3.879270085756386379e+02
3.899126507898390628e+02
3.902647190311455461e+02
3.902773524209822540e+02
3.902922191541409802e+02
3.911720564225829548e+02
3.920025601370452364e+02
3.933407661222269667e+02
4.075774297962951209e+02
4.075801631418535180e+02
4.195359166144563119e+02
4.275134189608327802e+02
4.326987754858880635e+02
4.465481040942507889e+02
4.528607656612245478e+02
4.547127406109259482e+02
4.636925807736331535e+02
4.772825415552958930e+02
4.800193537958020897e+02
4.848324753226875146e+02
4.989110382896437841e+02
5.152768448197250564e+02
5.172189201724040686e+02
5.190710951229999637e+02
5.191886623154908875e+02
5.237620494368209165e+02
5.342987965628590246e+02
5.487327277858812522e+02
5.487895947068874420e+02
5.488567616739612731e+02
5.544423866559004637e+02
5.742836753968864514e+02
5.743894425366009955e+02
5.788034289450048391e+02
5.806684372863319368e+02
5.827220131377016514e+02
5.928692918551595312e+02
5.930047924611916415e+02
5.979805147153156213e+02
6.008277607830749503e+02
6.051919803022276483e+02
6.144135882129178299e+02
6.167736654351276684e+02
6.262143409922736055e+02
6.283897507218837291e+02
6.303665928967255923e+02
6.325117691577819414e+02
6.338465084607921654e+02
6.424624803294167350e+02
6.431574501043644432e+02
6.443718555358431104e+02
6.472613684593094376e+02
6.476392701494903577e+02
6.545349009904850845e+02
6.572002129112030389e+02
6.702166044608868560e+02
6.736954533535160863e+02
6.808824854978151961e+02
6.839299991279461892e+02
6.935720755858659459e+02
6.978207279214730079e+02
7.059733643844773496e+02
7.153569063527577327e+02
7.225107716820500627e+02
7.249511492634067054e+02
7.310000429840010838e+02
7.375213388174336160e+02
7.434179651903393733e+02
7.445694703404940356e+02
7.579522301954419845e+02
7.588045006739237124e+02
7.598226052274384301e+02
7.668361699292305502e+02
7.732479319394351478e+02
7.807828323062558411e+02
7.898898730378730306e+02
7.978615420248262353e+02
8.012215237191502410e+02
8.014732915118587471e+02
8.043815378524443531e+02
8.053848756732476204e+02
8.056500768593709836e+02
8.058008775338332725e+02
8.067610484949043439e+02
8.080664209999034711e+02
8.081905215549484183e+02
8.143727825387002213e+02
8.143801492383147433e+02
8.144127160506377550e+02
8.156717883485575840e+02
8.237658912164347385e+02
8.250820971032200077e+02
8.328471651661420765e+02
8.333572007806308193e+02
8.364771480680576587e+02
8.417251382065776397e+02
8.454160213808722801e+02
8.491162045967616905e+02
8.494942729543547557e+02
8.497505074337075257e+02
8.512800142744902132e+02
8.545379621791305453e+02
8.565535378605429742e+02
8.576174759523834155e+02
8.586898807487583554e+02
8.623863306146168952e+02
8.712244034765973311e+02
8.739268155632473736e+02
8.747439192177773748e+02
8.749267533688439471e+02
8.786242699061398298e+02
8.811459811845980994e+02
8.835149917800961248e+02
8.961567816543584968e+02
9.053930229638305036e+02
9.120855195629654872e+02
9.127973894134995589e+02
9.152346669809911646e+02
9.160511706328376249e+02
9.198301542011647598e+02
9.224897660963893031e+02
9.236862047808441503e+02
9.237239716164245920e+02
9.249807439040573627e+02
9.269639861075237377e+02
9.452818680350096656e+02
9.619431425532502544e+02
9.696743104645524909e+02
9.702656464426605680e+02
9.704663806737860341e+02
9.724649562791648805e+02
9.725337565868770753e+02
9.768811760308907424e+02
9.960161616129066715e+02
9.978337697422342671e+02
1.004242931740810263e+03
1.005936005979821630e+03
1.008221149533554239e+03
1.009163420414566417e+03
1.010037390990102722e+03
1.016088418053571900e+03
1.017551291262999712e+03
1.020333637040489862e+03
1.022832648217420910e+03
1.023141416265065459e+03
1.024349255000507355e+03
1.024670256436199679e+03
1.026672065389373074e+03
1.027455035557906513e+03
1.028200605559165751e+03
1.029893779798624337e+03
1.031023251516900245e+03
1.039345655405862999e+03
1.045585683314646303e+03
1.046419720378245074e+03
1.048175494897685894e+03
1.056198397447116804e+03
1.065689639897092093e+03
1.065923474276259185e+03
1.067739849066737406e+03
1.068297818228944379e+03
1.069200622266772825e+03
1.073472741374002680e+03
1.074525679416645062e+03
1.075844151980234756e+03
1.078252762752846138e+03
1.079770702875229745e+03
1.081205175957636584e+03
1.082171180278131033e+03
1.082213947136074239e+03
1.082710582690630645e+03
1.086330365546926032e+03
1.086633666903454014e+03
1.086686867141394259e+03
1.088957110628485680e+03
1.090985119698840208e+03
1.093196529589462671e+03
1.093841265806405545e+03
1.099193356410519073e+03
1.099609991607270786e+03
1.100471395459935138e+03
1.104003677924881458e+03
1.104787548097439867e+03
1.107572893888347608e+03
1.110154972103466207e+03
1.111806112821594752e+03
1.113673854508480190e+03
1.114122523181836186e+03
1.119485380500771043e+03
1.121097154376163189e+03
1.123024962998367073e+03
1.124407669182577820e+03
1.127318648868721766e+03
1.128970756257840549e+03
1.131288566624343503e+03
1.131391800419394031e+03
1.133900744974085910e+03
1.143025719119244286e+03
1.143319787101142083e+03
1.146296600415063040e+03
1.146606235133250721e+03
1.146965136738452884e+03
1.147845374008683848e+03
1.160052228604346737e+03
1.163573844354919174e+03
1.164473581712365331e+03
1.166626224673483193e+03
1.168167231565700604e+03
1.168390599231388251e+03
1.172196282919132955e+03
1.175325396914224939e+03
1.177482939897258802e+03
1.180857788324741477e+03
1.184003235726218691e+03
1.186126145221019442e+03
1.186243045743861785e+03
1.186740847970302866e+03
1.187151016471465255e+03
1.188650856512895189e+03
1.193449844643235110e+03
1.201240812821996542e+03
1.203698757148587674e+03
1.204409660328131622e+03
1.211115390319786911e+03
1.217304851335740977e+03
1.217547352420337120e+03
1.217623619428111169e+03
1.218588157075379058e+03
1.218591423756656013e+03
1.219074659251280309e+03
1.222114006178218688e+03
1.222542141426404669e+03
1.224564583805195298e+03
1.225225453427628736e+03
1.225838656170203421e+03
1.226549526016264963e+03
1.231594415246407834e+03
1.232100484176488635e+03
1.232608753116409162e+03
1.235323731925931042e+03
1.242651598033449091e+03
1.243661802551630899e+03
1.247134651417424720e+03
1.249083660134446973e+03
1.249404428235762225e+03
1.253739180956456721e+03
1.261254581236062450e+03
1.261621882878834413e+03
1.261750550120970502e+03
1.264382795227129236e+03
1.265513400283807186e+03
1.267862610790748477e+03
1.268227312421891611e+03
1.272032996109636315e+03
1.273007067132876045e+03
1.274575374147193997e+03
1.276201381419579093e+03
1.276836217592243429e+03
1.277430920252075794e+03
1.278404524606561608e+03
1.278498291692605335e+03
1.283369413478899560e+03
1.283545880934824254e+03
1.284453551661085612e+03
1.288118701386953035e+03
1.289782108826611648e+03
1.290269644340467948e+03
1.291548483393461993e+03
1.292118285941927297e+03
1.296805806907059150e+03
1.297790844646014648e+03
1.299546552498490655e+03
1.300630524013264903e+03
1.300829824904646557e+03
1.300845291640488540e+03
1.302904467516904788e+03
1.308105390778249557e+03
1.315315723026759315e+03
1.315528323977625860e+03
1.318118535562454554e+03
1.321123815670360955e+03
1.321191449306188588e+03
1.325513401969634288e+03
1.326064037765709145e+03
1.327282143213736163e+03
1.328549615549225337e+03
1.330451590722554783e+03
1.331084826888063162e+03
1.331940330714339325e+03
1.332068031285485631e+03
1.340512502387065751e+03
1.345067889427889895e+03
1.347264265917941202e+03
1.347866468611317714e+03
1.353353726486639289e+03
1.356146538977608998e+03
1.361680863730105784e+03
1.362111932324744430e+03
1.362648968059992512e+03
1.367756324236187993e+03
1.373684517416944118e+03
1.375520025626330835e+03
1.378765406808099215e+03
1.378943274270285428e+03
1.378952974313669301e+03
1.379105141660910931e+03
1.380065645956806065e+03
1.381526652491218329e+03
1.393521172803874151e+03
1.394634944451930551e+03
1.395865483288899895e+03
1.396019950646428242e+03
1.396213718179728403e+03
1.396809520844480176e+03
1.397107355509891704e+03
1.399686333711144925e+03
1.400021401876417940e+03
1.404127820242544203e+03
1.404869723560737611e+03
1.405952895071933881e+03
1.407558935588349868e+03
1.409741178681855899e+03
1.411269585517718724e+03
1.413759696654843992e+03
1.422292334817421761e+03
1.424051576019034428e+03
1.424474944579234489e+03
1.428275228242827097e+03
1.431338341942730267e+03
1.435069991966022826e+03
1.438342839937304234e+03
1.442140090253997187e+03
1.447451147341253090e+03
1.455191348626290846e+03
1.456350720478296353e+03
1.458277995764781508e+03
1.460042470323133784e+03
1.460420072011972934e+03
1.460423538694144327e+03
1.464448490029239338e+03
1.467634137610513562e+03
1.477083079871299333e+03
1.478053117543166309e+03
1.478067917609360393e+03
1.480919363695904394e+03
1.482274503090154894e+03
1.486779089903772729e+03
1.491042208970749243e+03
1.492295147907904038e+03
1.495534095727565727e+03
1.496359632753147707e+03
1.499503446813986329e+03
1.499925748702748933e+03
1.500338850550364214e+03
1.501056220425497258e+03
1.505273305953253839e+03
1.506559811707204062e+03
1.506680745581419160e+03
1.507439948976987807e+03
1.509464324697758684e+03
1.510971798106662845e+03
1.516784257436461303e+03
1.518217030511264738e+03
1.523847722361434080e+03
1.524276490945786009e+03
1.528395142699960161e+03
1.542034537036049642e+03
1.544984550230105924e+03
1.546337756282375949e+03
1.549258936014140090e+03
1.550595008656447135e+03
1.551974281491968668e+03
1.559828949955632197e+03
1.561230889559198431e+03
1.563168498225233407e+03
1.563299065475867565e+03
1.563329932280587400e+03
1.564445103934905546e+03
1.564528170973092983e+03
1.566097977994119901e+03
1.566258478711965836e+03
1.566659913840734589e+03
1.566780114378336293e+03
1.568742523155290883e+03
1.569140224934028765e+03
1.582307050489868288e+03
1.588066476249138532e+03
1.590441186870130196e+03
1.592005227198698776e+03
1.598151588021885573e+03
1.599448560489315241e+03
1.605889355962706531e+03
1.606024056565160663e+03
1.606799760034526571e+03
1.608436867356556832e+03
1.610623677137154345e+03
1.612194184161312023e+03
1.612880553897795608e+03
1.612893187287632600e+03
1.619630317419725998e+03
1.623032332635380044e+03
1.623043232684130999e+03
1.623200900055971715e+03
1.624469872398169855e+03
1.624796040523636748e+03
1.625808211717280983e+03
1.626750582598740721e+03
1.627878754311202101e+03
1.628128422094518100e+03
1.630600299816760526e+03
1.633584779831637434e+03
1.633680513593144042e+03
1.635198953717763743e+03
1.636040190813565005e+03
1.636806427573923884e+03
1.636823527650404685e+03
1.638551802046850298e+03
1.638665869223686968e+03
1.639297072046767880e+03
1.639788340910654824e+03
1.640994679639388096e+03
1.641304647692399612e+03
1.641451081680665084e+03
1.642265085321330162e+03
1.642271118681647977e+03
1.643498124169480661e+03
1.643610791340056039e+03
1.643702858418496589e+03
1.644535895477622716e+03
1.645260332051028627e+03
1.645886501518264140e+03
1.645916834987265247e+03
1.650570122465953091e+03
1.653190267517993561e+03
1.658751825725626531e+03
1.659521195833332968e+03
1.659716730041201117e+03
1.663296212717252274e+03
1.663614580807833590e+03
1.667570165166014931e+03
1.673365791087192065e+03
1.679967920615489902e+03
1.682013929766350657e+03
1.687228419755039795e+03
1.689575396918659180e+03
1.690137932767957636e+03
1.693706748729634683e+03
1.696522194655166686e+03
1.696533961374460432e+03
1.696538194726727625e+03
1.702376254171023675e+03
1.704158928810776615e+03
1.710929492425736271e+03
1.711405861222982139e+03
1.713116902209017098e+03
1.713245236116329124e+03
1.713671071354228161e+03
1.714163273555623164e+03
1.718074257714328269e+03
1.720608469048693678e+03
1.723782649912015813e+03
1.724560720058633251e+03
1.731790119059086464e+03
1.737591978341476079e+03
1.740083722819239711e+03
1.740220090095814612e+03
1.741775430385471964e+03
1.743536438261652620e+03
1.743610571926551756e+03
1.745355279729829817e+03
1.745893782138304232e+03
1.751597740982829691e+03
1.752532811831639492e+03
1.754478420533455164e+03
1.755702192673493300e+03
1.757363333436347602e+03
1.759026174206805081e+03
1.761611019100964313e+03
1.761788719895738495e+03
1.775164379718931514e+03
1.775209946589397759e+03
1.775762182392628574e+03
1.780699204473664395e+03
1.789881378874653365e+03
1.791078184227414795e+03
1.792588324314912370e+03
1.792691224775138835e+03
1.793511161775674509e+03
1.796067006540129341e+03
1.796379307936910209e+03
1.798095415612272973e+03
1.798457617232234725e+03
1.804430543946396938e+03
1.807759492168589077e+03
1.810818839184978742e+03
1.811570442546556023e+03
1.813784852450595963e+03
1.814169254169848500e+03
1.818212172251967104e+03
1.818695707747933284e+03
1.820046447122504333e+03
1.826579843010054901e+03
1.828387217760280009e+03
1.836251419599915153e+03
1.841336775677714286e+03
1.850292115730843989e+03
1.851770689010490742e+03
1.859754124716737579e+03
1.860094926240986752e+03
1.860102592941943158e+03
1.860161593205824147e+03
1.860737429114607494e+03
1.864930314534127774e+03
1.865288882804505874e+03
1.869780202892120997e+03
1.869802436324894416e+03
1.870184804701719486e+03
1.872140946783979416e+03
1.872389247894516302e+03
1.872389914564164656e+03
1.873759920691574052e+03
1.873791087497635544e+03
1.875362061190547138e+03
1.875479728383485281e+03
1.877341536710499895e+03
1.888870754942073063e+03
1.889367923832347969e+03
1.889911359596220336e+03
1.895539751436102733e+03
1.896355588418300840e+03
1.899562102759569143e+03
1.899567636117650636e+03
1.900842175151412675e+03
1.905918564522441102e+03
1.906018864971038965e+03
1.906216899190088725e+03
1.911586256538095085e+03
1.913698432651556914e+03
1.916130910197580079e+03
1.917826151112948764e+03
1.919469825131015568e+03
1.922070170094499645e+03
1.924167246140425732e+03
1.925099050307958578e+03
1.925346618081882298e+03
1.927424660709347563e+03
1.929576537000370081e+03
1.931568445909265165e+03
1.931658146310453958e+03
1.932063714791042230e+03
1.932394016268329324e+03
1.938711077854982250e+03
1.941236355816059358e+03
1.946168844543486330e+03
1.949653893463845407e+03
1.950017128421761981e+03
1.950723631581626705e+03
1.952689207039411031e+03
1.952722507188347436e+03
1.953197509312814191e+03
1.956126455745981730e+03
1.956409557012163759e+03
1.956629957997916563e+03
1.957503028569427215e+03
1.962002582027199878e+03
1.965555664585175464e+03
1.967147105036292487e+03
1.973214465506146780e+03
1.974146603008503689e+03
1.978210954519817506e+03
1.979086358435097736e+03
1.979613660793479539e+03
1.981204267907535950e+03
1.982708741303021952e+03
1.982781708296036413e+03
1.984371382072584993e+03
1.985975922582292469e+03
1.990165541320535795e+03
1.993314855405973503e+03
1.994479627282130650e+03
1.994893162465017213e+03
1.994949196048963131e+03
1.997536240952961862e+03
1.998174843809139702e+03
1.999732284108189333e+03
1.999792351043507779e+03
2.003644001603507832e+03
2.004270937740839145e+03
2.008818158078470560e+03
2.015863289588113048e+03
2.026419303466989277e+03
2.029021715106382999e+03
2.033433001502711022e+03
2.033749802919618560e+03
2.036341481177673586e+03
2.041242036428943265e+03
2.041249036460251318e+03
2.041361236962072780e+03
2.044313850167757437e+03
2.046896328384664912e+03
2.047363797142105113e+03
2.047547997965950799e+03
2.049965842113192139e+03
2.051099013848016511e+03
2.057592609557558717e+03
2.064799775125238739e+03
2.065219710336750268e+03
2.066535082886474811e+03
2.071612005593222420e+03
2.074117350131812600e+03
2.075698723871239054e+03
2.078086367883408911e+03
2.082335553554734815e+03
2.083297924525645612e+03
2.094987643475064488e+03
2.096962385640514185e+03
2.100082132927046132e+03
2.102336109674717136e+03
2.102950712423553796e+03
2.103094913068497135e+03
2.103209413580605542e+03
2.106861729915741307e+03
2.109693275913281468e+03
2.112342187760649722e+03
2.113256625183842516e+03
2.117595344588944499e+03
2.120552924483510196e+03
2.122237865352810786e+03
2.122826334651431353e+03
2.124307107940917831e+03
2.125455346409795311e+03
2.125734714325946243e+03
2.126776485651978419e+03
2.127105853791757454e+03
2.127232921026738040e+03
2.127704456469033175e+03
2.131286672490642559e+03
2.131705774365093021e+03
2.136712030089112886e+03
2.137289399338087151e+03
2.138978540226173209e+03
2.139750510345508246e+03
2.140383513176639553e+03
2.143807861825514010e+03
2.145043234017433861e+03
2.149283252981094847e+03
2.149860022227385798e+03
2.151957764942959784e+03
2.156974454046976916e+03
2.157092521241704162e+03
2.158178992767659565e+03
2.159561132282668950e+03
2.166616497171413812e+03
2.168663372992818040e+03
2.173885029680227035e+03
2.173977496760456233e+03
2.174887434163522357e+03
2.174997834657292969e+03
2.175503536919067756e+03
2.178460816812291341e+03
2.179973556911417290e+03
2.183564872973727233e+03
2.189141997917649405e+03
2.192271311913636055e+03
2.194108920132415278e+03
2.196220229575334088e+03
2.198391539286606985e+03
2.200171513914283423e+03
2.204649100607141918e+03
2.207539880202940367e+03
2.208836052666792057e+03
2.214122709644917904e+03
2.218977198023485016e+03
2.221846744190982463e+03
2.221952244662837529e+03
2.222465380291191650e+03
2.224759157216870335e+03
2.227742003891109107e+03
2.227787270760233696e+03
2.228702774854863947e+03
2.229516511827669547e+03
2.229605045556973437e+03
2.230478516130273874e+03
2.231019185215105153e+03
2.231139519086636938e+03
2.231209119397926770e+03
2.231714021656122895e+03
2.232046156474943018e+03
2.232205457187422326e+03
2.232311990997232442e+03
2.232396024706410117e+03
2.234276633117509391e+03
2.234771501997497126e+03
2.236607210207778280e+03
2.236708710661743680e+03
2.244468512034443393e+03
2.248708530998103470e+03
2.249329633776011633e+03
2.249362033920922840e+03
2.250280938030759444e+03
2.254426456571762628e+03
2.255249626920092851e+03
2.259766613789171060e+03
2.260850218635638157e+03
2.261483721469006014e+03
2.261592255287760963e+03
2.263655597849479818e+03
2.264107899872419239e+03
2.268522552950471436e+03
2.269028388546175393e+03
2.274751414142644535e+03
2.274975615145393022e+03
2.275156449287514533e+03
2.281443877408296885e+03
2.282435248508912082e+03
2.282791150100696541e+03
2.283115751552490110e+03
2.283166218444872356e+03
2.284565658037256981e+03
2.286004197804519208e+03
2.286356099378413546e+03
2.287684205318422300e+03
2.287830539306240553e+03
2.288622976183780338e+03
2.289921315323989802e+03
2.292934828802053289e+03
2.295087271762276941e+03
2.297100447432955207e+03
2.301726601456954086e+03
2.302142769984951883e+03
2.302909806748888514e+03
2.303332575306405488e+03
2.303905477868735488e+03
2.304045111826588254e+03
2.304183545779072574e+03
2.307950962629000969e+03
2.308626165648874576e+03
2.313448187215565213e+03
2.313939856081241487e+03
2.313940589417854881e+03
2.314142656988276940e+03
2.315974165179773081e+03
2.317515338739402523e+03
2.317557572261627229e+03
2.317721439661197564e+03
2.317981807492370081e+03
2.319538781122665569e+03
2.319965183029766195e+03
2.320628785997757859e+03
2.321390056069236380e+03
2.321864658191913804e+03
2.322377827153749877e+03
2.324372869409992745e+03
2.325366273853035182e+03
2.326691913115344960e+03
2.327099148270054684e+03
2.330323996026652821e+03
2.330489996769098070e+03
2.330734131194332804e+03
2.333582710601389408e+03
2.335530485979561945e+03
2.337162593279229441e+03
2.340655075566167397e+03
2.341075444112950208e+03
2.341477679245296713e+03
2.341716480313344164e+03
2.342220215899656068e+03
2.343371087713645011e+03
2.345069328642430719e+03
2.347501306186217789e+03
2.354249636368404481e+03
2.354449337261574783e+03
2.354820838923131305e+03
2.357254983143275695e+03
2.357532951053165107e+03
2.360248729866265421e+03
2.360431530683849360e+03
2.365337285958376469e+03
2.367489595584670496e+03
2.368559467036381648e+03
2.373999491367115752e+03
2.374194192237923744e+03
2.374372926370652749e+03
2.377179138921554568e+03
2.378989280350820536e+03
2.380141985506342280e+03
2.380794755092547803e+03
2.382930264643702685e+03
2.385199441459356422e+03
2.387680719223640608e+03
2.388337622161666786e+03
2.388858557824906256e+03
2.391470436173307007e+03
2.391598903414548658e+03
2.392056472127710549e+03
2.393814646657885532e+03
2.395353286872850731e+03
2.395770388738356360e+03
2.397112794742322876e+03
2.403664690712615538e+03
2.408248144545636023e+03
2.408304078129135178e+03
2.408825747128987587e+03
2.410132719641143012e+03
2.411136490797217903e+03
2.416819516214784471e+03
2.418713291351439238e+03
2.419409694466130986e+03
2.419414794488940970e+03
2.419896896645162997e+03
2.421636071090359110e+03
2.422216040350962430e+03
2.422558141881025676e+03
2.427193095944383003e+03
2.428692669317953914e+03
2.430551310964138793e+03
2.433198256136044620e+03
2.435664467166275244e+03
2.438097478048017365e+03
2.441060691301111547e+03
2.441558160192728337e+03
2.443315834720666771e+03
2.443817003628832481e+03
2.448238190069438588e+03
2.448691125428544183e+03
2.453135945308185001e+03
2.455737690277930596e+03
2.460260977175185417e+03
2.462970222625731367e+03
2.468718381667944413e+03
2.469393684688265239e+03
2.470232188438507819e+03
2.471754795248430128e+03
2.471796728769312267e+03
2.474301206637360337e+03
2.477604388077642398e+03
2.479027927777816330e+03
2.481919707378086969e+03
2.485477089955295014e+03
2.486155059654209253e+03
2.490312211580576786e+03
2.490684546579193466e+03
2.492262953638684394e+03
2.500316756326317773e+03
2.500582624182089148e+03
2.503377003346732181e+03
2.503583237602456848e+03
2.506285616355624825e+03
2.510417901504107704e+03
2.513525415402592444e+03
2.514153284877431361e+03
2.516641162671234724e+03
2.516841296899676763e+03
2.517109831434042007e+03
2.518934306260747690e+03
2.519135207159285528e+03
2.520337512536646045e+03
2.520972715377617078e+03
2.525093500474665689e+03
2.526017504607312731e+03
2.526647007422790011e+03
2.526677674226615181e+03
2.527838046083093104e+03
2.528903617515572478e+03
2.530319323847377291e+03
2.530369557405382238e+03
2.531072393882180677e+03
2.532672634372656375e+03
2.533106769647677538e+03
2.533779072654580887e+03
2.534322308417558361e+03
2.540834770878149811e+03
2.548106970070028638e+03
2.555105368037320659e+03
2.556783942211479371e+03
2.556913542791123746e+03
2.557475178636396322e+03
2.557626679313989371e+03
2.557640512709193445e+03
2.559095519216770299e+03
2.560221890921181057e+03
2.560248857708457763e+03
2.562500701113254308e+03
2.564302742506292361e+03
2.564309242535363865e+03
2.564399909607542668e+03
2.564980712205206601e+03
2.566523519105473952e+03
2.567538256977264609e+03
2.567563823758279796e+03
2.571026572578900868e+03
2.571312840525912634e+03
2.574003785894611156e+03
2.574173119985297944e+03
2.577652902215434551e+03
2.578408405594454962e+03
2.579428476823432447e+03
2.581056184103420492e+03
2.581993388295105433e+03
2.582586424280816573e+03
2.583778629613004341e+03
2.583874763376300052e+03
2.584075697608320297e+03
2.584669666931538814e+03
2.585111768908858721e+03
2.586376141230482972e+03
2.586455841586946008e+03
2.586973277234531452e+03
2.593707507353654819e+03
2.599910035094716932e+03
2.600067835800487046e+03
2.601203007544256707e+03
2.603971053257789208e+03
2.608751707972798613e+03
2.609378077440928791e+03
2.615643838798139313e+03
2.616104774193025605e+03
2.616323141836350715e+03
2.616461142453564207e+03
2.616660543345392853e+03
2.617253579331103992e+03
2.618590218642611944e+03
2.630439138304062908e+03
2.630745573007938219e+03
2.633748053103321581e+03
2.634942391778383808e+03
2.635537594440452722e+03
2.637246135415306071e+03
2.637641970519028291e+03
2.637749204331969395e+03
2.641102219328467982e+03
2.643621230594850203e+03
2.645044436960199619e+03
2.646200508797445764e+03
2.652585937356539489e+03
2.654733246960470296e+03
2.655567017356210272e+03
2.658455763609580572e+03
2.659135833317887318e+03
2.659388701115515232e+03
2.659496434930692885e+03
2.660682006899879525e+03
2.660921274636680664e+03
2.661850645459996940e+03
2.666169064774306207e+03
2.667467503914962435e+03
2.667492704027671152e+03
2.669106677912902796e+03
2.669799147676669236e+03
2.670054015483242438e+03
2.670099149018437856e+03
2.670958552862156921e+03
2.671602055740250307e+03
2.673895665998517416e+03
2.677599882565778898e+03
2.677796150110260442e+03
2.678055517936960314e+03
2.679829659205214284e+03
2.680467295390401887e+03
2.684612047261309726e+03
2.685639585190348953e+03
2.686611156202407528e+03
2.687876128526715092e+03
2.688006095774665937e+03
2.693603654143310905e+03
2.694998193713779983e+03
2.701124721114927979e+03
2.701405822372164494e+03
