1.182475977607948714e+01
2.125423528313276123e+01
2.128603542536021465e+01
2.844973413196619205e+01
2.884836924821160054e+01
2.885150259555896213e+01
2.941550511808361534e+01
2.948100541103638861e+01
2.975050661639169647e+01
2.990880732439817535e+01
2.991537402043465832e+01
2.991830736688750747e+01
2.992157404816454047e+01
2.992587406739655620e+01
2.993477410720235099e+01
2.994950750643142356e+01
3.001590780340950460e+01
4.327690044708193540e+01
4.331160060227981745e+01
5.218634029492084636e+01
5.590995694895062229e+01
8.691189560640590628e+01
9.684364002654437797e+01
1.002148551044435010e+02
1.002830887429546038e+02
1.027146662849525853e+02
1.077866223028193815e+02
1.077893556483777218e+02
1.114069384948335681e+02
1.710806720547463158e+02
1.846229992900327375e+02
1.892785534455249206e+02
1.930211701845333891e+02
2.036177175780306925e+02
2.094243102149235369e+02
2.183208166715839695e+02
2.253125812758742086e+02
2.297655011917430556e+02
2.308682727906013952e+02
2.308709394691948944e+02
2.344466887952152661e+02
2.383957064573603759e+02
2.385068402877444100e+02
2.386082740747445428e+02
2.418763220245577372e+02
2.418789887031512365e+02
2.481406500420243617e+02
2.481631501426570026e+02
2.482738839712519905e+02
2.588739647138856981e+02
2.718764562014009698e+02
2.718830562309198626e+02
2.754211720552895031e+02
2.791638221277804064e+02
2.890417663072950631e+02
2.902117382067095264e+02
2.902154715567403969e+02
2.913175098189855134e+02
2.979129059838348894e+02
2.979186060093284709e+02
2.991484448431669421e+02
2.991510448547956003e+02
2.991552782070627927e+02
2.992954121671510279e+02
3.023516258361933069e+02
3.023539258464801947e+02
3.023692925818752428e+02
3.041113003730772562e+02
3.069003461805335178e+02
3.080416512850679283e+02
3.080441179627669044e+02
3.116112339168408312e+02
3.116142339302584787e+02
3.186181319221491890e+02
3.186264319592714287e+02
3.205286738004601830e+02
3.205314404795009864e+02
3.208632419634968187e+02
3.213290107133335596e+02
3.213314440575501294e+02
3.288572443836706043e+02
3.289437447705471413e+02
3.317085571362850374e+02
3.371748815846476646e+02
3.373239489180241435e+02
3.379507517214256609e+02
3.379736518238473195e+02
3.382325529817934466e+02
3.382352863273518437e+02
3.383044533033706216e+02
3.383081199864367363e+02
3.439340118151376942e+02
3.459801876334104804e+02
3.459907543473372016e+02
3.506124750181743934e+02
3.509866433583244998e+02
3.583402429142698793e+02
3.583403095812346919e+02
3.583596096675552189e+02
3.639961015436653042e+02
3.640005015633445851e+02
3.819085483244924717e+02
3.883742772427329442e+02
3.885195778925961463e+02
3.907073543441836705e+02
3.936367674461051251e+02
3.936393674577337833e+02
4.000421627611677877e+02
4.000446961058315765e+02
4.047921506723521929e+02
4.047950840188050279e+02
4.079438981020064716e+02
4.087328682973750347e+02
4.111325790301807501e+02
4.111380790547798938e+02
4.231695328659555457e+02
4.250163077923996298e+02
4.277106865097867399e+02
4.295608947849199239e+02
4.311121350562396515e+02
4.312921025278183151e+02
4.342674491685127691e+02
4.344310165667413912e+02
4.345792505630574283e+02
4.406056775165017143e+02
4.406085108625072735e+02
4.407678449084687031e+02
4.407721115942183587e+02
4.413598475562251338e+02
4.417733827391116961e+02
4.426957201976375131e+02
4.443504609318673602e+02
4.496105177910229713e+02
4.615208043936066815e+02
4.616153381497460941e+02
4.645287845135890734e+02
4.647257853946836121e+02
4.657590900161814034e+02
4.695376735827196057e+02
4.727294878582412139e+02
4.738338594642556814e+02
4.744915290723769203e+02
4.847741750619372283e+02
4.883958912602129772e+02
4.883999912785504307e+02
4.888156264708294430e+02
4.890151606965878841e+02
4.937951487419491627e+02
4.964971608268101591e+02
4.965115942246974328e+02
4.965267942926803926e+02
4.967052617575502040e+02
4.967090617745458871e+02
4.983879359500468809e+02
4.984050693600100885e+02
5.012922489397070649e+02
5.012948489513357799e+02
5.160006147234824994e+02
5.188729275700206927e+02
5.254467903052276370e+02
5.275077661896942800e+02
5.275331663032973211e+02
5.322030538562295305e+02
5.322056205343758393e+02
5.329417238266283903e+02
5.352549008390750487e+02
5.525130113600228015e+02
5.549129887606877674e+02
5.551909900040599268e+02
5.567350635766596270e+02
5.569309977863168797e+02
5.614618513840806600e+02
5.629500580401465868e+02
5.629525913848103755e+02
5.656947369825035139e+02
5.754618139994935291e+02
5.762576508922403491e+02
5.836569173190994206e+02
5.839523186402940382e+02
5.887303066767102564e+02
5.887327066874443062e+02
6.011727289926262756e+02
6.039375080248817085e+02
6.104195703495073531e+02
6.111342068790821713e+02
6.131862827237431475e+02
6.144569884070268699e+02
6.145209553597884451e+02
6.145263887174227193e+02
6.148267567274976955e+02
6.148298900748451388e+02
6.150053241928147827e+02
6.153131589029516135e+02
6.153345256651820137e+02
6.228069924194325040e+02
6.290381536218926612e+02
6.307792280755868433e+02
6.314045975392443779e+02
6.339530089371199892e+02
6.403213707532154331e+02
6.414173423216602714e+02
6.414200756672186117e+02
6.414234090154604928e+02
6.418922777791622138e+02
6.425922142429903943e+02
6.425970142644586076e+02
6.446099899342423214e+02
6.446202566468273290e+02
6.447747573378380821e+02
6.473866356862389466e+02
6.506312501979117542e+02
6.546551015280869024e+02
6.546617015576058520e+02
6.546657349089784930e+02
6.547806354228757755e+02
6.558433735093492487e+02
6.558462735223197342e+02
6.609662630883518659e+02
6.609719964473279106e+02
6.609794298139072453e+02
6.609828964960787516e+02
6.609955298859155164e+02
6.630023721949341962e+02
6.631938397179472986e+02
6.632020064211399131e+02
6.674061585577178448e+02
6.705335058782416127e+02
6.812758539238384401e+02
6.828343608943254139e+02
6.907327628869222735e+02
6.907358962342697168e+02
6.923940036502237945e+02
6.923944036520128975e+02
6.924219037750083316e+02
6.939905107906681678e+02
6.995245022083406639e+02
7.019616797753850506e+02
7.019656797932752852e+02
7.021312138669666183e+02
7.039919888560265235e+02
7.039949222024794153e+02
7.111488875322191916e+02
7.111513208764357614e+02
7.118981242165444883e+02
7.161751766791722957e+02
7.171243142575627871e+02
7.179556179756031042e+02
7.192525571095504802e+02
7.199672269726075911e+02
7.231487078685794359e+02
7.232768417749970240e+02
7.232796751210025832e+02
7.261760214083648179e+02
7.284862984078409909e+02
7.289092002992872494e+02
7.289523671590194454e+02
7.381650083629390338e+02
7.381712083906689941e+02
7.439386008522373004e+02
7.470812149077089543e+02
7.557436203173427884e+02
7.557462536624537961e+02
7.586034997749387685e+02
7.593534697958774586e+02
7.708195210782669164e+02
7.715508576825334330e+02
7.715623244004855223e+02
7.792122252816508308e+02
7.792235253321907749e+02
7.798778282585877832e+02
7.810308000819686640e+02
7.936575232221778151e+02
7.936598898994295723e+02
7.981946435146363683e+02
7.982019435472860778e+02
7.992896817455736027e+02
8.007928884687279378e+02
8.009024556254382787e+02
8.009083889853088749e+02
8.044420047895519019e+02
8.059565782302109938e+02
8.059591449083571888e+02
8.085074563057855812e+02
8.138249800886310368e+02
8.138276467672245644e+02
8.178000312005452770e+02
8.183200335262771432e+02
8.183332669187974489e+02
8.183379669398184433e+02
8.183991338800567519e+02
8.216443150609306940e+02
8.217081486797626440e+02
8.217194487303025880e+02
8.217223154097904398e+02
8.338334029104645424e+02
8.352937761087108584e+02
8.371723845108648447e+02
8.410242017382770428e+02
8.410267350829408315e+02
8.474530638249623280e+02
8.496968738604956570e+02
8.503952103171677663e+02
8.503977436618315551e+02
8.523220522683815261e+02
8.599370529934544720e+02
8.690591937926072887e+02
8.721983744993898426e+02
8.778797665763178202e+02
8.815759497743171096e+02
8.861284034686881341e+02
8.930578677943378807e+02
8.952033107232535940e+02
9.023850095103656486e+02
9.023874761880646247e+02
9.030057122864845951e+02
9.031187127918839224e+02
9.098982431136142850e+02
9.183976144607381684e+02
9.223078986163127411e+02
9.225802331676736685e+02
9.329831463618006637e+02
9.329858130403941914e+02
9.330680800750035360e+02
9.383088368478387338e+02
9.446345984734030026e+02
9.514147287978167924e+02
9.651943237609596054e+02
9.813311626003066976e+02
9.813350959512321197e+02
9.858263160384001367e+02
9.912905404773703140e+02
9.912928738211395512e+02
9.940145526606276007e+02
9.945127215553752649e+02
9.964587635924623328e+02
9.986576400936952496e+02
1.006273540822793620e+03
1.006276707503623356e+03
1.008768385314422289e+03
1.012741269749979097e+03
1.012901703800860446e+03
1.018453528631627023e+03
1.020445837542311097e+03
1.024069887084356196e+03
1.025838428327563634e+03
1.026972700067307642e+03
1.027536169254113474e+03
1.044142043524574319e+03
1.045841484458727791e+03
1.045851484503453321e+03
1.046233752879830945e+03
1.046726021748190760e+03
1.046728855094196206e+03
1.046754355208246579e+03
1.051904211574526016e+03
1.051908944929029531e+03
1.055873295993087140e+03
1.059436511929718108e+03
1.059449411987413896e+03
1.070207993438948733e+03
1.070373660846569919e+03
1.073903443300334629e+03
1.073911176668255848e+03
1.073915843355794550e+03
1.073920910045122127e+03
1.078450996972790335e+03
1.080139737859087290e+03
1.086726800653331793e+03
1.087581571142995017e+03
1.093898799397060202e+03
1.097429081853061462e+03
1.099130422795712548e+03
1.099134356146637856e+03
1.099139389502483255e+03
1.101404466299799651e+03
1.102733905579105112e+03
1.102737172260382522e+03
1.103000440104525296e+03
1.103016340175639016e+03
1.103490508963045386e+03
1.105340317236389410e+03
1.106889724166176165e+03
1.108630165283704400e+03
1.109027967062889275e+03
1.109068867245817046e+03
1.115609863167358981e+03
1.120079116489613170e+03
1.121137754557749076e+03
1.126961947273358874e+03
1.128211819530131152e+03
1.141016176798149672e+03
1.146762035830075774e+03
1.146768669193076903e+03
1.146772535877037399e+03
1.146775335889560665e+03
1.146809769376899339e+03
1.146818136080986278e+03
1.146823236103796262e+03
1.146891669743201874e+03
1.146913703175080855e+03
1.146917569859041350e+03
1.146921769877826137e+03
1.146971903435383865e+03
1.146974536780494873e+03
1.149014879239344509e+03
1.154487570382848844e+03
1.155554108486318228e+03
1.155556908498841267e+03
1.162280805238414814e+03
1.162384239034360235e+03
1.162509139592983047e+03
1.162514639617582134e+03
1.166839858962305016e+03
1.169571871181342658e+03
1.169581504557761718e+03
1.169584304570284985e+03
1.169810705582872743e+03
1.169883239240615922e+03
1.169885605917867679e+03
1.169888072595566655e+03
1.169891039275501953e+03
1.170026373214122032e+03
1.170028506556996717e+03
1.170395441531461984e+03
1.177858174908846195e+03
1.177874474981749017e+03
1.177907875131132414e+03
1.177929508561222292e+03
1.177932708575534434e+03
1.177977008773668786e+03
1.178729078803999982e+03
1.182702929910546800e+03
1.182705363254763370e+03
1.182711596615975850e+03
1.182714829963770626e+03
1.184794272597497184e+03
1.184813106015063795e+03
1.186604380693280746e+03
1.187548984918062160e+03
1.187552118265409717e+03
1.188775190402317094e+03
1.188779590421996090e+03
1.189172292178371208e+03
1.189175792194025234e+03
1.192350206391723987e+03
1.192358973097600256e+03
1.192361339774852013e+03
1.193363344256358459e+03
1.193365477599233373e+03
1.193369544284088533e+03
1.194019780525630267e+03
1.197932831360245473e+03
1.197938831387081109e+03
1.199098169905603754e+03
1.200655010201969844e+03
1.204798195399204133e+03
1.207310039966866498e+03
1.207322640023220629e+03
1.210492287532933915e+03
1.210494754210632664e+03
1.211291624441334534e+03
1.211295757793154507e+03
1.211300924482929304e+03
1.211306424507528391e+03
1.211438725099248359e+03
1.214961540855187650e+03
1.214964474201640769e+03
1.214968440886048484e+03
1.218551056909446970e+03
1.222432774270588880e+03
1.222444640990329844e+03
1.222465041081570234e+03
1.222469374434284646e+03
1.222897776350329877e+03
1.222902709705728057e+03
1.223285644751754035e+03
1.223547545923117923e+03
1.223559412642859115e+03
1.223626846277792083e+03
1.223628912953702184e+03
1.223632146301496505e+03
1.225792989299289729e+03
1.225796722649320827e+03
1.226202091129014661e+03
1.226204624473678450e+03
1.226517625873590305e+03
1.227263162541367137e+03
1.227266262555232061e+03
1.228238700237833200e+03
1.228241333582944435e+03
1.231974516946428366e+03
1.231979250300931881e+03
1.234741395988076192e+03
1.234743695998363137e+03
1.235261898316044608e+03
1.239014981768532380e+03
1.239033715185651772e+03
1.239409283532063455e+03
1.239416550231230758e+03
1.241096157743344747e+03
1.241236391703880372e+03
1.241671360315962147e+03
1.242946132684101030e+03
1.243010599639098928e+03
1.243096000021055488e+03
1.243243467347276010e+03
1.243253234057624695e+03
1.243561268768655964e+03
1.244345872277827766e+03
1.245612544609738961e+03
1.248740525266428676e+03
1.249262960936377340e+03
1.258098633787623612e+03
1.258100833797463110e+03
1.258115533863209748e+03
1.262599287250315911e+03
1.262766321330715982e+03
1.262768788008415186e+03
1.263517424690057169e+03
1.264753096883318676e+03
1.264755463560570433e+03
1.264757930238269410e+03
1.268461346801953596e+03
1.268463513478310688e+03
1.268549780530810494e+03
1.272641432164225080e+03
1.272781499457348446e+03
1.273093100850998553e+03
1.276775717321653474e+03
1.276828850892628907e+03
1.276852284330769180e+03
1.277950889244325253e+03
1.277953422588989042e+03
1.278034022949477503e+03
1.278036389626729260e+03
1.278101623251822730e+03
1.278104456597828175e+03
1.278107056609457004e+03
1.278139823422674681e+03
1.278166256874232431e+03
1.278168423550589978e+03
1.278251657256189446e+03
1.278254190600853235e+03
1.278256990613376274e+03
1.278257423948647784e+03
1.278325157584922636e+03
1.278341124323001168e+03
1.278344491004725569e+03
1.282557676515039020e+03
1.282562043201235838e+03
1.282684010413405758e+03
1.282688010431296107e+03
1.284558885465528874e+03
1.286082425612958559e+03
1.286084825623692723e+03
1.286087625636215989e+03
1.288285735467353334e+03
1.288296635516104288e+03
1.288566636723695865e+03
1.288569436736218904e+03
1.288574270091169865e+03
1.288587603484137162e+03
1.288589903494424107e+03
1.288594236847138518e+03
1.289721275221197629e+03
1.292557554573241305e+03
1.292564121269277848e+03
1.296036703467212192e+03
1.296041370154750894e+03
1.296491172166508932e+03
1.296517872285926387e+03
1.296994674418443537e+03
1.297538676851517039e+03
1.299203284296542961e+03
1.299211684334112306e+03
1.299261617890775597e+03
1.303263469122554397e+03
1.303316702693977049e+03
1.307106252976231190e+03
1.307109086322236635e+03
1.307112786338785099e+03
1.308346791857926064e+03
1.308349925205273166e+03
1.309219362427200622e+03
1.309222262440171107e+03
1.315289156241271485e+03
1.316208893688168928e+03
1.316211227031938051e+03
1.317436799180027037e+03
1.322398488038052619e+03
1.322410221423863959e+03
1.322420354802519341e+03
1.324132729127851235e+03
1.326937441672044088e+03
1.326947175048910367e+03
1.327566977821004230e+03
1.328822583436752211e+03
1.328870316983575776e+03
1.328873916999677022e+03
1.331530362214071829e+03
1.331534095564102472e+03
1.333919272898573581e+03
1.334441075232356297e+03
1.338508126755746162e+03
1.340733836710326159e+03
1.346964131242243184e+03
1.346985264670096512e+03
1.347078998422658060e+03
1.347081331766427411e+03
1.350209945759283073e+03
1.352739623740039178e+03
1.354669765706012640e+03
1.354726965961843234e+03
1.354729765974366273e+03
1.354732665987336759e+03
1.354741466026695434e+03
1.355776837324103099e+03
1.358866384475564018e+03
1.363268370830297044e+03
1.363276204198665482e+03
1.363843873404256101e+03
1.366234884098150587e+03
1.366302117732189117e+03
1.376070694755887871e+03
1.376072994766174816e+03
1.376085461488599321e+03
1.376758797833457493e+03
1.378076303726057176e+03
1.378084170427908020e+03
1.378414405238230302e+03
1.386321040600984588e+03
1.392279700584671446e+03
1.396585886510933051e+03
1.396588753190421130e+03
1.402648213624942400e+03
1.402651413639254542e+03
1.402730747327411109e+03
1.404065019961667531e+03
1.405092057888470436e+03
1.408824274580964357e+03
1.410680616216862518e+03
1.410684682901717451e+03
1.410687849582547415e+03
1.410692349602674085e+03
1.415295403523356754e+03
1.415301503550639154e+03
1.415306236905142669e+03
1.415308503581947207e+03
1.417787681336839114e+03
1.417793748030639335e+03
1.420666027543695236e+03
1.428465562427438044e+03
1.428473062460982419e+03
1.434028420640885315e+03
1.434030687317689626e+03
1.434035487339158180e+03
1.435787161840261433e+03
1.439870713437448558e+03
1.439873380116041972e+03
1.439889813522874420e+03
1.441489720678525600e+03
1.441492687358460671e+03
1.441514920791234090e+03
1.441517920804651794e+03
1.441640254685128411e+03
1.441659854772790595e+03
1.447071045641232786e+03
1.448125050355312396e+03
1.448127250365152122e+03
1.448131117049112618e+03
1.450757062127094059e+03
1.450860629256969105e+03
1.450862929267256050e+03
1.457350224948621417e+03
1.457454225413767745e+03
1.457513125677201742e+03
1.458693197621789068e+03
1.458711364369707098e+03
1.458746397859729313e+03
1.458862165044169615e+03
1.458864565054903778e+03
1.458868565072793899e+03
1.459165599734626994e+03
1.459168033078843564e+03
1.459170766424402018e+03
1.459206399917107547e+03
1.460102337257557792e+03
1.464873491930077989e+03
1.465025325942495328e+03
1.466648866537181220e+03
1.466652466553282466e+03
1.466668199956984154e+03
1.466670799968612755e+03
1.467511503728695288e+03
1.472147957798761581e+03
1.472150424476460330e+03
1.472276191705626388e+03
1.472454692503978549e+03
1.474984570485629092e+03
1.475081037583748866e+03
1.475083670928860101e+03
1.478551386438361305e+03
1.478559186473247337e+03
1.486326954548245340e+03
1.486331087900065086e+03
1.492592115902772548e+03
1.492594482580024078e+03
1.492599949271140986e+03
1.494324623651485126e+03
1.496057398068057182e+03
1.496382666189499105e+03
1.496387866212756080e+03
1.496478966620206620e+03
1.496534533535398623e+03
1.500930719864190905e+03
1.500986986782513668e+03
1.500993886813374274e+03
1.501001886849154744e+03
1.501285521451055729e+03
1.505274972627374609e+03
1.506045342739553689e+03
1.509471624730408394e+03
1.511514067198650309e+03
1.511520733895134072e+03
1.511654634494009997e+03
1.514890115631500066e+03
1.514974916010773313e+03
1.518578732128990396e+03
1.518586665497806052e+03
1.518591165517932495e+03
1.518617732303420325e+03
1.518620365648531333e+03
1.518658565819383057e+03
1.518703732688060427e+03
1.518708666043458379e+03
1.518913433625956486e+03
1.519023534118385669e+03
1.520323639933162667e+03
1.520326473279168113e+03
1.522343715634701766e+03
1.522347515651697449e+03
1.522488616282775865e+03
1.522495049644882556e+03
1.527394738225609444e+03
1.528475976394825238e+03
1.530143617186751271e+03
1.532829295865227095e+03
1.532872396057994592e+03
1.532874729401763943e+03
1.532882862771474038e+03
1.532885029447831130e+03
1.532887996127766428e+03
1.532974929849914361e+03
1.539134557399104096e+03
1.539137757413416011e+03
1.539996127919180253e+03
1.544248346937406268e+03
1.544267113688007839e+03
1.544737915793689808e+03
1.545532719348481578e+03
1.555714131551936362e+03
1.555886698990417926e+03
1.557121271178760026e+03
1.558973412795873401e+03
1.561919025970250459e+03
1.564078802296606227e+03
1.564156569311089015e+03
1.566879848157733250e+03
1.567031282168361258e+03
1.567037715530468176e+03
1.568824823523382747e+03
1.569027191095146918e+03
1.570256129924960078e+03
1.570895632785163116e+03
1.571255201060013860e+03
1.571826970283941819e+03
1.571830036964324563e+03
1.571832236974164061e+03
1.573136909476032542e+03
1.573919412975811838e+03
1.576500657853869825e+03
1.576503724534252342e+03
1.576509091224921804e+03
1.576511157900831677e+03
1.577681329801140691e+03
1.577685396485995852e+03
1.580789443702308972e+03
1.581293179288620649e+03
1.581297145973028364e+03
1.581304979341396802e+03
1.581314412716921424e+03
1.581320879412510521e+03
1.588785712799287012e+03
1.588985013690668893e+03
1.588987947037121558e+03
1.590571020784150960e+03
1.590577320812328253e+03
1.590586954188747086e+03
1.590589987535647424e+03
1.591619125471842835e+03
1.591627192174588117e+03
1.591629725519251906e+03
1.593121032189182870e+03
1.593123898868670722e+03
1.593253566115279455e+03
1.597953520469353407e+03
1.597955720479193133e+03
1.597960320499767022e+03
1.597982520599057807e+03
1.597991887307617390e+03
1.598036387506646633e+03
1.598039454187029150e+03
1.598045020878592823e+03
1.598099554455830003e+03
1.598102054467011385e+03
1.598104787812569612e+03
1.599285526426805518e+03
1.599984529553125867e+03
1.599987662900473197e+03
1.600872966860031966e+03
1.600883400240029005e+03
1.600887366924436719e+03
1.600887533591848978e+03
1.607390696010845431e+03
1.607396029368032714e+03
1.608903402776489202e+03
1.609925874016200851e+03
1.612964954275279979e+03
1.612968954293170100e+03
1.612972420975341720e+03
1.614498461133953015e+03
1.614524694584616554e+03
1.614527494597139594e+03
1.614530327943145039e+03
1.614560094742945239e+03
1.614610128300055749e+03
1.614613961650533838e+03
1.614834029301462124e+03
1.620046752615583273e+03
1.620049185959799843e+03
1.621217191183751538e+03
1.621219757861897733e+03
1.624634873136142460e+03
1.624637306480358802e+03
1.624681440011081349e+03
1.626974583600594315e+03
1.629698129115097800e+03
1.629710662504487118e+03
1.629713062515221509e+03
1.635058653090263533e+03
1.635794223046797242e+03
1.636025924083089649e+03
1.637812965409039407e+03
1.642147551462321871e+03
1.642149918139573629e+03
1.642898521487732978e+03
1.645981801944499239e+03
1.647240807575454255e+03
1.647244040923248804e+03
1.647709009669507395e+03
1.647712043016407733e+03
1.647715209697237469e+03
1.647717476374041780e+03
1.651577860306435468e+03
1.653453268694277313e+03
1.661995906901580611e+03
1.663854615214730529e+03
1.663856848558052661e+03
1.663860515241118719e+03
1.663862681917475811e+03
1.663867248604567294e+03
1.663932915564932046e+03
1.664464751276922698e+03
1.664466817952832798e+03
1.664469384630978993e+03
1.669790608430372913e+03
1.669815775209598996e+03
1.670771212816166553e+03
1.671707417003378623e+03
1.673046889660892248e+03
1.674214094881265964e+03
1.674745530591467514e+03
1.678987182895766637e+03
1.678990749578385476e+03
1.684277339889546283e+03
1.684395040415966832e+03
1.684399940437882378e+03
1.685589912426748015e+03
1.685592212437034959e+03
1.685608245842078304e+03
1.685611812524697143e+03
1.689331795829143175e+03
1.689334262506842379e+03
1.689338195857767687e+03
1.689824931368045782e+03
1.689847798136984920e+03
1.689856931511167659e+03
1.690012798874957525e+03
1.693728982162407874e+03
1.695426123086274401e+03
1.695430689773365884e+03
1.695446389843584939e+03
1.700633213041866838e+03
1.700638679732983292e+03
1.700645013094642991e+03
1.700659513159495191e+03
1.701732084623281935e+03
1.701735017969734827e+03
1.701894418682661126e+03
1.701896785359912883e+03
1.701913152099780518e+03
1.703786827146536325e+03
1.703794727181869803e+03
1.703799293868961058e+03
1.704148728765156420e+03
1.704151462110714874e+03
1.710779358420922335e+03
1.712342298744571053e+03
1.714379141187766663e+03
1.715189711479742527e+03
1.715883281248428830e+03
1.715886014593987056e+03
1.715900814660180913e+03
1.715972081645592198e+03
1.715983248362202403e+03
1.715985581705971754e+03
1.717404788053430821e+03
1.717408654737391544e+03
1.717415588101734556e+03
1.718178124845544971e+03
1.718180924858068238e+03
1.719769131961390485e+03
1.719772298642220221e+03
1.720469301759595510e+03
1.720476035123044085e+03
1.722725578517553458e+03
1.722893012599742633e+03
1.728705038594269809e+03
1.728798305678077213e+03
1.734337030450253224e+03
1.734461264339227910e+03
1.740923926577085922e+03
1.740926693256126555e+03
1.740937526637912697e+03
1.745334079635011449e+03
1.745374746483562149e+03
1.745380379842091088e+03
1.762612123578445562e+03
1.762615890261958839e+03
1.768040614524262992e+03
1.774484176676695142e+03
1.778182993219805212e+03
1.778197393284210193e+03
1.778200226630215866e+03
1.784098719678137059e+03
1.784148819902212381e+03
1.790898750091555030e+03
1.802366834716372068e+03
1.835360215613968649e+03
1.841475809632882829e+03
1.841512176462201751e+03
1.841560110009919754e+03
1.841562510020653690e+03
1.841660010456728514e+03
1.841711944022337093e+03
1.841995645291202663e+03
1.842000545313118209e+03
1.842089012375457514e+03
1.842626981448212973e+03
1.852301524718008750e+03
1.852929394192847667e+03
1.866713422509152224e+03
1.868407396752188788e+03
1.868414063448672550e+03
1.869797902971285566e+03
1.869800269648537096e+03
1.870085304256699601e+03
1.870090104278167928e+03
1.872352247729031660e+03
1.872471348261713729e+03
1.872529081853263051e+03
1.872583915431841660e+03
1.872759082881952054e+03
1.874260089595266891e+03
1.874315856511353331e+03
1.880673351612180113e+03
1.884648502724541459e+03
1.889578191439445391e+03
1.891291599102732107e+03
1.897106525110229541e+03
1.900767041482040895e+03
1.903819288466675289e+03
1.910649819016506171e+03
1.911504789507063833e+03
1.913901833561276135e+03
1.914249201781561396e+03
1.914257201817341866e+03
1.914260268497724383e+03
1.914263035176765243e+03
1.914540303083523895e+03
1.915120672345916319e+03
1.915123839026746055e+03
1.916001142950524127e+03
1.922414471634402616e+03
1.923711044100043182e+03
1.925749619884324602e+03
1.925860853715155827e+03
1.927355060398057276e+03
1.934140524079658007e+03
1.938081241704680906e+03
1.941725491337071617e+03
1.944261436012522609e+03
1.950353863261155993e+03
1.950975832709606948e+03
1.951816736470583692e+03
1.952563839812034303e+03
1.954737016198322408e+03
1.955442519353714488e+03
1.957208127250469033e+03
1.957766596414912101e+03
1.958406999279140564e+03
1.958409799291663603e+03
1.970471753239252394e+03
1.971428390851187260e+03
1.971487557782480508e+03
1.971490657796345204e+03
1.971502591183051436e+03
1.971505024527267778e+03
1.972383695123824964e+03
1.973596933883419069e+03
1.973600133897731439e+03
1.979829128423834163e+03
1.979831361767156068e+03
1.981768403763990136e+03
1.982062905081159442e+03
1.985413186732099575e+03
1.994602394497878777e+03
1.995982634004390547e+03
1.996706437241630510e+03
2.002096461348736739e+03
2.005616310424740959e+03
2.006936149661109766e+03
2.006942683023663903e+03
2.011818171496154719e+03
2.012882242921924899e+03
2.012982676704452615e+03
2.047966566504682760e+03
2.061346293012730712e+03
2.061354593049853065e+03
2.062671798941110865e+03
2.065882679968576213e+03
2.067796121859857521e+03
2.067801088548737880e+03
2.068833159831386183e+03
2.071537938595287869e+03
2.071696272636776939e+03
2.074019416360466494e+03
2.075351122316576493e+03
2.081689383998048015e+03
2.081794051132842469e+03
2.081800784496291271e+03
2.083101590314199257e+03
2.084105494804203317e+03
2.084231795369088559e+03
2.084261195500581380e+03
2.087049641305354271e+03
2.087859144925892906e+03
2.089445418687234451e+03
2.089450385376114809e+03
2.090014421232122004e+03
2.092272031329376659e+03
2.092312898178822252e+03
2.092324731565080583e+03
2.098103624078083612e+03
2.098106557424536277e+03
2.098263124791456903e+03
2.107731067137221544e+03
2.107738200502459222e+03
2.107747367210124139e+03
2.114567497713440844e+03
2.114570631060787946e+03
2.124425108468679809e+03
2.124833310294379316e+03
2.124837110311375000e+03
2.127176520774485653e+03
2.129327930396753800e+03
2.129330697075794887e+03
2.137297666041727098e+03
2.137316666126705513e+03
2.138905906567982584e+03
2.140582380732749698e+03
2.141360817547674287e+03
2.143048625096463184e+03
2.144131796607658998e+03
2.144134596620182037e+03
2.150062323132184702e+03
2.150065256478637366e+03
2.153463571677743403e+03
2.153911940349757515e+03
2.160138234863783964e+03
2.160493836454227221e+03
2.161842175818063879e+03
2.161844375827904059e+03
2.161854209205217103e+03
2.162338878039585325e+03
2.164317053553723781e+03
2.175093968420588681e+03
2.175096468431770518e+03
2.175126335232017482e+03
2.192628246843375564e+03
2.192630780188039353e+03
2.208856819426339371e+03
2.208860286108510536e+03
2.208867019471959338e+03
2.209172820839668475e+03
2.222479180352912863e+03
2.222481880364988683e+03
2.225725794873530958e+03
2.225728628219535949e+03
2.229717412726206931e+03
2.232270790812962787e+03
2.232540958687966395e+03
2.234394233643482494e+03
2.234397200323417565e+03
2.240855662542490791e+03
2.241654832783479378e+03
2.242104768129167041e+03
2.242945638556661834e+03
2.243294840118480352e+03
2.249274633530020765e+03
2.249386667364430195e+03
2.249870869530044729e+03
2.252853116201599732e+03
2.256418132146281096e+03
2.256424065506151692e+03
2.256852700756573995e+03
2.256857067442770585e+03
2.256859800788329267e+03
2.257865938621655459e+03
2.257997539210244668e+03
2.258226206899636963e+03
2.260833718561841124e+03
2.260841685264138960e+03
2.260845085279345767e+03
2.260851251973593207e+03
2.260946919068135230e+03
2.260986285910871175e+03
2.263606364295947515e+03
2.263848065376965678e+03
2.276087886786740455e+03
2.288913844151365993e+03
2.288915910827276093e+03
2.288940044268547354e+03
2.295113738547317553e+03
2.295410639875221023e+03
2.302989140437045535e+03
2.303728377076645302e+03
2.303731177089168796e+03
2.304803515218578468e+03
2.308179830319287703e+03
2.310439173757627941e+03
2.310794842015036011e+03
2.314262724191949474e+03
2.314279790934947414e+03
2.316811668925543472e+03
2.316816702281388643e+03
2.317633172599752470e+03
2.317635872611828745e+03
2.317646872661026919e+03
2.317779673254983209e+03
2.317804006697148907e+03
2.319096579144899351e+03
2.325558041377390055e+03
2.327797951395480595e+03
2.327801384744169809e+03
2.329860127285314320e+03
2.331730202315969109e+03
2.347752240641866138e+03
2.351361923452988322e+03
2.367995564514304078e+03
2.367999531198711793e+03
2.368991435635045491e+03
2.369122736222293042e+03
2.369680505383605578e+03
2.374145358686179861e+03
2.376866504189949410e+03
2.376877370905217958e+03
2.382460895877764870e+03
2.389333093280618868e+03
2.389349360020039512e+03
2.389352993369623164e+03
2.389355393380356873e+03
2.389367626768404989e+03
2.393708212848522635e+03
2.393712046199000724e+03
2.394193115017267701e+03
2.398222066370252833e+03
2.398664968351150492e+03
2.398673401722202470e+03
2.405594532677247571e+03
2.408007876804362240e+03
2.419378194325245204e+03
2.419408561127728717e+03
2.419415127823765033e+03
2.419417494501016790e+03
2.419586328589467939e+03
2.422373474388426075e+03
2.422375741065230159e+03
2.425037352969400217e+03
2.450509400227520473e+03
2.469109316749751088e+03
2.473882171429874688e+03
2.473895204821500101e+03
2.475904847143042389e+03
2.475914947188215137e+03
2.478450825196701317e+03
2.488347836128159543e+03
2.490202511089936706e+03
2.492601221818270005e+03
2.498700415763833917e+03
2.498705549120126761e+03
2.500607924295245084e+03
2.501902863420247286e+03
2.501905530098840700e+03
2.506031181884322450e+03
2.511152004787415535e+03
2.511627273579741541e+03
2.511630640261465487e+03
2.515677958363263770e+03
2.534049207196102088e+03
2.536303983947350844e+03
2.536581551855451380e+03
2.542777212899135520e+03
2.545214657134039498e+03
2.545218290483623150e+03
2.559236053178647580e+03
2.559242053205482989e+03
2.560164857332762494e+03
2.560190057445471211e+03
2.562816469192206569e+03
2.565582181561969719e+03
2.568211093319886459e+03
2.568228726732086216e+03
2.569211397793789729e+03
2.572915314359710010e+03
2.572922814393254157e+03
2.574248553656011154e+03
2.574270853755749158e+03
2.580057346302744008e+03
2.580214280337971104e+03
2.580217147017459411e+03
2.580328180847395743e+03
2.580330880859471563e+03
2.580385181102331899e+03
2.580446914711771569e+03
2.581241418265221455e+03
2.581250751640298404e+03
2.582475923786598742e+03
2.583318560888661068e+03
2.583327160927125533e+03
2.598191727409514442e+03
2.598195960761781862e+03
2.598650362794114244e+03
2.598673596231360079e+03
2.601221774294858278e+03
2.601224574307381772e+03
2.603712485434667087e+03
2.616204007970186012e+03
2.616220574710947858e+03
2.617065845158121647e+03
2.627537991995232460e+03
2.637833638042935945e+03
2.646485110070336759e+03
2.647788315898978453e+03
2.653785976057095468e+03
2.653792442752684565e+03
2.684840681617219616e+03
2.684863015050440026e+03
2.684894915193114684e+03
2.684920615308059951e+03
2.684924115323713522e+03
2.684932015359047000e+03
2.695390262133988927e+03
2.697949606914098240e+03
2.698275441704740842e+03
2.698352042047339182e+03
2.699299446284643636e+03
2.699302546298508787e+03
2.701895891230684356e+03
2.701962691529451604e+03
2.701990824988612985e+03
