1.751701856827614279e+01
1.752951862418316153e+01
2.097706737682114664e+01
2.100376749623853811e+01
2.275187531472319691e+01
2.275714200494535433e+01
2.276694204877645333e+01
2.277234207292828216e+01
2.281970895144527844e+01
2.288104255909571449e+01
2.296330959370510172e+01
2.411874809478501192e+01
2.457695014411266143e+01
3.055344354089369574e+01
3.911881518320662821e+01
4.064622201459697237e+01
4.065645539369951678e+01
4.241562992834718671e+01
4.366753552754685330e+01
4.367243554946240636e+01
4.368733561610357441e+01
5.493838593689234528e+01
6.114198034939208526e+01
6.547056637583911254e+01
7.066838962331897278e+01
7.262716505068989647e+01
7.558681162116516816e+01
7.627688137419740144e+01
8.704249619052242792e+01
9.494096485008412856e+01
1.113021046926267132e+02
1.224700879752280542e+02
1.299479214201480204e+02
1.433118145240470085e+02
1.524619554484314676e+02
1.576296785612872213e+02
1.728573800011462538e+02
1.781982038882023858e+02
1.901205572114216409e+02
1.908580271764533052e+02
1.952686135696503982e+02
1.954239809312039995e+02
1.954300142915217862e+02
1.954328809710098085e+02
1.992636314375333200e+02
2.093823100270759596e+02
2.094167101809320854e+02
2.118366876710483382e+02
2.159391393527668299e+02
2.159629727926962062e+02
2.448193018538236458e+02
2.449257689966690066e+02
2.452820705902426539e+02
2.480005160819360981e+02
2.650766257888776636e+02
2.657796956000531736e+02
2.674197362685363828e+02
2.674317696556896067e+02
2.679435719447465090e+02
2.752918381435048900e+02
2.835696084995091724e+02
2.835853752366932099e+02
2.949601594442202668e+02
2.950128263464417842e+02
2.991142780236877456e+02
3.080688514067215920e+02
3.081100849244735400e+02
3.227672171457714398e+02
3.227818838780356145e+02
3.227883839071072885e+02
3.279604070391951041e+02
3.279738070991274412e+02
3.279803071281990583e+02
3.311632880308796985e+02
3.311857881315123677e+02
3.396714927508445498e+02
3.396766927741018662e+02
3.397266263307651002e+02
3.543905585824763875e+02
3.648364053019587345e+02
3.648635387566475288e+02
3.648743721384336141e+02
3.649407057684468327e+02
3.649476724662723655e+02
3.649592058511892674e+02
3.649658725476729728e+02
3.649718725745083816e+02
3.649942060077288488e+02
3.650202394574978939e+02
3.650343728540434540e+02
3.650402728804315871e+02
3.650537729408111431e+02
3.651006398170918601e+02
3.651406399959942632e+02
3.651476733607846654e+02
3.652005735973831406e+02
3.744477149556061022e+02
3.800734401168949717e+02
3.833051545708717640e+02
3.881139094115604280e+02
3.932993659370629302e+02
3.933036659562949353e+02
3.933176993523931628e+02
3.933316327480442283e+02
3.933388994472115314e+02
3.934122664420150386e+02
3.934263331715957861e+02
3.934568999749737372e+02
3.934971668217355614e+02
3.935016668418620611e+02
3.935315003086267893e+02
3.935537670748825008e+02
3.935946672578103289e+02
4.041533478152799148e+02
4.050555851839073398e+02
4.110419786249667027e+02
4.158538001460378268e+02
4.159453338887596487e+02
4.159501339102279189e+02
4.159634339697130372e+02
4.160039341508517055e+02
4.160126341897629914e+02
4.160260342496953285e+02
4.160305342698218851e+02
4.160737011295540810e+02
4.161551014936206343e+02
4.217212930553096726e+02
4.217282930866175548e+02
4.217341597795232815e+02
4.227743977653641423e+02
4.272649178494012858e+02
4.275159523054966257e+02
4.341638487051554307e+02
4.349452855334973265e+02
4.364928257882685898e+02
4.367393602242373731e+02
4.367628603293425726e+02
4.435632907445494197e+02
4.439650258746597729e+02
4.488486143833783899e+02
4.527009649465092025e+02
4.528972991579555014e+02
4.529063658651734272e+02
4.529466327119351945e+02
4.530254663978554390e+02
4.530457998221309026e+02
4.530563998695399732e+02
4.619192395089575598e+02
4.691973387272245759e+02
4.818175618383619963e+02
4.885769920701938531e+02
4.994828408470544332e+02
5.004116783346518673e+02
5.004581118756611318e+02
5.004775786293936903e+02
5.027876222944930191e+02
5.052532999890053702e+02
5.053105002448358505e+02
5.206386021337400507e+02
5.206437021565501482e+02
5.228942122220496458e+02
5.229124789704151226e+02
5.237974829286320073e+02
5.382299141449452691e+02
5.408103923529076837e+02
5.490096290243334352e+02
5.587520725978159817e+02
5.626777901557504720e+02
5.661735057904835458e+02
5.727650019378899060e+02
5.734877718371748188e+02
5.734938718644575602e+02
5.839140518024773883e+02
5.847742223162923665e+02
5.925064235655494258e+02
6.032878717860234019e+02
6.033646721295160660e+02
6.073769567412920196e+02
6.119918107147509545e+02
6.148188566921645588e+02
6.197671788237403234e+02
6.269175774708612607e+02
6.269236441646614821e+02
6.271898453552572619e+02
6.384981292653590117e+02
6.385048626288074729e+02
6.385094293158989558e+02
6.386760633945100381e+02
6.404021711145983318e+02
6.404084378092931047e+02
6.404152045062240859e+02
6.510893855802745520e+02
6.515566210033376819e+02
6.673172581601071442e+02
6.807930184310033610e+02
6.829971282889760005e+02
6.830126616917831370e+02
6.842406338506061729e+02
6.842462005421700724e+02
6.844446680964911138e+02
6.844483681130395780e+02
6.844512681260099498e+02
6.844560348139958705e+02
6.854047057236325600e+02
6.918543345698648181e+02
6.951119824731633798e+02
7.025934492676669834e+02
7.025991492931606217e+02
7.026028159762265659e+02
7.026427161546818070e+02
7.027163498173448488e+02
7.027205498361295213e+02
7.039598887124573139e+02
7.109442532836505961e+02
7.109477199658222162e+02
7.109516199832652319e+02
7.111374874812319149e+02
7.148311040010848956e+02
7.160953429887794073e+02
7.194697580809908004e+02
7.230205072951970351e+02
7.274623271614204896e+02
7.284861984073937720e+02
7.284988984641953493e+02
7.637749562378254495e+02
7.637812562660026288e+02
7.642213582343769076e+02
7.654234969443253931e+02
7.654294969711608019e+02
7.776761517448315999e+02
7.776808184323703017e+02
7.788814904690923413e+02
7.997078502825163469e+02
7.997134503075627663e+02
7.997180503281365418e+02
7.997275170371433433e+02
8.002033191651880770e+02
8.002132525429489078e+02
8.002166525581556016e+02
8.095419609326503405e+02
8.095511943072804115e+02
8.120611721999272277e+02
8.120690722352604780e+02
8.145023831183442553e+02
8.145060164679277932e+02
8.145092831492048617e+02
8.183044001230227877e+02
8.183456003072922158e+02
8.253684650506792195e+02
8.253735984069717233e+02
8.268320382632376777e+02
8.294664833792360241e+02
8.326354975527832494e+02
8.326413642456888056e+02
8.335764684279811263e+02
8.395267950410634512e+02
8.429517436926215623e+02
8.458224231985212782e+02
8.477161650016932981e+02
8.510562132735309433e+02
8.511187468865483652e+02
8.511230802392627766e+02
8.513102810765263939e+02
8.513150477645123146e+02
8.513191811163320608e+02
8.513254478110269474e+02
8.513474479094231810e+02
8.528189211573150033e+02
8.528310545449153324e+02
8.528440546030586802e+02
8.529112215701322839e+02
8.529291883171559903e+02
8.538766592214255979e+02
8.538810592411048219e+02
8.538919926233381830e+02
8.538967259778416974e+02
8.539062260203310188e+02
8.545161287481462296e+02
8.545943957648653395e+02
8.623086302670988061e+02
8.820021850140052493e+02
8.820228517731047759e+02
8.820529519077289251e+02
8.820590852684938454e+02
8.916778282887206615e+02
8.991413950031653712e+02
8.999492319495830088e+02
9.028101780786163317e+02
9.028197781215529858e+02
9.096570753683149633e+02
9.187700827932848142e+02
9.401333450080270495e+02
9.443145970421833226e+02
9.443481638589789782e+02
9.443631305925849801e+02
9.459995379114844809e+02
9.578792910441727599e+02
9.578911577639137249e+02
9.579058244961779565e+02
9.579162912096575155e+02
9.580187916680951048e+02
9.580267917038754604e+02
9.604524025525205388e+02
9.666318968572315953e+02
9.677685352742272471e+02
9.688705068695076079e+02
9.688780069030517552e+02
9.689215404310906479e+02
9.689285404623985869e+02
9.689547739130621267e+02
9.689684073073714217e+02
9.689819073677509778e+02
9.689877407271742413e+02
9.765087410318263892e+02
9.765198077479894891e+02
9.765260744426841484e+02
9.765395411695812982e+02
9.765467745352660813e+02
9.766167415148630653e+02
9.766227082082160678e+02
9.816098305133270969e+02
9.816297972692959775e+02
9.847697113126916975e+02
9.852108799525033191e+02
9.852864136236640888e+02
9.982711050315677994e+02
1.004830701036299502e+03
1.004859467831626830e+03
1.004863267848622513e+03
1.008907285935660980e+03
1.009949257262587594e+03
1.012669402761884385e+03
1.020144769529105361e+03
1.020149136215302178e+03
1.028820841666530669e+03
1.033060260627507887e+03
1.036274508336697409e+03
1.036305641809276267e+03
1.037594947575749757e+03
1.037598714259263033e+03
1.037607614299068928e+03
1.050095070149732464e+03
1.059398445092796010e+03
1.063972965552528194e+03
1.070122159721720664e+03
1.079533835149162314e+03
1.087152435890336392e+03
1.087987172957065923e+03
1.088032039824401636e+03
1.088076906691737122e+03
1.088094073435182736e+03
1.088101840136586361e+03
1.088141673648076676e+03
1.088283374281838633e+03
1.088337207855944825e+03
1.088385708072864190e+03
1.089212711771672502e+03
1.089218311796718808e+03
1.089293612133502620e+03
1.089352512396936390e+03
1.089357612419746602e+03
1.090630251445010572e+03
1.090821152298822653e+03
1.098150518413049667e+03
1.098158685116242168e+03
1.098174051851637159e+03
1.098177118532019676e+03
1.098189718588374035e+03
1.098232418779352429e+03
1.098247552180370576e+03
1.098253718874618016e+03
1.098262385580046839e+03
1.098275285637742854e+03
1.098323319185908076e+03
1.098336585911911016e+03
1.098342519271781384e+03
1.098369452725575911e+03
1.100822330362839239e+03
1.103541775859005384e+03
1.103550909233187895e+03
1.103561042611843277e+03
1.103568442644940205e+03
1.104660247528082664e+03
1.112390348767947671e+03
1.112448282360391204e+03
1.112452715713553062e+03
1.112456149062242275e+03
1.112510682639479228e+03
1.112742883678007956e+03
1.115040627288094811e+03
1.115497829332949777e+03
1.118952978119579257e+03
1.118957644807117958e+03
1.118965911510757905e+03
1.119046145202939670e+03
1.120964620450066150e+03
1.128633021413974120e+03
1.128728521841103657e+03
1.128887322551346642e+03
1.134519781076083973e+03
1.137482860995248302e+03
1.137551761303407829e+03
1.139826504810625693e+03
1.146537434825538412e+03
1.147162470954371656e+03
1.147451672247836314e+03
1.148029408165117502e+03
1.149706715666944774e+03
1.149721482399656225e+03
1.149771415956319743e+03
1.149774749304561510e+03
1.149806849448130606e+03
1.149816016155795978e+03
1.149851216313229997e+03
1.149878016433094672e+03
1.149897716521204075e+03
1.149902749877049246e+03
1.150632853142466502e+03
1.150645519865785673e+03
1.150850587449625664e+03
1.150862954171602723e+03
1.150870220870770254e+03
1.150888920954407013e+03
1.150901321009866706e+03
1.151541490539718097e+03
1.152239593662013249e+03
1.154004168220812744e+03
1.155942543556943292e+03
1.156101210933256425e+03
1.156755780527513025e+03
1.156999748285335500e+03
1.157633051117808691e+03
1.158154286782390045e+03
1.158161086812803433e+03
1.158166086835166425e+03
1.160894699038997487e+03
1.161343567713247694e+03
1.161352834421360285e+03
1.162212038264185139e+03
1.162219371630317028e+03
1.162227571666992162e+03
1.162231638351847096e+03
1.162240371724240958e+03
1.162282438579053178e+03
1.162287305267486317e+03
1.162300771994383695e+03
1.162318005404794121e+03
1.162324105432076749e+03
1.162357538914942779e+03
1.162367905627974778e+03
1.162399505769307780e+03
1.162604240018323708e+03
1.162612740056340499e+03
1.162618473415316430e+03
1.162856007811032214e+03
1.163016108527089273e+03
1.163345076665079660e+03
1.163572244347762989e+03
1.163589777759515300e+03
1.163596577789928688e+03
1.163648378021607414e+03
1.163655311385950654e+03
1.163664111425309102e+03
1.163671478124923624e+03
1.163701111590793744e+03
1.163731545060242070e+03
1.163760111854674960e+03
1.163770578568154633e+03
1.163777178597673355e+03
1.163817078776128483e+03
1.163828412160150947e+03
1.168334365646548122e+03
1.169533604343526122e+03
1.169537771028828274e+03
1.169558937790164237e+03
1.169940972832165016e+03
1.169995506409402196e+03
1.170000506431764961e+03
1.170004139781348613e+03
1.170015273164476412e+03
1.170022673197573340e+03
1.170077506776152177e+03
1.170081406793595306e+03
1.170090106832506308e+03
1.170100706879915606e+03
1.170111940263490851e+03
1.171465646317997198e+03
1.171780214391582604e+03
1.176824870287348404e+03
1.177352672647966301e+03
1.180405019633048141e+03
1.180428719739047892e+03
1.180550620284253000e+03
1.182437962058800622e+03
1.182658896380271699e+03
1.184058669307480841e+03
1.184260470210043877e+03
1.184270670255664072e+03
1.186606280701778587e+03
1.186698981116384857e+03
1.187626051929414416e+03
1.188772990392477368e+03
1.188786023784103236e+03
1.192757241545539046e+03
1.195051885141760977e+03
1.195059918511023852e+03
1.197281695114678314e+03
1.197356128780919562e+03
1.197418195725183068e+03
1.197490529382031582e+03
1.199056669719992669e+03
1.200428375855005243e+03
1.203283255290238230e+03
1.203290888657712230e+03
1.203398855807266500e+03
1.203431822621378615e+03
1.204167125910053073e+03
1.204314526569308782e+03
1.204486227337247328e+03
1.204498160723953333e+03
1.204502560743632557e+03
1.205121096843394298e+03
1.209315648937035576e+03
1.210352286906775362e+03
1.210536621064550673e+03
1.214517138867581480e+03
1.214954474156915012e+03
1.216387747233954997e+03
1.216393780594272812e+03
1.216632548328837856e+03
1.216639915028452606e+03
1.216644915050815371e+03
1.217439618605159922e+03
1.217758353364047707e+03
1.218236022167107876e+03
1.224622350730227026e+03
1.225958223371639406e+03
1.226746393563430047e+03
1.227249362479645924e+03
1.236565237478616154e+03
1.236630271102815186e+03
1.236649204520828789e+03
1.236919339062350218e+03
1.240231720543780284e+03
1.242794965341332045e+03
1.244583906675779872e+03
1.245589544506869970e+03
1.249022459860726030e+03
1.249031093232672674e+03
1.249122026972710955e+03
1.249216860730192138e+03
1.249227494111083615e+03
1.249265960949794817e+03
1.249272794313690838e+03
1.249275694326661096e+03
1.249404228234867560e+03
1.249456895137089305e+03
1.249460328485778291e+03
1.249519595417518758e+03
1.249569628974629268e+03
1.249575329000123020e+03
1.249583429036350708e+03
1.249589329062738898e+03
1.249593329080629019e+03
1.249606295805289847e+03
1.249669496087955849e+03
1.249678596128656181e+03
1.249726296341997340e+03
1.249752129790871777e+03
1.249811863391366160e+03
1.249820030094558660e+03
1.249852896908223556e+03
1.250635667075862330e+03
1.250647133793814191e+03
1.251878272633467077e+03
1.253406612802365316e+03
1.254441117429229962e+03
1.254636218301826830e+03
1.254646518347894016e+03
1.255106520405272249e+03
1.257190163057783820e+03
1.257468030967226241e+03
1.257872499442895105e+03
1.258684503074614895e+03
1.258809603634132145e+03
1.258816303664098541e+03
1.258940270885213522e+03
1.268425613308800621e+03
1.271555627307917803e+03
1.271795695048297603e+03
1.277075485329045023e+03
1.277483420486885279e+03
1.277691754752002225e+03
1.277702488133341149e+03
1.280754868451905168e+03
1.285343922309971958e+03
1.285483989603095324e+03
1.286038158748306614e+03
1.286047758791243041e+03
1.292299386751908287e+03
1.292538321153885590e+03
1.292542454505705564e+03
1.296475338762360025e+03
1.305150910897549238e+03
1.305159944271284758e+03
1.308480692456801762e+03
1.309812198412017324e+03
1.310003532601100915e+03
1.313107479816966816e+03
1.313143579978426260e+03
1.313178046799247340e+03
1.313246747106511975e+03
1.318270136240494821e+03
1.318277736274486188e+03
1.324443163849616667e+03
1.324448797208145606e+03
1.324746898541416158e+03
1.324750565224481988e+03
1.324759231929911039e+03
1.327220576271708751e+03
1.327898079301869075e+03
1.330241156448045558e+03
1.333683305176531576e+03
1.337434955289275422e+03
1.337438588638859301e+03
1.337445855338026377e+03
1.337455522047928071e+03
1.337474855467730777e+03
1.337617556105965377e+03
1.339454264320718721e+03
1.339713498813489196e+03
1.340338401608392815e+03
1.343543949278670880e+03
1.346962897903393696e+03
1.347749401421063112e+03
1.347783434906612683e+03
1.348521004872091680e+03
1.348531904920842635e+03
1.349552209484197192e+03
1.349564042870455751e+03
1.349569942896843713e+03
1.351214050250182254e+03
1.352517389412753801e+03
1.355629036663058287e+03
1.355856304346189290e+03
1.359844022181422361e+03
1.361702930495466944e+03
1.361737063981463734e+03
1.361786197534548819e+03
1.361790130885474355e+03
1.362151732502752566e+03
1.362250632945088682e+03
1.363098436736926487e+03
1.365578381161913967e+03
1.366999654185283134e+03
1.367005154209882221e+03
1.369286764414478284e+03
1.369292897775243318e+03
1.369308831179839672e+03
1.369327564596958837e+03
1.369334464627819671e+03
1.369985834207763673e+03
1.369990600895749367e+03
1.369994500913192496e+03
1.370004467624435620e+03
1.370481103089540966e+03
1.370922371729800034e+03
1.374204953077947494e+03
1.374815222474069515e+03
1.374872989399101016e+03
1.374893089488999522e+03
1.374926156303559083e+03
1.374952423087704801e+03
1.376038727946248400e+03
1.379984178925774813e+03
1.385076135033092669e+03
1.385153735380163425e+03
1.385186702194275540e+03
1.387537446041408202e+03
1.387769180411183243e+03
1.387912781053442814e+03
1.388056981698386380e+03
1.390955694663000259e+03
1.391011961581323021e+03
1.391083128566286859e+03
1.391170328956294270e+03
1.391441730170147594e+03
1.391687097934231588e+03
1.392288533957512527e+03
1.392306467371053714e+03
1.392680869045580721e+03
1.392791369539798779e+03
1.392799636243438727e+03
1.392812436300687523e+03
1.394865078814549406e+03
1.396253285023359240e+03
1.398779029653190264e+03
1.400577504363609478e+03
1.400677638144795310e+03
1.402409145889035244e+03
1.402432612660658151e+03
1.402437479349091291e+03
1.402441179365639755e+03
1.402816481044191960e+03
1.407096566853719878e+03
1.407905670472469183e+03
1.407992770862029602e+03
1.408001737568800081e+03
1.408054937806740327e+03
1.408061737837153714e+03
1.408198671782929750e+03
1.408203538471362890e+03
1.408206871819604885e+03
1.408327805693819982e+03
1.417206145402562015e+03
1.419013620153234569e+03
1.425939251128405886e+03
1.426571587289889067e+03
1.426644587616385934e+03
1.430527104981106049e+03
1.431297941762038590e+03
1.431527509455456311e+03
1.431821844105213586e+03
1.431827510797224704e+03
1.431948378004475217e+03
1.431954811366581907e+03
1.431957311377763290e+03
1.432020144992122368e+03
1.432034911724834046e+03
1.433771752826261036e+03
1.433779519527664661e+03
1.435390893401267704e+03
1.436036829623577660e+03
1.436920200241155953e+03
1.437248101707708884e+03
1.437255001738569490e+03
1.438132572330207040e+03
1.438176605860482141e+03
1.440108047832269676e+03
1.440668950340929541e+03
1.441484020653032076e+03
1.441484387321338545e+03
1.442827193327093937e+03
1.445348771271622581e+03
1.445454171743030429e+03
1.445461838443986835e+03
1.445467271801621109e+03
1.445471005151651980e+03
1.445477705181617921e+03
1.445595039039732001e+03
1.445892873705143074e+03
1.446090941257675240e+03
1.446095874613073192e+03
1.446099374628726991e+03
1.447383547038908091e+03
1.448116950319084708e+03
1.450536594474376670e+03
1.450740728720709058e+03
1.450745528742177157e+03
1.450748495422112455e+03
1.451502032125669984e+03
1.451505598808288823e+03
1.451619332650301430e+03
1.451671799551628510e+03
1.451880633818981778e+03
1.452210001958761268e+03
1.452215068648088845e+03
1.452328802490101452e+03
1.453198473046405752e+03
1.453406907311969917e+03
1.453971909838967122e+03
1.453978609868933290e+03
1.454668479621070901e+03
1.454685713031481555e+03
1.454718646512111036e+03
1.454805246899434906e+03
1.454814413607100050e+03
1.457480425530948878e+03
1.457484125547497342e+03
1.457491025578358176e+03
1.462823649428739145e+03
1.464089388423142736e+03
1.465768762600879882e+03
1.466258998126812003e+03
1.468176073367676963e+03
1.469467212475683709e+03
1.471020186088089076e+03
1.471215986963816476e+03
1.471859956510663778e+03
1.472158691180100277e+03
1.472302458489772107e+03
1.472455259173179684e+03
1.474096199845688034e+03
1.474110399909198577e+03
1.474704169231523110e+03
1.474721569309345568e+03
1.474936303603086799e+03
1.478567553177334503e+03
1.480718796132191073e+03
1.480722729483116382e+03
1.483503808588274524e+03
1.484664513779576737e+03
1.484778747623825666e+03
1.484861447993706633e+03
1.485867952495339523e+03
1.487563826746874156e+03
1.488465530779782739e+03
1.488547097811261438e+03
1.488560197869851891e+03
1.488646064920562594e+03
1.492555015736840460e+03
1.492562282436007536e+03
1.492567249124887894e+03
1.493055251307497883e+03
1.493152918410984967e+03
1.493719820946480013e+03
1.493725554305455944e+03
1.493731420998361500e+03
1.493769487835283826e+03
1.493844488170725981e+03
1.493983355458482265e+03
1.493989822154071589e+03
1.493998455526017779e+03
1.494314490272829744e+03
1.494508691141401187e+03
1.494530824573727386e+03
1.494540591284075845e+03
1.495509562284505591e+03
1.495516028980094916e+03
1.496928668631517439e+03
1.497055769199980205e+03
1.499243778985944346e+03
1.500845552816610962e+03
1.502174692094574766e+03
1.503668632109616738e+03
1.505213139017487947e+03
1.505228572419847751e+03
1.505456873440933578e+03
1.506005242560203669e+03
1.506588478502083944e+03
1.506706612363776003e+03
1.506716312407159876e+03
1.506719679088884050e+03
1.507470315779471093e+03
1.508027551605064900e+03
1.508036584978800192e+03
1.508131685404140853e+03
1.508180818957226165e+03
1.508189352328725363e+03
1.508197785699777114e+03
1.508962989122181170e+03
1.509262323794301437e+03
1.511510300515137033e+03
1.511842035332168052e+03
1.511895868906274245e+03
1.512886773338135299e+03
1.513086607565235454e+03
1.513100440960439300e+03
1.513118241040051089e+03
1.513122241057941210e+03
1.514098178756196376e+03
1.514892248974374979e+03
1.515014782855746262e+03
1.515146350110852836e+03
1.518220563860401398e+03
1.518238430606977545e+03
1.518382997920227581e+03
1.518386097934092504e+03
1.518473531658476986e+03
1.519441869322740558e+03
1.519510369629110983e+03
1.522155014790729410e+03
1.522220181748857840e+03
1.522238348496776098e+03
1.522562449946333345e+03
1.524944093931668021e+03
1.525288228804158962e+03
1.525297662179683357e+03
1.525304228875719673e+03
1.529258479894604761e+03
1.539959961090756224e+03
1.542264171396432403e+03
1.544269147030435533e+03
1.545322018406113102e+03
1.545477085766324990e+03
1.545496385852645290e+03
1.545501152540631210e+03
1.547178160041116598e+03
1.553680422456088081e+03
1.553707489243812233e+03
1.554213724841305066e+03
1.554485759391324336e+03
1.554559126386127900e+03
1.554708527054328442e+03
1.555680998070411988e+03
1.557114137813522348e+03
1.560031250860431328e+03
1.560099684499836940e+03
1.560174851502691126e+03
1.560280585308923264e+03
1.561344056732010131e+03
1.561348590085618980e+03
1.561351390098142019e+03
1.561549490984156591e+03
1.561560424366389725e+03
1.564803072202599878e+03
1.566395012655952996e+03
1.566493746430877309e+03
1.568883090450650798e+03
1.577167194168314609e+03
1.578279565810109489e+03
1.581079845001140939e+03
1.581703114455405967e+03
1.584526560416718212e+03
1.585623698657047953e+03
1.585738365836568391e+03
1.585742032519634449e+03
1.585935566718557538e+03
1.585939200068140963e+03
1.588602178645089907e+03
1.589198614646007627e+03
1.589203281333546329e+03
1.589206914683129980e+03
1.590596587565166146e+03
1.592795364065951844e+03
1.592808230790165453e+03
1.592860064355326813e+03
1.594360737733817132e+03
1.594983140517539368e+03
1.595206308182332577e+03
1.598372689010768909e+03
1.598643423554973651e+03
1.599246592919340401e+03
1.599266693009238907e+03
1.599739695124760374e+03
1.599763661898619375e+03
1.599766695245519486e+03
1.599810662108829774e+03
1.599816428801288339e+03
1.601606370140208355e+03
1.602647274795697740e+03
1.604671317181644326e+03
1.604684683908094257e+03
1.604690717268412072e+03
1.604696917296141919e+03
1.606703959606055150e+03
1.607146894920434988e+03
1.608257366553732254e+03
1.608796935633643898e+03
1.609685206273137737e+03
1.609741473191460500e+03
1.612981987684795968e+03
1.613938991965037076e+03
1.614140059530986946e+03
1.614148659569450956e+03
1.614154559595839146e+03
1.614817295893288019e+03
1.614823862589324563e+03
1.616036668013646931e+03
1.616726004430066041e+03
1.620287953694365115e+03
1.620297353736407103e+03
1.620484254572328837e+03
1.620487654587535417e+03
1.620491987940249828e+03
1.620499487973794203e+03
1.620586421695942136e+03
1.621187457717433972e+03
1.621192724407655987e+03
1.622317296104016350e+03
1.623018832575000488e+03
1.625119275302651204e+03
1.625252442564913736e+03
1.625283376036598384e+03
1.626378647601912689e+03
1.626690648997351673e+03
1.626694649015241794e+03
1.626697515694729873e+03
1.629705029145958633e+03
1.629790529528362413e+03
1.632493041615459560e+03
1.632497108300314949e+03
1.632585308694794776e+03
1.632619508847756379e+03
1.632712775931563783e+03
1.632855909905069893e+03
1.637003395121535959e+03
1.637206462696430890e+03
1.638242167328662617e+03
1.638301167592544061e+03
1.639428305967050164e+03
1.639432805987176835e+03
1.639435339331840623e+03
1.639466039469148200e+03
1.641775583132011207e+03
1.642662987100962255e+03
1.642800487715939653e+03
1.642863587998158209e+03
1.645124398109725007e+03
1.645353465800906406e+03
1.645366499192532274e+03
1.647033239980432882e+03
1.647039873343434238e+03
1.647253107630466729e+03
1.649510951062098457e+03
1.649541684532888439e+03
1.651362559343493103e+03
1.652514464495436414e+03
1.652556231348907204e+03
1.652603498226976853e+03
1.652622231644096246e+03
1.652663298494436049e+03
1.652743832187959697e+03
1.652773932322583732e+03
1.653086300386329640e+03
1.653241167745647090e+03
1.653247067772035052e+03
1.653253234466282720e+03
1.653429801922654406e+03
1.653434468610193107e+03
1.653442568646420796e+03
1.653455268703222373e+03
1.657086518277469850e+03
1.657096384988265982e+03
1.660704334458302583e+03
1.661355304036457937e+03
1.663843781832944615e+03
1.664587418492223605e+03
1.666672694485373540e+03
1.668557902917046476e+03
1.671671083507542335e+03
1.671679216877252429e+03
1.672674887997099404e+03
1.675059365328439753e+03
1.680280755347989725e+03
1.683342035706359638e+03
1.683355335765844757e+03
1.684937842843673025e+03
1.684948176223223072e+03
1.684951976240218755e+03
1.685022476555534240e+03
1.685026643240836620e+03
1.685102543580303973e+03
1.685147877116393374e+03
1.685155210482525717e+03
1.685177477248781315e+03
1.685187843961813542e+03
1.685388011523737987e+03
1.685640245985200181e+03
1.685750979813795311e+03
1.688501158780751439e+03
1.689095594772724098e+03
1.689269862218809067e+03
1.689275362243408381e+03
1.689287595631456043e+03
1.689290595644873747e+03
1.690572101376461205e+03
1.691155737320130356e+03
1.691165304029584604e+03
1.691173604066706957e+03
1.691180270763190720e+03
1.692479076572153417e+03
1.692524276774313194e+03
1.692710177605762510e+03
1.692722044325503475e+03
1.692737877729652382e+03
1.693378313927363251e+03
1.693567048104817786e+03
1.693580948166986673e+03
1.693907416293795450e+03
1.693917249671108948e+03
1.693922849696155254e+03
1.693997416696325899e+03
1.694003983392362443e+03
1.694044150238677048e+03
1.694050116932029823e+03
1.694053716948131068e+03
1.694135750648363455e+03
1.694147017365421107e+03
1.694152350722607935e+03
1.695156521880471928e+03
1.695449089855660759e+03
1.695738791151361966e+03
1.695759324576531981e+03
1.696659895271038295e+03
1.696693162086492066e+03
1.696775362454136712e+03
1.696816429304476515e+03
1.696879096251423789e+03
1.696885029611294385e+03
1.696903663027966331e+03
1.697330264935961168e+03
1.701363182973354014e+03
1.701568983893807172e+03
1.703231057994169305e+03
1.703327291757912008e+03
1.703437458917306003e+03
1.705841803004167787e+03
1.705901703272074428e+03
1.705948036812636246e+03
1.705997003698309300e+03
1.706036003872739229e+03
1.706041103895549440e+03
1.706048837263470432e+03
1.706066704010047033e+03
1.706173904489505503e+03
1.706340638568563918e+03
1.706344805253866298e+03
1.706351905285621569e+03
1.707771811636211396e+03
1.708395814427089817e+03
1.710287856222658320e+03
1.712439265844926922e+03
1.722823445621934752e+03
1.722831512324680034e+03
1.722842912375667311e+03
1.722847279061864128e+03
1.722921779395069962e+03
1.722985313012560027e+03
1.722989446364380001e+03
1.722993179714410871e+03
1.722998379737668074e+03
1.723003346426548433e+03
1.723034346565198121e+03
1.723041713264812415e+03
1.723048946630497312e+03
1.723052279978739307e+03
1.723056679998418531e+03
1.723600249096220296e+03
1.723615449164203483e+03
1.723618415844138553e+03
1.723633449244709482e+03
1.723666916061057918e+03
1.723677182773642926e+03
1.723689782829997284e+03
1.724978955262540921e+03
1.724986521963050109e+03
1.724996488674293232e+03
1.725196689569699856e+03
1.726812663463876788e+03
1.727631367125562974e+03
1.727637033817574093e+03
1.727694334073851905e+03
1.727887368270538673e+03
1.728337236949261751e+03
1.728676205131977667e+03
1.728712438627366737e+03
1.728727405360972625e+03
1.728732305382888171e+03
1.728735138728893844e+03
1.730190611905224387e+03
1.730862548243821038e+03
1.732343121532413079e+03
1.732371254991574460e+03
1.735211701028920288e+03
1.735567735954634827e+03
1.735577135996676816e+03
1.735580269344024146e+03
1.738850183968852889e+03
1.739045318174931936e+03
1.739057851564321481e+03
1.739505220231862950e+03
1.740904893158624645e+03
1.740911526521626229e+03
1.744104707469927007e+03
1.745165045545666317e+03
1.746315150689559232e+03
1.749935333547643722e+03
1.750658070113446229e+03
1.752688345860605295e+03
1.757728268401867581e+03
1.761177983830863013e+03
1.765759104320114147e+03
1.765769237698769530e+03
1.768586550299316741e+03
1.770682993009077109e+03
1.771092994842827011e+03
1.771103094888000214e+03
1.771110128252790446e+03
1.771113328267102588e+03
1.771120328298410413e+03
1.771125028319431522e+03
1.771136595037830830e+03
1.771154595118336829e+03
1.771159228472393124e+03
1.771166528505042834e+03
1.774853978330648260e+03
1.776232217828214971e+03
1.776243151210448332e+03
1.776266617982071011e+03
1.777215655560014284e+03
1.778133792999755315e+03
1.778911063142795001e+03
1.781198106705025339e+03
1.781921276606099354e+03
1.781998943620135151e+03
1.782114644137610185e+03
1.784234586952475638e+03
1.786011661567182273e+03
1.786034428335674193e+03
1.786039095023212894e+03
1.786042161703595411e+03
1.787343800858563782e+03
1.787615868742065459e+03
1.787633835489089051e+03
1.787954336922545053e+03
1.788334571956495211e+03
1.798120882392840940e+03
1.808921297364810926e+03
1.810012868913576767e+03
1.812808581417516734e+03
1.812814481443904924e+03
1.813753818978464096e+03
1.814933957590016234e+03
1.815056391470940298e+03
1.815219158865590771e+03
1.815268992421807070e+03
1.815279659136180953e+03
1.815282925817457908e+03
1.815349626115777710e+03
1.815353926135009942e+03
1.815383959602668938e+03
1.815392026305414447e+03
1.816476131154118320e+03
1.818646407527435940e+03
1.818652807556060225e+03
1.818662840934268388e+03
1.819435577723698998e+03
1.819441077748298085e+03
1.819444144428680602e+03
1.819448577781842232e+03
1.819451477794812718e+03
1.819512778068980651e+03
1.820384615301642043e+03
1.827446080217669987e+03
1.827493247095292418e+03
1.829536989569348634e+03
1.830261326142307325e+03
1.830294026288560190e+03
1.830929562464355286e+03
1.830937729167547786e+03
1.832158901295957548e+03
1.832261735089219201e+03
1.832287001868892730e+03
1.832291201887677289e+03
1.832909337985649927e+03
1.839863002419535633e+03
1.842647414872935769e+03
1.842752615343449179e+03
1.842758382035907516e+03
1.842762115385938614e+03
1.842767015407854160e+03
1.844457889637026028e+03
1.848793342360851057e+03
1.855294204769561020e+03
1.855619072889213840e+03
1.855829207162381408e+03
1.855898774140189289e+03
1.856483510088778303e+03
1.856638977450779294e+03
1.856722611158167638e+03
1.856770978041157377e+03
1.858137617486842146e+03
1.858149884208372214e+03
1.858154550895910916e+03
1.858365818507480753e+03
1.858501885782713771e+03
1.858506952472041576e+03
1.858515119175234076e+03
1.859216422311841598e+03
1.859220722331073375e+03
1.859229722371326488e+03
1.860580928414651453e+03
1.860592561800015574e+03
1.860602095175987415e+03
1.861535032681922303e+03
1.861612866363370131e+03
1.861714266816887857e+03
1.861998334754060124e+03
1.862004301447413127e+03
1.862164702164811843e+03
1.862179268896628855e+03
1.862183468915413869e+03
1.863232673608025152e+03
1.866577388567401385e+03
1.866918756760851466e+03
1.867092724205594777e+03
1.874287189716473222e+03
1.875137960188246097e+03
1.875159193616546645e+03
1.875937497097541382e+03
1.875953797170444204e+03
1.877670071513218772e+03
1.877813938823338049e+03
1.877824672204676972e+03
1.881297121068681690e+03
1.894389612958727412e+03
1.896175654280204526e+03
1.896185720991895096e+03
1.897661594259466028e+03
1.897668327622914603e+03
1.897674027648408355e+03
1.897993529077391713e+03
1.897998195764930415e+03
1.902198347883617998e+03
1.902333581821790631e+03
1.906883135503191397e+03
1.909163445701973160e+03
1.911256288395632282e+03
1.911261155084065422e+03
1.911277121822143954e+03
1.911280355169938503e+03
1.917300315427793521e+03
1.918951322811992441e+03
1.918961889525919105e+03
1.918965989544256900e+03
1.918976189589876867e+03
1.919595125691427711e+03
1.919617325790718496e+03
1.923176841710801000e+03
1.925795653423544763e+03
1.927245093239557946e+03
1.932297949171998653e+03
1.932315915919022473e+03
1.936497601288450142e+03
1.936514434697071465e+03
1.949819294203606887e+03
1.962023182119334706e+03
1.964391159376877795e+03
1.967050871272549557e+03
1.967978775422639046e+03
1.968190276368585955e+03
1.970033517945893664e+03
1.972099660520135330e+03
1.981724703568539326e+03
1.981784870504304990e+03
1.984314981820332605e+03
1.991649447957369603e+03
1.991667714705735079e+03
1.991672148058896710e+03
1.992172416963036767e+03
1.992181883672044023e+03
1.992186317025205653e+03
1.995515265247397565e+03
1.997884509177272548e+03
1.997895075891199440e+03
1.997909375955156975e+03
2.008391756171370162e+03
2.008395989523637354e+03
2.008666224065606002e+03
2.011669604165014562e+03
2.013281878042643029e+03
2.014356616182787320e+03
2.014839585009552138e+03
2.014843885028783916e+03
2.014849918389101731e+03
2.015111086223852226e+03
2.015116786249345978e+03
2.015119852929728495e+03
2.015123719613689218e+03
2.015382520771187956e+03
2.015754089099709290e+03
2.016928161017461434e+03
2.017194262207609881e+03
2.017224195674821885e+03
2.017227929024852983e+03
2.017236562396799172e+03
2.018053499383917142e+03
2.019123670836969950e+03
2.019146404271979463e+03
2.022032050511485295e+03
2.022051450598253041e+03
2.027943743618444159e+03
2.028105377674692591e+03
2.029448850350096563e+03
2.030500988389160739e+03
2.031860127801301587e+03
2.031863927818297270e+03
2.032164795830608682e+03
2.033469835000783632e+03
2.036579915577414567e+03
2.040638767064129297e+03
2.040663533841566505e+03
2.041317603433586555e+03
2.041322870123808798e+03
2.041328670149749541e+03
2.041343936884697314e+03
2.041354336931211947e+03
2.041528704377744134e+03
2.041680571723644107e+03
2.041691738440254312e+03
2.041699338474245678e+03
2.043011877677964776e+03
2.043018211039624475e+03
2.043025677739686216e+03
2.043048744509520020e+03
2.043778714441007423e+03
2.044289616726038957e+03
2.044298183431020561e+03
2.044302983452489116e+03
2.044311683491400345e+03
2.046234725425618535e+03
2.046692327472262605e+03
2.047257763334531091e+03
2.047381197219927571e+03
2.050168376352368341e+03
2.053176656473692674e+03
2.056222603430149775e+03
2.064523573889917770e+03
2.067133585563303313e+03
2.067926689110491679e+03
2.067931489131960006e+03
2.069596896580563680e+03
2.075533889800678480e+03
2.080212177391180376e+03
2.080216910745683435e+03
2.080221977435011468e+03
2.080229510802038021e+03
2.080232677482867985e+03
2.080237577504783530e+03
2.081772084367928528e+03
2.081777384391633404e+03
2.081785417760896053e+03
2.085699168598642245e+03
2.092052197012825218e+03
2.092239964519289970e+03
2.092250164564909937e+03
2.095453878893654746e+03
2.095953347794216825e+03
2.098028490408711605e+03
2.098046157154393768e+03
2.098074757282308838e+03
2.101850207501499881e+03
2.104756853834929188e+03
2.104782820617733250e+03
2.104804687382200427e+03
2.104813587422006094e+03
2.104817787440791108e+03
2.105075121925063286e+03
2.105466123673834772e+03
2.107323465314205350e+03
2.107329532008006026e+03
2.111857618926728719e+03
2.111992386196147891e+03
2.112000752900234602e+03
2.113060757641149848e+03
2.113886528001108672e+03
2.113893328031522287e+03
2.113899161390945210e+03
2.113912794785254846e+03
2.113922761496497969e+03
2.115129200225678233e+03
2.116678807156359653e+03
2.117316043339758380e+03
2.118649982639190512e+03
2.121579162406734667e+03
2.121755896530518839e+03
2.132763945764475466e+03
2.143535160605846613e+03
2.143595960877778452e+03
2.143652327796548434e+03
2.143657994488559325e+03
2.143662327841273964e+03
2.143731861485599438e+03
2.143775528347568070e+03
2.143826495242186411e+03
2.149222452709163008e+03
2.150909326920444528e+03
2.153020536362916118e+03
2.153508371878113849e+03
2.153512971898687738e+03
2.153520038596960603e+03
2.153609605664219544e+03
2.153626539073287859e+03
2.153632239098781611e+03
2.153642205810024734e+03
2.153651039182866043e+03
2.153722639503101618e+03
2.153727572858499116e+03
2.154277508651443441e+03
2.155374913559632205e+03
2.155379213578863983e+03
2.155415247073358842e+03
2.155649881456104140e+03
2.155662714846835570e+03
2.155670381547791749e+03
2.156607319071616985e+03
2.156696552804051862e+03
2.156722452919891111e+03
2.156732352964169877e+03
2.156737852988768736e+03
2.156925020492550175e+03
2.156974520713941274e+03
2.157112487997672361e+03
2.157127021396006967e+03
2.157132854755430344e+03
2.157431256090042552e+03
2.157899491517578554e+03
2.157942758377757855e+03
2.158489227488530560e+03
2.158577061214703917e+03
2.158697428419717653e+03
2.158713295157348966e+03
2.158717528509616386e+03
2.158727528554341916e+03
2.158736828595936913e+03
2.159118163634806933e+03
2.160620703688312915e+03
2.161816175701777411e+03
2.163135614936357797e+03
2.163543516760715193e+03
2.163589483632970769e+03
2.163601483686641131e+03
2.164945956366518203e+03
2.165017023351034368e+03
2.167008932259929679e+03
2.176329840614745535e+03
2.176335873975062896e+03
2.178509083694833407e+03
2.178647917649107512e+03
2.187587424298087626e+03
2.189911834694109984e+03
2.195447792787245362e+03
2.195537459854951521e+03
2.200724616388057257e+03
2.202569257971626485e+03
2.202651425005788496e+03
2.207328445923958498e+03
2.210295525861013175e+03
2.211907899739088862e+03
2.211913799765477052e+03
2.211919966459724492e+03
2.211926666489690433e+03
2.215775917038956322e+03
2.219378033149570001e+03
2.221349708634636954e+03
2.221371075396867127e+03
2.221376042085747940e+03
2.221383275451432837e+03
2.221471375845465445e+03
2.227067467540884081e+03
2.228325706501743298e+03
2.228473007160551333e+03
2.232563358788152073e+03
2.233011760793648591e+03
2.233037227574216558e+03
2.233131327995084575e+03
2.234322033320563605e+03
2.234351766786880944e+03
2.234362166833395804e+03
2.234367200189240975e+03
2.238763053183208740e+03
2.238782153268634374e+03
2.238790053303967852e+03
2.241000896525389180e+03
2.244630446092033253e+03
2.255782895971827656e+03
2.263895465588964726e+03
2.263900798946151554e+03
2.264021032817236119e+03
2.267062979755803099e+03
2.267071213125960185e+03
2.267075179810368354e+03
2.278255963150218577e+03
2.278266663198074639e+03
2.278274296565548866e+03
2.278278263249956581e+03
2.279884370433337608e+03
2.279894903813781639e+03
2.281182776240511430e+03
2.282243780985898866e+03
2.282249314343980586e+03
2.282254847702062307e+03
2.283089484768344391e+03
2.294591736212640626e+03
2.294605636274809058e+03
2.316563901150725542e+03
2.320503218769486466e+03
2.323579365861015049e+03
2.324884238363778422e+03
2.324893305070996121e+03
2.324896971754062179e+03
2.325265806737024832e+03
2.325892242872119823e+03
2.326015210088762615e+03
2.334935349984457844e+03
2.334964183446750667e+03
2.338734900311437741e+03
2.341473679227406592e+03
2.341479479253347108e+03
2.342057381838040783e+03
2.348237542812400079e+03
2.348247976192397346e+03
2.348331909901127347e+03
2.350459852751773269e+03
2.350470086130876098e+03
2.350475852823334208e+03
2.350482052851064054e+03
2.350487052873426819e+03
2.351032821981068537e+03
2.351039288676657634e+03
2.351045388703940262e+03
2.351048322050393381e+03
2.351224322837563705e+03
2.351351590073438729e+03
2.351368756816884343e+03
2.351696491616025469e+03
2.356138378149213167e+03
2.357462284070437363e+03
2.357466950757976065e+03
2.358693789578397173e+03
2.358699622937820095e+03
2.358705289629831441e+03
2.359013991010511290e+03
2.359019157700286087e+03
2.359022324381116050e+03
2.359616993707465554e+03
2.359621193726250567e+03
2.359860361462604942e+03
2.360949032998400071e+03
2.360957833037758519e+03
2.360963099727980534e+03
2.361559802396758187e+03
2.361569269105764761e+03
2.361574669129916856e+03
2.362374306039659587e+03
2.362382972745088409e+03
2.363053742411800158e+03
2.363087275895113180e+03
2.363993179946806777e+03
2.364108980464729484e+03
2.364113080483066824e+03
2.366001088927263027e+03
2.366701558726809708e+03
2.372386117484567421e+03
2.372391217507377860e+03
2.372395317525715200e+03
2.372402884226224160e+03
2.372828952798500268e+03
2.372834319489169957e+03
2.372841519521372447e+03
2.374010091414524595e+03
2.375756965894160203e+03
2.378001909268095915e+03
2.378006675956081381e+03
2.379806784007139413e+03
2.379832750789943930e+03
2.381802259598653109e+03
2.383634234458903393e+03
2.383647534518388511e+03
2.389504827382040276e+03
2.399810140139645227e+03
2.401307646837306038e+03
2.405734733304300335e+03
2.405782533518088712e+03
2.406468003250547099e+03
2.406718737705301010e+03
2.406736937786701219e+03
2.408628346246104229e+03
2.411142924159324593e+03
2.419096193063982810e+03
2.419121393176691072e+03
2.419146693289847462e+03
2.419161926691312146e+03
2.419199626859928230e+03
2.419212026915387924e+03
2.419216393601584969e+03
2.419291560604438928e+03
2.419299727307631201e+03
2.419845396414825700e+03
2.420134431040878553e+03
2.420140697735573212e+03
2.420146931096785465e+03
2.420219964756764966e+03
2.420225698115740670e+03
2.420276431675982167e+03
2.422343340920319406e+03
2.422347174270797950e+03
2.422350507619039490e+03
2.422354140968623142e+03
2.422356307644980006e+03
2.422402707852507319e+03
2.422658475663105946e+03
2.423056544110150298e+03
2.423412579035864837e+03
2.423657846799501840e+03
2.423677280219751538e+03
2.423689346940387168e+03
2.423692680288629163e+03
2.423702380332013036e+03
2.423758780584265423e+03
2.423783214026878341e+03
2.423786480708155523e+03
2.423823214205780914e+03
2.423826547554022454e+03
2.423831047574149125e+03
2.425019219554964366e+03
2.425126720035764720e+03
2.425146953459592623e+03
2.426251691733913958e+03
2.426593359928705468e+03
2.426768427378368415e+03
2.426788260800407897e+03
2.426806660882703000e+03
2.426813527580081427e+03
2.426989261699392955e+03
2.426995361726675128e+03
2.427203429323933051e+03
2.427257796233757745e+03
2.427263362925321417e+03
2.428853070035352630e+03
2.430435743780592929e+03
2.431941183847069624e+03
2.432051751008252268e+03
2.432057684368122864e+03
2.432169451534673044e+03
2.432299485449588701e+03
2.433348823476129837e+03
2.433370823574526185e+03
2.433609957977397698e+03
2.442757365556224158e+03
2.447790954735826745e+03
2.458164767799802121e+03
2.460105876481491123e+03
2.461515649453425794e+03
2.465298533039196172e+03
2.465303099726287655e+03
2.465315266447370504e+03
2.465322099811266071e+03
2.468023811894785467e+03
2.468371246782035541e+03
2.468378946816474581e+03
2.468385380178581272e+03
2.480065265750686649e+03
2.483731282147097318e+03
2.488006534601674048e+03
2.495882469827120985e+03
2.503523370668033294e+03
2.503532004039979711e+03
2.508053157594359163e+03
2.514458986244693278e+03
2.520794081245335292e+03
2.522837890386356321e+03
2.522863757168713164e+03
2.523681060824137603e+03
2.525827803758867958e+03
2.525855203881415946e+03
2.525981404445853059e+03
2.525986804470004699e+03
2.526218472172815382e+03
2.526501073436761089e+03
2.526504940120721585e+03
2.526591240506703343e+03
2.527277176907915873e+03
2.527293143645994405e+03
2.528913217558508677e+03
2.528941451018117732e+03
2.530180789894444843e+03
2.531001993567312638e+03
2.539035296163257954e+03
2.539040996188751706e+03
2.540530069515360537e+03
2.540580603074707142e+03
2.545428691424649969e+03
2.546376195662402097e+03
2.546379995679397780e+03
2.547254099588863482e+03
2.547258799609884591e+03
2.547484767287201521e+03
2.547646101342107613e+03
2.547800435365706107e+03
2.553134159221007394e+03
2.554792266636961813e+03
2.557946580744761832e+03
2.557959180801115963e+03
2.559015752193341996e+03
2.579801111823391238e+03
2.580720582602429204e+03
2.581913154602923441e+03
2.581923654649885066e+03
2.582442256969355640e+03
2.582636757839269194e+03
2.582656857929167018e+03
2.583816029780278313e+03
2.584145897922293443e+03
2.585417303608708153e+03
2.587986848434437434e+03
2.587995415139419038e+03
2.589914223721370035e+03
2.591268463111595338e+03
2.591273129799133585e+03
2.591290463209991685e+03
2.591293596557338788e+03
2.591341696772468822e+03
2.591348396802434763e+03
2.591406030393537094e+03
2.591444230564388818e+03
2.591452830602852828e+03
2.591516264219895675e+03
2.591527464269988741e+03
2.591547197691580095e+03
2.591607664628687871e+03
2.591612831318463122e+03
2.596066251236567950e+03
2.596458452990706519e+03
2.596463453013069284e+03
2.596653320528926088e+03
2.596712754128078814e+03
2.603558051410621374e+03
2.604005820079951718e+03
2.604102687179860823e+03
2.604172454158562687e+03
2.604585222671354131e+03
2.604593322707581592e+03
2.604600822741126194e+03
2.605185792024091825e+03
2.605200358755908837e+03
2.605208992127855254e+03
2.605520860189365067e+03
2.605541126946675377e+03
2.605548660313701930e+03
2.605557127018236315e+03
2.606274196892027703e+03
2.606617065092186749e+03
2.606865999538889810e+03
2.608845541725807379e+03
2.610874617467599364e+03
2.614123098663233122e+03
2.615842506353355020e+03
2.615861639772263061e+03
2.618363017626445981e+03
2.618368550984527701e+03
2.620226725961958891e+03
2.621669132413181160e+03
2.622692636990848314e+03
2.623899409054853095e+03
2.623910342437086001e+03
2.624251677297053902e+03
2.624274010730274767e+03
2.637590103620384980e+03
2.637609603707599490e+03
2.637614070394243754e+03
2.637618703748300049e+03
2.637628737126508440e+03
2.637679904022021219e+03
2.637684537376077060e+03
2.637720337536194620e+03
2.637730037579578493e+03
2.637744404310501068e+03
2.637778871131321921e+03
2.637783671152790703e+03
2.637805737918151408e+03
2.640133181661073195e+03
2.640800651313025810e+03
2.641456087577825201e+03
2.641738188839534359e+03
2.641851022677521996e+03
2.641856822703462967e+03
2.641873456111189626e+03
2.641920956323636346e+03
2.641925856345551892e+03
2.642990494440523435e+03
2.642996394466911624e+03
2.643009461192019444e+03
2.643015827887161777e+03
2.643023494588117956e+03
2.643855431642324220e+03
2.643863831679893792e+03
2.643867165028135332e+03
2.643870965045131015e+03
2.644309300338937192e+03
2.644315200365325381e+03
2.645635872938754801e+03
2.645776773568938552e+03
2.646386209628000415e+03
2.652204568984186608e+03
2.652276302638352263e+03
2.656358654230172306e+03
2.656440687930404238e+03
2.657752160462686334e+03
2.660145071165078662e+03
2.661173009095906764e+03
2.665345927759458846e+03
2.665477461681082787e+03
2.665736662840370627e+03
2.666048464234915173e+03
2.667715305023263227e+03
2.669518113086397079e+03
2.669525713120388446e+03
2.670615784662445094e+03
2.670643018117581505e+03
2.671227720732687885e+03
2.674053533371251888e+03
2.675131038190437266e+03
2.679258389983522193e+03
2.679324456945676047e+03
2.679578258080812247e+03
2.679775992298520123e+03
2.679923526291705457e+03
2.684271779072779736e+03
2.684640147386988701e+03
2.684644014070949197e+03
2.684686180926208635e+03
2.684694847631637913e+03
2.684716281060833353e+03
2.684724914432779315e+03
2.684745581191878955e+03
2.684756714575006754e+03
2.684772114643884379e+03
2.684803881452629412e+03
2.684808714807580145e+03
2.685764885750760641e+03
2.686154020824516920e+03
2.686177354262209974e+03
2.686196354347188844e+03
2.686210721078111419e+03
2.687401159735730744e+03
2.687408859770169784e+03
2.687414059793426986e+03
2.689047767100250439e+03
2.691347177384458064e+03
2.691851479639970876e+03
2.695208527987841990e+03
2.695815997371440972e+03
2.695821797397381488e+03
2.697967940329428075e+03
2.698137741088869006e+03
2.698140774435769345e+03
2.698146274460368659e+03
2.698206208061757025e+03
2.698469809240724317e+03
2.698864911007833143e+03
2.698874144382463328e+03
2.698892011129039929e+03
2.698922744599829457e+03
2.701514756192709228e+03
2.701665723534583321e+03
