1.078215511298692952e+01
1.223156159551748168e+01
1.302649848423898860e+01
1.645128046838499358e+01
1.723108395608840837e+01
1.998346293288410180e+01
2.625919100133793904e+01
3.541283194137634638e+01
3.698143895703622519e+01
3.853461257033622900e+01
3.883374724156178104e+01
4.161055966097038805e+01
4.305316611308752783e+01
4.605647954553129608e+01
4.998536378429552940e+01
5.005056407590653578e+01
5.005559743175175669e+01
5.037106550936248084e+01
5.266280909261395493e+01
5.356881314475461409e+01
5.376524735664810350e+01
5.987944136930084937e+01
6.256482004643492445e+01
6.276538761014833057e+01
6.348182414777376437e+01
6.425999429483866265e+01
6.904384902416049385e+01
6.994405305036029574e+01
7.003632012969529796e+01
7.012928721216110262e+01
7.026045446547874462e+01
7.430283921187869112e+01
7.836772405891127846e+01
7.856705828377519651e+01
8.089706870484334900e+01
8.950847388637653523e+01
8.963380778027089946e+01
9.178471740030329329e+01
9.223845276298685292e+01
9.590246915045194953e+01
9.602053634517905323e+01
9.609567001455083357e+01
9.613770353588083140e+01
9.770501054572638111e+01
9.834334673404477201e+01
9.845988058858058878e+01
9.848628070665621692e+01
1.014418605922763845e+02
1.019506295344332329e+02
1.022684976227780851e+02
1.052394775772757214e+02
1.056303126586351482e+02
1.089971610503374251e+02
1.137887158140979835e+02
1.138091825723030865e+02
1.180452348515557617e+02
1.182744025431844364e+02
1.183509028853353726e+02
1.277014780395035558e+02
1.277366781969377172e+02
1.318214297994918809e+02
1.321893981119120554e+02
1.323771322848942589e+02
1.328382010137099201e+02
1.330949021618164352e+02
1.358123809825197270e+02
1.363097498736893840e+02
1.415427399451209851e+02
1.427985455617636319e+02
1.447508876270277653e+02
1.448959549425140381e+02
1.452903900399746817e+02
1.489047062051534738e+02
1.495348423567968439e+02
1.498186436261098038e+02
1.514597509660303842e+02
1.515709514633792026e+02
1.516853853085226831e+02
1.518408526705235602e+02
1.520323535270190689e+02
1.522149876771912034e+02
1.523477882711473796e+02
1.523497549466100907e+02
1.527397233574266124e+02
1.541711630929334831e+02
1.560907050114975618e+02
1.564062397560731483e+02
1.602176234693114054e+02
1.647121102377563489e+02
1.685142605763646486e+02
1.700575008119038785e+02
1.701589345989040396e+02
1.701683346409461137e+02
1.707687373262719746e+02
1.715450407983214518e+02
1.715626075435561120e+02
1.715676408994013116e+02
1.718209753657835677e+02
1.719038090695940753e+02
1.742419861938548138e+02
1.744580204934104870e+02
1.794454427998634287e+02
1.797502108296177425e+02
1.830430922238329003e+02
1.831991929219997530e+02
1.841602972205785420e+02
1.845455656103740409e+02
1.849923342752320536e+02
1.850050009985511679e+02
1.868262091439800656e+02
1.868644426483143661e+02
1.869883765359471397e+02
1.929967700754028783e+02
1.933701717454573270e+02
1.964144853612760926e+02
2.013730742054368648e+02
2.055857263800315877e+02
2.068633987611409282e+02
2.092632761613587320e+02
2.112533850622032219e+02
2.115094528741437898e+02
2.185323842844955777e+02
2.214119971636834805e+02
2.214608640489093148e+02
2.258496836780869614e+02
2.264564530585548141e+02
2.288315636813354956e+02
2.291162649546737669e+02
2.291804652418122146e+02
2.308636727700276197e+02
2.309058729587696916e+02
2.346553563951564172e+02
2.394901113521316347e+02
2.433916288018300804e+02
2.434497623951683352e+02
2.472270459558922369e+02
2.472893129010504083e+02
2.497366571802324415e+02
2.498687577710578012e+02
2.536166412002883987e+02
2.544398115486185645e+02
2.573427245320171437e+02
2.606448059673799094e+02
2.646415238428662065e+02
2.681179393912787532e+02
2.681656062711375625e+02
2.682478733057469640e+02
2.688089424818187467e+02
2.692971113318408243e+02
2.695887126360397588e+02
2.696707463362722592e+02
2.709841188770519693e+02
2.722033909969637193e+02
2.732125955106727702e+02
2.733931296514525116e+02
2.761902754951365182e+02
2.769005120050320556e+02
2.771332797127619756e+02
2.858424853317116003e+02
2.908922079168051482e+02
2.933147520850676528e+02
2.937328539550455844e+02
2.937480540230285442e+02
2.967685675324003682e+02
2.969239348939540264e+02
2.969905685253090155e+02
3.056743740306556560e+02
3.111754319676985574e+02
3.111924987106969525e+02
3.128066392633407986e+02
3.133294082681134682e+02
3.135167424393066540e+02
3.153911841561582605e+02
3.154064842245884392e+02
3.154308176667540806e+02
3.172430591054123283e+02
3.172483924625993268e+02
3.202451391990066440e+02
3.203642063982062496e+02
3.226066164274780590e+02
3.254948960120948414e+02
3.277737728711326781e+02
3.284190424237941670e+02
3.331902637632793471e+02
3.345306697583006894e+02
3.369906474273194021e+02
3.370421809911387641e+02
3.377479508143901512e+02
3.378221511462542708e+02
3.415794346175269425e+02
3.421349037685523626e+02
3.540097568793249820e+02
3.560648327374036057e+02
3.593533807789043522e+02
3.596598154827795497e+02
3.603310184847627511e+02
3.617930250236476013e+02
3.618540586299562847e+02
3.672435494013437847e+02
3.676291511259634603e+02
3.700533286348644424e+02
3.702142626879820000e+02
3.705773976454514695e+02
3.706466312884351737e+02
3.768802258351117871e+02
3.780613644511365123e+02
3.781536648639539067e+02
3.817589809888796708e+02
3.818365480024680778e+02
3.852040297303362877e+02
3.876376406147617786e+02
3.877325410392078879e+02
3.891874142128550602e+02
3.930307314022504670e+02
3.993289929048194153e+02
3.993585597037247794e+02
3.993918931861434771e+02
4.080373985201910045e+02
4.082666662122668981e+02
4.097576395473735715e+02
4.101783414289802181e+02
4.102106749069263287e+02
4.131478880437338148e+02
4.132087216491480035e+02
4.132866219975605304e+02
4.135472898300748739e+02
4.138093910023332000e+02
4.172530397375281837e+02
4.179592095625687307e+02
4.194603829432954853e+02
4.204368206437869162e+02
4.219067272180050168e+02
4.224300628919788210e+02
4.224346962460350028e+02
4.224647963806590951e+02
4.224936631764336994e+02
4.226833640248786423e+02
4.280875215285303170e+02
4.284730565861851233e+02
4.294230941686009260e+02
4.328174426832986796e+02
4.336381130204474630e+02
4.337009466348067122e+02
4.361152907663941960e+02
4.366131929932825528e+02
4.386768355563427804e+02
4.397904738704696115e+02
4.433700232134856947e+02
4.435084238324881767e+02
4.436149576422984069e+02
4.501296201127295831e+02
4.504740216530797738e+02
4.509920906368313922e+02
4.515921933208155110e+02
4.549579417075980245e+02
4.652960879453854659e+02
4.671964964450411912e+02
4.672134631875923674e+02
4.676809319450323983e+02
4.712652479760343454e+02
4.714056152704995384e+02
4.728189882585355122e+02
4.734799578814161691e+02
4.735500915284251278e+02
4.769659401392829636e+02
4.773415084856945896e+02
4.774733090751782356e+02
4.795064515018253246e+02
4.814044266572644801e+02
4.821234632065185792e+02
4.821484633183326309e+02
4.822421970708940648e+02
4.823647976192300462e+02
4.824422646323711774e+02
4.841308055177735810e+02
4.844044734084312154e+02
4.868436843179031257e+02
4.878172220054240711e+02
4.923691090305940747e+02
4.931333457820079502e+02
4.932323795582739763e+02
4.933919469386123637e+02
4.952584552866482568e+02
5.037725266995188349e+02
5.083724472728541741e+02
5.088147825845505281e+02
5.089533498709650985e+02
5.116281285006900816e+02
5.116936954606076711e+02
5.117199289112712108e+02
5.120615637725805982e+02
5.147000422399514719e+02
5.176918556209608369e+02
5.180594239315920504e+02
5.180660239611108864e+02
5.189693946681404668e+02
5.193273296023526200e+02
5.193513630431765478e+02
5.203974343884406153e+02
5.296579424731135077e+02
5.298636767266018524e+02
5.315150174456248351e+02
5.316634181093530742e+02
5.342542963638300080e+02
5.343913636435357830e+02
5.346723649003255332e+02
5.405158243687734512e+02
5.407755921972625401e+02
5.408175590516276543e+02
5.423431658749674398e+02
5.481410584729489983e+02
5.509645711012262836e+02
5.511772053855752347e+02
5.513633062179188755e+02
5.513737062644335083e+02
5.517872414473201843e+02
5.541152518594431058e+02
5.544974869023385509e+02
5.546787210462491657e+02
5.551951900228445993e+02
5.555815917510424242e+02
5.559871935651133299e+02
5.580688695421621333e+02
5.605880474759563867e+02
5.622998884655695520e+02
5.689194180716900746e+02
5.691071189111897866e+02
5.712963287025213504e+02
5.714177292454902499e+02
5.721206990562184274e+02
5.738227066685180944e+02
5.749799785111309802e+02
5.785571278434130136e+02
5.791411971223536739e+02
5.820389767494597208e+02
5.830954814747209412e+02
5.870474324833189712e+02
5.871867331063467645e+02
5.872305333022449076e+02
5.876928687033926053e+02
5.881233372953478238e+02
5.923399228208679688e+02
5.934423944183845379e+02
6.022452337894484344e+02
6.027914028988790278e+02
6.028041029556804915e+02
6.028845699822393271e+02
6.030924709120848775e+02
6.069467881506784579e+02
6.072141893466413194e+02
6.072831896552480657e+02
6.087438628548361521e+02
6.088770301170989114e+02
6.090182640821070663e+02
6.091235978865502148e+02
6.095889333011153894e+02
6.109679061352952658e+02
6.133261500159720754e+02
6.141651204349686850e+02
6.141947872343213248e+02
6.208575170336564497e+02
6.243447659638551386e+02
6.253390704109230001e+02
6.254205041084718459e+02
6.258793394939655172e+02
6.260132067593590364e+02
6.261189072321087679e+02
6.278052481076715594e+02
6.288624195025811332e+02
6.289199530932359039e+02
6.296799231589001238e+02
6.301455585748071826e+02
6.317130655855472696e+02
6.336549076038494377e+02
6.353268484150072481e+02
6.376994923600890388e+02
6.380772607163402199e+02
6.397725016317089057e+02
6.403797043474481825e+02
6.428750821747955797e+02
6.464116313254914985e+02
6.464186646902818438e+02
6.469840672190681516e+02
6.488994091188474158e+02
6.490207763283340228e+02
6.504448160307439366e+02
6.538483645865891276e+02
6.542218329236084173e+02
6.551704371662802942e+02
6.582425842399187559e+02
6.644476453256448849e+02
6.658194514611046770e+02
6.691830331715298144e+02
6.692668335463305311e+02
6.692948003380797672e+02
6.734743856981151566e+02
6.735770861574472974e+02
6.741594887622670740e+02
6.793576786780536167e+02
6.798569142442385100e+02
6.812559871683168922e+02
6.837761317731013833e+02
6.841294000197748346e+02
6.844024345742666355e+02
6.870231129620260617e+02
6.872966475187539572e+02
6.881882515064896779e+02
6.909531972061573697e+02
6.909872973586716398e+02
6.931928405563882052e+02
6.940682778051509558e+02
6.964551884807078750e+02
6.971104580780948936e+02
6.988101656801076160e+02
6.988968327343962983e+02
7.015202778011963574e+02
7.015514446072578494e+02
7.052168943344670424e+02
7.058728306015025282e+02
7.094498132663724164e+02
7.095247469348496452e+02
7.107609191303477019e+02
7.145191692726104975e+02
7.188588886821853521e+02
7.210871653149116582e+02
7.227011392001434160e+02
7.282449973286119302e+02
7.298382377877792351e+02
7.298958380453988184e+02
7.300573387677175106e+02
7.307228750776895367e+02
7.350479277550001598e+02
7.351623949336260466e+02
7.356765305664522430e+02
7.358004644540850450e+02
7.369226694731935368e+02
7.404416185451724459e+02
7.406168859957300583e+02
7.410628213235274870e+02
7.461737775158243267e+02
7.498016270748651095e+02
7.566346909693598946e+02
7.586176331714843855e+02
7.603518742612828873e+02
7.605625752036514768e+02
7.623874500321463756e+02
7.680285085953479438e+02
7.712760564534736432e+02
7.727958965843548640e+02
7.748153389497279022e+02
7.749293394595998734e+02
7.772849166616832690e+02
7.799568619454025793e+02
7.825426068435871230e+02
7.829226752101253624e+02
7.829407419575962876e+02
7.847716168129265952e+02
7.859021218691573267e+02
7.859083885638519860e+02
7.901185407272653265e+02
7.920355159676831818e+02
7.924027842769726249e+02
7.927342190926618741e+02
7.982198436273449715e+02
8.011621901204448477e+02
8.035570341648174235e+02
8.035657008702462463e+02
8.039858694161341646e+02
8.054013757470448809e+02
8.075922522124973284e+02
8.077567529482337250e+02
8.107827664822046927e+02
8.141642482726887238e+02
8.149884186254914766e+02
8.153167867607982089e+02
8.157073885077807063e+02
8.157369219732037209e+02
8.158788226078602293e+02
8.173693292742129870e+02
8.174527963141894134e+02
8.182219664210012979e+02
8.198896738798920296e+02
8.202274753907232707e+02
8.289097142223961328e+02
8.322930626878957128e+02
8.323827964225669120e+02
8.351964756735305855e+02
8.391416266517152280e+02
8.395025949328274919e+02
8.422353071549961214e+02
8.422446071965908914e+02
8.426936092047710645e+02
8.443041497413136085e+02
8.451668202663099692e+02
8.453439877253654231e+02
8.482275339554787479e+02
8.486617692309473568e+02
8.515395154351199380e+02
8.547895633044269061e+02
8.564662374700883447e+02
8.630460668986480641e+02
8.642936724786158038e+02
8.681345563237946408e+02
8.681727564946463644e+02
8.691864943619643782e+02
8.694458288551819578e+02
8.726808099904357050e+02
8.726994100736253586e+02
8.836396590043420929e+02
8.837686262478201797e+02
8.842082948809230629e+02
8.865625387437095242e+02
8.872839086367330310e+02
8.907059906088030630e+02
8.912924598984778868e+02
8.913997603783836894e+02
8.914799607370831609e+02
8.924004981875583553e+02
8.969430185041687764e+02
8.975257544438126160e+02
8.979939232043835773e+02
8.995338967586457102e+02
9.067796291654842662e+02
9.068178626698185099e+02
9.079371676759565162e+02
9.099976768916693572e+02
9.142486959045280628e+02
9.144582635084944968e+02
9.152010001637482901e+02
9.197093203273969948e+02
9.206129243688035331e+02
9.242822741134557418e+02
9.246292756654345339e+02
9.246472424124581266e+02
9.256275134634278174e+02
9.287120272590434524e+02
9.298560657091362600e+02
9.320072086635454980e+02
9.322228762947946734e+02
9.324462106269999140e+02
9.328641458295658140e+02
9.340687178837309830e+02
9.341228514591789462e+02
9.346263537111136657e+02
9.348983882611327090e+02
9.349566218549182395e+02
9.349601552040546721e+02
9.349757219403442150e+02
9.351189892477797230e+02
9.364266617630660221e+02
9.410470824280888564e+02
9.497791214824953840e+02
9.523595330234929861e+02
9.580821586181730254e+02
9.645927544037491543e+02
9.652942575412509996e+02
9.658277599273625356e+02
9.689536405746598575e+02
9.766013747794680739e+02
9.835239057407745804e+02
9.839834744628814178e+02
9.920051436734626122e+02
9.923660452876100635e+02
9.927647470708203628e+02
9.969790992530183757e+02
9.971373332940601131e+02
9.976252354762228833e+02
9.979263368229111393e+02
9.979932704556078988e+02
1.003551928650270270e+03
1.003629695664753172e+03
1.004996868446156668e+03
1.005753271829202163e+03
1.005998406258909426e+03
1.008973986233980895e+03
1.011644531511438572e+03
1.014853279196028893e+03
1.014972613063087920e+03
1.015662582815672863e+03
1.016720154212371426e+03
1.018040126782670200e+03
1.023474151086569009e+03
1.024715956640595778e+03
1.024785090283132149e+03
1.026194163251936061e+03
1.026314597123914837e+03
1.033959497982717494e+03
1.037690681337256365e+03
1.037918249021729025e+03
1.043222272744194697e+03
1.043252439545783773e+03
1.043354006666713531e+03
1.044906046941611294e+03
1.048796764343006089e+03
1.050799373299757690e+03
1.051682977251712828e+03
1.052087012392110182e+03
1.055165092825619240e+03
1.055343160288699892e+03
1.055546594531901292e+03
1.055886062716853530e+03
1.057521636698692646e+03
1.057929038520813947e+03
1.058684741900728795e+03
1.061725155499104631e+03
1.068896187571842802e+03
1.078166029031592871e+03
1.080879674501817817e+03
1.080942174781353060e+03
1.085750929622041440e+03
1.085898196947367296e+03
1.101547033604104399e+03
1.101728867750698555e+03
1.102202803203727854e+03
1.102658238574014831e+03
1.102900239656374652e+03
1.103118207297910658e+03
1.103198374323127609e+03
1.105527384739723175e+03
1.120825019825696700e+03
1.137820195837325855e+03
1.137961429802333896e+03
1.138065196933103152e+03
1.142370482855339560e+03
1.143317687091749804e+03
1.145356196209066184e+03
1.145585797235966538e+03
1.145648330848983960e+03
1.155517441655657649e+03
1.158952790353730279e+03
1.166220789526824547e+03
1.167153027029628674e+03
1.167179160479844995e+03
1.167420694893450900e+03
1.167882263624502912e+03
1.168743667477167264e+03
1.169053268861872311e+03
1.176876303850720433e+03
1.177104838206183103e+03
1.177215505367813194e+03
1.178813079179695251e+03
1.179119947218841844e+03
1.183394699671182707e+03
1.183743867899518591e+03
1.186341712851821057e+03
1.187956853408937604e+03
1.188643789814622323e+03
1.188707823434348711e+03
1.191557602846771942e+03
1.191676336711147542e+03
1.192624140950241099e+03
1.196210690324565121e+03
1.198887835631541975e+03
1.199665805777712194e+03
1.200571943163782635e+03
1.205299864309605937e+03
1.206147468100548849e+03
1.207886875880122261e+03
1.209607950244365156e+03
1.213070765731951042e+03
1.213300400092333575e+03
1.213840202506622290e+03
1.214242570972898648e+03
1.215114474872525079e+03
1.218944192001093597e+03
1.221696770978783661e+03
1.221831804916062083e+03
1.221955672136729845e+03
1.223859347317662468e+03
1.225314153824344885e+03
1.225518821406396000e+03
1.225599488433849274e+03
1.225767789186581240e+03
1.226210691167478672e+03
1.227693697800287509e+03
1.227848431825675107e+03
1.228085899554426078e+03
1.230406409933004852e+03
1.230643844328273190e+03
1.230767111546257865e+03
1.231366314226216446e+03
1.232435252340419993e+03
1.233680491243135748e+03
1.237649708995626725e+03
1.238048244111424765e+03
1.238346645446036973e+03
1.238539246307452458e+03
1.238786180745210231e+03
1.240052653076226989e+03
1.240345554386240110e+03
1.240622788959516811e+03
1.240744556170792293e+03
1.242368630101196686e+03
1.242832265508158798e+03
1.242859398962847536e+03
1.243063066540425780e+03
1.243397434702568034e+03
1.245812412170321522e+03
1.250621667013246451e+03
1.251820139040128879e+03
1.252990444274367519e+03
1.253106744794526549e+03
1.254731818729403585e+03
1.256884161689180019e+03
1.258426068585422399e+03
1.259658740765266657e+03
1.259733374432402115e+03
1.259853141634732538e+03
1.260061642567261742e+03
1.260370610615800615e+03
1.260956013234038210e+03
1.261049480318740279e+03
1.262338552750836698e+03
1.262718387782997979e+03
1.266919906574464903e+03
1.269313317279093553e+03
1.269334850708735985e+03
1.269716952417701577e+03
1.270960457979331977e+03
1.271885062114662105e+03
1.272815132941109141e+03
1.272840066385958380e+03
1.272855699789212622e+03
1.273429035686814586e+03
1.273565502963836707e+03
1.274487707088432899e+03
1.274683507964160526e+03
1.275283643981626938e+03
1.275655045642736241e+03
1.276070980836357194e+03
1.276235214904233999e+03
1.276272081735789243e+03
1.276577383101262285e+03
1.280511867365072703e+03
1.281603105579014255e+03
1.282633076852270051e+03
1.283377513515127248e+03
1.286741495227341375e+03
1.286932462748118269e+03
1.286982596305676225e+03
1.287105763523213227e+03
1.287555598868453671e+03
1.287630099201659732e+03
1.288191735046932536e+03
1.288414102708147766e+03
1.289147305987429718e+03
1.289451207346641240e+03
1.292065552372741195e+03
1.292543287842765949e+03
1.295481600984493298e+03
1.296348538195239371e+03
1.296534939028924555e+03
1.298290480213988758e+03
1.299474152174677329e+03
1.301342560531211120e+03
1.301483227827018027e+03
1.301621761779950248e+03
1.301770862446809133e+03
1.302159264183952018e+03
1.302512932432414573e+03
1.302701566609422116e+03
1.302976267838034801e+03
1.303019734699108767e+03
1.303951772201018457e+03
1.304273940308595229e+03
1.305843913997034406e+03
1.305997781351878984e+03
1.306904285406256122e+03
1.307187120004578901e+03
1.307503021417461014e+03
1.307775122634445097e+03
1.307946956736313496e+03
1.308082190674486355e+03
1.308111957474286100e+03
1.308296624966885929e+03
1.314900954505023265e+03
1.315919125725502909e+03
1.316981197142328028e+03
1.317351332131105437e+03
1.317388198962660454e+03
1.317840567652564914e+03
1.318220236017314164e+03
1.318586037653377161e+03
1.323200924960318389e+03
1.323265158580939215e+03
1.324981732925055894e+03
1.324989632960389145e+03
1.325041933194304193e+03
1.325337034514156812e+03
1.325670902674062745e+03
1.325903170379556514e+03
1.325909870409522455e+03
1.326108404630808536e+03
1.327062275563702315e+03
1.327078742304017169e+03
1.327325710075257575e+03
1.327671744956246130e+03
1.327873212523984876e+03
1.327878412547242078e+03
1.328675016110084471e+03
1.328769616533189037e+03
1.328935817276528496e+03
1.329182051711155509e+03
1.329199185121118944e+03
1.329217818537790890e+03
1.329516953209016492e+03
1.329644287111855874e+03
1.329686020631844031e+03
1.329691153988136648e+03
1.330385790428260407e+03
1.330924426170664447e+03
1.331046326715869554e+03
1.331167727258838340e+03
1.331222127502145668e+03
1.331417595043049232e+03
1.331643962722154583e+03
1.331847996968039752e+03
1.332306632352638871e+03
1.335948515307777825e+03
1.346242128013053843e+03
1.351208916893889636e+03
1.351741019273739539e+03
1.355845504297885554e+03
1.356537007390661756e+03
1.358770550713610191e+03
1.359386020132989415e+03
1.359405153551897683e+03
1.360441491520295585e+03
1.360773493005185856e+03
1.360846626665612575e+03
1.360857826715705414e+03
1.360938993745394782e+03
1.361066960984400339e+03
1.361098394458321081e+03
1.361670963685827473e+03
1.362634401328175500e+03
1.363475905091836012e+03
1.363750106318212147e+03
1.364224075104723852e+03
1.365144779222611305e+03
1.365536114306207082e+03
1.370845204718000559e+03
1.371330306887640063e+03
1.371660375030550313e+03
1.371969743080878288e+03
1.373360282633457473e+03
1.374335086993310142e+03
1.374399120613036530e+03
1.376374562781616987e+03
1.377352667156229245e+03
1.377370933904594722e+03
1.377392667335131819e+03
1.378238637785436367e+03
1.378599439399136600e+03
1.378640706250370840e+03
1.378729006645297886e+03
1.379708711027066556e+03
1.379780011345960247e+03
1.380603115027325430e+03
1.380865249533066162e+03
1.381032483614360899e+03
1.381148917468449554e+03
1.381283784738315489e+03
1.381422885360448845e+03
1.381632519631380319e+03
1.381770920250382687e+03
1.383981696804839203e+03
1.386695408942029189e+03
1.390428325637653643e+03
1.390570592940616734e+03
1.394585277563126738e+03
1.395216447052725016e+03
1.395962017053984482e+03
1.396248818336714976e+03
1.396477686027002164e+03
1.396819420888758714e+03
1.397003221710815524e+03
1.397844792141440848e+03
1.398393661262947489e+03
1.398588428800719839e+03
1.398650795746325230e+03
1.399113097813990407e+03
1.399145131290594918e+03
1.399560199813672625e+03
1.399576199885233564e+03
1.400043468641779100e+03
1.400485603952580959e+03
1.400638671303847786e+03
1.400639337973496140e+03
1.400671271449653204e+03
1.401068606560084390e+03
1.401469508353134415e+03
1.401479441730894905e+03
1.401515508558871943e+03
1.401786143102629694e+03
1.402237611788508730e+03
1.402637046908332195e+03
1.403454050562414750e+03
1.403458850583883077e+03
1.403666018177115575e+03
1.403934019375761864e+03
1.404290187635405800e+03
1.404839256757806879e+03
1.405602860173054751e+03
1.405743360801449626e+03
1.405783460980799646e+03
1.405866561352469262e+03
1.405874261386908074e+03
1.406396163721137782e+03
1.406558864448823670e+03
1.407477235222941545e+03
1.407604135790509645e+03
1.407688969503265298e+03
1.408135771501605859e+03
1.408192771756541561e+03
1.408253538694990993e+03
1.408418972768235108e+03
1.408584873510232910e+03
1.409398710483485957e+03
1.409519111021982326e+03
1.409595078028414719e+03
1.409691411792604640e+03
1.416653976266296013e+03
1.417957615430209671e+03
1.419236187815344238e+03
1.422135834117465947e+03
1.423367572959802374e+03
1.427119489740405470e+03
1.427288057160997141e+03
1.427408224365116439e+03
1.427672392213284638e+03
1.427940993414614923e+03
1.429424933384930910e+03
1.429669867813743849e+03
1.430493738165204604e+03
1.431000607098863838e+03
1.431689710180905649e+03
1.440129747929324367e+03
1.441780621979593661e+03
1.447027845448018070e+03
1.447569747871699064e+03
1.448544152229762858e+03
1.448553718939217106e+03
1.451717166421200318e+03
1.453393107250248704e+03
1.453766442253338028e+03
1.453794609045982043e+03
1.454380978335209647e+03
1.455879751705202125e+03
1.456212553193670828e+03
1.457862127238125595e+03
1.460405671947568180e+03
1.460610639530960725e+03
1.460870074024625637e+03
1.469900581080609300e+03
1.470292116165099287e+03
1.470762884937299077e+03
1.472985028209260008e+03
1.473346063157337312e+03
1.473445130267085688e+03
1.473565497472099651e+03
1.478782154137146108e+03
1.483994710783854998e+03
1.485720585169566448e+03
1.488070695680533163e+03
1.490935641827456720e+03
1.492488748773791940e+03
1.493082118094327598e+03
1.493278585639703351e+03
1.496157731850137452e+03
1.496172031914095214e+03
1.499913481981218865e+03
1.500170716465044052e+03
1.504246401360380332e+03
1.505821541738594306e+03
1.506523178210025662e+03
1.508632287643105201e+03
1.509370557611714958e+03
1.511349199794607330e+03
1.514013778378712232e+03
1.514261579487012796e+03
1.515980387174451607e+03
1.519202701586386183e+03
1.520179172620360077e+03
1.520281239743526157e+03
1.522783517601734047e+03
1.524153857063967735e+03
1.525472262960592616e+03
1.526814635631076726e+03
1.527938973993059790e+03
1.529283380005971594e+03
1.529887616041775573e+03
1.529933716247960547e+03
1.530137917161257519e+03
1.530665919522770082e+03
1.532341493683511771e+03
1.532402093954548945e+03
1.540587763898630328e+03
1.542009003588516862e+03
1.546706824599716128e+03
1.548686700121457989e+03
1.549159202234743361e+03
1.555941299234619919e+03
1.556037399664432996e+03
1.556465001576900249e+03
1.560906421441334714e+03
1.561464623937918304e+03
1.561524824207166603e+03
1.561744858524612482e+03
1.563414432658518763e+03
1.563418666010785955e+03
1.564044002140961084e+03
1.564369236928920373e+03
1.565005473107846456e+03
1.566225778565713199e+03
1.566407479378377730e+03
1.566438046181755453e+03
1.566827214588993911e+03
1.567058182288673379e+03
1.567650184936429696e+03
1.568456188541314077e+03
1.568708356335811914e+03
1.568842123600758214e+03
1.569275758873543055e+03
1.575100151590047744e+03
1.576844726059395725e+03
1.581091045051233550e+03
1.584113525236068199e+03
1.586442768987040608e+03
1.586986271417877788e+03
1.588356244211804551e+03
1.589665483400764288e+03
1.595939811462956413e+03
1.596109878890257050e+03
1.596286146345287079e+03
1.596867682279563951e+03
1.597851386679222514e+03
1.600018829706534689e+03
1.600546032064469046e+03
1.600558898788682654e+03
1.600698099411263229e+03
1.602774308697195238e+03
1.604671717183433429e+03
1.605221686309859933e+03
1.605221952977719184e+03
1.605873555892040258e+03
1.606417791659490376e+03
1.606450291804848803e+03
1.606783726629483226e+03
1.606942627340173203e+03
1.606985594199010848e+03
1.607228528618878499e+03
1.607389662672890609e+03
1.607452662954661946e+03
1.607765897688950645e+03
1.608240099809839194e+03
1.608286466683883646e+03
1.608396533842830195e+03
1.608692235165366810e+03
1.608853069218036808e+03
1.609217937516592201e+03
1.609631806034302826e+03
1.610179441816959979e+03
1.610427209591778364e+03
1.610605477055753681e+03
1.611669181813217165e+03
1.612223450958875674e+03
1.612583752570339584e+03
1.612844220401959319e+03
1.613889691744539959e+03
1.617909843058166416e+03
1.621633093043889858e+03
1.622286929301532837e+03
1.623347900713438094e+03
1.624305638330292595e+03
1.624401438758764016e+03
1.624503239214070845e+03
1.631384536657625404e+03
1.632175006859702762e+03
1.632493141615907234e+03
1.632861676597528458e+03
1.633357478815024251e+03
1.635010219540308981e+03
1.635577455410628318e+03
1.635881756771628716e+03
1.635900056853476599e+03
1.636149691303310419e+03
1.636966228288639286e+03
1.637164795843407319e+03
1.637475597233479675e+03
1.637533030823686886e+03
1.637773165231031498e+03
1.639272971938979254e+03
1.639699540513491456e+03
1.639949708299043778e+03
1.640882579138014080e+03
1.641205680583098456e+03
1.641702249470690276e+03
1.641866616872496706e+03
1.644082093447974330e+03
1.644582929021315522e+03
1.644761663154044754e+03
1.645228265240941937e+03
1.645806534493941626e+03
1.652007395560883197e+03
1.657559153724684847e+03
1.657604787262116133e+03
1.661829839492170549e+03
1.662060340523095874e+03
1.671682816893353674e+03
1.672269919519194445e+03
1.673230357148124995e+03
1.676713839394810293e+03
1.676915006961207155e+03
1.676929507026059355e+03
1.679563585473750891e+03
1.683432302776749566e+03
1.683744204171741330e+03
1.684189239495513675e+03
1.696349327215343237e+03
1.697430532051076625e+03
1.702543321584906153e+03
1.702557621648863915e+03
1.702939123355145966e+03
1.708608448711438768e+03
1.717172553681419913e+03
1.717324754362143722e+03
1.729198274133619634e+03
1.731786685710397478e+03
1.737383477408947101e+03
1.737403777499739817e+03
1.739906755361078694e+03
1.741002426928181876e+03
1.741218694562114706e+03
1.742378066414119758e+03
1.742905468772948780e+03
1.744727710256332784e+03
1.746993553723744753e+03
1.749684165757618530e+03
1.752809479735714831e+03
1.753399949043280003e+03
1.755442658179381169e+03
1.758525605301323367e+03
1.761447451702735862e+03
1.761853753519937300e+03
1.766844409174184875e+03
1.768128214916059505e+03
1.772773369025037027e+03
1.782886547589980637e+03
1.789802578522215526e+03
1.792073822013779591e+03
1.795167002514823935e+03
1.795525637452166848e+03
1.795880572372961524e+03
1.798779718672846684e+03
1.799797523225019859e+03
1.802477535211484565e+03
1.805829483536545695e+03
1.805847650284463725e+03
1.805858250331872796e+03
1.808872030477796216e+03
1.809907101773861996e+03
1.809967368710075334e+03
1.815641560754801048e+03
1.815795894778399543e+03
1.816543098120297373e+03
1.823430295590240121e+03
1.823846297450825887e+03
1.830125058866179643e+03
1.831272430664514332e+03
1.835574849907262660e+03
1.835941984882622137e+03
1.841465576253780227e+03
1.842906116029987516e+03
1.845728095318073429e+03
1.848213139765871119e+03
1.851627421703055234e+03
1.851979156609537313e+03
1.853238962244070308e+03
1.854838702732309230e+03
1.855085003833901283e+03
1.856134308526959785e+03
1.858110517365635815e+03
1.861190164472818424e+03
1.862988405848860793e+03
1.863283873837020110e+03
1.864270278248754721e+03
1.869148633400733615e+03
1.870543039637273523e+03
1.873475619420024714e+03
1.875371161231247243e+03
1.877090435587439970e+03
1.882013657606754350e+03
1.882872661448684539e+03
1.883632398179971915e+03
1.885320972398856611e+03
1.888936321901990596e+03
1.889114089363729590e+03
1.890657862934987634e+03
1.892526471292415863e+03
1.896176820952089201e+03
1.903631487626728131e+03
1.904417591142608671e+03
1.908373175500790467e+03
1.910561751955955970e+03
1.911012453971739205e+03
1.911351488821420162e+03
1.912375593401770175e+03
1.913913900281911538e+03
1.914503802920275575e+03
1.918575521131203914e+03
1.919114790209773901e+03
1.924312313455911863e+03
1.929070801405113116e+03
1.931388978439922766e+03
1.931766780129656354e+03
1.931888214006108001e+03
1.931902714070959973e+03
1.932763784588800263e+03
1.933216219945669536e+03
1.933445220969886122e+03
1.933582554917451034e+03
1.934096457215900500e+03
1.936721668957268776e+03
1.938476876807508688e+03
1.938907412066428606e+03
1.939651015392225190e+03
1.940917054387970438e+03
1.941483890256500899e+03
1.944656537779631435e+03
1.946135011058831196e+03
1.947917285696795261e+03
1.950006428373905692e+03
1.950488663864057116e+03
1.951728302741726793e+03
1.952673540302674382e+03
1.952957508239399431e+03
1.954040879751490138e+03
1.954260714068041352e+03
1.954270514111872671e+03
1.954280580823562786e+03
1.954388814640976534e+03
1.955740587353502633e+03
1.956514557481782731e+03
1.956786892033143658e+03
1.961729447472260972e+03
1.972305794775412551e+03
1.973619367317086926e+03
1.974799205927297180e+03
1.979969762386158664e+03
1.990829144288527687e+03
1.993115387847179818e+03
1.997331273369569317e+03
1.997492640757958270e+03
1.997516840866194343e+03
2.000575387879006030e+03
2.000735355261133236e+03
2.001248090887697799e+03
2.012122739525014595e+03
2.019205804537649783e+03
2.024920196762172282e+03
2.026366803232179791e+03
2.031682327006079959e+03
2.031782694121642862e+03
2.032493063965468082e+03
2.033093466650793971e+03
2.033123833453277484e+03
2.033264200747742734e+03
2.036550915447710395e+03
2.037562119970364392e+03
2.037706753950579241e+03
2.037731854062840512e+03
2.042585675771759270e+03
2.043899081646021614e+03
2.044106482573630728e+03
2.049137805076428776e+03
2.049449239802666852e+03
2.049529006826095156e+03
2.049647740690470528e+03
2.050534344655843597e+03
2.053125022909426207e+03
2.053961559984205905e+03
2.064175005664265427e+03
2.064892842208152160e+03
2.065014376085051026e+03
2.066960184787760682e+03
2.067400420090064927e+03
2.067976489333225345e+03
2.068333057594657930e+03
2.073191579324598024e+03
2.073236779526757800e+03
2.077249964142558838e+03
2.077287264309385591e+03
2.077385764749932605e+03
2.079385107025407251e+03
2.079771108751815973e+03
2.086781506772778357e+03
2.086941274154011353e+03
2.089304684724462732e+03
2.090381422873551855e+03
2.091306293676741461e+03
2.093662504214991259e+03
2.094589341693643291e+03
2.096764484755394278e+03
2.097207153401914638e+03
2.100091866303912411e+03
2.100194666763692112e+03
2.101156671066295985e+03
2.106049092947856025e+03
2.106699995859045885e+03
2.107474332655632679e+03
2.107647100095009137e+03
2.110881481227579116e+03
2.113692060464677979e+03
2.114548064293190691e+03
2.118996250854555910e+03
2.119044251069238726e+03
2.121275794383242101e+03
2.121908697213926189e+03
2.122067231256309697e+03
2.124089040298934378e+03
2.124546609012095814e+03
2.125939681909339015e+03
2.126072815838119368e+03
2.126262483353081734e+03
2.126682518565040027e+03
2.126733852127964838e+03
2.127572589212584717e+03
2.128300492468162247e+03
2.132531744725946737e+03
2.134094318381288303e+03
2.136852030715271212e+03
2.137996402500187742e+03
2.138009702559673315e+03
2.138337537359261205e+03
2.138564771708909575e+03
2.139242308072552532e+03
2.139434175597354624e+03
2.140333512953011450e+03
2.140589880766293845e+03
2.140675614483074696e+03
2.140936648983895793e+03
2.141482884760291199e+03
2.142158021113199993e+03
2.143155292240202925e+03
2.144103096479296710e+03
2.167842035986020619e+03
2.168036403522004093e+03
2.177459412333468208e+03
2.180287258314459905e+03
2.180449525706874283e+03
2.182562935159185599e+03
2.187528357367242279e+03
2.187610024399167742e+03
2.191102040017352920e+03
2.191757242947774557e+03
2.195734194068186753e+03
2.198800241114542587e+03
2.198940275074183319e+03
2.199760112074272001e+03
2.199913012758126570e+03
2.200490515341030459e+03
2.204134164970738311e+03
2.205306136879097267e+03
2.211599598360197888e+03
2.211613765090226025e+03
2.212345235028422394e+03
2.212618202915949496e+03
2.215875850819247717e+03
2.220441004570420773e+03
2.220595005259195204e+03
2.221587243030352965e+03
2.221908977802658228e+03
2.222072045198650358e+03
2.228220172696405371e+03
2.229198677072806731e+03
2.231339353313736865e+03
2.231611687865097792e+03
2.231680188171468217e+03
2.235661372644147377e+03
2.235724339592436081e+03
2.236347375712324720e+03
2.239958458529708878e+03
2.240145192698218580e+03
2.240179492851626947e+03
2.241427665100795821e+03
2.241825533546945735e+03
2.242020001083376883e+03
2.244174344052098149e+03
2.244191377461614138e+03
2.244249144386645639e+03
2.248216495464121181e+03
2.248543096924859583e+03
2.249022232401146539e+03
2.249192033160587471e+03
2.249484234467469832e+03
2.251882678527943426e+03
2.255115426319875041e+03
2.255124859695400119e+03
2.255511628091904186e+03
2.257199035638904206e+03
2.257232802456594527e+03
2.272365103469770929e+03
2.274604113483836045e+03
2.275105949061649881e+03
2.275150249259784232e+03
2.281860445938084013e+03
2.282091680305622504e+03
2.282315247972204816e+03
2.282405281708217899e+03
2.288709509904139395e+03
2.288812443697848266e+03
2.289705447691845620e+03
2.292784594796792589e+03
2.296310010564360709e+03
2.296988613599440214e+03
2.299897893277980984e+03
2.300486829245354784e+03
2.300645529955150323e+03
2.301411733382026796e+03
2.302327770812375547e+03
2.303270308361247316e+03
2.303515609458366725e+03
2.306493489443724684e+03
2.313511254164301590e+03
2.314270224225493166e+03
2.314340691207326472e+03
2.316664534934147014e+03
2.317504938692887663e+03
2.318092574654447617e+03
2.319576181289939541e+03
2.322394693895853834e+03
2.322663295097183891e+03
2.322681428511619742e+03
2.322918662905993642e+03
2.322981396519905502e+03
2.323131097189448610e+03
2.323241231015359517e+03
2.323532765652594207e+03
2.323800633517310871e+03
2.323908667333829726e+03
2.324411602916563425e+03
2.324528603439853214e+03
2.325330273692022729e+03
2.325551474681353284e+03
2.325912376295500962e+03
2.326532812403760545e+03
2.326625812819708699e+03
2.327054481403613408e+03
2.327256348973141030e+03
2.327318349250439951e+03
2.327629250640959071e+03
2.327898951847209446e+03
2.328120719505740908e+03
2.328222886629353980e+03
2.329041056955321892e+03
2.329189057617260460e+03
2.329300658116398608e+03
2.330043494772099621e+03
2.338092097436475342e+03
2.339253269296531016e+03
2.339494803710136694e+03
2.345690664754715726e+03
2.350568453237493486e+03
2.362293239010416983e+03
2.364640816176719909e+03
2.364984117712150237e+03
2.365011517834698680e+03
2.365187751956246302e+03
2.365192285309854924e+03
2.365336485954798718e+03
2.365370952775619116e+03
2.368591967181739619e+03
2.368627000671761834e+03
2.373822357241542704e+03
2.374189125548595712e+03
2.376794803869266616e+03
2.376816637300250932e+03
2.376854970805032281e+03
2.377586740744570761e+03
2.378227143608798542e+03
2.378889013235705079e+03
2.378953913525973803e+03
2.379323948514304448e+03
2.379539816146447720e+03
2.382755030526627252e+03
2.384908840159630472e+03
2.384948873672014997e+03
2.388985258391579464e+03
2.391313202136737800e+03
2.393457878395558055e+03
2.393820313349896423e+03
2.395962722931912595e+03
2.396111756931806212e+03
2.396748126444661921e+03
2.397635463746648384e+03
2.405557499178280068e+03
2.410996656838471608e+03
2.433274456476853629e+03
2.434020426479901744e+03
2.436858105838206939e+03
2.439254483222770887e+03
2.446273014613443138e+03
2.452387908629226786e+03
2.457174396703660022e+03
2.459754741577692585e+03
2.463228257113134987e+03
2.466231570545578506e+03
2.468976482822312391e+03
2.471277959782430116e+03
2.478022156612796607e+03
2.479050794546755697e+03
2.481644772815097895e+03
2.483114646055832964e+03
2.483269813416492525e+03
2.483283980146520207e+03
2.483612514949239085e+03
2.489767175809548462e+03
2.489805475980847405e+03
2.490559712687535466e+03
2.490575212756860310e+03
2.490638179705149469e+03
2.490735280139434963e+03
2.490893247512617108e+03
2.492712055647311900e+03
2.499314485176951621e+03
2.500453190269857259e+03
2.500790658445864210e+03
2.502596499855898401e+03
2.502782467354312757e+03
2.503170335755736687e+03
2.504746942807176765e+03
2.508032024166506289e+03
2.510565002162021756e+03
2.511018037521574570e+03
2.512893845911205517e+03
2.513006646415710293e+03
2.515894892666844498e+03
2.530266923613015479e+03
2.530309990472300342e+03
2.530675958775775143e+03
2.532453600059682685e+03
2.538155492228298499e+03
2.539625798804305759e+03
2.541707241446977605e+03
2.541926342426915653e+03
2.544119952237926100e+03
2.546796164207395123e+03
2.552190688334628248e+03
2.555608336953536309e+03
2.557231544213398138e+03
2.564804444750176117e+03
2.564835878224097542e+03
2.566484452264079209e+03
2.568016092447736810e+03
2.568432894311900782e+03
2.572836380673342319e+03
2.573232649112336276e+03
2.573796118299142563e+03
2.573840518497723679e+03
2.573882452018606728e+03
2.577364100923758997e+03
2.578058804030847568e+03
2.578516806079280741e+03
2.578802807358433256e+03
2.578810574059836654e+03
2.579456143613840140e+03
2.580162080104503275e+03
2.580981983771556315e+03
2.580990850477880031e+03
2.581309285235425705e+03
2.581764720605712682e+03
2.581778954002705632e+03
2.582360623270912129e+03
2.582365523292827675e+03
2.582634491162464201e+03
2.583120126667822660e+03
2.583449261473225306e+03
2.583474494919415974e+03
2.584037164102644056e+03
2.584097831040645815e+03
2.584929068091721092e+03
2.585323769857041498e+03
2.585672204748764216e+03
2.585768138511165489e+03
2.585862338932480725e+03
2.585967472736029322e+03
2.586884610171297936e+03
2.593179238324282778e+03
2.597720791969903075e+03
2.599736567652209942e+03
2.604761056791112424e+03
2.604799423629376633e+03
2.608309739329408785e+03
2.608621707391365817e+03
2.608938742142650426e+03
2.613304661669405959e+03
2.615312137314590473e+03
2.615408404411816264e+03
2.618585451954626478e+03
2.620009791658378163e+03
2.623236606090439182e+03
2.625848484438839932e+03
2.633918853867234702e+03
2.636120230379649001e+03
2.636146063828523893e+03
2.636757466563047728e+03
2.641088985935947676e+03
2.641111652703992604e+03
2.645058370355850911e+03
2.651456565638710799e+03
2.652537870474891861e+03
2.654984781418802413e+03
2.656490654820550390e+03
2.660058770779096903e+03
2.667539437570022073e+03
2.674757103184663720e+03
2.674917670569474922e+03
2.675872041504605477e+03
2.681173965217678870e+03
2.689394268649993137e+03
2.689512802513474071e+03
2.691734079114892211e+03
2.701112787728221974e+03
