5.193030115393778345e+00
8.751179362697060427e+00
8.761746076623794011e+00
8.853179818898327724e+00
8.879446603044273800e+00
9.748283822288072997e+00
1.055408742627808394e+01
1.463280566851443254e+01
1.465317242627226690e+01
1.470523932581030024e+01
1.482137317855710279e+01
1.498497391026815428e+01
1.540310911372851166e+01
1.685438227127451327e+01
1.699521623449358287e+01
1.828215532371531893e+01
1.926962640688732620e+01
2.020143057442007617e+01
2.102810093840420080e+01
2.104193433360796561e+01
2.206290556661078028e+01
2.277670875912513893e+01
2.389204708085533113e+01
2.734282918128793227e+01
2.742386287704782788e+01
2.791159839179846003e+01
2.798096536871180717e+01
2.798239870845581478e+01
2.832053355411125395e+01
2.972547317109524201e+01
2.992160738164696099e+01
3.012027493686250068e+01
3.113184612782323413e+01
3.228318461056564104e+01
3.230931806078191215e+01
3.292972083555902429e+01
3.296868767650650511e+01
3.421225990510149728e+01
3.640836972729368171e+01
3.825964467386425838e+01
3.855157931288736251e+01
3.927918256712306544e+01
3.931604939867816029e+01
4.059058843244014270e+01
4.063442196182074895e+01
4.065482205306100383e+01
4.066842211388783568e+01
4.072938905323166381e+01
4.074402245201348194e+01
4.113995755618297778e+01
4.176539368680531794e+01
4.217779553128965375e+01
4.272799799209296623e+01
4.290219877121316472e+01
4.582927852936534663e+01
4.600657932235048264e+01
4.625481376592265548e+01
4.726171826934476883e+01
4.750238601240788938e+01
4.789062108213865798e+01
4.789975445632138218e+01
4.793565461688634599e+01
4.794248798078218243e+01
4.950852831829580936e+01
5.046466592799422557e+01
5.054089960228582612e+01
5.066990017924624823e+01
5.078810070790301268e+01
5.151557062820904065e+01
5.457168429680406518e+01
5.473235168206227286e+01
5.517705367101034142e+01
5.518212036033798285e+01
5.960454013979370558e+01
6.016434264353360106e+01
6.118494720822980781e+01
6.118878055870795407e+01
6.120934731736030443e+01
6.121358066962748978e+01
6.268035389649818967e+01
6.431042785373817594e+01
6.431719455066917135e+01
6.439216155262886332e+01
6.552663329326739472e+01
6.556290012213895579e+01
6.558476688660563525e+01
7.173666106787393915e+01
7.394530427945555573e+01
7.716111866231864269e+01
7.909336063768427039e+01
8.365684771473598857e+01
8.367101444476395500e+01
9.203391851486560427e+01
9.593776930833338668e+01
1.001463547980730482e+02
1.026773994516084656e+02
1.027643665072388899e+02
1.028663002964753304e+02
1.028980337717379427e+02
1.029747341147834021e+02
1.078674226642023370e+02
1.096430639391648754e+02
1.112302043710495383e+02
1.113455048867358812e+02
1.113506382430283708e+02
1.113510049113349680e+02
1.116181061059561301e+02
1.122794090636610065e+02
1.146503863346217571e+02
1.158092581843907993e+02
1.163543606223840499e+02
1.187597047137184916e+02
1.193723407870920568e+02
1.224060210220192744e+02
1.225310549145718824e+02
1.227795893594858256e+02
1.238722275796888681e+02
1.251166998123091503e+02
1.266694734238201505e+02
1.266745734466302054e+02
1.277671116663860005e+02
1.279975126968641632e+02
1.292590516724828547e+02
1.299956883004540202e+02
1.312395271969083694e+02
1.313161275395065672e+02
1.313271609221871756e+02
1.313328942811631919e+02
1.324771327321504089e+02
1.324833660933626902e+02
1.343509744463184461e+02
1.364490838301996121e+02
1.403843680975882364e+02
1.404310349729744587e+02
1.405573688713413674e+02
1.405625355611162774e+02
1.487587055521595119e+02
1.492028742053888948e+02
1.492275076488963066e+02
1.492317076676810643e+02
1.492776745399364984e+02
1.493621082509030771e+02
1.493915417158788159e+02
1.508205147736867104e+02
1.513464171258067381e+02
1.521601874320948298e+02
1.524639887908589913e+02
1.550915338759965891e+02
1.555765693786713371e+02
1.571802432178357094e+02
1.576494453163615219e+02
1.576970455292554334e+02
1.577885459384948206e+02
1.582750481143959576e+02
1.582762147862806046e+02
1.585167158619316581e+02
1.585378159563026941e+02
1.585429493125951694e+02
1.596213874692878392e+02
1.628305351556671781e+02
1.630784695978975662e+02
1.631301031621641755e+02
1.637492059311269657e+02
1.638890065563910525e+02
1.639126066619434994e+02
1.657927817377710937e+02
1.658235152085611617e+02
1.658281818960997782e+02
1.682428260290290609e+02
1.682467260464720482e+02
1.685969609462454741e+02
1.692611305834383586e+02
1.704605692813109670e+02
1.704857360605371071e+02
1.704986694517155854e+02
1.705058028169531497e+02
1.708650710904620951e+02
1.712809729506003862e+02
1.723662444711888782e+02
1.729732471860336886e+02
1.739130180558645122e+02
1.743121198408638008e+02
1.743292865843094432e+02
1.757648596716362022e+02
1.772040327750642348e+02
1.794633762134047004e+02
1.794766096059249492e+02
1.795127097673843934e+02
1.821126547290793098e+02
1.821253547858808588e+02
1.837227285968680519e+02
1.847380331378597020e+02
1.876856129876993577e+02
1.887336510084261931e+02
1.889174851639654094e+02
1.890378857024618071e+02
1.891015193203991487e+02
1.892912201688440348e+02
1.893019202167004380e+02
1.899506231180510554e+02
1.899815232562532117e+02
1.899872899487116342e+02
1.904533920333725234e+02
1.906756930276229411e+02
1.914177963467107588e+02
1.922736335078112972e+02
1.929940033963621033e+02
1.932826046871433334e+02
1.933456049689147278e+02
1.933506716582423621e+02
1.937195733081702826e+02
1.943493094580246350e+02
1.947134777534490979e+02
1.952889136604433702e+02
1.970820550136756992e+02
1.978835252649512881e+02
1.992878315457693077e+02
1.997872004458840820e+02
2.001850355585514478e+02
2.002196357133020683e+02
2.006818377805199702e+02
2.027272802621795620e+02
2.027795138291296837e+02
2.046578222299418428e+02
2.048230563022914055e+02
2.056043931301860823e+02
2.064932304388811133e+02
2.067289648265462461e+02
2.067439982271170891e+02
2.067516649280733816e+02
2.071911335602817417e+02
2.076537689627710961e+02
2.076580023150382601e+02
2.083515054167596077e+02
2.085518063126136781e+02
2.092273093338289414e+02
2.094950771980984712e+02
2.095104439334934909e+02
2.108900167703568513e+02
2.108960167971922033e+02
2.109446503480411081e+02
2.110050839516662222e+02
2.110229173647602465e+02
2.110600175306922779e+02
2.110839176375864952e+02
2.110880509894064403e+02
2.110925843430153463e+02
2.115070195299272484e+02
2.156429046945117136e+02
2.160020729675733264e+02
2.163842080100214957e+02
2.168625101492476119e+02
2.182654497572864898e+02
2.183139499742057126e+02
2.183210166724784642e+02
2.191739204871261393e+02
2.193364545473997680e+02
2.201874916870319794e+02
2.201915583718870835e+02
2.208443279580927481e+02
2.212428630738909305e+02
2.224750019180162894e+02
2.230960046954769496e+02
2.263800193833687331e+02
2.263930527749944304e+02
2.264935198910044392e+02
2.267501210386637069e+02
2.269904221134202373e+02
2.275218578236217866e+02
2.275277245165274849e+02
2.298224681131966634e+02
2.298310681516606735e+02
2.298754350167599796e+02
2.298902350829538932e+02
2.300681358786225701e+02
2.301718363424272127e+02
2.304178374426772962e+02
2.317807768718137140e+02
2.321916453761068055e+02
2.324119796948944838e+02
2.328657817245428703e+02
2.339969867839043900e+02
2.344168553284505094e+02
2.354110597750710951e+02
2.358210949423036880e+02
2.358243282900983218e+02
2.365114646966777059e+02
2.365409981621006921e+02
2.365774649918667478e+02
2.372207012021007131e+02
2.373312016963187432e+02
2.373505351161215913e+02
2.373843352672941762e+02
2.377917704228981393e+02
2.384172732204852991e+02
2.386586409666792008e+02
2.394143776800763135e+02
2.399454800554536860e+02
2.400394804758744556e+02
2.404590156855963983e+02
2.406892833821448789e+02
2.418773220290303243e+02
2.428669597885595408e+02
2.440263316405648482e+02
2.446876345982697103e+02
2.471387122274826709e+02
2.471491122739972752e+02
2.472081125378784350e+02
2.480440496099749339e+02
2.506200277978107920e+02
2.506314278487979834e+02
2.506512612708371250e+02
2.507157282258349369e+02
2.521239678575783785e+02
2.527435706287774337e+02
2.527549040127998126e+02
2.527678707374606972e+02
2.538373755208651517e+02
2.538630423023275569e+02
2.554997162890864502e+02
2.557572841077358419e+02
2.570645899547154158e+02
2.576297258156423027e+02
2.582690286749508459e+02
2.582735286950773457e+02
2.589809318589673239e+02
2.592477330522467014e+02
2.592940332593263406e+02
2.592992999495485265e+02
2.594843674439371739e+02
2.602789376643520995e+02
2.608767070045668675e+02
2.610284743500192803e+02
2.610332410380052011e+02
2.610353077139151310e+02
2.616439771028808536e+02
2.616579438320143254e+02
2.616614438476682949e+02
2.618447113340063765e+02
2.618633780841608427e+02
2.618733114619216167e+02
2.632259508449906775e+02
2.651471261041932621e+02
2.657750622459970486e+02
2.659927632196736340e+02
2.670683013633959035e+02
2.698123136361044772e+02
2.699129140860441680e+02
2.699171474383113605e+02
2.699346808500635575e+02
2.699487809131267113e+02
2.699641476485217026e+02
2.700345479633900254e+02
2.703278492751923068e+02
2.703683827898134950e+02
2.708335182034842319e+02
2.709183852497222915e+02
2.712245199522557755e+02
2.727831269231900251e+02
2.729659944077391174e+02
2.734623299609537526e+02
2.735057634885453126e+02
2.738125315272447438e+02
2.739213653473418617e+02
2.739710655696281947e+02
2.740514325957396977e+02
2.740565659520321447e+02
2.741228995820454202e+02
2.741908332192147668e+02
2.747898358982790796e+02
2.747955359237726611e+02
2.753738051767725779e+02
2.753988052885865727e+02
2.754344721147745645e+02
2.754401388067857965e+02
2.758173738273183631e+02
2.758677073857706432e+02
2.761978421956455918e+02
2.776674821020042714e+02
2.778747496956838745e+02
2.786263530572610421e+02
2.796612243524324413e+02
2.796693243886601863e+02
2.798485918571080333e+02
2.801485265319116706e+02
2.809098966038374670e+02
2.813163650884512776e+02
2.813201984389294239e+02
2.818691675608832838e+02
2.819615346406655476e+02
2.823054028452970101e+02
2.824018699434167843e+02
2.825772707279040219e+02
2.836206087276098060e+02
2.840918441685631706e+02
2.842953450787294400e+02
2.846020797839464649e+02
2.861316866251763713e+02
2.861488533686220421e+02
2.861791868376230923e+02
2.861845535282924970e+02
2.864310212972964678e+02
2.868042896334212628e+02
2.869021900712850197e+02
2.870069238730446273e+02
2.870344906630048740e+02
2.882507294360165133e+02
2.893191342145012186e+02
2.896752024736979365e+02
2.896873358612982656e+02
2.899673037801330793e+02
2.902127048776996503e+02
2.905254729432344334e+02
2.905322063066830083e+02
2.906070066412306119e+02
2.909314080921295727e+02
2.909464081592179809e+02
2.923775145599006464e+02
2.923821812474392914e+02
2.934636527510321002e+02
2.934708527832344771e+02
2.936168534362284959e+02
2.937497206971494847e+02
2.938939546755752872e+02
2.943963902560725501e+02
2.946676914694784841e+02
2.950852933372200937e+02
2.968103343858709877e+02
2.968149010729624138e+02
2.968201677631845428e+02
2.968582679335891044e+02
2.974370705223076925e+02
2.974876707486193368e+02
2.979078726279896046e+02
2.991374781274511747e+02
2.995729800752516780e+02
3.004698840866920477e+02
3.024944598083574760e+02
3.026191936995683136e+02
3.028427613661506257e+02
3.029599952238172591e+02
3.030714290555430352e+02
3.038886660440026617e+02
3.044818353636437109e+02
3.049322373780853468e+02
3.055885069799450662e+02
3.070557468755695822e+02
3.080815847970055756e+02
3.081533184511706054e+02
3.081875519376146144e+02
3.082167520682133954e+02
3.096100249663508635e+02
3.112633990278015403e+02
3.112959991736070720e+02
3.113016991991006535e+02
3.114344331260919603e+02
3.115909338260478307e+02
3.115998671993360176e+02
3.116212339615664177e+02
3.116550674462214374e+02
3.117567345675985280e+02
3.143362794380531682e+02
3.144278131807749901e+02
3.145723471605425061e+02
3.145836805445649134e+02
3.149572822155138283e+02
3.157606191418048525e+02
3.158652196096347780e+02
3.158696862962789282e+02
3.174304932770527898e+02
3.179937291294818351e+02
3.181696299162053378e+02
3.182109967678870248e+02
3.183559307494435302e+02
3.185846317723183461e+02
3.188396329128215143e+02
3.188654996951784710e+02
3.188704997175412359e+02
3.190800006545428573e+02
3.190962007269984042e+02
3.192746348583857525e+02
3.207464747745841009e+02
3.207590414974559394e+02
3.208449418816489924e+02
3.208849087270690461e+02
3.209569757160583094e+02
3.209676757639147127e+02
3.209860091792450021e+02
3.212632770860038249e+02
3.212727437950107969e+02
3.212810438321329798e+02
3.213147773163407805e+02
3.213272440387653432e+02
3.214043443835998346e+02
3.228073506586035251e+02
3.228468175017873136e+02
3.231566188873868555e+02
3.232195191687109741e+02
3.233369196937896959e+02
3.261282988450152516e+02
3.261675323538221392e+02
3.261732990462805333e+02
3.271327366707383817e+02
3.289349447311885797e+02
3.311430212735691043e+02
3.312197216166146063e+02
3.318749578805192755e+02
3.339207670304854787e+02
3.340535676244415981e+02
3.340582676454626494e+02
3.340665010156200765e+02
3.342197350342989353e+02
3.342859686638649350e+02
3.343154354623230233e+02
3.354683406187391483e+02
3.356602748105060527e+02
3.362343773782036465e+02
3.372034483790804984e+02
3.372454819004104820e+02
3.372893820967559577e+02
3.373107821924687642e+02
3.373245489207076275e+02
3.378688846886053057e+02
3.378846847592717495e+02
3.381740193866662025e+02
3.381854194376534224e+02
3.382767198459982865e+02
3.382833865424819919e+02
3.383967537161880159e+02
3.385785878627821717e+02
3.389708896173680159e+02
3.404596629426350205e+02
3.405793301445182237e+02
3.407550309303472886e+02
3.407986644588333434e+02
3.416299681768737173e+02
3.422413375779153739e+02
3.422647710160557040e+02
3.423533714123246909e+02
3.424492718412432737e+02
3.425684723743726181e+02
3.426809062105709245e+02
3.429228072924835828e+02
3.429336073407872050e+02
3.430776413183185127e+02
3.437734777638091828e+02
3.439709119801751740e+02
3.439814786941018951e+02
3.441738128876579026e+02
3.450827836197338456e+02
3.453370847571062541e+02
3.455300856203105582e+02
3.484038651400751974e+02
3.484097318329809241e+02
3.485469657800987875e+02
3.485624325159410546e+02
3.510232435220202660e+02
3.532414534430560593e+02
3.536649220037033956e+02
3.537117888799841126e+02
3.564978013405402635e+02
3.570849039663810913e+02
3.574778057236505333e+02
3.578517407294236250e+02
3.589046121051011369e+02
3.590165126055807718e+02
3.593776142206227178e+02
3.605206859997252877e+02
3.606595199539992223e+02
3.607128201923867437e+02
3.607213202304035349e+02
3.608876876411553098e+02
3.609604212997929835e+02
3.625787618712216158e+02
3.627976961837476892e+02
3.628100962392074393e+02
3.629041299931106437e+02
3.629990304175566962e+02
3.648698054513422449e+02
3.648883055340846226e+02
3.649014722596400588e+02
3.649103722994458394e+02
3.651879735410288959e+02
3.652048402831327394e+02
3.652131736537374422e+02
3.659702770399136398e+02
3.680297862511539506e+02
3.682841540554911717e+02
3.683028874726105073e+02
3.683876211849188849e+02
3.686237222408906291e+02
3.692769918293326441e+02
3.702511961865019430e+02
3.719036035769624959e+02
3.719736705570066420e+02
3.725667065427179523e+02
3.726284734856398586e+02
3.734813106333226642e+02
3.749572505678585230e+02
3.765425909916925775e+02
3.768833925159415230e+02
3.769384594288972608e+02
3.769514261535581454e+02
3.782001984054104469e+02
3.801385737415411654e+02
3.801423070915720359e+02
3.810934780123900509e+02
3.811438782378071437e+02
3.836560561402936287e+02
3.843028590331463192e+02
3.844167595425710715e+02
3.846509272565625679e+02
3.847138942048514991e+02
3.847988945850192408e+02
3.865366356904716554e+02
3.869003706506246658e+02
3.881884430782486106e+02
3.885564113906688135e+02
3.903847195678528692e+02
3.904952533955533909e+02
3.905043201027712598e+02
3.906033538790372290e+02
3.908513216547500519e+02
3.908639883780692230e+02
3.909247219830360791e+02
3.910232224235833769e+02
3.910346891415354094e+02
3.911707230832861910e+02
3.930767982749531484e+02
3.931608653176131156e+02
3.933107326545676870e+02
3.933311660792903126e+02
3.937564346479883284e+02
3.938618017859138831e+02
3.938668351417590543e+02
3.940723693943528474e+02
3.941256362992579625e+02
3.942319367746912917e+02
3.943619040226418520e+02
3.947710058523667271e+02
3.947850725819474746e+02
3.948020059910161308e+02
3.949944068515369509e+02
3.951774743369805947e+02
3.952286412324932598e+02
3.957099767186194867e+02
3.957133434003438310e+02
3.963843130679500746e+02
3.963924131041778764e+02
3.964905468764185912e+02
3.965377804210058912e+02
3.965599471868143269e+02
4.024763403147944132e+02
4.026553411153828961e+02
4.026661744971689814e+02
4.042304814935968693e+02
4.044820826188932870e+02
4.047671172270557349e+02
4.052347193184254479e+02
4.065370918100070980e+02
4.065468585203557836e+02
4.068357598124787842e+02
4.071450278623595977e+02
4.071559279111104956e+02
4.072656617352329249e+02
4.074405958509663606e+02
4.078743311241986476e+02
4.078820311586374032e+02
4.079073646052756317e+02
4.079664982030863598e+02
4.085085672941795565e+02
4.085147339884269968e+02
4.091130366643605498e+02
4.091168033478738266e+02
4.091522368396849174e+02
4.099186736009384617e+02
4.104294758855227769e+02
4.104797094435278382e+02
4.105968766342296021e+02
4.106417768350476081e+02
4.106576435726789214e+02
4.107241105366218221e+02
4.107516439930997194e+02
4.159398338641605051e+02
4.161506014734940777e+02
4.163599357430836108e+02
4.164176026676680067e+02
4.164996030344179871e+02
4.194902164100602135e+02
4.197406508634720694e+02
4.198144511935471428e+02
4.198876181874561553e+02
4.199810519386758187e+02
4.200030853705546292e+02
4.202772199299661224e+02
4.205149543265764009e+02
4.205955880205472113e+02
4.209051894052523153e+02
4.210930902456465788e+02
4.225080299073561605e+02
4.247379398807209441e+02
4.250067077494630325e+02
4.250246744964867389e+02
4.255902436926850214e+02
4.277311199345094224e+02
4.289304919654172181e+02
4.293601272203119947e+02
4.301922976088952169e+02
4.307479000938503191e+02
4.307620334903958792e+02
4.308492338804032329e+02
4.311164350754716565e+02
4.325230080330941291e+02
4.325628415445845576e+02
4.332398112390262099e+02
4.332457445988967493e+02
4.348339183687363629e+02
4.365016924945919641e+02
4.376441642710109932e+02
4.377232646247906018e+02
4.377298313208270883e+02
4.377478314013332010e+02
4.377755981921879425e+02
4.377862982400444025e+02
4.405356105364575114e+02
4.406212442527912572e+02
4.406301776260794441e+02
4.409064455283657367e+02
4.417085157823248664e+02
4.423570853497458302e+02
4.425084526934091969e+02
4.427091202575698503e+02
4.431571889282421921e+02
4.433139562960574267e+02
4.440018260392500338e+02
4.440169594402681241e+02
4.440257261461442795e+02
4.464450369666121219e+02
4.472207737694604361e+02
4.474092079455734847e+02
4.496626180240434110e+02
4.514575927188087690e+02
4.518268277035608662e+02
4.528840990989177158e+02
4.554243771270830621e+02
4.555266442511436935e+02
4.559973463563783866e+02
4.560236131405243327e+02
4.562534141683188977e+02
4.571640515745157813e+02
4.576724871818485099e+02
4.583219234198122649e+02
4.586663582936448620e+02
4.591595938329945739e+02
4.596716294564284340e+02
4.600382310960694667e+02
4.600716979124178465e+02
4.600804979517764082e+02
4.602275319427253635e+02
4.602324652981233157e+02
4.602473320312820420e+02
4.644350840945100458e+02
4.647249520576231703e+02
4.654981888492901021e+02
4.655024555350397009e+02
4.678113325282544110e+02
4.711702808846234234e+02
4.781287453399773995e+02
4.791888500813397513e+02
4.803928887997861352e+02
4.848101752229493968e+02
4.848142419078044441e+02
4.849059756514208175e+02
4.855678119448443795e+02
4.856924125021255350e+02
4.862595150385151328e+02
4.882824907530244900e+02
4.885763587340279059e+02
4.934325137867159583e+02
4.958077244099438872e+02
4.959052248460185979e+02
5.009145805839030459e+02
5.011669483792951496e+02
5.012876489191332894e+02
5.015839835778356814e+02
5.047729978408341367e+02
5.048758983010606585e+02
5.052917001607517022e+02
5.053467670737074400e+02
5.076912775596277356e+02
5.077013109378357854e+02
5.093786517731454637e+02
5.110765260336251572e+02
5.123023315160909306e+02
5.125162991397365886e+02
5.126560997650008176e+02
5.164887835735045201e+02
5.166286508657334480e+02
5.171691866166354430e+02
5.174799880067075719e+02
5.176331220249390981e+02
5.184927925365177543e+02
5.185080926049479331e+02
5.185136592965119462e+02
5.185261593524188584e+02
5.185355260609785546e+02
5.186401931957733495e+02
5.188093939525306268e+02
5.188137939722099645e+02
5.188180939914419696e+02
5.188820276107210248e+02
5.188979276818347444e+02
5.200990997207932196e+02
5.215678396231265879e+02
5.221336421537018850e+02
5.231279132672872265e+02
5.231356799686908516e+02
5.234178812308476836e+02
5.238093496483730860e+02
5.238432164665105120e+02
5.238485498236974536e+02
5.300281774623381352e+02
5.300419775240594618e+02
5.300472775477641107e+02
5.303837457192985312e+02
5.303927457595516444e+02
5.305238796793868232e+02
5.321447869289617074e+02
5.330922578332313151e+02
5.331020245435798870e+02
5.341287958025236549e+02
5.343878302943994640e+02
5.358758702830532457e+02
5.360615377801254908e+02
5.361765382944701059e+02
5.362286385274904887e+02
5.405997914109861995e+02
5.415243622128341485e+02
5.427175675494945608e+02
5.454199796361444896e+02
5.454274463362062306e+02
5.465353512913570739e+02
5.477228899360062542e+02
5.517170077998638362e+02
5.540159180818353661e+02
5.540226847787663473e+02
5.546734876895093294e+02
5.611463833064699429e+02
5.617456193199111567e+02
5.642245304069436997e+02
5.654903027348295836e+02
5.663512065852577280e+02
5.663735733519606583e+02
5.697863219489535140e+02
5.699521893574690239e+02
5.715211630414355568e+02
5.747779442741912135e+02
5.754924808033188128e+02
5.758217822761332627e+02
5.758481157272440214e+02
5.795697990392934571e+02
5.796639994606088067e+02
5.819409096441839893e+02
5.819501430188139466e+02
5.833693493662731271e+02
5.842970868489508121e+02
5.843437870578193269e+02
5.843699871750004604e+02
5.877136354629394646e+02
5.886945065165924689e+02
5.887021398840663551e+02
5.887114065921787187e+02
5.887175399529437527e+02
5.887793402293481222e+02
5.889699744153007259e+02
5.894740433364365799e+02
5.933640607347006153e+02
5.937324290489096938e+02
5.988023517243490232e+02
5.988460519197999474e+02
5.988913187889246501e+02
5.988961521438752698e+02
6.005233594216273332e+02
6.030311706379168299e+02
6.031775379592174886e+02
6.044875438182729113e+02
6.049287457915670529e+02
6.050423462996500348e+02
6.052665473023982941e+02
6.073644566853848801e+02
6.074120235647965274e+02
6.075159573629780425e+02
6.095435664315435815e+02
6.108081387540622700e+02
6.111708403762603439e+02
6.113125743435048207e+02
6.115327753283628454e+02
6.118642434775345009e+02
6.118687101641785375e+02
6.120212108462442302e+02
6.130671488575786725e+02
6.131735826669416838e+02
6.131782826879626782e+02
6.131879827313464375e+02
6.133915836419599827e+02
6.133960503286040193e+02
6.135120508474211647e+02
6.135656844206329197e+02
6.136478181213126391e+02
6.139935863344419431e+02
6.140014530362927871e+02
6.140060863903489690e+02
6.158927281617658309e+02
6.194359773424279183e+02
6.213331858277714446e+02
6.214158195306874859e+02
6.216984874615982335e+02
6.226402250068917965e+02
6.227748589423808880e+02
6.256010382492515873e+02
6.258992729164519915e+02
6.260381068707258692e+02
6.260446402332798925e+02
6.307564946405773298e+02
6.312924970378702483e+02
6.313003304062386860e+02
6.314237309581527597e+02
6.317165656012010686e+02
6.318465661826340920e+02
6.324087353636257376e+02
6.334194398840436406e+02
6.334242065720295614e+02
6.339359421941215942e+02
6.339800757248439140e+02
6.339827090699550354e+02
6.340291092774818935e+02
6.340413759990120752e+02
6.347336124284014431e+02
6.350540471948925187e+02
6.360378849284809348e+02
6.361306520100521311e+02
6.409925404217161713e+02
6.411092409436641901e+02
6.411164743093490870e+02
6.425130472222459730e+02
6.426196143655384958e+02
6.442030547808747087e+02
6.468967334951311159e+02
6.474588026756754289e+02
6.478292376657946079e+02
6.512592530066802965e+02
6.512675197103202436e+02
6.513368533537511667e+02
6.516552881112971818e+02
6.535929301108146774e+02
6.537745975899965742e+02
6.539871318738983064e+02
6.539902652212457497e+02
6.540034652802835353e+02
6.540116319834760361e+02
6.548045688632523706e+02
6.552565708848502481e+02
6.555866723612426767e+02
6.556043391069247264e+02
6.566560771442000259e+02
6.579652163327125436e+02
6.581686839093963499e+02
6.581981173743721456e+02
6.582105174298318389e+02
6.582229841522564584e+02
6.607182286456741167e+02
6.607360953922506042e+02
6.629598720048503537e+02
6.630300723188241818e+02
6.633491737460184368e+02
6.633534070982856292e+02
6.639809099048179633e+02
6.641630107192714831e+02
6.641848774837380915e+02
6.643747449995951229e+02
6.643848450447679852e+02
6.645326457058125698e+02
6.653713161234674089e+02
6.660395857789978891e+02
6.673436249447004229e+02
6.681975620973030345e+02
6.682680957461009257e+02
6.707494068438677459e+02
6.716167107229202884e+02
6.746962244961731585e+02
6.747038911971295647e+02
6.747920915916093918e+02
6.748068583243208423e+02
6.748909920339457358e+02
6.793260118697556891e+02
6.835469974149550580e+02
6.877282827825938512e+02
6.877442828541547897e+02
6.887574207187892625e+02
6.907233961783625773e+02
6.907314295476255666e+02
6.910611310222291195e+02
6.910712977343667944e+02
6.913378655932691572e+02
6.914320326811022142e+02
6.915461665249038106e+02
6.916985005395572443e+02
6.917063005744432758e+02
6.925325376031559017e+02
6.925380376277551022e+02
6.939542772952789846e+02
6.940294776316155776e+02
6.951177824991042371e+02
6.951442492841447347e+02
6.951500159766030720e+02
7.020756469517746154e+02
7.056488629331312268e+02
7.066202006108125033e+02
7.079565732544612047e+02
7.100193491469785840e+02
7.100234158318336313e+02
7.100332492091472432e+02
7.100426492511892320e+02
7.101767831844421153e+02
7.137890660071933553e+02
7.140932340342641282e+02
7.147862038002668896e+02
7.192523571086559286e+02
7.192624571538287910e+02
7.194947915262872584e+02
7.269197247346087352e+02
7.295302697437126653e+02
7.307308084465051934e+02
7.310186430671907374e+02
7.310982100897242617e+02
7.311097434746410499e+02
7.311732437586487094e+02
7.312542441209261597e+02
7.342052573194550860e+02
7.352402619485560535e+02
7.353215956456579079e+02
7.355315299179309250e+02
7.355356299362683785e+02
7.358476646651899955e+02
7.394883476149619810e+02
7.401368838489005384e+02
7.406757862591638286e+02
7.407867867556182091e+02
7.435230989938880839e+02
7.435586324861463936e+02
7.461413440374309403e+02
7.465368458063288699e+02
7.470913149528817030e+02
7.471079150271262961e+02
7.511936999676354390e+02
7.512134333892273617e+02
7.513783674602351539e+02
7.539607790101778164e+02
7.542712137319432486e+02
7.550984840986109248e+02
7.562269558124140758e+02
7.589064011296776471e+02
7.594638036226833719e+02
7.609883104411032946e+02
7.611685779140236718e+02
7.654617637821420431e+02
7.654657304665499851e+02
7.659081991121759074e+02
7.712621563913049840e+02
7.712748564481065614e+02
7.726305958450404887e+02
7.726380292116198234e+02
7.726494959295719127e+02
7.730693978076004669e+02
7.732574986488892819e+02
7.744312372318171356e+02
7.750134398357423606e+02
7.753050078064587751e+02
7.753869748397264630e+02
7.795585601639813831e+02
7.809879998905431648e+02
7.809996666093896920e+02
7.836590118367546438e+02
7.939262244239550910e+02
7.988857132721411745e+02
8.013596243368109526e+02
8.067738818856355465e+02
8.082157550011394278e+02
8.085103563187559530e+02
8.090165585827666064e+02
8.116212035654825740e+02
8.131387436860769640e+02
8.132244440693754086e+02
8.132289440895019652e+02
8.133192778268567054e+02
8.133356779002067469e+02
8.133470779511939099e+02
8.133628780218604106e+02
8.134835452282161441e+02
8.135649455922825837e+02
8.158319223980970492e+02
8.198343402990768709e+02
8.198419403330683508e+02
8.199554741741865200e+02
8.199608741983383879e+02
8.199720409149485931e+02
8.237668578874247487e+02
8.238366915330919937e+02
8.238453582385209302e+02
8.336351353570380525e+02
8.342089045899114126e+02
8.395526618234204079e+02
8.400407973399600223e+02
8.408035007511825825e+02
8.424909082981828305e+02
8.449791194268101435e+02
8.450343530071780833e+02
8.474888306515975955e+02
8.479813328543341413e+02
8.479989996000160772e+02
8.500211086439825294e+02
8.502110761602868934e+02
8.503909436314181676e+02
8.504376105068043898e+02
8.506872116231558039e+02
8.507316451552198941e+02
8.507870787364822718e+02
8.511930805523421668e+02
8.529018215280902950e+02
8.537899255001722167e+02
8.615831270222555531e+02
8.623713638810108932e+02
8.623760305685494814e+02
8.730301115527015554e+02
8.730830451227824369e+02
8.730966785170917319e+02
8.774250645426441224e+02
8.840243273914541078e+02
8.881768459637654587e+02
8.914770607241127891e+02
8.914948608037243503e+02
8.915001608274288856e+02
8.915208942534933385e+02
8.937893043990517299e+02
8.986670595483469697e+02
8.997887978987016595e+02
8.998497315045630103e+02
8.998550981952324719e+02
8.999912321374305293e+02
9.000384323485354798e+02
9.130974240887504720e+02
9.134962925393728028e+02
9.137039268013589890e+02
9.174600769342293916e+02
9.197940873731877218e+02
9.211016932215092083e+02
9.212009603321520217e+02
9.241304401010384026e+02
9.241371734644869775e+02
9.241414068167541700e+02
9.259997484615975054e+02
9.260149818630627578e+02
9.290490954332615274e+02
9.300600332880563883e+02
9.352086896489685159e+02
9.353711570422773320e+02
9.356647250219390344e+02
9.382349365173164415e+02
9.386973385854288381e+02
9.448557994627335574e+02
9.466490408164132759e+02
9.479511799736178546e+02
9.539541734889218105e+02
9.649990562209508198e+02
9.658386933095957829e+02
9.663343621931620646e+02
9.784500163809274227e+02
9.784643164448851849e+02
9.887387957312528215e+02
9.887845626026137325e+02
9.971797334836967366e+02
9.982526382823078848e+02
9.984313057480721909e+02
9.986419733569583741e+02
1.003562195362855277e+03
1.003568428724067644e+03
1.004571966545765349e+03
1.004843667760960329e+03
1.004871634552709679e+03
1.004999835126091966e+03
1.006014539664400104e+03
1.007286445353051022e+03
1.009409854850087868e+03
1.010030724293618960e+03
1.011305696662652394e+03
1.012717402976567314e+03
1.014050942274210456e+03
1.016976955360925217e+03
1.020879306147684133e+03
1.021061006960348550e+03
1.025852095055355221e+03
1.034059631763903326e+03
1.034244665924809624e+03
1.034768934936291316e+03
1.038070316368522981e+03
1.038076216394911171e+03
1.041000929475811517e+03
1.043335039915217294e+03
1.043490773945077535e+03
1.043496707304947904e+03
1.043512874043921101e+03
1.051891511517724439e+03
1.052034812158642353e+03
1.052414480523391603e+03
1.054008687653549032e+03
1.054339455799590041e+03
1.055862895946572507e+03
1.056628232702906189e+03
1.057150135037135897e+03
1.062357491660587584e+03
1.068519285886134412e+03
1.069712057887523088e+03
1.072570170670551079e+03
1.072583770731377854e+03
1.072596437454696797e+03
1.073175273376898076e+03
1.073179473395682635e+03
1.073188140101111685e+03
1.073705642415662169e+03
1.073913310011130761e+03
1.075577584121332393e+03
1.075962185841479595e+03
1.076081153040232039e+03
1.076232853718719298e+03
1.078334663119148900e+03
1.078711598138339923e+03
1.081011208423442213e+03
1.081020008462800661e+03
1.081307343081250110e+03
1.086635233577127792e+03
1.088024306456480417e+03
1.088720509570277500e+03
1.103027540225731855e+03
1.104855415067644344e+03
1.104892848568400495e+03
1.105029482512834875e+03
1.108467364555571294e+03
1.108478664606111352e+03
1.108498464694668201e+03
1.109251668063401439e+03
1.109257034754070901e+03
1.131042098855339418e+03
1.137797829070622583e+03
1.139688104191623324e+03
1.141611379460218131e+03
1.141793946943425453e+03
1.142603450563964088e+03
1.142634150701271665e+03
1.143234920054904251e+03
1.144715726677873135e+03
1.144728426734674485e+03
1.144736526770902401e+03
1.144821360483658054e+03
1.145718364495545757e+03
1.146562301603422839e+03
1.146590668396961064e+03
1.147009103601763172e+03
1.147081437258611686e+03
1.147164004294562801e+03
1.147307171601551318e+03
1.147477739031087822e+03
1.147483805724888043e+03
1.149476847972185396e+03
1.149480947990522964e+03
1.149527281531085009e+03
1.149545348278555821e+03
1.149649315410219970e+03
1.149656715443316898e+03
1.149778449321109974e+03
1.149897616520756856e+03
1.149937450032247170e+03
1.149948383414480531e+03
1.149958683460547945e+03
1.149968283503484599e+03
1.149998050303284344e+03
1.150005917005135188e+03
1.150884520934727561e+03
1.151039754962351708e+03
1.151330189594665853e+03
1.151452056806388782e+03
1.151528757149434341e+03
1.151951459039986048e+03
1.151976259150905435e+03
1.152200360153206475e+03
1.152878663186944777e+03
1.153150397735622391e+03
1.154002501546691747e+03
1.154083835243793374e+03
1.154107068681039209e+03
1.156112910985585586e+03
1.156139877772862292e+03
1.156153844501995763e+03
1.156169677906144670e+03
1.156178411278538306e+03
1.156278011724005410e+03
1.156284545086559547e+03
1.156291078449113684e+03
1.156302345166171108e+03
1.156660346767348074e+03
1.157091415361986719e+03
1.157213282573709876e+03
1.157266049476378612e+03
1.157655017882722632e+03
1.158202386997520307e+03
1.158558088588410328e+03
1.158915623520833378e+03
1.159052390799197383e+03
1.159092790979889060e+03
1.159147557891502856e+03
1.159879861166759611e+03
1.160331929855322187e+03
1.160644231252103282e+03
1.160911732448513476e+03
1.161006132870723150e+03
1.161030199645029597e+03
1.161401801307033338e+03
1.161636002354507127e+03
1.161663635811432187e+03
1.162281071906274065e+03
1.162602873345544367e+03
1.162610106711229491e+03
1.162688607062325218e+03
1.162778474130926270e+03
1.162783240818912191e+03
1.162813007618712163e+03
1.162825641008548700e+03
1.162902774686865541e+03
1.163045741992959393e+03
1.163057042043499450e+03
1.163074075453015439e+03
1.163153975810373140e+03
1.163267076316219800e+03
1.167984664082493282e+03
1.168446599481851763e+03
1.170424641662060822e+03
1.171608213622301946e+03
1.171841781333610015e+03
1.176159667312200554e+03
1.176186700766442300e+03
1.176286534546286248e+03
1.176351601503967686e+03
1.177139938363170131e+03
1.177182905222007776e+03
1.177366939378441657e+03
1.177892608396184642e+03
1.180276319057429419e+03
1.180295752477679571e+03
1.180343786025845020e+03
1.180600853842257948e+03
1.181417990830270583e+03
1.181521424626215548e+03
1.181524124638291596e+03
1.181530357999503849e+03
1.181561391471635716e+03
1.183758501298300416e+03
1.183770368018041381e+03
1.183907435297747270e+03
1.183984468975617119e+03
1.185422075405371288e+03
1.185426008756296596e+03
1.185439675484088184e+03
1.185601576208196093e+03
1.186263112500277884e+03
1.186273312545898079e+03
1.186499980226345315e+03
1.187135983070894326e+03
1.187173616572545143e+03
1.187214950090744196e+03
1.187242516880704443e+03
1.187290483761904852e+03
1.187448417801604819e+03
1.190019462634042839e+03
1.190043496074866653e+03
1.190123063097400063e+03
1.190151063222631819e+03
1.190162196605759846e+03
1.190199296771691934e+03
1.190246696983691209e+03
1.191268734888131348e+03
1.192996942617612149e+03
1.193094776388511036e+03
1.193145709949646971e+03
1.193185310126760214e+03
1.193269410502902701e+03
1.193284243902578964e+03
1.193342510829847015e+03
1.193349644195084466e+03
1.193456678007131131e+03
1.193517111610756274e+03
1.193566878500007306e+03
1.193604345334245863e+03
1.193624178756284891e+03
1.193665178939660109e+03
1.193696979081887548e+03
1.193735012585327240e+03
1.193768979403911771e+03
1.193783379468316753e+03
1.193854813121140069e+03
1.193866946508740511e+03
1.197203194763582587e+03
1.197215728152971906e+03
1.197233528232583240e+03
1.197311261913584076e+03
1.197323528635113917e+03
1.197341228714278259e+03
1.197434762465945141e+03
1.197701363658330138e+03
1.198061231934522539e+03
1.198206065915631825e+03
1.198269099530885569e+03
1.198303499684741610e+03
1.198605801036797175e+03
1.199866306674460930e+03
1.200421675825039074e+03
1.200565809803017601e+03
1.200679943646819083e+03
1.200888111244524225e+03
1.201124412301390521e+03
1.202800953133121993e+03
1.202804119813951729e+03
1.203389589099154136e+03
1.203553756500066356e+03
1.205193397166760406e+03
1.205208197232954490e+03
1.205209763906628041e+03
1.205538365376311731e+03
1.205781833131897884e+03
1.205806466575405466e+03
1.207329040051845141e+03
1.207337073421108016e+03
1.207715141778701081e+03
1.208118310248555417e+03
1.210356853593866617e+03
1.213384800469817719e+03
1.214909407288685088e+03
1.216346980384956851e+03
1.216653681756691412e+03
1.216657015104933407e+03
1.217533319024238835e+03
1.217579085895599974e+03
1.217623819429005607e+03
1.217901254003176746e+03
1.218041654631124402e+03
1.218144721758762898e+03
1.218252988909659052e+03
1.218448889785833899e+03
1.218533423497247441e+03
1.219075625922270547e+03
1.219628028392913393e+03
1.219631428408120200e+03
1.219761228988658559e+03
1.220068663697006514e+03
1.220096163820001721e+03
1.220731099993113503e+03
1.220970034395090806e+03
1.221183302015605932e+03
1.222229106693010408e+03
1.222289773631012622e+03
1.224678484314620164e+03
1.224693017712954543e+03
1.225158586461896903e+03
1.225935856604936589e+03
1.226033690375835249e+03
1.226046923768355555e+03
1.226052723794296298e+03
1.226305824926301739e+03
1.226309324941955765e+03
1.227991132463909480e+03
1.227995799151448182e+03
1.228049466058142343e+03
1.228099099613463750e+03
1.228146833160287315e+03
1.229757807032101255e+03
1.231708482423244732e+03
1.232154151083182796e+03
1.232160817779666559e+03
1.232166284470783239e+03
1.232294318376753608e+03
1.232815987376606245e+03
1.233228689222432422e+03
1.233522390536023750e+03
1.233531823911548372e+03
1.233543057295123390e+03
1.233838358615870902e+03
1.235356832073973010e+03
1.235537799550024147e+03
1.236112335452993193e+03
1.236414970139872594e+03
1.236442470262868255e+03
1.236489970475314749e+03
1.236561504128585284e+03
1.236605770993237456e+03
1.236616271040199081e+03
1.238505812824586428e+03
1.238526412916721256e+03
1.238652113478922047e+03
1.238655380160199456e+03
1.238747913907393695e+03
1.238980781615570777e+03
1.238985348302662260e+03
1.239418583573658225e+03
1.240826789871919118e+03
1.240847456631018758e+03
1.241026424098125062e+03
1.241109924471583781e+03
1.241170624743068174e+03
1.241237825043624298e+03
1.242743098442688506e+03
1.242784565294817639e+03
1.242793332000693681e+03
1.242874932365654558e+03
1.242941399329597516e+03
1.243988370678887122e+03
1.244069104373304981e+03
1.244076804407743793e+03
1.244134337998398678e+03
1.244747907409279833e+03
1.245109542360040450e+03
1.246106380151772100e+03
1.246116380196497630e+03
1.246251747468600115e+03
1.246353414589977092e+03
1.246778349823851158e+03
1.248068388926937587e+03
1.248088555683800905e+03
1.248290623254223192e+03
1.248421757174058484e+03
1.249022726528585508e+03
1.249030526563471540e+03
1.249149593762671202e+03
1.249271027639122394e+03
1.249292927737071523e+03
1.249334994591884197e+03
1.249391061509312294e+03
1.249411794935376747e+03
1.249494228637398237e+03
1.249699862890439363e+03
1.250992168670330557e+03
1.252812810146558149e+03
1.252905877229471116e+03
1.252937144035980054e+03
1.252954644114249732e+03
1.252958210796868798e+03
1.252993944290021318e+03
1.253111211481170358e+03
1.253224778655771161e+03
1.253229145341967978e+03
1.253999948789418340e+03
1.254441550764501471e+03
1.254448550795809297e+03
1.254459717512419502e+03
1.254635251630836592e+03
1.254689951875485804e+03
1.254760118855977225e+03
1.256787827924989870e+03
1.256843661508041123e+03
1.256897561749112356e+03
1.257060429144210048e+03
1.257221996533493666e+03
1.258595936011828371e+03
1.258609969407926428e+03
1.258631502837569087e+03
1.258865637218078064e+03
1.258880870619543657e+03
1.259009771196056590e+03
1.259294405802429992e+03
1.259300539163195026e+03
1.259498173380455682e+03
1.259498840050103809e+03
1.259499773387611867e+03
1.259506206749718558e+03
1.259719141035409393e+03
1.260571578181303039e+03
1.260724545532122647e+03
1.264215227811010436e+03
1.264325661638263455e+03
1.264474795638604746e+03
1.264480928999369780e+03
1.264783797020626253e+03
1.265645434207667677e+03
1.265650834231819545e+03
1.266177903255824276e+03
1.266577338375647741e+03
1.266621405239405249e+03
1.266676005483607014e+03
1.266681738842583172e+03
1.266712305645961123e+03
1.266718539007173604e+03
1.266847639584580975e+03
1.267025107044978313e+03
1.267256041411175147e+03
1.267258441421909538e+03
1.267285841544457526e+03
1.267297741597680897e+03
1.267305008296848428e+03
1.268473613523483664e+03
1.268496380291975584e+03
1.268504580328650718e+03
1.268565247266652477e+03
1.269135749818248996e+03
1.270948457925660932e+03
1.270968558015559665e+03
1.271513460452658137e+03
1.271668594479835065e+03
1.272000029295524200e+03
1.272066829594291448e+03
1.272538798371857865e+03
1.272589831933441019e+03
1.272594931956251003e+03
1.272683165684213236e+03
1.273371802097501586e+03
1.273718936983410231e+03
1.273750070455989089e+03
1.274071571893917735e+03
1.274394640005519932e+03
1.274434573517457466e+03
1.274451340259113977e+03
1.274532507288803572e+03
1.274550674036721830e+03
1.274563040758699344e+03
1.274641574443277705e+03
1.276078414202936301e+03
1.276084914232008032e+03
1.276094047606190770e+03
1.277469953759988130e+03
1.277484420491357696e+03
1.277557120816513134e+03
1.277611254391960983e+03
1.277618554424610693e+03
1.277630521144799104e+03
1.277641154525690581e+03
1.277662654621850606e+03
1.277671887996480564e+03
1.277702188131999264e+03
1.277720821548671211e+03
1.278135090068170939e+03
1.278143756773599989e+03
1.279358495539902833e+03
1.279393262362065570e+03
1.281039736392655414e+03
1.282315675432678972e+03
1.282447376021715399e+03
1.282684610416089299e+03
1.285046787647691644e+03
1.285466589525272866e+03
1.285495789655871704e+03
1.285525656456118895e+03
1.285582590044090011e+03
1.285586990063769235e+03
1.285590390078976043e+03
1.285626490240435487e+03
1.285862124627653429e+03
1.286987196326249887e+03
1.286992729684331380e+03
1.288157801561830183e+03
1.288701570660526841e+03
1.288986238600382649e+03
1.289130705913185238e+03
1.290384344853470793e+03
1.290402644935318676e+03
1.290445345126297070e+03
1.290478745275680467e+03
1.290496145353503152e+03
1.290548612254830232e+03
1.290699412929292521e+03
1.291253048738784855e+03
1.292499454313385513e+03
1.292541854503022023e+03
1.293332691373406078e+03
1.293346724769504362e+03
1.294576763604237385e+03
1.294583463634203326e+03
1.296039236811875980e+03
1.296506472234939110e+03
1.296716373173729835e+03
1.296822673649162880e+03
1.297422176330463572e+03
1.297847278231749669e+03
1.298188613091717116e+03
1.298541614670531317e+03
1.300511556814512687e+03
1.300701790998676188e+03
1.300729824457390123e+03
1.300746824533423933e+03
1.302792633683390022e+03
1.304222806746564856e+03
1.304806309356304610e+03
1.304817909408186324e+03
1.304822009426523891e+03
1.304895943090528590e+03
1.305066343852653063e+03
1.305081577254118429e+03
1.305093510640824206e+03
1.305470712327874480e+03
1.305800113801135922e+03
1.306122148574783296e+03
1.306870651922495654e+03
1.309170462208492381e+03
1.309234495828218769e+03
1.309301196126538571e+03
1.309797065010999177e+03
1.309797898348060016e+03
1.309802631702563303e+03
1.309838198528304019e+03
1.309991132545640994e+03
1.309996865904617152e+03
1.310018599335154022e+03
1.310619968691470149e+03
1.310656068852929820e+03
1.310689069000524114e+03
1.310740602564343362e+03
1.310750135940315204e+03
1.310913670005061476e+03
1.312917612301109784e+03
1.312921812319894343e+03
1.313039412845867673e+03
1.313098279775819265e+03
1.313186713504676163e+03
1.313275013899603209e+03
1.314396585582545640e+03
1.314554852957069897e+03
1.314658953422663444e+03
1.314962188112226613e+03
1.314968721474780523e+03
1.315092355361071441e+03
1.316729429349619522e+03
1.316748396101115759e+03
1.316753029455171827e+03
1.316967730415430879e+03
1.317434999171976415e+03
1.317553499701974943e+03
1.318080468725532455e+03
1.319557341997576032e+03
1.320252578440383104e+03
1.320296345302798954e+03
1.320309945363625729e+03
1.320396145749160496e+03
1.320607146692870856e+03
1.322899256944428998e+03
1.322915523683849415e+03
1.322926357065635329e+03
1.323038990902728301e+03
1.323067557697160964e+03
1.323087157784823376e+03
1.323144391374136148e+03
1.323533226446550543e+03
1.323538159801948495e+03
1.324132529126956797e+03
1.324461330597534925e+03
1.324467397291335146e+03
1.326697840600418658e+03
1.326843441251623517e+03
1.326928508298756014e+03
1.329992888670990851e+03
1.330976893071991299e+03
1.331974530867301155e+03
1.332122331528345740e+03
1.333897672801966337e+03
1.333935872972818288e+03
1.334432008525138372e+03
1.336665018512368079e+03
1.336673651884314495e+03
1.337208954278476767e+03
1.337260954511049931e+03
1.337360654956964254e+03
1.337447955347418883e+03
1.338229925511479451e+03
1.340093333845650477e+03
1.340155567457326242e+03
1.345258756948219343e+03
1.346094860687727987e+03
1.346100394045809480e+03
1.348267770406156615e+03
1.348426271115057716e+03
1.351218716937720501e+03
1.351369784280042268e+03
1.351399184411535543e+03
1.351460551352668517e+03
1.351463851367427878e+03
1.351479884772471223e+03
1.351484851461351809e+03
1.351506751559300938e+03
1.352341855294336938e+03
1.352732557041766540e+03
1.352919824545994970e+03
1.352924724567910516e+03
1.353007024936002381e+03
1.353586727528746223e+03
1.353635494413524839e+03
1.355310501905065166e+03
1.357078309811659210e+03
1.357100776578809473e+03
1.358846851054866647e+03
1.359550620869172917e+03
1.359590554381110678e+03
1.359596087739191944e+03
1.359599421087433939e+03
1.359634887912727436e+03
1.360184090369058140e+03
1.360440291514928276e+03
1.360448824886427701e+03
1.360560458719048029e+03
1.360574758783005336e+03
1.360598925557759230e+03
1.360617858975772833e+03
1.360699059338945062e+03
1.360846093329893847e+03
1.361478062823070331e+03
1.361485096187860790e+03
1.361503229602296415e+03
1.361604263387507444e+03
1.361703530498150485e+03
1.361716863891117782e+03
1.361781430846562898e+03
1.361803730946301130e+03
1.362121699035093343e+03
1.362225332831932974e+03
1.362246099591479833e+03
1.362281533083290924e+03
1.362350633392345117e+03
1.362365133457197317e+03
1.362429267077370696e+03
1.363035836456944025e+03
1.363260604128893419e+03
1.363270970841925646e+03
1.364927811585547715e+03
1.364943511655767225e+03
1.365013211967504731e+03
1.365663081540739995e+03
1.365699548370506136e+03
1.365726948493054124e+03
1.365747148583399849e+03
1.365799482150797303e+03
1.365855315733848556e+03
1.365880282512180429e+03
1.366322951158700789e+03
1.366992620820492675e+03
1.366999754185730353e+03
1.368587161285474394e+03
1.371139106032486325e+03
1.371147006067819575e+03
1.374070385809423215e+03
1.374771222277276820e+03
1.374791122366280661e+03
1.374814655804868153e+03
1.374874856074116678e+03
1.374882589442037670e+03
1.374919489607075320e+03
1.375044623500074977e+03
1.375102223757694674e+03
1.375111723800183881e+03
1.375338024812324647e+03
1.375452958659704336e+03
1.375488225484103396e+03
1.376048694657491524e+03
1.376070061419721924e+03
1.376105261577156170e+03
1.378515205689064260e+03
1.378543272481261056e+03
1.378748306731618641e+03
1.379053808097986121e+03
1.380486114504035640e+03
1.380522648000766594e+03
1.380729182257832917e+03
1.380778849146636958e+03
1.381052650371224217e+03
1.381069117111539072e+03
1.381197617686263357e+03
1.381499752370906435e+03
1.381514852438442176e+03
1.381610652866913597e+03
1.381651219715017078e+03
1.381731320073269217e+03
1.381844720580457761e+03
1.381845920585824615e+03
1.384425732124138676e+03
1.384431865484903938e+03
1.385065434985236379e+03
1.385069901671880416e+03
1.385152768709173188e+03
1.385164335427572723e+03
1.385198568914016732e+03
1.385200335588584949e+03
1.385298069359036617e+03
1.386520441492813234e+03
1.386913376583564968e+03
1.387773747098274498e+03
1.387889914284503902e+03
1.387904681017215125e+03
1.387943981192986939e+03
1.387951781227872743e+03
1.388016614851177110e+03
1.388204182356747424e+03
1.388234082490477022e+03
1.388248115886575306e+03
1.388258582600054751e+03
1.388341949639583845e+03
1.388347749665524589e+03
1.390416525584877490e+03
1.390937794582941251e+03
1.390991128154811122e+03
1.391054895106678259e+03
1.391074461860858037e+03
1.391108828681231671e+03
1.391165995603579859e+03
1.391214562487463809e+03
1.391240262602408848e+03
1.391295729517153632e+03
1.392925736807428621e+03
1.394098208718024580e+03
1.394103575408694041e+03
1.394119008811053845e+03
1.394220009262782469e+03
1.395553215225601207e+03
1.396066250853507881e+03
1.396077717571459743e+03
1.396079550912993000e+03
1.396118717754834961e+03
1.396177284683444441e+03
1.396197184772448509e+03
1.396211051501134762e+03
1.396241484970583087e+03
1.396310418612224794e+03
1.398808396451201133e+03
1.400190335965316081e+03
1.400559870951409948e+03
1.400570604332748644e+03
1.400577304362715040e+03
1.400719104996923988e+03
1.400733905063118073e+03
1.400911872525751733e+03
1.400933472622358977e+03
1.401075639924874622e+03
1.401162273645680898e+03
1.401209573857232954e+03
1.401658275864071584e+03
1.402244111817580460e+03
1.402256145204733457e+03
1.403958219483997937e+03
1.403994586313316631e+03
1.403998652998171792e+03
1.404008019706731375e+03
1.404091253412330843e+03
1.405135191414720339e+03
1.406159729330342088e+03
1.406168262701841059e+03
1.406384563669256067e+03
1.406440597253201986e+03
1.407518335406763981e+03
1.407527435447464313e+03
1.407534235477877473e+03
1.407547402203432966e+03
1.407670702754899821e+03
1.407673502767422860e+03
1.407945437316994912e+03
1.408019204313587352e+03
1.408025737676141716e+03
1.408224905233593290e+03
1.409447410701299759e+03
1.409448210704877738e+03
1.409472077478289521e+03
1.410084613551215853e+03
1.410207314099999167e+03
1.410214080796930148e+03
1.410819583505066021e+03
1.411246185413060857e+03
1.411270218853884671e+03
1.411846421430974488e+03
1.413866830467337877e+03
1.415062702482591703e+03
1.415131136121997315e+03
1.415166836281667656e+03
1.415224836541076229e+03
1.415233703247399717e+03
1.415357203799761010e+03
1.415429270788750046e+03
1.415588238166405063e+03
1.415842039301541263e+03
1.417346179362203202e+03
1.418932486457027380e+03
1.421354063954299818e+03
1.423877675241255929e+03
1.424031042593864413e+03
1.424037342622041479e+03
1.424058276049000369e+03
1.424100376237295450e+03
1.425472082372307796e+03
1.425560282766787623e+03
1.426487620247676432e+03
1.426491786932978812e+03
1.426606920781252938e+03
1.426611220800484944e+03
1.426699254527552966e+03
1.426815021711993040e+03
1.427053589445663647e+03
1.427062089483680438e+03
1.428442528991086874e+03
1.428454695712169496e+03
1.428487229191010101e+03
1.428869797568729837e+03
1.429443566801603083e+03
1.429546400594864963e+03
1.430347837512658089e+03
1.430488738142842067e+03
1.430704639108467973e+03
1.430753472660211401e+03
1.431178974563286147e+03
1.431184141253061171e+03
1.431300041771430870e+03
1.431815310742659449e+03
1.431830577477607221e+03
1.431851977573320028e+03
1.431877011018616486e+03
1.431911644506849598e+03
1.431920577880137898e+03
1.433199183598754871e+03
1.434161687903595293e+03
1.435540660737775170e+03
1.435551594120008303e+03
1.436354364377098364e+03
1.436493231664854648e+03
1.440525983034835690e+03
1.440536149746973479e+03
1.441668021475983323e+03
1.441797088719908515e+03
1.442798993200967743e+03
1.444416100433546717e+03
1.445256070857016084e+03
1.445262837553947293e+03
1.445370838036983741e+03
1.445383304759408247e+03
1.445418604917289713e+03
1.445501171953240828e+03
1.445509238655986337e+03
1.445545405484410594e+03
1.445637105894544220e+03
1.445668039366229095e+03
1.445702939522321230e+03
1.446854644673370331e+03
1.446861178035924468e+03
1.447076378998419614e+03
1.447089245722633223e+03
1.447096045753046610e+03
1.447368080303065881e+03
1.447460014047576578e+03
1.447603781357248408e+03
1.447934049501053323e+03
1.450579194664907845e+03
1.450686261810436918e+03
1.450940896282633275e+03
1.451463765287853221e+03
1.451495432096151035e+03
1.451503198797554660e+03
1.451518865534291308e+03
1.451524298891925810e+03
1.451536265612113993e+03
1.451556432368977312e+03
1.451792233423607513e+03
1.453895976166017363e+03
1.453907576217898850e+03
1.454020843391157769e+03
1.454205577550722182e+03
1.454285744575939361e+03
1.454353144877389923e+03
1.454825246988886192e+03
1.454963280939582091e+03
1.454979047676766186e+03
1.458921431975910082e+03
1.459793402542501099e+03
1.459808869278343309e+03
1.459838636078143509e+03
1.459897469674612466e+03
1.460640572998172729e+03
1.460698873258923186e+03
1.462373747416533661e+03
1.462385214134485977e+03
1.462525614762433634e+03
1.462581548345932106e+03
1.464098721798219913e+03
1.464106921834894820e+03
1.464155922054050279e+03
1.464170488785867292e+03
1.464187555528865914e+03
1.464226055701059295e+03
1.464230289053326487e+03
1.464674457706555813e+03
1.464868391907268006e+03
1.464878258618063910e+03
1.465327460627138407e+03
1.465414927685005068e+03
1.465607295212043482e+03
1.466053963876454418e+03
1.466275831535433554e+03
1.466324898421553826e+03
1.466346565185125883e+03
1.466626033101724261e+03
1.466644099849195300e+03
1.466681000014232950e+03
1.467893205435871778e+03
1.467904138818105139e+03
1.468872409815403898e+03
1.471349287560009088e+03
1.471356087590422476e+03
1.471436854618323196e+03
1.471493688205847093e+03
1.471531788376251598e+03
1.471590988641027025e+03
1.471731289268527462e+03
1.473904165653473683e+03
1.474016632823154623e+03
1.474049099635030416e+03
1.474055966332408616e+03
1.474155600111358126e+03
1.474717302623595970e+03
1.474726702665638186e+03
1.474745736084099008e+03
1.474930803578487712e+03
1.476884778984390550e+03
1.478679853679602957e+03
1.478692753737299199e+03
1.478706220464196349e+03
1.478862854498082015e+03
1.479032155255286398e+03
1.479090455516036855e+03
1.480750196272629410e+03
1.480808596533827085e+03
1.480846063368065643e+03
1.480946630484522984e+03
1.481104364523328286e+03
1.483110173494392257e+03
1.483495041882398482e+03
1.484227778492926745e+03
1.484239478545255679e+03
1.484556413296092842e+03
1.484684480535545617e+03
1.484693547242763316e+03
1.484788080998902842e+03
1.484796447702990008e+03
1.484820314476401791e+03
1.484852147952111636e+03
1.485159782661354029e+03
1.486185120580553757e+03
1.487545826666368157e+03
1.487698360681916256e+03
1.488042362220477116e+03
1.488334430193429853e+03
1.488341563558667531e+03
1.488369763684793952e+03
1.488445730691225890e+03
1.488455830736398866e+03
1.488463397436907826e+03
1.488552331168001047e+03
1.488554431177393326e+03
1.488570031247165616e+03
1.488638631553983032e+03
1.488714765227827684e+03
1.488734198648077609e+03
1.488763965447877581e+03
1.488781532193112071e+03
1.488885765992635470e+03
1.489123933724517201e+03
1.491290376747356731e+03
1.491643311659206120e+03
1.492335648089042934e+03
1.492587282547821587e+03
1.493234418775498625e+03
1.493354852647477401e+03
1.493421919614103899e+03
1.495277361245976635e+03
1.495278261250002060e+03
1.495651629586574018e+03
1.496156631845217589e+03
1.496501633388251321e+03
1.496511233431187975e+03
1.496531800189840396e+03
1.498068340395413315e+03
1.499043244755713658e+03
1.499165378635295838e+03
1.499172845335357579e+03
1.499193378760527366e+03
1.499274512456734556e+03
1.500638818558650200e+03
1.500805919306015085e+03
1.500824886057511321e+03
1.501047853721410320e+03
1.501083353880186223e+03
1.501154920866939165e+03
1.501167220921951639e+03
1.501237721237267124e+03
1.501296988169007591e+03
1.501451322192606312e+03
1.501491955707674606e+03
1.503536931520580310e+03
1.503816066102354853e+03
1.503820299454622045e+03
1.504061233865544409e+03
1.504728836851426422e+03
1.505019638152047264e+03
1.505147872058912071e+03
1.505468806827639582e+03
1.505583874008948669e+03
1.506709445709781676e+03
1.506798379440874669e+03
1.509316990705468015e+03
1.509321290724699793e+03
1.509402491087872022e+03
1.511017664978470748e+03
1.511644934450626124e+03
1.511875568815481301e+03
1.513116007696728957e+03
1.513172607949875783e+03
1.513731510449590360e+03
1.513759377240892491e+03
1.515393451216022640e+03
1.515588852089961165e+03
1.515982953852597575e+03
1.516009153969778708e+03
1.518215997173309916e+03
1.518217397179571208e+03
1.518234597256499455e+03
1.518260364038409307e+03
1.518282064135463543e+03
1.518321630979094834e+03
1.518325964331809246e+03
1.518342864407395609e+03
1.518378097898312035e+03
1.518454964908769398e+03
1.518578532128095731e+03
1.518835499944061667e+03
1.519117634539253686e+03
1.519232301718774124e+03
1.519340702203599676e+03
1.519352168921551765e+03
1.519369035663655495e+03
1.519454869380883792e+03
1.519492036213780693e+03
1.522108114580966230e+03
1.522228281785085755e+03
1.522294082079380360e+03
1.522367749075525580e+03
1.522492582967183807e+03
1.523642321442770026e+03
1.523683788294898932e+03
1.525315062257506042e+03
1.526359500262131633e+03
1.526385867046724798e+03
1.526462334055393285e+03
1.526468234081781247e+03
1.526991169753966233e+03
1.527510772077909223e+03
1.528508676541078103e+03
1.529051978971020844e+03
1.529057212327760453e+03
1.529798315642375655e+03
1.529801748991064869e+03
1.529903182778065002e+03
1.530040950060901650e+03
1.530046183417641487e+03
1.530384084928919947e+03
1.532665195131279688e+03
1.533148297291974131e+03
1.536395845150099831e+03
1.539383191844465046e+03
1.540173562046095412e+03
1.540213395557585727e+03
1.544525581510682514e+03
1.544535448221478646e+03
1.544622281943179360e+03
1.544634948666498531e+03
1.544696515608525715e+03
1.544944850052545235e+03
1.544971783506339534e+03
1.545023917072842551e+03
1.545295351620178053e+03
1.545422852190429467e+03
1.545518885953277959e+03
1.545576752878756679e+03
1.547314960652963009e+03
1.547320094009255627e+03
1.547614028657223798e+03
1.548756867101949410e+03
1.548890167698141795e+03
1.551891347787710856e+03
1.552016548347675780e+03
1.552019681695022882e+03
1.552852352085842313e+03
1.553276220648278922e+03
1.553482521570968402e+03
1.553613355489461583e+03
1.553619888852015720e+03
1.553709022584003378e+03
1.553790989617270952e+03
1.554434992497600660e+03
1.554461325948711419e+03
1.554509092829017391e+03
1.554842660987581667e+03
1.557894607970874176e+03
1.559126313479727969e+03
1.559164113648791044e+03
1.559302580934758225e+03
1.559378447940743399e+03
1.559650949159516358e+03
1.559823183263173632e+03
1.560015417456282648e+03
1.560131584642511598e+03
1.560199584946645928e+03
1.560332252206672365e+03
1.561355090114690483e+03
1.561555224343132522e+03
1.561695524970632732e+03
1.561777858672207230e+03
1.562235127384027010e+03
1.563196065015193653e+03
1.563907134862149860e+03
1.564232869652345471e+03
1.564318570035644143e+03
1.564325470066504522e+03
1.566693980659766339e+03
1.569031457780896289e+03
1.569223258638733796e+03
1.569255292115338079e+03
1.570911466189312023e+03
1.570986099856447254e+03
1.571015799989282414e+03
1.571077566932204263e+03
1.571084133628240807e+03
1.571107800400758151e+03
1.571114333763312061e+03
1.571268301118604313e+03
1.571269867792277864e+03
1.572142571695482275e+03
1.572146471712925177e+03
1.572330672536771090e+03
1.572350139290503648e+03
1.572363772684812830e+03
1.572445373049773934e+03
1.576583024888926502e+03
1.576588191578701526e+03
1.581079078331045139e+03
1.581549780436279889e+03
1.581553847121134822e+03
1.582927553265092683e+03
1.583184754415435464e+03
1.583186921091792556e+03
1.583440888894340787e+03
1.584090625133646199e+03
1.584164758798545790e+03
1.584187492233555076e+03
1.584739894704198150e+03
1.585736099159763853e+03
1.586131534261697198e+03
1.589002147100631873e+03
1.589019413844524706e+03
1.589038347262538764e+03
1.589132847685195657e+03
1.589137481039251952e+03
1.589708783594426222e+03
1.591167190117209884e+03
1.591193490234838237e+03
1.591218190345310632e+03
1.591304890733081493e+03
1.591416424565254601e+03
1.592881531118004204e+03
1.592895764514997154e+03
1.592922931303168298e+03
1.592935998028276572e+03
1.593022865083459692e+03
1.593206432571139658e+03
1.594581938723147687e+03
1.594615572206908382e+03
1.594660672408620940e+03
1.594713105976465386e+03
1.594992173891275115e+03
1.595132274517880660e+03
1.595213341547123264e+03
1.595270308468576559e+03
1.595281741853046242e+03
1.595482509417654228e+03
1.597879986807137811e+03
1.598364422307128962e+03
1.598900791372728690e+03
1.598930458172081217e+03
1.599217826124012845e+03
1.599341760011645647e+03
1.599758561875809164e+03
1.599772628605390082e+03
1.599792195359569860e+03
1.599829595526843605e+03
1.599843328921600232e+03
1.599850062285048580e+03
1.599901129180114367e+03
1.599983829549995107e+03
1.600020229712796208e+03
1.600079363310607278e+03
1.600089896691051536e+03
1.600095496716097841e+03
1.600118596819413824e+03
1.600150330294676678e+03
1.600158796999211063e+03
1.600172763728344307e+03
1.600187430460608539e+03
1.600262564129980319e+03
1.600377064642088499e+03
1.600384531342150467e+03
1.600449998301620781e+03
1.600468398383915883e+03
1.600479631767490901e+03
1.600540365372457927e+03
1.600575732197304205e+03
1.603117710233072785e+03
1.604463882920552805e+03
1.604596283512719765e+03
1.604652350430148090e+03
1.605073185645684362e+03
1.605095785746764250e+03
1.605205186236062673e+03
1.605226886333116909e+03
1.605366920292758095e+03
1.605494987532210644e+03
1.606465491872831763e+03
1.609659472824710519e+03
1.609689006290133648e+03
1.609721739769868691e+03
1.609743106532099091e+03
1.609754806584428025e+03
1.609861940396921909e+03
1.610744477677439818e+03
1.612587985922606777e+03
1.612935354142892265e+03
1.612944087515285901e+03
1.613940225303886791e+03
1.614033059052422914e+03
1.614170292999540834e+03
1.614206926496718779e+03
1.615406831863345360e+03
1.615412998557592800e+03
1.615502332290475124e+03
1.616050834743674841e+03
1.616066368146482091e+03
1.616196568728809552e+03
1.618813580433502693e+03
1.618830913844360566e+03
1.618842680563654540e+03
1.620285087014877035e+03
1.620300820418578724e+03
1.620407720896695537e+03
1.620521821407014841e+03
1.622504863609586437e+03
1.622548130469765965e+03
1.622570897238257885e+03
1.622770931466252705e+03
1.622829898396651288e+03
1.622983965752390532e+03
1.625843278540785604e+03
1.626354114158852326e+03
1.626371780904534262e+03
1.626988350328833349e+03
1.629094493081977362e+03
1.629125026551872907e+03
1.631698471395044862e+03
1.631939772474273923e+03
1.632507908348618685e+03
1.632523275084013449e+03
1.632582075347000227e+03
1.632612275482071482e+03
1.632617142170504621e+03
1.632630575563919365e+03
1.632668909068700941e+03
1.632736542704528347e+03
1.632754576118517207e+03
1.632830509791466966e+03
1.632845309857660823e+03
1.632851809886732326e+03
1.633815314196045392e+03
1.634164315756969245e+03
1.635023386265864247e+03
1.635596188827747710e+03
1.635829523204678708e+03
1.638247734020226517e+03
1.638259867407827187e+03
1.638371934575718797e+03
1.638551568712473227e+03
1.638566135444290239e+03
1.638572302138537680e+03
1.638635735755580527e+03
1.638644235793597318e+03
1.638684802641700799e+03
1.638771536362954521e+03
1.640468343951996758e+03
1.640901812557369567e+03
1.643271223154656582e+03
1.643276723179255669e+03
1.643858225780050361e+03
1.644402394880535667e+03
1.645178031682936762e+03
1.646747605369586836e+03
1.647711076345417496e+03
1.649137416058114241e+03
1.650509755529292534e+03
1.650984424318935226e+03
1.652512764487833238e+03
1.652543064623351938e+03
1.652605998238158463e+03
1.652610131589978437e+03
1.652614731610552099e+03
1.653446268662969260e+03
1.653595302662863332e+03
1.656187547590119493e+03
1.657276885795563203e+03
1.657288619181374543e+03
1.657329586031267127e+03
1.659564429360029862e+03
1.659566796037281620e+03
1.660802634897955613e+03
1.663786614910596427e+03
1.663803348318770759e+03
1.663847415182528266e+03
1.666154425500727484e+03
1.666254092613159401e+03
1.666267626007021363e+03
1.666547393924961625e+03
1.667033262764696701e+03
1.667193596815130832e+03
1.669899342250022755e+03
1.671316515255054355e+03
1.671789317369681385e+03
1.674116194443402264e+03
1.674239528328351298e+03
1.679785219798352955e+03
1.679797086518094147e+03
1.679959120576131454e+03
1.680232588465894651e+03
1.680460222817332124e+03
1.680535623154563154e+03
1.680603423457802819e+03
1.681230692929958195e+03
1.682130696955263602e+03
1.682271964253754049e+03
1.682398098151226350e+03
1.682407931528539848e+03
1.684316306730493579e+03
1.684726075229867092e+03
1.685178277252359294e+03
1.685368244768663544e+03
1.685775679924267479e+03
1.688122523753957012e+03
1.689116928201472092e+03
1.689184628504264538e+03
1.689256695493253801e+03
1.689336695851058948e+03
1.689358395948113412e+03
1.690334266979403765e+03
1.690365233784570592e+03
1.690395067251335377e+03
1.690420700699315375e+03
1.690559367986177222e+03
1.691011970010458526e+03
1.692255842240395395e+03
1.692297842428242802e+03
1.692350275996087476e+03
1.692462943166662626e+03
1.692677877461298749e+03
1.692688510842190226e+03
1.693578548156252282e+03
1.693587114861233886e+03
1.693719282119024228e+03
1.695198688735731594e+03
1.695551490313651129e+03
1.696743428977979647e+03
1.696786062501993229e+03
1.696798529224417734e+03
1.696824762675081274e+03
1.696901663019021271e+03
1.697147397451411962e+03
1.697153430811729777e+03
1.697916134222952451e+03
1.697925700932406471e+03
1.697938534323137901e+03
1.697967067784088158e+03
1.698108135081684168e+03
1.699804709336349561e+03
1.700168544296949904e+03
1.700227211226006602e+03
1.700234777926515790e+03
1.701402583149573047e+03
1.701498683579386352e+03
1.701633984184523797e+03
1.701731117952291925e+03
1.701775184816049432e+03
1.703032490439401045e+03
1.703078590645586019e+03
1.703159824342240427e+03
1.703165124365945076e+03
1.703314425033698626e+03
1.703366958601990291e+03
1.703454258992444920e+03
1.703511059246486411e+03
1.703606659674063394e+03
1.703712160145918460e+03
1.703777127103152452e+03
1.705609835300016130e+03
1.705628168715346192e+03
1.705840269663976414e+03
1.705976570273586731e+03
1.705984236974542910e+03
1.706012937102905653e+03
1.706181704524391535e+03
1.706237738108337226e+03
1.708654282249764492e+03
1.709148884461893203e+03
1.709894387796187857e+03
1.710198355822363965e+03
1.710201022500957606e+03
1.710291156237417908e+03
1.710402356734766727e+03
1.710466090353151230e+03
1.710794025153186567e+03
1.711263993921807923e+03
1.711526995098091902e+03
1.711904263452106761e+03
1.711935730259509910e+03
1.720449535004521067e+03
1.720543702092354124e+03
1.720546635438806788e+03
1.720784269834970019e+03
1.721067137766775204e+03
1.723179580548096283e+03
1.723713082934207705e+03
1.724190151734584560e+03
1.724216418518730279e+03
1.724244485310927075e+03
1.724249918668561122e+03
1.724399952672927839e+03
1.724633287049858836e+03
1.724710787396482374e+03
1.724718654098333218e+03
1.724789521081955399e+03
1.724791854425724750e+03
1.724888521524738962e+03
1.725026388808022830e+03
1.725580891288057956e+03
1.725584057968887919e+03
1.726540362245998267e+03
1.728618504873910751e+03
1.729653142834705022e+03
1.729722643145548091e+03
1.729731876520178275e+03
1.729903610621599455e+03
1.729937144104912704e+03
1.730087744778480328e+03
1.730158978430409206e+03
1.730415079575832124e+03
1.730735614342770532e+03
1.731466450944800727e+03
1.731692851957388712e+03
1.732296654657921408e+03
1.732329521471586304e+03
1.732396855106071826e+03
1.732540255747437413e+03
1.732604822702882529e+03
1.735041900269479584e+03
1.735045366951650976e+03
1.735080267107743339e+03
1.735088167143076817e+03
1.735146867405615922e+03
1.735150467421717167e+03
1.735164900819604554e+03
1.735178267546054485e+03
1.737625711825683538e+03
1.737779412513116313e+03
1.737796345922185083e+03
1.737842246127475846e+03
1.738139714124580223e+03
1.738952317758983781e+03
1.739080751666743026e+03
1.739508020244386216e+03
1.739708387807204872e+03
1.739786121488205481e+03
1.739937788833210789e+03
1.740453957808464338e+03
1.740711325626219377e+03
1.741714563446575312e+03
1.742308066101040595e+03
1.742318832815861924e+03
1.742412566568423244e+03
1.746303017301958789e+03
1.746436851233869902e+03
1.750923604634393769e+03
1.751805741913122574e+03
1.758066803249311988e+03
1.758075136619916975e+03
1.758082569986496082e+03
1.758350304517283348e+03
1.758469938385684145e+03
1.762009787551139425e+03
1.763929296136221183e+03
1.771128728335979986e+03
1.780510136961385570e+03
1.785417425576103824e+03
1.793079726512728939e+03
1.795933872611348988e+03
1.799884456947167791e+03
1.806766987729572065e+03
1.806769154405929157e+03
1.806771987751934603e+03
1.809007631084275545e+03
1.816935766543189857e+03
1.816948933268745350e+03
1.817179500966635487e+03
1.817193634363181218e+03
1.817202767737363729e+03
1.818013838031575915e+03
1.819388444179558974e+03
1.819454111139923725e+03
1.833742875047012603e+03
1.841609110229075213e+03
1.841619643609519471e+03
1.841744644168589730e+03
1.841749710857917307e+03
1.841845044617635040e+03
1.848984276548145544e+03
1.851917456333580276e+03
1.870142004510293873e+03
1.872209513757314653e+03
1.879746814134869510e+03
1.879765480885024090e+03
1.880255983078815461e+03
1.880267049794978448e+03
1.880408817095705217e+03
1.880707018429422988e+03
1.882988895301878529e+03
1.884646702716491063e+03
1.888813454685795250e+03
1.889316356935046315e+03
1.889343723724112124e+03
1.890153927347781291e+03
1.895530218060130892e+03
1.899805270513813639e+03
1.899814870556750293e+03
1.900090371788940956e+03
1.900940842259372175e+03
1.900953142314384422e+03
1.900957875668887937e+03
1.900966609041281799e+03
1.902623749786245526e+03
1.906206199142232208e+03
1.914218201642912163e+03
1.921044732174852697e+03
1.921410767145292766e+03
1.921415667167208085e+03
1.924501980970874456e+03
1.924506247656624282e+03
1.931109977192078077e+03
1.931116843889456277e+03
1.931197410916462331e+03
1.931204777616076854e+03
1.931208410965660505e+03
1.931231077733705206e+03
1.931389578442606307e+03
1.931621012811039463e+03
1.932011214556232744e+03
1.932767484605348727e+03
1.933531454688903068e+03
1.933535488040275823e+03
1.934812593752184057e+03
1.937038303706764054e+03
1.937040603717050772e+03
1.937042970394302756e+03
1.937047937083183115e+03
1.937596206202006215e+03
1.940882187565360482e+03
1.948416487929497862e+03
1.948422521289815677e+03
1.949186358039440393e+03
1.949597259877215947e+03
1.949831994260408464e+03
1.950335563179308110e+03
1.950340363200776210e+03
1.951120133354997279e+03
1.951124866709500793e+03
1.951784336325672712e+03
1.953436577048721119e+03
1.954253947371110598e+03
1.954332614389618584e+03
1.956575357753714343e+03
1.956579357771604919e+03
1.956705825003901282e+03
1.957233360696659929e+03
1.957283527587700064e+03
1.964045224496336232e+03
1.971759358998122707e+03
1.971764059019143588e+03
1.971782292434026658e+03
1.971872292836557335e+03
1.974209703290722246e+03
1.975650609735236003e+03
1.975655209755809892e+03
1.975657743100473681e+03
1.975664709798299327e+03
1.975747776836486764e+03
1.991700214851093278e+03
1.991717781596327995e+03
1.994152692486567730e+03
2.000126619205202587e+03
2.010686866436346008e+03
2.010803133623022404e+03
2.018846236262799039e+03
2.018884803101957459e+03
2.027303707422522621e+03
2.027312440794916256e+03
2.028543179632780038e+03
2.028574179771429499e+03
2.029114815522778599e+03
2.029977219379915596e+03
2.032520597421945922e+03
2.032524997441625146e+03
2.032530697467118898e+03
2.032536130824752945e+03
2.038213089548519520e+03
2.044634051599871782e+03
2.045231387604815154e+03
2.045236820962449428e+03
2.045242120986153850e+03
2.045567855776349688e+03
2.049711974311091581e+03
2.049749741146671568e+03
2.049758307851653171e+03
2.053190823203720811e+03
2.054049160376002419e+03
2.058162045437718007e+03
2.061586894088829013e+03
2.061595727461669867e+03
2.064556540704029885e+03
2.064559807385306613e+03
2.064924209015107863e+03
2.065020976114569748e+03
2.067255486108508649e+03
2.067260019462117270e+03
2.067353919882090850e+03
2.067370553289817508e+03
2.067791888507590556e+03
2.068942426986754526e+03
2.069116527765427691e+03
2.069276961816308813e+03
2.078252568626748598e+03
2.080030676579410283e+03
2.080369211426855145e+03
2.080406478260199037e+03
2.080506078705666368e+03
2.080542312201055211e+03
2.081094248002944369e+03
2.083575259099369305e+03
2.083588592492336829e+03
2.083765526617015439e+03
2.083776259998353908e+03
2.083811093487481685e+03
2.083818960189332756e+03
2.083909793928923591e+03
2.083936460714858640e+03
2.085980403189809294e+03
2.086136603888422997e+03
2.087041674603055981e+03
2.088741715539893448e+03
2.089054583605875450e+03
2.090526056853766931e+03
2.090529723536832989e+03
2.092496965668738540e+03
2.093743604577715814e+03
2.095669679858833661e+03
2.097664755448558935e+03
2.097671988814243377e+03
2.097677922174113974e+03
2.099102628546172582e+03
2.099115495270386418e+03
2.099728764679925462e+03
2.101248671477771950e+03
2.101588372997101033e+03
2.101592439681955511e+03
2.101641739902453082e+03
2.101690040118477555e+03
2.102092141916894889e+03
2.102124942063594972e+03
2.103651515557924540e+03
2.104595953115294378e+03
2.104604319819381089e+03
2.104728053706119226e+03
2.104744787114293558e+03
2.104771620567640639e+03
2.104777720594923267e+03
2.105647724486051629e+03
2.105743858249347340e+03
2.106740629374114178e+03
2.106758929455962516e+03
2.106763262808676700e+03
2.107450699216597513e+03
2.107468565963174569e+03
2.108966272661729363e+03
2.109032039622541561e+03
2.109248540590851007e+03
2.109276007380363808e+03
2.109996077267573128e+03
2.110001643959137255e+03
2.110006777315429645e+03
2.115280500902376843e+03
2.115329234453673052e+03
2.118300381075583118e+03
2.118317581152510684e+03
2.118727282984919384e+03
2.119111618037206881e+03
2.121055860066243440e+03
2.121063626767646838e+03
2.121605962526599342e+03
2.121616895908833158e+03
2.122919535068273944e+03
2.124736876529742403e+03
2.124742843223094951e+03
2.124776143372031584e+03
2.124803410160649946e+03
2.124838376983706894e+03
2.127334721482044642e+03
2.130239667807870774e+03
2.130251134525823090e+03
2.132357043944590259e+03
2.132370344004075378e+03
2.133346181701882870e+03
2.133349148381818395e+03
2.133355348409547787e+03
2.133392681909857401e+03
2.133397948600079417e+03
2.133402148618863976e+03
2.133567782693002755e+03
2.133740150130589882e+03
2.133766650249112445e+03
2.133778983637607325e+03
2.134291485929795272e+03
2.135316590514617928e+03
2.135382790810701863e+03
2.136053793811790456e+03
2.136524929252296261e+03
2.136650863148874123e+03
2.137027998168959584e+03
2.137477300178481528e+03
2.137850635181570851e+03
2.138157869889024369e+03
2.138443504499870414e+03
2.139214241280355964e+03
2.139228174676006802e+03
2.139235274707762073e+03
2.139650209896909928e+03
2.140171112226667447e+03
2.145100234272370471e+03
2.145341368684186818e+03
2.145477769294244808e+03
2.145647636720650098e+03
2.145777337300741692e+03
2.147261210604092867e+03
2.147607378819011046e+03
2.147609745496262803e+03
2.147697945890743085e+03
2.147702845912658177e+03
2.169654877427362408e+03
2.170391080720062291e+03
2.179905956609072291e+03
2.179913956644852988e+03
2.180624393155642792e+03
2.182982670369801781e+03
2.183610239843299041e+03
2.186765087286818471e+03
2.187084588715802056e+03
2.187093522089089674e+03
2.187103822135157770e+03
2.188044526342495828e+03
2.191177273687171237e+03
2.194441754954365933e+03
2.195528759816040292e+03
2.195776094255587395e+03
2.196786565441628227e+03
2.198985908611614832e+03
2.200225847490626165e+03
2.200230514178164867e+03
2.204080964732797838e+03
2.204087898097141078e+03
2.220880273201734326e+03
2.220884173219177228e+03
2.222883848829475937e+03
2.222891348863020085e+03
2.222894148875543578e+03
2.223163516746968980e+03
2.223165983424667957e+03
2.223175850135464316e+03
2.228503740631341770e+03
2.228631207868111233e+03
2.228790475247107679e+03
2.228891742366695325e+03
2.230770850771085861e+03
2.231146119116155660e+03
2.231162985858259617e+03
2.232292490910017477e+03
2.233905964793013027e+03
2.233908231469817110e+03
2.234380600249173312e+03
2.234438567175099251e+03
2.234864302412551297e+03
2.235063703304379942e+03
2.238302917791901109e+03
2.239041087760063419e+03
2.239593823565530784e+03
2.239599656924953706e+03
2.239608023629040872e+03
2.239765090998198048e+03
2.239786157759086564e+03
2.240057958974728990e+03
2.240102659174652217e+03
2.240331660198868576e+03
2.240559227883341464e+03
2.243330540278150693e+03
2.243509474411774136e+03
2.243679341838179880e+03
2.243684075192683849e+03
2.243832742524270998e+03
2.244068843580243083e+03
2.245900385105221631e+03
2.246639321743479741e+03
2.246980456602552749e+03
2.246991056649962047e+03
2.246994823333475324e+03
2.247314358095940861e+03
2.247684193083376613e+03
2.247940960898448338e+03
2.247982861085848072e+03
2.248002594507440335e+03
2.248010127874466889e+03
2.248022094594655300e+03
2.248039194671136102e+03
2.248210328769873740e+03
2.248252128956826709e+03
2.248283162428958804e+03
2.249522401304839150e+03
2.250423638668994045e+03
2.250466005525148375e+03
2.250470605545721810e+03
2.250733240053698864e+03
2.250770273552665913e+03
2.250859240617241539e+03
2.250864340640051523e+03
2.250870974003053107e+03
2.251464376657071170e+03
2.254337322839774970e+03
2.254563190516644227e+03
2.254605957374587888e+03
2.254900758693098396e+03
2.254907925391818480e+03
2.255690828893387334e+03
2.255798162706775656e+03
2.255848962933981511e+03
2.256404565418936727e+03
2.257015034815953186e+03
2.258016672629153163e+03
2.264118699920722975e+03
2.267175413592001405e+03
2.275075815593543666e+03
2.275214916215676567e+03
2.275310049974499634e+03
2.275764352006384797e+03
2.275851885731216043e+03
2.281406143906199304e+03
2.281918079529185889e+03
2.281954413025022404e+03
2.282898450580602457e+03
2.282988784317957197e+03
2.285866730523024216e+03
2.285899097334452563e+03
2.286033997937801360e+03
2.286042131307511681e+03
2.286193565318139463e+03
2.286779401271648567e+03
2.286985002191207059e+03
2.287049002477451268e+03
2.287052535826587246e+03
2.287057969184221747e+03
2.287066802557063056e+03
2.287282536855276703e+03
2.288419308606202321e+03
2.288633909566013699e+03
2.288636876245949225e+03
2.288641709600899503e+03
2.292484293453681857e+03
2.292554960436410056e+03
2.292862295144310337e+03
2.292867028498813397e+03
2.292878128548459244e+03
2.293742499081058668e+03
2.295562240553261290e+03
2.296019342597669038e+03
2.296026509296389122e+03
2.296030975983032931e+03
2.296224010179720153e+03
2.298367719767550170e+03
2.299158323303556699e+03
2.299172256699208447e+03
2.299185423424763485e+03
2.299192890124825226e+03
2.299194923467252920e+03
2.299199090152555527e+03
2.299207756857983895e+03
2.299255990407044010e+03
2.299423824491022060e+03
2.300623996525508119e+03
2.301629401022221373e+03
2.301789468404795571e+03
2.301905102255306247e+03
2.301923902339390679e+03
2.302326104138254777e+03
2.302709139184727974e+03
2.302790272880935390e+03
2.302981007067335213e+03
2.302983573745481408e+03
2.303199774712449198e+03
2.303209541422798338e+03
2.312097547841441610e+03
2.313476654009551112e+03
2.313809522164984173e+03
2.314323024461644764e+03
2.314785226528862950e+03
2.314850126819132129e+03
2.314945260577954741e+03
2.315096561254653352e+03
2.315527729849739444e+03
2.316010865343916066e+03
2.316347266848486015e+03
2.316370800287073962e+03
2.316426867204501832e+03
2.316435600576895467e+03
2.316441500603283657e+03
2.316453533990436881e+03
2.316977736334953534e+03
2.316980903015783497e+03
2.316985603036804605e+03
2.316992369733735813e+03
2.317380038134265305e+03
2.317385071490110477e+03
2.317518005417996392e+03
2.317532638816777762e+03
2.317548572221374343e+03
2.318388642645290474e+03
2.318390809321647794e+03
2.319901849413170567e+03
2.319904716092658418e+03
2.319908949444925383e+03
2.320510918803925051e+03
2.320573119082118865e+03
2.320577185766973344e+03
2.320586185807226684e+03
2.321100688108359464e+03
2.321200788556063344e+03
2.321352655901962862e+03
2.321363089281959674e+03
2.321369255976207114e+03
2.322336893637339926e+03
2.322421394015271289e+03
2.323270097811134292e+03
2.325478474354856644e+03
2.327623917283772698e+03
2.329221557762618886e+03
2.329228491126962126e+03
2.331663768685508785e+03
2.335002050282777873e+03
2.339317436250187257e+03
2.339334402992738433e+03
2.339339003013311867e+03
2.343022852822816276e+03
2.364382681688869070e+03
2.364543015739303428e+03
2.364666882959971190e+03
2.364672782986359380e+03
2.365448353121795662e+03
2.365450853132977045e+03
2.365453653145500084e+03
2.367748396742169462e+03
2.368135998475734141e+03
2.368256065679406220e+03
2.368259432361130621e+03
2.368388632938985666e+03
2.368401066327927765e+03
2.368407233022175660e+03
2.368602133893877635e+03
2.372005215780968683e+03
2.372809252710390410e+03
2.372814552734095287e+03
2.373777890375995867e+03
2.377642507660657429e+03
2.377644674337014294e+03
2.377647074347748458e+03
2.378843479698720785e+03
2.379182947883673023e+03
2.379200881297214437e+03
2.379205347983858246e+03
2.379281248323326054e+03
2.379285315008180987e+03
2.379429382319194701e+03
2.379436182349608316e+03
2.379447315732736115e+03
2.380825955232091474e+03
2.381812126309449013e+03
2.383489167143417035e+03
2.383492833826483093e+03
2.384416837959129680e+03
2.384809873050329315e+03
2.388007754019650747e+03
2.388011854037988542e+03
2.388021420747442789e+03
2.388028554112680467e+03
2.388052387552609616e+03
2.388057287574525162e+03
2.388260288482455053e+03
2.388331455467418891e+03
2.388725023894336573e+03
2.388909091384252861e+03
2.389078858810211386e+03
2.389157692496131858e+03
2.389163259187695985e+03
2.389271159670285215e+03
2.390073096590314435e+03
2.394149448155299069e+03
2.394659050434516303e+03
2.395665954937938295e+03
2.396414891620921935e+03
2.396718692979686239e+03
2.397704097386948433e+03
2.400287775609223445e+03
2.402186817436099773e+03
2.402200517497373767e+03
2.402442551913215993e+03
2.402746986608146017e+03
2.402984654337791653e+03
2.402998454399512866e+03
2.403110454900439890e+03
2.422077406397582763e+03
2.422081106414131682e+03
2.427842098847075249e+03
2.427855832241832104e+03
2.457896833268120645e+03
2.460282010602591527e+03
2.461498916045251462e+03
2.469099650039849166e+03
2.478193590712875903e+03
2.478254090983466085e+03
2.478332624668044446e+03
2.478927460661806435e+03
2.479153261671710879e+03
2.479171995088830045e+03
2.479264328835129618e+03
2.479269795526246526e+03
2.479276962224967065e+03
2.481535238991869392e+03
2.484636919530931209e+03
2.484945887579469854e+03
2.487726433348909723e+03
2.487733366713252508e+03
2.488533103623442457e+03
2.488542003663248579e+03
2.489602508406399920e+03
2.489650775288942441e+03
2.489655208642103844e+03
2.489740609024060177e+03
2.489745209044634521e+03
2.489751842407635650e+03
2.490338811699547023e+03
2.491071214975250768e+03
2.496841907451578663e+03
2.497050341717143056e+03
2.497099541937192953e+03
2.497123375377122102e+03
2.497287476111069282e+03
2.497311176217069260e+03
2.497317776246588437e+03
2.497979145871257970e+03
2.497985379232470223e+03
2.497994045937899045e+03
2.498016179370225018e+03
2.500286289523387040e+03
2.500480957060712171e+03
2.500772458364464001e+03
2.505666513586661949e+03
2.505811680902595526e+03
2.505819747605340581e+03
2.507623555672947077e+03
2.507663922520156120e+03
2.508466559443316328e+03
2.508489426212255239e+03
2.510222233962309929e+03
2.510884470257522935e+03
2.510899803659435293e+03
2.512855712407318151e+03
2.512859045755559691e+03
2.512864912448465930e+03
2.512876479166865010e+03
2.512913479332350107e+03
2.512915712675671784e+03
2.512918146019888809e+03
2.512987146328495328e+03
2.513168547139818202e+03
2.513176913843904913e+03
2.513254680858387928e+03
2.513314614459776749e+03
2.513327681184884568e+03
2.513375648066085432e+03
2.513379214748703816e+03
2.517183165095363165e+03
2.519946677455286590e+03
2.519953144150876142e+03
2.522718156517508305e+03
2.525436468675271954e+03
2.525443835374886476e+03
2.525449802068239478e+03
2.526045004730308392e+03
2.526206272118249672e+03
2.526391539613533041e+03
2.529067218247283108e+03
2.532067598333274418e+03
2.532623167484746773e+03
2.542756812807895585e+03
2.544043051893986103e+03
2.544049251921716404e+03
2.544056751955260552e+03
2.545696392621955056e+03
2.546859331156578719e+03
2.547130932371326253e+03
2.547179065919939148e+03
2.547249632902219673e+03
2.550881015810396548e+03
2.550897549217676442e+03
2.550901649236013782e+03
2.551641619212226942e+03
2.551750953034560098e+03
2.551752986376988247e+03
2.551755319720757598e+03
2.551760686411426377e+03
2.552003287496469966e+03
2.552006987513018430e+03
2.552305155513253794e+03
2.554707566258135103e+03
2.556021205466774973e+03
2.559004018807530883e+03
2.559406353940324607e+03
2.559880322726836312e+03
2.559882422736228818e+03
2.559901622822102127e+03
2.560725859841869806e+03
2.562226999889113813e+03
2.564058774748469659e+03
2.564063041434219485e+03
2.564172608590929485e+03
2.564248075595125556e+03
2.564275709052050388e+03
2.564398476267798742e+03
2.565714248819312616e+03
2.566334284925783322e+03
2.567554323715790360e+03
2.568221560033366131e+03
2.568387527442328519e+03
2.570397236430835619e+03
2.571164773197008799e+03
2.572850180735063987e+03
2.572945981163535635e+03
2.572956447877014853e+03
2.572962581237779887e+03
2.573159282117532712e+03
2.573163482136317270e+03
2.573232849113230714e+03
2.575056357268946158e+03
2.575067990654310506e+03
2.575071957338718676e+03
2.576176828946969181e+03
2.576285829434478273e+03
2.576384396541990554e+03
2.576465496904715110e+03
2.577226833643158898e+03
2.578054337344203304e+03
2.578057370691103642e+03
2.580022246145756981e+03
2.581007217217747439e+03
2.581083150890697198e+03
2.582307289699042030e+03
2.582312789723641345e+03
2.583324460915049258e+03
2.583884196751824220e+03
2.583887030097830120e+03
2.583889496775529096e+03
2.583891896786263260e+03
2.584471599379007330e+03
2.584480832753637060e+03
2.586016439621701920e+03
2.586274774110447652e+03
2.590031157577694557e+03
2.590089957840681564e+03
2.590477659574693462e+03
2.595434881746075007e+03
2.595479915280822297e+03
2.596926688418242065e+03
2.596931555106675205e+03
2.598069793530827155e+03
2.600842405931451140e+03
2.600844805942184848e+03
2.604370588378059892e+03
2.607807403749358855e+03
2.608584940560258019e+03
2.609754279123506421e+03
2.609760012482482580e+03
2.610230714587717557e+03
2.613559596142944429e+03
2.613568829517574613e+03
2.613670496638951590e+03
2.614609867506992941e+03
2.614614600861496911e+03
2.615039502761888343e+03
2.615912906668223513e+03
2.615937240110389212e+03
2.620213659236851072e+03
2.624960547134170156e+03
2.624963080478833945e+03
2.624977680544133364e+03
2.624985980581255717e+03
2.628650196969615536e+03
2.630589772311113393e+03
2.635411127208156358e+03
2.635724128608067531e+03
2.645811807058961222e+03
2.645816607080429549e+03
2.647465647789165359e+03
2.653031639349959732e+03
2.653246273643254426e+03
2.684273579080830132e+03
2.691466577918482017e+03
2.691469777932794386e+03
2.691474477953815494e+03
