8.790746206328075019e+00
9.758517201390619178e+00
1.067725464381523359e+01
1.427930408746396296e+01
1.429467082285899160e+01
1.492104029098905826e+01
1.492494030843204911e+01
1.494900708273836187e+01
1.495297376714618842e+01
1.496724049762139686e+01
1.496984050925005683e+01
1.500334065908086423e+01
1.501587404847030172e+01
1.503927415312823967e+01
1.510287443758314652e+01
1.511037447112735776e+01
1.761535234141134865e+01
1.974549520189689744e+01
2.224653972125548052e+01
2.248350744777012267e+01
2.450328314796730567e+01
2.450604982700805579e+01
2.453804997013002165e+01
2.745782969563249765e+01
2.746159637914581353e+01
3.033167588236198497e+01
3.052927676614012853e+01
3.079874463801301943e+01
3.080121131571200266e+01
3.107047918669038111e+01
3.107317919876629730e+01
3.107621254566639735e+01
3.190374958019340923e+01
3.254671912256799970e+01
3.280102025994037263e+01
3.286098719481164210e+01
3.468406201525598931e+01
3.471689549543842190e+01
3.639463633253716779e+01
3.640753639023321142e+01
3.824141125898121629e+01
3.824461127329341537e+01
3.854564595301683028e+01
3.854881263384660883e+01
4.174032690802644652e+01
4.609141303510611465e+01
4.661441537425574921e+01
4.748915261988766190e+01
4.797685480115587353e+01
4.799132153252559618e+01
4.799878823258738691e+01
5.025413165303762497e+01
5.149023718157082641e+01
5.196797265159584356e+01
5.197267267261688062e+01
5.199690611433528886e+01
6.342735723750158172e+01
6.343089058663796465e+01
6.343395726702048876e+01
6.695370634257740505e+01
7.391653748412819880e+01
7.651208242614384858e+01
9.266815468484649898e+01
9.268415475640746592e+01
1.000384543154836621e+02
1.128346782137919604e+02
1.224053876858533272e+02
1.225369549409600012e+02
1.225507550026813419e+02
1.274748103590562920e+02
1.282693805794712034e+02
1.285098149881573875e+02
1.290364840103731012e+02
1.342029737843793669e+02
1.343171742951458896e+02
1.650591117897351978e+02
1.650615451339517392e+02
1.658469819801839265e+02
1.743451866554231628e+02
1.799025781777536963e+02
1.816742194348259716e+02
1.816920195144375612e+02
1.816949861943728024e+02
1.832739265895824872e+02
1.885296500960236585e+02
1.937840735966505008e+02
1.992117978723722445e+02
2.057212936530285106e+02
2.110574175190636197e+02
2.111786847281029225e+02
2.111866180969185507e+02
2.118417543603759725e+02
2.118702878213264000e+02
2.118731545008144224e+02
2.118833878799169668e+02
2.182654164238040551e+02
2.297799679231127641e+02
2.298007013491772170e+02
2.298852017271086652e+02
2.314361086636041875e+02
2.477969151713226097e+02
2.590290654075799921e+02
2.615896101930559325e+02
2.616365104028191126e+02
2.616377437416685439e+02
2.616795772621040328e+02
2.733636961864767727e+02
2.733672628690955548e+02
2.736144306412303990e+02
2.737814313881481212e+02
2.737854647395207621e+02
2.737923647703814822e+02
2.738482983538800681e+02
2.738721984607742570e+02
2.958208632937539164e+02
2.958447967341305116e+02
2.974841373994829610e+02
2.993788792071275111e+02
3.080848514782825873e+02
3.080938181850531805e+02
3.081205183044705791e+02
3.081362183746898040e+02
3.081685851861183778e+02
3.082025520047030795e+02
3.115858338032377901e+02
3.115917338296258663e+02
3.115988005278986748e+02
3.116021338761404991e+02
3.116085339047648972e+02
3.116135005936453126e+02
3.158219527494552494e+02
3.158303194535423586e+02
3.184749646151607863e+02
3.210987430167850789e+02
3.211015430293082886e+02
3.321820259205604771e+02
3.321847925996012236e+02
3.321900926233057589e+02
3.321938926403014989e+02
3.321963259845180687e+02
3.424775386343343939e+02
3.425098054453156919e+02
3.426341726682199464e+02
3.426668728144726401e+02
3.426759395216905659e+02
3.437407776175563754e+02
3.439860787146757275e+02
3.532024866021085927e+02
3.581534420787953650e+02
3.581561420908712989e+02
3.590674461667165929e+02
3.645865375177480132e+02
3.753103854806024060e+02
3.753142521645629586e+02
3.787300674419383313e+02
3.864173684903774415e+02
3.889874466518251666e+02
3.949192731821651705e+02
3.949242398710455859e+02
3.949598733637511714e+02
3.949636400472645050e+02
3.949885734921136873e+02
3.949913068376720275e+02
3.992808926896891535e+02
3.993176595207970081e+02
3.994685935291889223e+02
3.994726268805616201e+02
4.102921752714401009e+02
4.103026419849196031e+02
4.103600755751270412e+02
4.104084091246342041e+02
4.142611263560716566e+02
4.161303680496658899e+02
4.161446347801411321e+02
4.164245693654934826e+02
4.181481104074355812e+02
4.182007106426922860e+02
4.182068440034573200e+02
4.182191107249873880e+02
4.198295179276003637e+02
4.198371179615917868e+02
4.198424179852964357e+02
4.264930477305135241e+02
4.264966144131323063e+02
4.298677961575490372e+02
4.307438667424776781e+02
4.307530001166604166e+02
4.307998669929411335e+02
4.308246004368958211e+02
4.315259369069855779e+02
4.315286369190615119e+02
4.325452747993498406e+02
4.325681415682890929e+02
4.329170764622481897e+02
4.408787120709934015e+02
4.409134788931561388e+02
4.423449186286629242e+02
4.424816192400621162e+02
4.488776145130826762e+02
4.542178717309377021e+02
4.562051806192590675e+02
4.562253473761223859e+02
4.562358140896018881e+02
4.591434604275038964e+02
4.591460271056501483e+02
4.671919964249146915e+02
4.716844165174497334e+02
4.716953832331654439e+02
4.718674173359284509e+02
4.738601595818840337e+02
4.738626595930654730e+02
4.738674596145337432e+02
4.738701929600920835e+02
4.738752929829021241e+02
4.760942695740335466e+02
4.831593345061625655e+02
4.847682417020666321e+02
4.847770417414251938e+02
4.848306419811544856e+02
4.865338162653387712e+02
4.865364162769673726e+02
4.865484829976029459e+02
4.865556830298054365e+02
4.865579163731274548e+02
4.879134891026493506e+02
4.879178557888461683e+02
4.914063380578943452e+02
4.933970469614224612e+02
4.934005803105587802e+02
4.934038803253182550e+02
4.934067470048062205e+02
4.934337471255654464e+02
4.934521138743780853e+02
4.935305142250269910e+02
4.935577476801630041e+02
4.935608143605455211e+02
4.935656477154962545e+02
4.936429147277428342e+02
4.936465814108088921e+02
4.936508480965584909e+02
4.936568147899114365e+02
4.936631481515710220e+02
5.093035181037736834e+02
5.151551109419317527e+02
5.151574776191836236e+02
5.151596442955408293e+02
5.151623776410991695e+02
5.151660109906827074e+02
5.151736443581567073e+02
5.151887777591747408e+02
5.157446135785068009e+02
5.157515802763323336e+02
5.157681470170944067e+02
5.158728808188540143e+02
5.303342788313892697e+02
5.303369121765002774e+02
5.394983198179422743e+02
5.395044865121897146e+02
5.409777931016145658e+02
5.454261463303919300e+02
5.493480972048131434e+02
5.510817049584455845e+02
5.510874383174216291e+02
5.516253740566947954e+02
5.532986482071494265e+02
5.571050985649897029e+02
5.586479721322223213e+02
5.662282060351326436e+02
5.662322727199878045e+02
5.662374727432450072e+02
5.662462727826036826e+02
5.663048730446956824e+02
5.663811400524697319e+02
5.665425407743410915e+02
5.695149207351003042e+02
5.701824903874999109e+02
5.715743299458933961e+02
5.725997345320579370e+02
5.728034354431185875e+02
5.728095688038837352e+02
5.791939640250225239e+02
5.791970973723698535e+02
5.793480980477266939e+02
5.793538314067026249e+02
5.793623981116842288e+02
5.793786981845870514e+02
5.794132316723728309e+02
5.795805990875971929e+02
5.795900324631217018e+02
5.796291326379988504e+02
5.796786328593906319e+02
5.802200019473530119e+02
5.821921441011737670e+02
5.822120441901778349e+02
5.822210108969484281e+02
5.831805151883711460e+02
5.832436821375545151e+02
5.879934033808797267e+02
5.888264737734882601e+02
5.941127307498248911e+02
5.941154640953832313e+02
5.941191641119316955e+02
5.941231974633044501e+02
5.972623781700867767e+02
5.972652115160924495e+02
5.973304784746683254e+02
5.975018459077828084e+02
6.098644345333060528e+02
6.098975680148303127e+02
6.099110347417274625e+02
6.104444037939092595e+02
6.134557172621335894e+02
6.134622172912053202e+02
6.134686506533121246e+02
6.134729840060265360e+02
6.134752840163133669e+02
6.134761506868562719e+02
6.134922174253821368e+02
6.233282280840139720e+02
6.233437948203036285e+02
6.233616615668800023e+02
6.256140049739125288e+02
6.256395050879629025e+02
6.258570727277098058e+02
6.313939974918353073e+02
6.313992308485749163e+02
6.314028308646761616e+02
6.326299030194739998e+02
6.328516373445231693e+02
6.384049955154810050e+02
6.413424419866654489e+02
6.413467086724151613e+02
6.413957755585354334e+02
6.474454359492256117e+02
6.474711693976528295e+02
6.489551427014515639e+02
6.489749761234905918e+02
6.498607134183207563e+02
6.498774468264948609e+02
6.511514191910558793e+02
6.511542525370614385e+02
6.512657197022696209e+02
6.555563055587592771e+02
6.611177304324625084e+02
6.649551809289521316e+02
6.666453884884755325e+02
6.666741552838028610e+02
6.670103234539956247e+02
6.743638896764585979e+02
6.746851911134925786e+02
6.746979245037765622e+02
6.766645332995158242e+02
6.807159514196513328e+02
6.827580938865514781e+02
6.844683015355260522e+02
6.848989034614108959e+02
6.903036609677462820e+02
6.915538665593425094e+02
6.922237695555113532e+02
6.945175798146728994e+02
6.973741925909918109e+02
6.973799259499679692e+02
6.973916593357791953e+02
7.001373049491263600e+02
7.001409382987100116e+02
7.001456716532134124e+02
7.025603824531076498e+02
7.048181258842920442e+02
7.054082285235505196e+02
7.109141198155441543e+02
7.111185207297356783e+02
7.111217874110127468e+02
7.133148305528224000e+02
7.161871100658781870e+02
7.161909100828738701e+02
7.162937105426532298e+02
7.162962772207994249e+02
7.162995439020764934e+02
7.175671162380129999e+02
7.190944564024384817e+02
7.191428566189105140e+02
7.191463566345644267e+02
7.191729234200521432e+02
7.230076739044658325e+02
7.287094660726343136e+02
7.287420328849573252e+02
7.289003002594814689e+02
7.289044336113013287e+02
7.352912955101392072e+02
7.353002955503923204e+02
7.353162956219532589e+02
7.353211956438688048e+02
7.353244289916634671e+02
7.353602624852634335e+02
7.353696291938231298e+02
7.353737958791255096e+02
7.353764625577190372e+02
7.355098631543587544e+02
7.360688656545205504e+02
7.379496740665141488e+02
7.385299099949767196e+02
7.396566150342116543e+02
7.407624533134525109e+02
7.415245233885092375e+02
7.415289900751532741e+02
7.415810236412088443e+02
7.415837903202497046e+02
7.435500324476823835e+02
7.484431543323727283e+02
7.503436294989933231e+02
7.503547295486388293e+02
7.505663971619976564e+02
7.570525261714783483e+02
7.570549928491774381e+02
7.570589928670676727e+02
7.570802929623332602e+02
7.570834263096804762e+02
7.587894006063878578e+02
7.588584009149947178e+02
7.588852010348593922e+02
7.589608347064673808e+02
7.589749014360480714e+02
7.589766347771338815e+02
7.603896077633808090e+02
7.608996767113519581e+02
7.609058100721169922e+02
7.609108767614446833e+02
7.609221434785021074e+02
7.609246434896836035e+02
7.609811770758657303e+02
7.617938807107163939e+02
7.620033483142354953e+02
7.620123150210062022e+02
7.622594494596586401e+02
7.622633494771015421e+02
7.683091765173135173e+02
7.706841204726821388e+02
7.718531257011063644e+02
7.740466688451523396e+02
7.750120731629632473e+02
7.750257732242372413e+02
7.776625183505225323e+02
7.833747105652054188e+02
7.855077201051790325e+02
7.867431256305815168e+02
7.867531923422718592e+02
7.868331593665943728e+02
7.868733928798737907e+02
7.869312931388351444e+02
7.934845224484247410e+02
7.978431752760135396e+02
7.978514086461709667e+02
7.978561420006743674e+02
7.999083845127473751e+02
7.999133845351101400e+02
7.999168845507640526e+02
7.999293846066710785e+02
8.018757933120647294e+02
8.020220606329180555e+02
8.038522021516351970e+02
8.135924457152781315e+02
8.135969124019221681e+02
8.136006457519531523e+02
8.136109457980205661e+02
8.158178556685163585e+02
8.158282223815485850e+02
8.243481604873247761e+02
8.262209355300553852e+02
8.262311355756755802e+02
8.269197386554812965e+02
8.321998289375706008e+02
8.322027622840234926e+02
8.326503642859419188e+02
8.326930644769204264e+02
8.395213950169115833e+02
8.407424004779090865e+02
8.419708059720036317e+02
8.425055083634821358e+02
8.431500779130128649e+02
8.431527445916063925e+02
8.431555446041295454e+02
8.456539557783770533e+02
8.457077560190009535e+02
8.457655896109973810e+02
8.457698562967469798e+02
8.478667656752610355e+02
8.478749990454183489e+02
8.478782990601779375e+02
8.479399326691700480e+02
8.480604665415961563e+02
8.480694665818492695e+02
8.497137406025996142e+02
8.504531439096115264e+02
8.507670119800661723e+02
8.524786863022671923e+02
8.558997349363822877e+02
8.559041682895439180e+02
8.559447018041651063e+02
8.561979696035824645e+02
8.569049060987185840e+02
8.623590971594808252e+02
8.624695976536988837e+02
8.664088819389776290e+02
8.706366675145904992e+02
8.738991821063222005e+02
8.751357876370916529e+02
8.751386543165797320e+02
8.790043049391956629e+02
8.822050192545229947e+02
8.822092859402727072e+02
8.844951294971360767e+02
8.844984295118954378e+02
8.866118056307244615e+02
8.866251723571742787e+02
8.868180732199313070e+02
8.896324524740259676e+02
8.896625859421324094e+02
8.920253298429357756e+02
8.958158467961799261e+02
8.958730470520104063e+02
8.958949804834418273e+02
8.978909894106745924e+02
8.998073646484089068e+02
8.998104313287914238e+02
9.017175398584132608e+02
9.047979203022091497e+02
9.048330871261608763e+02
9.048497538673702820e+02
9.123109539045633483e+02
9.175936441982811402e+02
9.228748678187727137e+02
9.249494104305837254e+02
9.299856996222625867e+02
9.311818716388581834e+02
9.351775895098719502e+02
9.351964562609209679e+02
9.363552947772075186e+02
9.364149283772545687e+02
9.469707755887186522e+02
9.469751089414330636e+02
9.471127762238223795e+02
9.471164429068884374e+02
9.513253283979698836e+02
9.570407539604475460e+02
9.570439206412772819e+02
9.572784216900929550e+02
9.644900872778995335e+02
9.687310062455853767e+02
9.687335062567666455e+02
9.733751603500903684e+02
9.754983031792678503e+02
9.755011698587559295e+02
9.757671377149747514e+02
9.757740044123530652e+02
9.758766382047202796e+02
9.758834382351337808e+02
9.758866382494459231e+02
9.854407476472628105e+02
9.868955208204627070e+02
9.890499971231139398e+02
9.890624638455385593e+02
9.909430722566376062e+02
9.918535763289047509e+02
9.918611763628962308e+02
9.919516434341805962e+02
9.919589434668303056e+02
9.971656667541160459e+02
1.000194546967574979e+03
1.003089326581263435e+03
1.006221540590220343e+03
1.006242140682355057e+03
1.006277707508095887e+03
1.006282207528222443e+03
1.006296807593521748e+03
1.006306640970835360e+03
1.006308974314604598e+03
1.009735989642072695e+03
1.015700782986524814e+03
1.017015988868837553e+03
1.018174660717712072e+03
1.024768490208887670e+03
1.029640645333136717e+03
1.037318313005156824e+03
1.038316384135737962e+03
1.038340684244421254e+03
1.038369917708502498e+03
1.038372817721472984e+03
1.038390184465813036e+03
1.045867884576803363e+03
1.045883684647469636e+03
1.046153952522920690e+03
1.046161985892183793e+03
1.055210393028226235e+03
1.055543894519825471e+03
1.058058405766081250e+03
1.058061705780840384e+03
1.058167506254037562e+03
1.058192006363615292e+03
1.058196006381505640e+03
1.061816989243168109e+03
1.063075094870097701e+03
1.063421696420287617e+03
1.071579666240478900e+03
1.073689542343653784e+03
1.076362487631845624e+03
1.076369687664048115e+03
1.076389687753499402e+03
1.078310696345289898e+03
1.086572566630180518e+03
1.087229869569995117e+03
1.087870372434670571e+03
1.087884339163804270e+03
1.087927906025325456e+03
1.089137711436230347e+03
1.089139711445175408e+03
1.089141978121979719e+03
1.089142378123769049e+03
1.089157144856480500e+03
1.089163278217245534e+03
1.092135258176215757e+03
1.092146158224966712e+03
1.092162891633140589e+03
1.093021728807658974e+03
1.094194734053973434e+03
1.094536635583142242e+03
1.098068484712817281e+03
1.099024222320726494e+03
1.099057622470110118e+03
1.099274323439314003e+03
1.099280956802315586e+03
1.099450024225143125e+03
1.099452557569806913e+03
1.099463957620794190e+03
1.099466657632870238e+03
1.099771558996554177e+03
1.100665962996813050e+03
1.104428246490448601e+03
1.107019158078408054e+03
1.107430559918419931e+03
1.107451893347167925e+03
1.107611760728847912e+03
1.107618760760155965e+03
1.107624594119579115e+03
1.107718827874376984e+03
1.107728894586067099e+03
1.107794561546432305e+03
1.107799394901382811e+03
1.107801794912116975e+03
1.107807194936268843e+03
1.112498915920185482e+03
1.112502182601462437e+03
1.113067551796766338e+03
1.113106918639502737e+03
1.113142452131761047e+03
1.113149652163963538e+03
1.113156852196165801e+03
1.113907755554612322e+03
1.114485291470998845e+03
1.115028527233976774e+03
1.115034860595636474e+03
1.115796230667562213e+03
1.117882873333491489e+03
1.117885540012084675e+03
1.117888073356748464e+03
1.117890540034447667e+03
1.117937173576351370e+03
1.119772781786185078e+03
1.119952649257316580e+03
1.120712419322086362e+03
1.121296521934509428e+03
1.122473960533985746e+03
1.123322497662436490e+03
1.123326364346397213e+03
1.123341364413485735e+03
1.123384264605358339e+03
1.128948389491137505e+03
1.129307857765540803e+03
1.133871444843039853e+03
1.137521961170125451e+03
1.137526027854980384e+03
1.138460998703342966e+03
1.138678899677914160e+03
1.138690399729348655e+03
1.141722779958461615e+03
1.141729613322357409e+03
1.146416034282569399e+03
1.147132404153230027e+03
1.147135070831823441e+03
1.147311104952476626e+03
1.147318071650302272e+03
1.149510614789875717e+03
1.149794149391329256e+03
1.156162477873942180e+03
1.156168811235601652e+03
1.156177144606206411e+03
1.156193078010802537e+03
1.160348963264838176e+03
1.160375430049878787e+03
1.162563806504149852e+03
1.162571339871176406e+03
1.162605306689760937e+03
1.162821274322351883e+03
1.163799512030893993e+03
1.168122698033188954e+03
1.168463999559674221e+03
1.169379503654304472e+03
1.169388370360627732e+03
1.169594737950282024e+03
1.169597371295393032e+03
1.169884072577676307e+03
1.169934439469611107e+03
1.177188738581431153e+03
1.183146531894575219e+03
1.183151965252209493e+03
1.184859472889108247e+03
1.187180549936888156e+03
1.187560818304320719e+03
1.187574618366042159e+03
1.187578351716073030e+03
1.187582451734410370e+03
1.187611018528843488e+03
1.187614885212803983e+03
1.190047929428028283e+03
1.200436409224268118e+03
1.200440142574298989e+03
1.200448942613657437e+03
1.203452356046548630e+03
1.210621488110788732e+03
1.210625688129573518e+03
1.211092956886119055e+03
1.211095590231230062e+03
1.213847935874543509e+03
1.217781353466916698e+03
1.218264655628505579e+03
1.219245626682605916e+03
1.219263960097936206e+03
1.220737633355667640e+03
1.223672713149600213e+03
1.226003823575588058e+03
1.226046890434873376e+03
1.226541359313072462e+03
1.229128204216176755e+03
1.232023750499960670e+03
1.233921825655847442e+03
1.240884590130433253e+03
1.242744831783774544e+03
1.243028399718710261e+03
1.245677678234384985e+03
1.246123780229594558e+03
1.248538124361182099e+03
1.248578191207049485e+03
1.248759558684889726e+03
1.248762092029553514e+03
1.249040526608197069e+03
1.249043893289921243e+03
1.249055526675285364e+03
1.249057660018160277e+03
1.249060026695412034e+03
1.249287894381226579e+03
1.252081473542291633e+03
1.254472750904045370e+03
1.257870366100020192e+03
1.257881299482253326e+03
1.257889332851516428e+03
1.257899532897136623e+03
1.258123567232472624e+03
1.258126233911066265e+03
1.258129033923589304e+03
1.258159567393484849e+03
1.258481802168026434e+03
1.259532640201276536e+03
1.259535373546834990e+03
1.259819808152313726e+03
1.261514882400270153e+03
1.262674620920582129e+03
1.262770021347264446e+03
1.265556433809609871e+03
1.269958753499166960e+03
1.270226588030401444e+03
1.270271921566490846e+03
1.270282121612110814e+03
1.271996929281659504e+03
1.273112467604283893e+03
1.274457306952466979e+03
1.274469673674444493e+03
1.274474340361983195e+03
1.275197376929127358e+03
1.275298877383092304e+03
1.275302610733123402e+03
1.275376177728821403e+03
1.275428977964972546e+03
1.278163323527779767e+03
1.278165456870654680e+03
1.278339590982809796e+03
1.279515162907270906e+03
1.280767801843083589e+03
1.282347108906599715e+03
1.282350542255289156e+03
1.282358875625893688e+03
1.282365342321483013e+03
1.282367942333111614e+03
1.282394609119046663e+03
1.282397342464604890e+03
1.285524723118611291e+03
1.285863257966055698e+03
1.287325564506282262e+03
1.290028176593826856e+03
1.290035009957722650e+03
1.290485111970822345e+03
1.290599512482483533e+03
1.290713746326732462e+03
1.290747946479694065e+03
1.292510854364372562e+03
1.292553387887938698e+03
1.292569587960394301e+03
1.292590254719493942e+03
1.295952403090175267e+03
1.296514105602412883e+03
1.296701573107535978e+03
1.299281817981121321e+03
1.299642852929198398e+03
1.299649486292199754e+03
1.300745157859302708e+03
1.305498379118281946e+03
1.307091852911826209e+03
1.307118386363831405e+03
1.309841031874309692e+03
1.310391701003866729e+03
1.311158237765567719e+03
1.311163271121412890e+03
1.311386172118346849e+03
1.312419343405914788e+03
1.314186584643307697e+03
1.314764220560141666e+03
1.314775253942822246e+03
1.314790887346076715e+03
1.314978454851646802e+03
1.315074688615389732e+03
1.315082455316793130e+03
1.315103355410269614e+03
1.315156855649551744e+03
1.317539099637570189e+03
1.320960781607851231e+03
1.321346049997646787e+03
1.321926019258249880e+03
1.321935585967704128e+03
1.321938752648533864e+03
1.322186720424246687e+03
1.322531988635139669e+03
1.323938961594551074e+03
1.323941928274486372e+03
1.324459763923861146e+03
1.324591531179862159e+03
1.326480272960671527e+03
1.326967541806668351e+03
1.327656811556122420e+03
1.328839050177067065e+03
1.329492319765509137e+03
1.330074522369434362e+03
1.331540795594068868e+03
1.332106164789372770e+03
1.333702838597228947e+03
1.333705305274927923e+03
1.333708238621380815e+03
1.333725805366615532e+03
1.333729572050128809e+03
1.333735705410893843e+03
1.337240754420704206e+03
1.337250287796676048e+03
1.346028560391197061e+03
1.347732501345476976e+03
1.351424417857726439e+03
1.352232921473792430e+03
1.352788823960089530e+03
1.359734588358641759e+03
1.360830693261016449e+03
1.360836759954816671e+03
1.361334695515187377e+03
1.362226999506053971e+03
1.363043503157900432e+03
1.363090503368110831e+03
1.364088407831279937e+03
1.364868477986842663e+03
1.364981211824382626e+03
1.365005611933513137e+03
1.365011511959901327e+03
1.365717948452801011e+03
1.365727081826983976e+03
1.365749281926274762e+03
1.368977429697632715e+03
1.368983829726256999e+03
1.371423807305824766e+03
1.374562421343405958e+03
1.376116894962520291e+03
1.376120361644691911e+03
1.376125595001431520e+03
1.376129228351015172e+03
1.378375971733001279e+03
1.378566139250200195e+03
1.380470347766851773e+03
1.380495514546077629e+03
1.380506481261793624e+03
1.380978083371053572e+03
1.381635652978727649e+03
1.384109397375985282e+03
1.384117664079625001e+03
1.384835033954758046e+03
1.386127573069026312e+03
1.386132939759695546e+03
1.386320173930441570e+03
1.386323473945201158e+03
1.386376407515282153e+03
1.386851742974572971e+03
1.386858076336232443e+03
1.386901409863376784e+03
1.386904443210276895e+03
1.389042552773060379e+03
1.391289062820669642e+03
1.395582515356647491e+03
1.395593348738433406e+03
1.396051617454726056e+03
1.396096717656438386e+03
1.396110851052983890e+03
1.396113717732471969e+03
1.399315632053166610e+03
1.399318632066584087e+03
1.400005468471821814e+03
1.400538870857486245e+03
1.400542370873140044e+03
1.400719404998266100e+03
1.400745905116788890e+03
1.400833338841173145e+03
1.400948939358201187e+03
1.401006206280996366e+03
1.402225778402249944e+03
1.403289316492301623e+03
1.404846690124386441e+03
1.404850990143618219e+03
1.404856023499463390e+03
1.404868190220546239e+03
1.404876356923738967e+03
1.404931390503212242e+03
1.404939257205063086e+03
1.405213425097957042e+03
1.405239258546831479e+03
1.405242525228108434e+03
1.406175762735385433e+03
1.406176362738068747e+03
1.406180496089888720e+03
1.406183629437236050e+03
1.407307267796088581e+03
1.407669402749085521e+03
1.407679536127740676e+03
1.407715669622682753e+03
1.407718636302618052e+03
1.408887208195770654e+03
1.408890674877942274e+03
1.408895708233787673e+03
1.408984875299257737e+03
1.408990608658233668e+03
1.409477810837265451e+03
1.409489210888252728e+03
1.410713683031422079e+03
1.410738883144130341e+03
1.415098135974402567e+03
1.415101202654785084e+03
1.415104636003474297e+03
1.415107202681620493e+03
1.415109636025837062e+03
1.415120569408070423e+03
1.415159902917324416e+03
1.415571638092160583e+03
1.415584371482444340e+03
1.415637705054314438e+03
1.415866306076741921e+03
1.420309459282262196e+03
1.423446906647958940e+03
1.423471906759772764e+03
1.423506440247558658e+03
1.423681741031598676e+03
1.424157576493125816e+03
1.424162809849865425e+03
1.424269010324851479e+03
1.424270410331113226e+03
1.424429744377074712e+03
1.424432777723974823e+03
1.424446111116942348e+03
1.425544649363533381e+03
1.425548316046599439e+03
1.425897350941005698e+03
1.428276761583018470e+03
1.428279294927682258e+03
1.428481395831586951e+03
1.430746572629350794e+03
1.434046120720049657e+03
1.434049820736598122e+03
1.435343859857575126e+03
1.436001696133108226e+03
1.436053929700058461e+03
1.436056396377757437e+03
1.440365548983954341e+03
1.441278953069192085e+03
1.441294319804586848e+03
1.441296919816215677e+03
1.441303319844839962e+03
1.441503954075518322e+03
1.441511987444781198e+03
1.441528720852955303e+03
1.441589121123098266e+03
1.441603654521432645e+03
1.441613287897851706e+03
1.445285004319755672e+03
1.447358780261471111e+03
1.447361180272205047e+03
1.447389513732261094e+03
1.447920816108533018e+03
1.447927749472876258e+03
1.448181217273187940e+03
1.448187683968777264e+03
1.448238717530360418e+03
1.448243150883522048e+03
1.448246150896939525e+03
1.448250517583136570e+03
1.450563794596030448e+03
1.450798628979670411e+03
1.450860095921250377e+03
1.451488532065290428e+03
1.451492598750145589e+03
1.451498532110015958e+03
1.454835447034506160e+03
1.454981114352676059e+03
1.457111390547091332e+03
1.458816398172808704e+03
1.458820564858110856e+03
1.459154733019358673e+03
1.459187166497752060e+03
1.459190366512064202e+03
1.459219033306944311e+03
1.460109903958066980e+03
1.462398747528347940e+03
1.462404947556077786e+03
1.462408980907450541e+03
1.463039317059988434e+03
1.463051817115895346e+03
1.464705324511275649e+03
1.464813758329583834e+03
1.465524161506891232e+03
1.466316965052738169e+03
1.466469999070522363e+03
1.466478865776845623e+03
1.471398787781400870e+03
1.471404887808683497e+03
1.472065657430669717e+03
1.474034232901871746e+03
1.476876512280750603e+03
1.476896879038508359e+03
1.477675182519503096e+03
1.478587319932408718e+03
1.478613086714318342e+03
1.478637086821659977e+03
1.478707087134739140e+03
1.478712653826303267e+03
1.479468257205770669e+03
1.484230245170625722e+03
1.484571113361839480e+03
1.484575546715001110e+03
1.484828814514418582e+03
1.484892048130566764e+03
1.486852656899470958e+03
1.486855890247265506e+03
1.486987790837196144e+03
1.490176305097958675e+03
1.490188371818594078e+03
1.491949613029151578e+03
1.493112018228057195e+03
1.493123984948245379e+03
1.496566600345485313e+03
1.499047411441015811e+03
1.499177345355484022e+03
1.501045620378088188e+03
1.501094187261972138e+03
1.501499389074253941e+03
1.501520655836037349e+03
1.501524222518655961e+03
1.501539555920568546e+03
1.501681523222189981e+03
1.501684289901230841e+03
1.503805832723252252e+03
1.503811199413921713e+03
1.503814432761716262e+03
1.503820066120244974e+03
1.503831266170337813e+03
1.503833599514106936e+03
1.505041504916513986e+03
1.506018909287995484e+03
1.506040409384155737e+03
1.506045276072588649e+03
1.507821284015857827e+03
1.507857850846071187e+03
1.508795688373921621e+03
1.508798855054751357e+03
1.513144474490714401e+03
1.513154307868027900e+03
1.513167841261889862e+03
1.513176174632494622e+03
1.518472264986144864e+03
1.522626750233918983e+03
1.528471509708181429e+03
1.528474676389011165e+03
1.529055145651850580e+03
1.529213279692444985e+03
1.529902316107522211e+03
1.532100325938212336e+03
1.532104125955208019e+03
1.532393593916531927e+03
1.536382411756685087e+03
1.536554179191588673e+03
1.539388725202546766e+03
1.539394158560180813e+03
1.539399391916920649e+03
1.539407925288419847e+03
1.539410358632636417e+03
1.539793793680898943e+03
1.539799027037638552e+03
1.539803627058212442e+03
1.539810693756485080e+03
1.539813727103385190e+03
1.539823560480698688e+03
1.541965870062266958e+03
1.541968236739518943e+03
1.545519519289443906e+03
1.546055721687631376e+03
1.547531328287343058e+03
1.547563095096088091e+03
1.548749767070194139e+03
1.548758100440798898e+03
1.548784667226286729e+03
1.548792967263408855e+03
1.553510788364059181e+03
1.554486726062314347e+03
1.554523559560386957e+03
1.554527926246584002e+03
1.555703898172833760e+03
1.555706831519286652e+03
1.555711031538071438e+03
1.559154146937547694e+03
1.561896259201758312e+03
1.563178631603888789e+03
1.567026682147787596e+03
1.567030982167019602e+03
1.567034948851427544e+03
1.568855256992831073e+03
1.569321292410527121e+03
1.570256396592819328e+03
1.570465564194996659e+03
1.570700198577742185e+03
1.570704198595632306e+03
1.570808132393813821e+03
1.570813232416624032e+03
1.571040333432342777e+03
1.571060166854381805e+03
1.571069133561152285e+03
1.571234800968773470e+03
1.571267367781096709e+03
1.572919941838969180e+03
1.572922941852386884e+03
1.572926975203759412e+03
1.572935141906952140e+03
1.572937175249379607e+03
1.572946475290974377e+03
1.576507724552142690e+03
1.576510757899042801e+03
1.576531024656353338e+03
1.576535391342550383e+03
1.576538924691686589e+03
1.576571691504904265e+03
1.576656691885071723e+03
1.580535475899760741e+03
1.581090611715962041e+03
1.581093278394555455e+03
1.581306079346316665e+03
1.582918853226181227e+03
1.582970353456518296e+03
1.584347226281305666e+03
1.584349926293381714e+03
1.585771932653364047e+03
1.588586811909694688e+03
1.588589711922665174e+03
1.588598745296400466e+03
1.590368419878010172e+03
1.590371653225804948e+03
1.590387653297365659e+03
1.590608820953213808e+03
1.591409124532604892e+03
1.591645825591260063e+03
1.591656958974388090e+03
1.592532262889221101e+03
1.593110332141326353e+03
1.593129365559787402e+03
1.593273599538213375e+03
1.595162041317680632e+03
1.595164607995826827e+03
1.596487180577754316e+03
1.597737486169797876e+03
1.597740919518487090e+03
1.597743786197974941e+03
1.597985820613817395e+03
1.597989053961611944e+03
1.598930724839940467e+03
1.598935991530162937e+03
1.599755661862838906e+03
1.599763461897724937e+03
1.600451131640023050e+03
1.600464298365578315e+03
1.606484758625669656e+03
1.607450762946164105e+03
1.607479463074526620e+03
1.608265233255582871e+03
1.608996536526366981e+03
1.609952940803924776e+03
1.612922120750371960e+03
1.612948187533623241e+03
1.612950620877839810e+03
1.612958454246208248e+03
1.612968887626205287e+03
1.613001321104598674e+03
1.613016721173476071e+03
1.613053521338066503e+03
1.613060654703303953e+03
1.613968892098766673e+03
1.613971325442983243e+03
1.614030425707311906e+03
1.621219391193591036e+03
1.621254891352367167e+03
1.622481363504481124e+03
1.622488530203201208e+03
1.622720664574765351e+03
1.622726831269012564e+03
1.622883131968074167e+03
1.622895265355674383e+03
1.623894203156798312e+03
1.624057870555474437e+03
1.624063370580073524e+03
1.624067903933682373e+03
1.624496005848385948e+03
1.624500239200653141e+03
1.624504105884613637e+03
1.624569206175777481e+03
1.624573572861974299e+03
1.624579739556221739e+03
1.624602572991678471e+03
1.624719173513179157e+03
1.625434610046332182e+03
1.625594310760600138e+03
1.626378647601912689e+03
1.626383514290345829e+03
1.626581515175912727e+03
1.626583915186646891e+03
1.626972150256377745e+03
1.626986183652476029e+03
1.631395903375130274e+03
1.632958110362165826e+03
1.633742647204372588e+03
1.633745447216895627e+03
1.636034324120659221e+03
1.636989795060709184e+03
1.636994195080388408e+03
1.638519468568904131e+03
1.638583568855595104e+03
1.638594668905240724e+03
1.639410439220473791e+03
1.639416772582133262e+03
1.639420739266541204e+03
1.639429539305899880e+03
1.639434105992991135e+03
1.641238914065070048e+03
1.644053359986129408e+03
1.644063593365231782e+03
1.644518962068553947e+03
1.644627362553379498e+03
1.644639995943216491e+03
1.644764496500050200e+03
1.644769663189824996e+03
1.649091615853270696e+03
1.649250916565749776e+03
1.651377092741827710e+03
1.651382326098567319e+03
1.651609127112944407e+03
1.652846565980774130e+03
1.652935833046691414e+03
1.653024900111714260e+03
1.653085300381856996e+03
1.663627480865529606e+03
1.663630880880736186e+03
1.663644314274150929e+03
1.663666581040406527e+03
1.663909282125897334e+03
1.664491851398129256e+03
1.664497251422281124e+03
1.674349428819886043e+03
1.674671630260945221e+03
1.674806530864293791e+03
1.678974682839859497e+03
1.678996016268607491e+03
1.678999016282025423e+03
1.680306855464723640e+03
1.684498207544052548e+03
1.684707008477923637e+03
1.684732508591973783e+03
1.684974676341745862e+03
1.689110561506330441e+03
1.689127961584152899e+03
1.689143494986959922e+03
1.689154561703122909e+03
1.690334833648604899e+03
1.690340467007133384e+03
1.690343300353139284e+03
1.692556876920118611e+03
1.692561176939350844e+03
1.692563843617944258e+03
1.692566176961713609e+03
1.695438056472980406e+03
1.699604008438706387e+03
1.701004914704317798e+03
1.701371149675652305e+03
1.701382249725297697e+03
1.701705351170382301e+03
1.701735884640277845e+03
1.703350358527745811e+03
1.704154428790650172e+03
1.704157428804067649e+03
1.705851536381034066e+03
1.708575981899562976e+03
1.708578448577261952e+03
1.708588315288057856e+03
1.708592315305947977e+03
1.708594715316682368e+03
1.709153117814160396e+03
1.709156551162849610e+03
1.709936121316176241e+03
1.710338589782899817e+03
1.712792500758118194e+03
1.715192344824853535e+03
1.715911448041072390e+03
1.715914314720560469e+03
1.717433054846522055e+03
1.718306758754198881e+03
1.719602097880990186e+03
1.720456235034487236e+03
1.720470801766304248e+03
1.720475001785089034e+03
1.720670869327781475e+03
1.720704002809305621e+03
1.720727702915305372e+03
1.720740402972106949e+03
1.720771903112992732e+03
1.720900170353339718e+03
1.722686411675711270e+03
1.722690745028425681e+03
1.722709711779922145e+03
1.722720411827778662e+03
1.723324781197512266e+03
1.723384714798901086e+03
1.723390548158324464e+03
1.723402048209758959e+03
1.723405514891930352e+03
1.723470481849164344e+03
1.724939388418909857e+03
1.725180189495902823e+03
1.725543991123020760e+03
1.731659818476311784e+03
1.731665118500016433e+03
1.737888246333213601e+03
1.737896146368546624e+03
1.738873050737792028e+03
1.740714958975802801e+03
1.740722159008005292e+03
1.740725459022764881e+03
1.740945793341552417e+03
1.740948693354523130e+03
1.742328432858798351e+03
1.746231283647793589e+03
1.746250950402420813e+03
1.746262150452513424e+03
1.746266650472639867e+03
1.746330550758436630e+03
1.746333150770065231e+03
1.750262035008829571e+03
1.750269168374067021e+03
1.750284835110803897e+03
1.751685174707213946e+03
1.756717263880108021e+03
1.757929935970500992e+03
1.757935569329029704e+03
1.757949369390750917e+03
1.758361471233893553e+03
1.758370904609418176e+03
1.758501105191745637e+03
1.758505938546696143e+03
1.760168279314917527e+03
1.760704781714446653e+03
1.760883449180211073e+03
1.760899249250877574e+03
1.762038821014326004e+03
1.762120354712322523e+03
1.762124288063247604e+03
1.768102714802009132e+03
1.768224815348108677e+03
1.769459454203415589e+03
1.769470487586096169e+03
1.769651055060358431e+03
1.769663421782335945e+03
1.773836240445440126e+03
1.774650344086552423e+03
1.774798711416798142e+03
1.774819044841073492e+03
1.784440487873376014e+03
1.785181624521473850e+03
1.785827460743336360e+03
1.785831594095156333e+03
1.785837960790298439e+03
1.791721753772472994e+03
1.796045073108697807e+03
1.801215562900594250e+03
1.814445355404722932e+03
1.814616022834706655e+03
1.814935790931549491e+03
1.814948157653526778e+03
1.814991257846294275e+03
1.817127334066650292e+03
1.818339039486052798e+03
1.818345806182983779e+03
1.818349539533014877e+03
1.819357977376628014e+03
1.832703370397784738e+03
1.841450976188480809e+03
1.841458442888542550e+03
1.842011112027045101e+03
1.842280779899812387e+03
1.842288546601215785e+03
1.842545381083252096e+03
1.843047416661960369e+03
1.844901558288018805e+03
1.844903924965270562e+03
1.855320904888978248e+03
1.855323871568913546e+03
1.855497839013657085e+03
1.855500039023496583e+03
1.855505305713718826e+03
1.855508339060618709e+03
1.859074121675396100e+03
1.860039959328478290e+03
1.864165377779583196e+03
1.864168011124694203e+03
1.864171111138559127e+03
1.864175111156449475e+03
1.866531788363452506e+03
1.866573521883440890e+03
1.872763282900736613e+03
1.875500828477856203e+03
1.875514861873954487e+03
1.878847776780554341e+03
1.880544184367807702e+03
1.880555784419689417e+03
1.880709518440604597e+03
1.880922719394154456e+03
1.880937986129102455e+03
1.881043153266133459e+03
1.881208154004106063e+03
1.882607326928631664e+03
1.883033628835284617e+03
1.883041028868381545e+03
1.883052995588569956e+03
1.884437301779936661e+03
1.884444901813928027e+03
1.884460768551559568e+03
1.885429906219401119e+03
1.885443906282016997e+03
1.888143851690967949e+03
1.888757287767919706e+03
1.888778887864526951e+03
1.889365290487236962e+03
1.891653000719115880e+03
1.892679705311094494e+03
1.892722572169485147e+03
1.894649680788558271e+03
1.894665414192259732e+03
1.896249221275902755e+03
1.897556560456364878e+03
1.897559960471571230e+03
1.899802803836114663e+03
1.899844937357891922e+03
1.900488206901608010e+03
1.900782141549576409e+03
1.900828008421384766e+03
1.903753721506757756e+03
1.903784154976206082e+03
1.903803955064762476e+03
1.904037256108211295e+03
1.904055456189611732e+03
1.904060389545009912e+03
1.904934360120545989e+03
1.904959026897535978e+03
1.905535929477756554e+03
1.905547529529638268e+03
1.905578529668287729e+03
1.905592663064833232e+03
1.905862130936706080e+03
1.906266499411927498e+03
1.906269232757485952e+03
1.906290499519269133e+03
1.907771606143579902e+03
1.907786406209773759e+03
1.907805806296541505e+03
1.908293575144774422e+03
1.908328741968726035e+03
1.911283321849873801e+03
1.911752823949741469e+03
1.911957624865721982e+03
1.912446260384497918e+03
1.913928333679798925e+03
1.914022500767631755e+03
1.914259501827628810e+03
1.914265435187499179e+03
1.916244210704321404e+03
1.919067356664291992e+03
1.920111494667575926e+03
1.921907469366813757e+03
1.921921336095500010e+03
1.922084503491939586e+03
1.922088803511171591e+03
1.922101436901008356e+03
1.922412804960281619e+03
1.922445738440911327e+03
1.922462738516944910e+03
1.922489905305116054e+03
1.922605739156520940e+03
1.924561214569132517e+03
1.924635948236715421e+03
1.927235426529656252e+03
1.927264926661596974e+03
1.928702799759210620e+03
1.929540803507217106e+03
1.929546636866640483e+03
1.929585937042412070e+03
1.929997838884660041e+03
1.931101877155850389e+03
1.931580412629453349e+03
1.931581379300443587e+03
1.931591879347405438e+03
1.931786380217318765e+03
1.931803146958975276e+03
1.932470816611822102e+03
1.932479749985110402e+03
1.932484150004789626e+03
1.934196124328332417e+03
1.935783064759322542e+03
1.936083866104669141e+03
1.936097766166837573e+03
1.936389967473720162e+03
1.936410267564513106e+03
1.936414367582850673e+03
1.936418167599846356e+03
1.936422134284254071e+03
1.936440001030830445e+03
1.936445234387570508e+03
1.936450034409038608e+03
1.936468467824816344e+03
1.936471534505198861e+03
1.936479967876250612e+03
1.936484401229412242e+03
1.941259289251963537e+03
1.941266555951130613e+03
1.941729691355856403e+03
1.950263596190766066e+03
1.950271229558240066e+03
1.950272896232360836e+03
1.950277496252934498e+03
1.950341096537389603e+03
1.950350929914703102e+03
1.952075837629424313e+03
1.952155237984545693e+03
1.954741049549694935e+03
1.955624786835579926e+03
1.955682820428471132e+03
1.955698420498242967e+03
1.956229889541926923e+03
1.956237589576365735e+03
1.956325056634232396e+03
1.956614357928144273e+03
1.956636424693505660e+03
1.956710891693228859e+03
1.956832492237092538e+03
1.956843858954597408e+03
1.957589162287997397e+03
1.958645167011022068e+03
1.963441855131075272e+03
1.963446055149859831e+03
1.963451621841423957e+03
1.963454921856183546e+03
1.963457355200399888e+03
1.963459788544616458e+03
1.964608227014388603e+03
1.967333505869977671e+03
1.969237214384392928e+03
1.971581091534147163e+03
1.971602958298613885e+03
1.972254894547759250e+03
1.972394761839988178e+03
1.972709029912231927e+03
1.974781839182957128e+03
1.975010140204042955e+03
1.975214474451269552e+03
1.975218874470949004e+03
1.975232774533117436e+03
1.975236507883148533e+03
1.975241707906405736e+03
1.975244374584999150e+03
1.975248607937266343e+03
1.976350846200405840e+03
1.976385413021674140e+03
1.978033587059867614e+03
1.978499322476221778e+03
1.978509289187465129e+03
1.979834695115398063e+03
1.994138925758328924e+03
1.994142792442289419e+03
1.994597127807656534e+03
1.994748561818284998e+03
1.994753495173682950e+03
1.994910662543287117e+03
1.998161943751443687e+03
1.999752184197193401e+03
1.999948218407297873e+03
1.999959118456048827e+03
2.010638799554698153e+03
2.015292387034727653e+03
2.015299253732106081e+03
2.018589601781657393e+03
2.019370205272938620e+03
2.024923596777379089e+03
2.025117730978985719e+03
2.025266431644055729e+03
2.025293631765709279e+03
2.028586079824652870e+03
2.028590146509508031e+03
2.029638651198988782e+03
2.029651051254448475e+03
2.029712018193792119e+03
2.029755385054419094e+03
2.033954303834257189e+03
2.036409181480465804e+03
2.040827101239795184e+03
2.044286583379139074e+03
2.046466126460569058e+03
2.049917708564579698e+03
2.050143442907519329e+03
2.054068160460981289e+03
2.054106693966657076e+03
2.054764063573436488e+03
2.054772963613242609e+03
2.054816997143517256e+03
2.054827130522172865e+03
2.054854297310344009e+03
2.054892464147713326e+03
2.054907064213012745e+03
2.057270208115605328e+03
2.057276474810299987e+03
2.060936324512462761e+03
2.061919762244262074e+03
2.064183439035317406e+03
2.064869975439212794e+03
2.064888875523744446e+03
2.068801326355676338e+03
2.071037069688464271e+03
2.071698639314028696e+03
2.074151383617362171e+03
2.074195117146295615e+03
2.077633999193504678e+03
2.077660065976756414e+03
2.077670566023718038e+03
2.078592036811701291e+03
2.084320895767593356e+03
2.084324495783694601e+03
2.092089297178757079e+03
2.094458174440325365e+03
2.095008610235505785e+03
2.098084657326587148e+03
2.099697497873416978e+03
2.099707064582871226e+03
2.101789173895191198e+03
2.106005692753746644e+03
2.107742833856515063e+03
2.107925568007135098e+03
2.109483274974043525e+03
2.110019610706161075e+03
2.110053810859122677e+03
2.110103511081409124e+03
2.113938661567611234e+03
2.116696740569900612e+03
2.118255980877001093e+03
2.119062151149297733e+03
2.120811425639667050e+03
2.120921026129859456e+03
2.121045226685351736e+03
2.123445004085122036e+03
2.123447837431127937e+03
2.124438975197366290e+03
2.124443375217045286e+03
2.125944448597324936e+03
2.125947881946013695e+03
2.126242016594876532e+03
2.126272150062983656e+03
2.126286983462659464e+03
2.127603556017751998e+03
2.129314063668067774e+03
2.129325797053879342e+03
2.129328630399884787e+03
2.131527273566740860e+03
2.131938675406752736e+03
2.131942142088923902e+03
2.131963675518567015e+03
2.132325243802362365e+03
2.135014389163009582e+03
2.135020489190292665e+03
2.136511129190575048e+03
2.137141498676595347e+03
2.137317732798142970e+03
2.137324599495521397e+03
2.137573833943566115e+03
2.138313403917989945e+03
2.138442371161468145e+03
2.138445304507921264e+03
2.138571205071016720e+03
2.143004491565740409e+03
2.143985495953323607e+03
2.145479135967023467e+03
2.146130172212143407e+03
2.149235986103024970e+03
2.149254286184872853e+03
2.149275752947550245e+03
2.149301286395083025e+03
2.150934593700117603e+03
2.153374671280132588e+03
2.154143274717743225e+03
2.154303208766388252e+03
2.156902153723610809e+03
2.157465722910863860e+03
2.158488960820671309e+03
2.158510994252550063e+03
2.158687195040615279e+03
2.158699628429557379e+03
2.160803737840273698e+03
2.163961451963281434e+03
2.164259753297446423e+03
2.164274653364087499e+03
2.164401787266031988e+03
2.164405620616510532e+03
2.164413787319703260e+03
2.164768722240497937e+03
2.164788588996018916e+03
2.164791689009884067e+03
2.164954989740253495e+03
2.169819111495239213e+03
2.169824478185908902e+03
2.170412547482739683e+03
2.171037850279432405e+03
2.172355489505961941e+03
2.172370456239567829e+03
2.173414294241510106e+03
2.173624961850396176e+03
2.173627728529437263e+03
2.174962867834236022e+03
2.175290735967306773e+03
2.175295969324046382e+03
2.175302302685705854e+03
2.175352302909333957e+03
2.175374303007730759e+03
2.175649870906885553e+03
2.175735537956702046e+03
2.176114839653144372e+03
2.176122073018829269e+03
2.176135739746620857e+03
2.176323673920497640e+03
2.180822427374692325e+03
2.180835060764529317e+03
2.182524768321816282e+03
2.182527468333892102e+03
2.182867603188492467e+03
2.182894403308357141e+03
2.183022570548257590e+03
2.183030703917967458e+03
2.183039703958220343e+03
2.183119437648165786e+03
2.183123804334362831e+03
2.183192571308592505e+03
2.183197504663990912e+03
2.183237838177717549e+03
2.183253104912664639e+03
2.183269604986462127e+03
2.186796587427704253e+03
2.186800154110323092e+03
2.187363389962752080e+03
2.189673466961333361e+03
2.189683133671235282e+03
2.189700167080750816e+03
2.190783505259359117e+03
2.191321340998184951e+03
2.191347807783225562e+03
2.193662018133627043e+03
2.195540659869263891e+03
2.196910932664532083e+03
2.197094833487035885e+03
2.199841112436549338e+03
2.199845179121404271e+03
2.200315414557885106e+03
2.200578182399792240e+03
2.203481862053286022e+03
2.204756234419635803e+03
2.205342237040557393e+03
2.205346670393718796e+03
2.210249525655275647e+03
2.210253692340577800e+03
2.210505760134628417e+03
2.210819028202399295e+03
2.219225999136258451e+03
2.219232132497023485e+03
2.220878139858859868e+03
2.220882906546845334e+03
2.221887311039086399e+03
2.224392688911158984e+03
2.224548356274054640e+03
2.228643474589640846e+03
2.228869208932580477e+03
2.228872608947787285e+03
2.229440811489096177e+03
2.232378057959386297e+03
2.233056160992230616e+03
2.234855535706675255e+03
2.236242841911459436e+03
2.240059925650190962e+03
2.240066425679263375e+03
2.240070092362328978e+03
2.240278626628340589e+03
2.240301726731656800e+03
2.240871029277886009e+03
2.243777475610420879e+03
2.244415845132221420e+03
2.246959123173804983e+03
2.246966589873866724e+03
2.247247391129761581e+03
2.247671659693987294e+03
2.249293166946245492e+03
2.251634244083476915e+03
2.254154822023532688e+03
2.254832591721552490e+03
2.254837291742573598e+03
2.254899792022108613e+03
2.255742329123724176e+03
2.255765262559627899e+03
2.255865796342602607e+03
2.256406498760916747e+03
2.257299602755361775e+03
2.263078061933093068e+03
2.263084295294305321e+03
2.267388147876797575e+03
2.272893905834861471e+03
2.275189016099837318e+03
2.275715651788570540e+03
2.275753251956738950e+03
2.276083586767508223e+03
2.276125420287943598e+03
2.276136020335352896e+03
2.276336854566925922e+03
2.282896850573446500e+03
2.286623133906069597e+03
2.286628567263703644e+03
2.286634633957504320e+03
2.287121502801711813e+03
2.287256303404613391e+03
2.288177440857772126e+03
2.288211041008049961e+03
2.288213807687091048e+03
2.288338341577406936e+03
2.289458079918816566e+03
2.290106549485790310e+03
2.293413930944857839e+03
2.293810866053499467e+03
2.293819566092411151e+03
2.294316734982685830e+03
2.294322635009074475e+03
2.294632436394673732e+03
2.295157005407496854e+03
2.297768150419284666e+03
2.297813650622786099e+03
2.297960251278463602e+03
2.299140656557874991e+03
2.299145789914167835e+03
2.301999836012340438e+03
2.302029236143833714e+03
2.302047102890410315e+03
2.302779406165666842e+03
2.302783506184004182e+03
2.302988340433467329e+03
2.303087707544557361e+03
2.303372675485754826e+03
2.305954987035250269e+03
2.306238521636703808e+03
2.306867924451734325e+03
2.306871957803106852e+03
2.309342335518640539e+03
2.310380040159817327e+03
2.310389140200517886e+03
2.310428573710218643e+03
2.312660850360835411e+03
2.314256257496360377e+03
2.314278057593861831e+03
2.314949293929327268e+03
2.314970860692452334e+03
2.315898931509954309e+03
2.315930164982980386e+03
2.316404333770386984e+03
2.316420000507123859e+03
2.317799106675233361e+03
2.317818373428071027e+03
2.317903773810028270e+03
2.319347113598758369e+03
2.319776648853206098e+03
2.319789748911796323e+03
2.320561119028447592e+03
2.320565452381162231e+03
2.320573185749083223e+03
2.320577319100903424e+03
2.321393789419267250e+03
2.321600057008474323e+03
2.321677590688580494e+03
2.322429827386323268e+03
2.322441127436863553e+03
2.323144597249828166e+03
2.323569832485043207e+03
2.323600065953597095e+03
2.324870904970810898e+03
2.325849576014624290e+03
2.326836047093323486e+03
2.327985485567568048e+03
2.330006161271790916e+03
2.330010627958434725e+03
2.332160404240064963e+03
2.336709891254500690e+03
2.342207682510266295e+03
2.344996828318170174e+03
2.345633997834603633e+03
2.347035804104240469e+03
2.347048404160595055e+03
2.347436739230772673e+03
2.347608606666123706e+03
2.348249309531693598e+03
2.349737816189101522e+03
2.350759620759164591e+03
2.357298116669525371e+03
2.357301350017320146e+03
2.357323783450988230e+03
2.357329983478717622e+03
2.360757965477175730e+03
2.362469606465894685e+03
2.364672416318052910e+03
2.367781730224588046e+03
2.367811297023493353e+03
2.367898964082254679e+03
2.367947264298279606e+03
2.368070398182333975e+03
2.368117898394780696e+03
2.368401399662751828e+03
2.368404833011441042e+03
2.369117836200377496e+03
2.371433813225347421e+03
2.372452884449852263e+03
2.372732519033862445e+03
2.372892286415095441e+03
2.373472255675698761e+03
2.374258859193816079e+03
2.375493964717876679e+03
2.376975571344423770e+03
2.379426115637917519e+03
2.381822159687657404e+03
2.381840093101198363e+03
2.382908797881025293e+03
2.382914931241789873e+03
2.383594767615719775e+03
2.384694339200265858e+03
2.384710239271379578e+03
2.384765939520501433e+03
2.384798439665859405e+03
2.389105325595251998e+03
2.393113210187348614e+03
2.393130410264276634e+03
2.393329077819492340e+03
2.393344544555334323e+03
2.394172948260404155e+03
2.394177214946153981e+03
2.394550083280489616e+03
2.394553149960872361e+03
2.394891018138668187e+03
2.396121490308672492e+03
2.396720692988631527e+03
2.397571730128263880e+03
2.398671735048081246e+03
2.401735615418079760e+03
2.401746715467725608e+03
2.402863687130094149e+03
2.405608032737626672e+03
2.405611466086316341e+03
2.405726999936379343e+03
2.405731433289541201e+03
2.405751500045957073e+03
2.407976209996064426e+03
2.415497443635093532e+03
2.416262880391874660e+03
2.416273080437494627e+03
2.416299180554228315e+03
2.416699282343700361e+03
2.419099159743918335e+03
2.419105726439954196e+03
2.419110593128387336e+03
2.419858829808240898e+03
2.419864796501593901e+03
2.419868696519036348e+03
2.419873096538715799e+03
2.419875263215073119e+03
2.420464432516823763e+03
2.421095835340799113e+03
2.421100335360925328e+03
2.423427945771259601e+03
2.423430712450300689e+03
2.423436379142311580e+03
2.423462512592527673e+03
2.423536346256085380e+03
2.423554079668731902e+03
2.423566913059463332e+03
2.424321216433116660e+03
2.424326283122444238e+03
2.424344216535985197e+03
2.424491617195240906e+03
2.424496150548849982e+03
2.424666551310974228e+03
2.424669584657874566e+03
2.424699718125980780e+03
2.424713818189043650e+03
2.425027619592533938e+03
2.425031052941223152e+03
2.425072953128622885e+03
2.433285489859534209e+03
2.433301189929753036e+03
2.438851848088635052e+03
2.441672927372695995e+03
2.452159274273316896e+03
2.452162374287182047e+03
2.454955920114764922e+03
2.456421860004575137e+03
2.456424893351475021e+03
2.459917775640202308e+03
2.460688512420687857e+03
2.468793015335079872e+03
2.468807748734308916e+03
2.469323751042150889e+03
2.469338384440932259e+03
2.478813260151039685e+03
2.484937487541900737e+03
2.487712733287635729e+03
2.488779471391999323e+03
2.488794004790333929e+03
2.488892771898740193e+03
2.489822676057775425e+03
2.489830909427932966e+03
2.494842665176551236e+03
2.495713335737328180e+03
2.501275160612820400e+03
2.501323060827055997e+03
2.505165111344119850e+03
2.505259045097575381e+03
2.505261845110098875e+03
2.508325158810896028e+03
2.508328992161374572e+03
2.508340425545844028e+03
2.508624760150875773e+03
2.508696427138076160e+03
2.508748194036272253e+03
2.508756994075630701e+03
2.512805478849313204e+03
2.512979612961468774e+03
2.513020446477431960e+03
2.513134480320786224e+03
2.517354232527135991e+03
2.524251396708321408e+03
2.524565131444846429e+03
2.526461773260989048e+03
2.537026753846635984e+03
2.545203290416534855e+03
2.545266124030893934e+03
2.546133161242087226e+03
2.547117598978359183e+03
2.547128932362381420e+03
2.547131932375799352e+03
2.547135132390111266e+03
2.547198066004918019e+03
2.547223299451108687e+03
2.555813271203446675e+03
2.556014338769396545e+03
2.556138605991853183e+03
2.558190081833830391e+03
2.558198648538812449e+03
2.558844484760674732e+03
2.559850155925247691e+03
2.559889889436291014e+03
2.560907193986227412e+03
2.563896374022125656e+03
2.563903140719056864e+03
2.564038874659465819e+03
2.564148275148763787e+03
2.564151608497005327e+03
2.564155208513106572e+03
2.564262275658636099e+03
2.564267575682340521e+03
2.564272975706492161e+03
2.565570281508746120e+03
2.565583914903055756e+03
2.566453018790158694e+03
2.567989425661802215e+03
2.569775700317656174e+03
2.570094801744850429e+03
2.573133848670447151e+03
2.577198600183549843e+03
2.578352838679262732e+03
2.579412376751424290e+03
2.579594877567666572e+03
2.580107379859854518e+03
2.581147317844353438e+03
2.582120522197049922e+03
2.582549957451050432e+03
2.582554190803317397e+03
2.582561857504274030e+03
2.584417565804006244e+03
2.584424099166560154e+03
2.585449770420584173e+03
2.585847872201110931e+03
2.585850305545327501e+03
2.585852805556508883e+03
2.585858872250309105e+03
2.585900739104226886e+03
2.585904539121222570e+03
2.586491708414028381e+03
2.586497441773004539e+03
2.589910923706610447e+03
2.590399092556632695e+03
2.590413292620143238e+03
2.590428092686336640e+03
2.590436526057389074e+03
2.590444326092274878e+03
2.591195362784651024e+03
2.591749031927625765e+03
2.591767765344744930e+03
2.591815365557638870e+03
2.596916155037797580e+03
2.597019522166778188e+03
2.597023455517703496e+03
2.597060555683635812e+03
2.597193522945003679e+03
2.597201556314266782e+03
2.597204156325895383e+03
2.598677829583626590e+03
2.598684162945286516e+03
2.599249632141037637e+03
2.599263732204100506e+03
2.601021006730250065e+03
2.602270745653092945e+03
2.603736752209867973e+03
2.604001553394201892e+03
2.604005253410750811e+03
2.604020820147040013e+03
2.604026186837709702e+03
2.604157687425851236e+03
2.604167387469235109e+03
2.604579089310589097e+03
2.604593122706687154e+03
2.604615356139460346e+03
2.606503297916691736e+03
2.606778665814952546e+03
2.606859099508028976e+03
2.606872699568855751e+03
2.607151067480534493e+03
2.607671603141985088e+03
2.607808470420796311e+03
2.608569773825757238e+03
2.608575507184733397e+03
2.608994175723912576e+03
2.609191409939383902e+03
2.609577978334993986e+03
2.609586178371668666e+03
2.610063980508658915e+03
2.610457248934234485e+03
2.610463915630718475e+03
2.610792583767366978e+03
2.611001584702132277e+03
2.613695963419519558e+03
2.615151169927990850e+03
2.615334504081293744e+03
2.618443584653452035e+03
2.619283788411298247e+03
2.619290221773405392e+03
2.619298288476149992e+03
2.619302521828417412e+03
2.619305288507458044e+03
2.619658690088061576e+03
2.619675256828823422e+03
2.619734857095388179e+03
2.619739990451681024e+03
2.620520860610821728e+03
2.620525127296571100e+03
2.620596894284218706e+03
2.623205505951342275e+03
2.623368406679922828e+03
2.624157376875291448e+03
2.624164310239634688e+03
2.625362215597315753e+03
2.625392082397562717e+03
2.627550558718104639e+03
2.627553425397592491e+03
2.627587825551448532e+03
2.629725201777618622e+03
2.630682439392237029e+03
2.636034196661526494e+03
2.638477140921029331e+03
2.638481974275980065e+03
2.638490940982750999e+03
2.639612345998281398e+03
2.639806913535159310e+03
2.639956947539526027e+03
2.641920989657118753e+03
2.641941423081841549e+03
2.642074490343657089e+03
2.642299224682124077e+03
2.642332791498919505e+03
2.643082128183692475e+03
2.643100828267329689e+03
2.643105061619596654e+03
2.643938865348818126e+03
2.643949798731051487e+03
2.645561472605996187e+03
2.646002441244913371e+03
2.646024808011616187e+03
2.646237608963377625e+03
2.646243042321011671e+03
2.646248375678198954e+03
2.647782949208309219e+03
2.650591461769497982e+03
2.652468603498425637e+03
2.652500636975029920e+03
2.652581804004719743e+03
2.652655004332110821e+03
2.652667471054535326e+03
2.652672037741627264e+03
2.652677704433638155e+03
2.652866905279846833e+03
2.652877671994667708e+03
2.652892838729168488e+03
2.652964039047614733e+03
2.652987105817448537e+03
2.652994505850545465e+03
2.653002905888115038e+03
2.653015072609197887e+03
2.655640584351907819e+03
2.656639222151689864e+03
2.657705893589089555e+03
2.660176171304175114e+03
2.660181571328326754e+03
2.660196304727556253e+03
2.660199604742315842e+03
2.660202171420462037e+03
2.660208671449533540e+03
2.660220238167932621e+03
2.660227771534959629e+03
2.660230938215789593e+03
2.660268405050027923e+03
2.660272438401400450e+03
2.660334838680488247e+03
2.660347005401571096e+03
2.660412139026217574e+03
2.660419872394138110e+03
2.660423639077651387e+03
2.660508639457819299e+03
2.662150480134353529e+03
2.662336514299732244e+03
2.667779271976025029e+03
2.667805805428029998e+03
2.667888105796121636e+03
2.667905872542251018e+03
2.668261140797869757e+03
2.668446108291811015e+03
2.668454508329381042e+03
2.668460175021391933e+03
2.669191578292623490e+03
2.669556413257696022e+03
2.670633351407679584e+03
2.672311025577813780e+03
2.672926961665947147e+03
2.674642969340862237e+03
2.674646302689104232e+03
2.680188194142110206e+03
2.680202727540444357e+03
2.683885777346371015e+03
2.684215345487044488e+03
2.684220778844678989e+03
2.684622613975236618e+03
2.684632680686926506e+03
2.685730052261633318e+03
2.685749819016707988e+03
2.685758785723478468e+03
2.686386788532247010e+03
2.686425922040606110e+03
2.686449822147500527e+03
2.686712056653688705e+03
2.686721956697967016e+03
2.688545364853235697e+03
2.689060467157051789e+03
2.689069833865611599e+03
2.689073433881712845e+03
2.689097633989948918e+03
2.690092471772735280e+03
2.690147972020962698e+03
2.690197638909766283e+03
2.690258172513838872e+03
2.690264805876840455e+03
2.690269872566168033e+03
2.691380444199912290e+03
2.691710879011128782e+03
2.691713679023652276e+03
2.691758612557952347e+03
2.691765512588813181e+03
2.691795879391296239e+03
2.693824755132194241e+03
2.693856888609245743e+03
2.694011355966774317e+03
2.694032089392838770e+03
2.694038356087532975e+03
2.694068922890910926e+03
2.694096823015695463e+03
2.697949473580168160e+03
2.698031507280400547e+03
2.698095840901468819e+03
2.698107007618079479e+03
2.698114874319929640e+03
2.698838677557169831e+03
2.698962478110872780e+03
2.699155578974524360e+03
2.700674252433521360e+03
