4.160256675813887455e+02
4.160295342653492412e+02
6.531466281147104382e+02
6.531531948107468679e+02
7.020708469303062884e+02
7.435471324347120117e+02
7.435556658062110955e+02
8.821259522342257924e+02
9.130189237376542906e+02
1.009292220990632359e+03
1.055821362427478789e+03
1.058729275433240218e+03
1.071781333809112311e+03
1.088032506493155324e+03
1.088537942087070405e+03
1.088685809415079802e+03
1.088827643382771384e+03
1.098234585455709521e+03
1.098320152505078340e+03
1.098412452917895735e+03
1.098418252943836933e+03
1.132879973741977665e+03
1.133021441041362777e+03
1.133100141393353397e+03
1.133190108462401440e+03
1.133330409089901650e+03
1.137470527606753421e+03
1.141261644562680885e+03
1.141272677945361693e+03
1.142710151041186464e+03
1.145118961814692284e+03
1.145123728502678205e+03
1.146589635059006014e+03
1.146758935816210624e+03
1.146807636034024426e+03
1.148235509086912543e+03
1.150025517092797372e+03
1.150077283990993692e+03
1.150081950678532394e+03
1.150130284228039272e+03
1.150139284268292386e+03
1.150206317901436705e+03
1.150224184648013079e+03
1.150337485154754177e+03
1.151052121684328995e+03
1.151571990676131236e+03
1.154135702142436912e+03
1.156365745449731548e+03
1.157592350935775357e+03
1.158132786686230020e+03
1.163202076025503402e+03
1.163206342711252773e+03
1.169592537940442298e+03
1.170077306775257739e+03
1.175491664324529438e+03
1.175495297674113090e+03
1.177364672701637119e+03
1.177383406118756511e+03
1.177843141508275494e+03
1.177847941529743593e+03
1.182440662070876442e+03
1.185440875489455266e+03
1.193000509300230760e+03
1.193063576248967138e+03
1.193111009794448819e+03
1.193286777247242753e+03
1.193759612695352189e+03
1.200606109983261604e+03
1.210782688831765654e+03
1.211165823878686297e+03
1.211219790786722115e+03
1.211226757484547988e+03
1.211273924362170192e+03
1.215926245169867798e+03
1.218041887965501246e+03
1.218233922157715597e+03
1.218513156739936903e+03
1.219080925945974968e+03
1.222437440958127354e+03
1.223294778125936773e+03
1.224889218590471273e+03
1.225944289975988340e+03
1.228230600201605512e+03
1.232325251848438029e+03
1.233148988865969386e+03
1.233586124154408481e+03
1.236440803588747031e+03
1.238749047245795964e+03
1.238759380625345557e+03
1.242770565232201534e+03
1.243957303873272849e+03
1.244611040130468609e+03
1.248690758377177417e+03
1.252803576771928419e+03
1.254036782287490951e+03
1.260557278117345504e+03
1.260959713250586674e+03
1.260970913300679285e+03
1.260989813385210709e+03
1.262224085572210697e+03
1.262234585619172776e+03
1.262600820590507283e+03
1.269182816695424208e+03
1.271848128616142048e+03
1.272552931768403369e+03
1.272665532272013934e+03
1.274249872691375458e+03
1.274549840699661445e+03
1.275417744581397528e+03
1.279052227503439553e+03
1.280752468441171004e+03
1.281834206612623120e+03
1.285381589145105181e+03
1.288114334700756217e+03
1.288237868586599916e+03
1.288308435568880441e+03
1.292548854534329848e+03
1.295222433158687636e+03
1.299027616844196245e+03
1.301816562651205231e+03
1.301940729873214877e+03
1.302703499951402364e+03
1.303347469498249438e+03
1.304066739381880552e+03
1.310035499410740385e+03
1.310406901071849688e+03
1.311968541389684106e+03
1.314943021359835711e+03
1.320795980870773064e+03
1.324591697847274418e+03
1.326872108046503627e+03
1.326928441631791202e+03
1.326942775029231370e+03
1.328213714046891937e+03
1.331794130060451153e+03
1.332137964931600209e+03
1.334359541534360005e+03
1.334429975182710905e+03
1.337225321018344175e+03
1.350861048671367826e+03
1.358807917547401530e+03
1.365174246021069393e+03
1.365367780219992483e+03
1.365464047317217819e+03
1.365598347917882847e+03
1.374762422237918145e+03
1.376067094739786853e+03
1.378762173460304666e+03
1.380478614470491493e+03
1.380480147810682865e+03
1.394069375255732211e+03
1.402487279571824956e+03
1.404043786533366756e+03
1.407947070657633276e+03
1.411206518568982574e+03
1.411226051989679945e+03
1.411414319498380792e+03
1.411442686291919017e+03
1.425827283960961495e+03
1.428296161669785988e+03
1.428984964750486597e+03
1.433977087077960505e+03
1.441530854195830216e+03
1.448144650442974580e+03
1.450660161693703003e+03
1.453976176524716720e+03
1.454825346989333411e+03
1.462429080997349047e+03
1.471027119452432089e+03
1.471222053657616698e+03
1.480821596591970319e+03
1.480884663540706697e+03
1.486246587522133723e+03
1.525197361731085493e+03
1.528921678388245937e+03
1.529021445501125299e+03
1.533137497243670396e+03
1.533144530608461082e+03
1.539917960902908362e+03
1.544701648964818332e+03
1.547601995270070802e+03
1.548497132606942841e+03
1.552006148301160920e+03
1.552868518824815510e+03
1.553314254151718615e+03
1.553369321064674295e+03
1.554603726585603908e+03
1.564218102919634021e+03
1.564221102933051498e+03
1.564226802958545477e+03
1.564340436800110638e+03
1.569203191882317469e+03
1.572474473179925326e+03
1.584564593920157904e+03
1.591134056635685511e+03
1.591137989986611046e+03
1.591296824030336211e+03
1.595487309439122555e+03
1.595597576598963542e+03
1.604136181454894313e+03
1.605557854480052583e+03
1.612792853505552330e+03
1.612798353530151189e+03
1.612806220232002033e+03
1.612922720753055501e+03
1.613898858452205104e+03
1.613907791825493405e+03
1.620399887528327099e+03
1.632703909225240523e+03
1.636998461766138007e+03
1.644899997106082310e+03
1.644906463801671634e+03
1.645081931253123685e+03
1.645255898697866996e+03
1.645341532414200401e+03
1.645709834061445008e+03
1.645735900844696516e+03
1.651352259297425690e+03
1.651509693334889107e+03
1.651517626703704991e+03
1.677047240885962310e+03
1.678742881803119644e+03
1.679898953640365562e+03
1.680261055259880095e+03
1.684791342188442741e+03
1.689244595439135992e+03
1.689287528964491230e+03
1.689699230805844763e+03
1.696385227375908016e+03
1.721440606103794380e+03
1.723688582824629975e+03
1.723749416430044221e+03
1.723760449812724801e+03
1.723779849899492547e+03
1.725015588759719094e+03
1.725026388808022830e+03
1.725079522378998263e+03
1.725082989061169883e+03
1.725624424816096962e+03
1.730494279930059065e+03
1.730723280954275651e+03
1.731557351351356829e+03
1.731568551401449440e+03
1.731952353118018436e+03
1.732072653656067814e+03
1.737927813176844438e+03
1.737932213196523890e+03
1.738121014040943464e+03
1.738488815685951522e+03
1.739945622201578999e+03
1.740934126622706117e+03
1.753112247756524084e+03
1.808952997506591146e+03
1.821519820378893883e+03
1.827529847258988184e+03
1.827574747459806076e+03
1.830335593141136087e+03
1.830351793213591691e+03
1.830438926936634289e+03
1.889006922217753527e+03
1.889010955569126054e+03
1.897746194637844610e+03
1.925464518609197285e+03
1.949841694303792337e+03
1.954243347323701300e+03
1.954336281072684642e+03
1.956678191546976223e+03
2.069149127911232881e+03
2.104243118203892209e+03
2.128502626705549119e+03
2.133746216824389649e+03
2.136505529165528515e+03
2.136639529764851886e+03
2.144140663313982714e+03
2.200374648156143394e+03
2.213634240793554454e+03
2.232581092200798594e+03
2.247235457743056031e+03
2.249699302096035353e+03
2.250741806758680468e+03
2.282006379924112935e+03
2.285837230391083722e+03
2.315528663187247275e+03
2.315540729907882906e+03
2.316638934819649421e+03
2.317549872227188644e+03
2.321086654712261407e+03
2.325527641241424135e+03
2.325537074616948757e+03
2.326866680563666250e+03
2.327674417509636896e+03
2.327680117535130648e+03
2.329051023666565015e+03
2.329054923684007917e+03
2.329217357743833873e+03
2.329222791101468829e+03
2.329229257797057471e+03
2.329409625270425295e+03
2.330049628132864655e+03
2.419380961004285837e+03
2.478931327345767386e+03
2.481526738953853055e+03
2.508145291339764754e+03
2.508154491380912532e+03
2.508489626213150586e+03
2.532073698360557046e+03
2.566647486326589842e+03
2.567424656469181627e+03
2.569722666747128187e+03
2.569866367389834977e+03
2.569870600742101942e+03
2.578561639613134048e+03
2.581752953886419164e+03
2.585890539058606464e+03
2.585901905776112017e+03
2.586016006286430638e+03
2.586076873225327290e+03
2.586192907077626842e+03
2.586197607098647950e+03
2.586329507688579270e+03
2.586448874889120361e+03
2.586520808544179999e+03
2.586614408962811467e+03
2.590572159997350809e+03
2.590577393354090418e+03
2.591634831416859470e+03
2.607782970306746392e+03
2.624989513930392150e+03
2.635306126738537387e+03
2.635412193879593360e+03
2.635715795237463226e+03
2.635826795733917152e+03
2.635831162420114197e+03
2.637767504413817278e+03
2.642720659900343890e+03
2.647434014314349952e+03
2.647439814340291377e+03
2.657794127317051334e+03
2.657799294006826130e+03
2.657807960712254953e+03
2.657852694245661496e+03
2.657883294382521399e+03
2.659859603221644647e+03
2.664806792014818257e+03
2.692544949408209959e+03
2.692551449437281462e+03
2.692561816150313916e+03
2.695841630819420516e+03
2.695859664233409148e+03
2.698949578053176538e+03
2.702241392775954864e+03
