4.218425756435397744e+00
4.222025772536619037e+00
4.225492454708165369e+00
4.380226480095839037e+00
4.383059826101429302e+00
4.570527331224281120e+00
4.573660678571640048e+00
4.577460695567373783e+00
5.517031564503684926e+00
5.520064911403787633e+00
5.573165148896800147e+00
7.200605761025709484e+00
8.220776990450472610e+00
8.223810337350574429e+00
8.295977326787092210e+00
8.299310675028964468e+00
8.619878775449743458e+00
8.623745459410315561e+00
1.017685240574548899e+01
1.019191913979874897e+01
1.019591915768899426e+01
1.062775442242344148e+01
1.063205444165545721e+01
1.216159461592060076e+01
1.282376424416836613e+01
1.282679759106846973e+01
1.283086427592355250e+01
1.352746739150985178e+01
1.353046740492753663e+01
1.371343488992386206e+01
1.371743490781410735e+01
1.377270182166433621e+01
1.377616850383588343e+01
1.691054918915004635e+01
1.830645543239856110e+01
1.831002211501736454e+01
1.831478880300324263e+01
2.147670294479526376e+01
2.622299083943121545e+01
2.637119150226481779e+01
2.637685819427600009e+01
2.960873931566490214e+01
2.962133937201917888e+01
2.972337316170286314e+01
3.149561442145866863e+01
3.149938110497198096e+01
3.301518788448061770e+01
3.363752400123802033e+01
3.365369074021109697e+01
3.613366849868104680e+01
4.103335707940792787e+01
4.103652376023769932e+01
4.326296705143091259e+01
4.326593373136618226e+01
4.326880041085419037e+01
4.327223375954331885e+01
4.327603377653905170e+01
4.328533381813387138e+01
4.430070502609034122e+01
4.430457171005090800e+01
4.524930926876212567e+01
4.525260928352157919e+01
4.581314512387468341e+01
4.581617847077478700e+01
4.581934515160456556e+01
4.582267849984643959e+01
4.582667851773668133e+01
4.583907857319644563e+01
4.584427859645376913e+01
4.847382369053649143e+01
4.847775704146189923e+01
4.944909471914324683e+01
5.019269804493993803e+01
5.019589805925213000e+01
5.113066890672014608e+01
5.359441325925218536e+01
5.359757994008196391e+01
5.360074662091174957e+01
5.360637997944050426e+01
5.392001471551819236e+01
5.392701474682612428e+01
5.456455093156646541e+01
5.931173883022771776e+01
6.080521217651580912e+01
6.080861219172252419e+01
6.081164553862262068e+01
6.279762108764722939e+01
6.280022109927588758e+01
6.341939053520351166e+01
9.540973361333851699e+01
9.577296857125526230e+01
1.020348299110228965e+02
1.020397632664208771e+02
1.055664790398033119e+02
1.058438469470094248e+02
1.094424297084866140e+02
1.280797130645087236e+02
1.280831797466802584e+02
1.282533138409453954e+02
1.282587138650972349e+02
1.282688139102700973e+02
1.328558677593918276e+02
1.328678344795801536e+02
1.476293671678134558e+02
1.683433931454863171e+02
1.741964859903532670e+02
1.831383926500679991e+02
1.913683627922838184e+02
1.913739961508125589e+02
1.913830295245480499e+02
1.938450738694767495e+02
1.987657958776098326e+02
2.111962181398551479e+02
2.112112848739084257e+02
2.112163182297536537e+02
2.112211849181867649e+02
2.207886610424534979e+02
2.207942944009822952e+02
2.207977944166362647e+02
2.291431650749856601e+02
2.435504961790377081e+02
2.443184996139648888e+02
2.443224662983727171e+02
2.557038505354186668e+02
2.557167505931146820e+02
2.570537565729293306e+02
2.570760566726674483e+02
2.584507294876152628e+02
2.692507777912787787e+02
2.700531480465796790e+02
2.767552446886513167e+02
2.819109677478363665e+02
2.863206874704904976e+02
2.863236208169433326e+02
2.880566285678923464e+02
2.970729688938480422e+02
3.030992625133626461e+02
3.121362029314531696e+02
3.121415362886401681e+02
3.154264176470747998e+02
3.190187003803748667e+02
3.225760496241001078e+02
3.331335635096851320e+02
3.331396302034852965e+02
3.331488969115977170e+02
3.331596636264189328e+02
3.331673636608576885e+02
3.331845304043033025e+02
3.358842758123598742e+02
3.378088177532868031e+02
3.378117510997395812e+02
3.378175177921980321e+02
3.588103116833386252e+02
3.834947220853870249e+02
3.878022080174629878e+02
3.879797088113426184e+02
3.879837754961977225e+02
3.912762568886238341e+02
3.959948779928522526e+02
3.961751121322902236e+02
4.100539742060759636e+02
4.100707409477325882e+02
4.101933414960686264e+02
4.224304962272502166e+02
4.224331962393261506e+02
4.224371629237339789e+02
4.224731297512637980e+02
4.224773631035309336e+02
4.224826964607179320e+02
4.224861964763719016e+02
4.224949965157304632e+02
4.371319286466825815e+02
4.405721106997060588e+02
4.458424009379642143e+02
4.458452009504873672e+02
4.462987363122763895e+02
4.463014696578347298e+02
4.463079363534239405e+02
4.541034378857942215e+02
4.674174307665124388e+02
4.674207641147543200e+02
4.674241641299610137e+02
4.753245661315030475e+02
4.758155683275306842e+02
4.758190683431846537e+02
4.758225350253562169e+02
4.812704593914236284e+02
4.877513883776471175e+02
4.950880211910414346e+02
4.966197280416637909e+02
4.996807083986918769e+02
5.030288233732748608e+02
5.050144989209576920e+02
5.090450169476166025e+02
5.090481502949639321e+02
5.090512836423113185e+02
5.180576239235414278e+02
5.180622239441152033e+02
5.286414712602371537e+02
5.316128845500062425e+02
5.403838904453601799e+02
5.406036580949468089e+02
5.406084247829327296e+02
5.406139914744966291e+02
5.406168581539845945e+02
5.406278248697004756e+02
5.511042717260431800e+02
5.513458394731314911e+02
5.540979851155502729e+02
5.551994900420767181e+02
5.618304196991844037e+02
5.729703695230715539e+02
5.797078996569542824e+02
5.850289567889361706e+02
5.909064497429335461e+02
5.968969432023304762e+02
5.969003765510195763e+02
5.996414888107576644e+02
5.996456221625776379e+02
5.996618222350332417e+02
5.996963557228190211e+02
5.997027890849258256e+02
6.098258010271828198e+02
6.131138823999297074e+02
6.131186490879156281e+02
6.145758889388145008e+02
6.145785889508904347e+02
6.145895890000886084e+02
6.198433791645494466e+02
6.206039492328973211e+02
6.206088492548127533e+02
6.208925171901961448e+02
6.246039671231430930e+02
6.260982404730091275e+02
6.261010404855322804e+02
6.261048071690456709e+02
6.286034850111525429e+02
6.286091517031636613e+02
6.376030252619691510e+02
6.376058586079748238e+02
6.376116919673980874e+02
6.399191356208687012e+02
6.399235356405480388e+02
6.400835696896402851e+02
6.451846925046233991e+02
6.461868636535421047e+02
6.461905303366081625e+02
6.477584706826196452e+02
6.580443833534569649e+02
6.580481500369703554e+02
6.612706977832820030e+02
6.622859356573087553e+02
6.622900023421638025e+02
6.665570547600659665e+02
6.733927519996717592e+02
6.733994186961555215e+02
6.787359758974620263e+02
6.843468676590746327e+02
6.878835168102177704e+02
6.878865501571179948e+02
6.913433656178682440e+02
6.913471656348640408e+02
6.913506323170356609e+02
6.977096940915362211e+02
6.977124941040593740e+02
6.977276275050775212e+02
7.028813838887998600e+02
7.188927221668403718e+02
7.240836787169420177e+02
7.279829961568008230e+02
7.279887628492592739e+02
7.313377444943852197e+02
7.313504778846689760e+02
7.353549957950413045e+02
7.353579958084590089e+02
7.353609291549119007e+02
7.353651958406614995e+02
7.353709958666023567e+02
7.355193631968480759e+02
7.355224965441954055e+02
7.358757314573865642e+02
7.358787981377690812e+02
7.545112814723228212e+02
7.554531190180636031e+02
7.554604190507134263e+02
7.554718191017005893e+02
7.596134709587433917e+02
7.596174376431512201e+02
7.603224074628245717e+02
7.626539178906016332e+02
7.626574845732203585e+02
7.627942851850667694e+02
7.646833603007003148e+02
7.646903603320081402e+02
7.687896786663792454e+02
7.687936786842694801e+02
7.727930965718317111e+02
7.747937388531205443e+02
7.748847392601237516e+02
7.748880059414008201e+02
7.754331083793939570e+02
7.783528214379316523e+02
7.814654020257439697e+02
7.817840367841844227e+02
7.968239707175788453e+02
8.008394220101844212e+02
8.054006757439141211e+02
8.054038090912614507e+02
8.077055860527209461e+02
8.077150527617278613e+02
8.137989133053796422e+02
8.161193236835111975e+02
8.180732990894138084e+02
8.202997090471245656e+02
8.203029090614368215e+02
8.212814801048029949e+02
8.212845134517032193e+02
8.243952606979823940e+02
8.301784198967349084e+02
8.423021741207280684e+02
8.423052408011105854e+02
8.552193985602162911e+02
8.582927456392218346e+02
8.582966456566647366e+02
8.583004123401781271e+02
8.625563313749522649e+02
8.625593647218523756e+02
8.680899894578006979e+02
8.693286283309977307e+02
8.698530973433738609e+02
8.698567973599223251e+02
8.869630405349704461e+02
8.894497516568889068e+02
8.894551183475583684e+02
9.011069371274672903e+02
9.011100371413323273e+02
9.011131704886795433e+02
9.011168705052281211e+02
9.023095091726872852e+02
9.023132091892357494e+02
9.023166425379248494e+02
9.119869857889358400e+02
9.119897858014589929e+02
9.145350305185047546e+02
9.145504305873822659e+02
9.211366600445663835e+02
9.211431600736380005e+02
9.283284255433688941e+02
9.283313255563393795e+02
9.340249176878327262e+02
9.495864872875976062e+02
9.495904206385230282e+02
9.540576072848670037e+02
9.794756543014690351e+02
9.832696379368845783e+02
9.832726046168198764e+02
9.970695663243028548e+02
9.970905997517090782e+02
9.970935664316443763e+02
9.971030664741336977e+02
9.971166998684428791e+02
9.975987353576998657e+02
9.976236354690666985e+02
1.003213193801931311e+03
1.003216127148384203e+03
1.004010497367904577e+03
1.008901685910614674e+03
1.012326334560830901e+03
1.012332301254183903e+03
1.022107411640436908e+03
1.022110944989573227e+03
1.026306863755993845e+03
1.026313130450688504e+03
1.026860966234240095e+03
1.032081189581905392e+03
1.037918282355211431e+03
1.037922382373548771e+03
1.037927082394569879e+03
1.042865571148832032e+03
1.042868837830109214e+03
1.046113852343570898e+03
1.046116719023058977e+03
1.053659152756906451e+03
1.053662752773007696e+03
1.054624657075164578e+03
1.055216626389438488e+03
1.055678195120490273e+03
1.062714093255503030e+03
1.074974314756518424e+03
1.074977081435559057e+03
1.074980314783353833e+03
1.074986281476706608e+03
1.074990914830762904e+03
1.078977165992769869e+03
1.078982332682544666e+03
1.078989499381264750e+03
1.078998432754552823e+03
1.085996230719160849e+03
1.085999564067402844e+03
1.086012330791169234e+03
1.092327125701017849e+03
1.092914561661682683e+03
1.102742905619358226e+03
1.102745772298846305e+03
1.102749705649771840e+03
1.105409684213302853e+03
1.112656716625955596e+03
1.117028569512582180e+03
1.117031602859482064e+03
1.120018682885988028e+03
1.126389011377546012e+03
1.128104219048883579e+03
1.128107419063195948e+03
1.131741435316484058e+03
1.134854849241356987e+03
1.134857782587809652e+03
1.143653621927565609e+03
1.145098461723004675e+03
1.145101228402045535e+03
1.145315096025243975e+03
1.154304502897405428e+03
1.154307402910375913e+03
1.156236678205806129e+03
1.156239478218329396e+03
1.156242944900501016e+03
1.160376096719526913e+03
1.160379096732944845e+03
1.160929432527677818e+03
1.164361547877955900e+03
1.170839776852103569e+03
1.175392230546474593e+03
1.175411830634136550e+03
1.175414563979695004e+03
1.175418430663655727e+03
1.176970204270694239e+03
1.176974470956443611e+03
1.178903979586250898e+03
1.178906979599668603e+03
1.182857063933251084e+03
1.184521438043899934e+03
1.185682176568684554e+03
1.185685309916031883e+03
1.188923157730773710e+03
1.188926491079015705e+03
1.188929591092880401e+03
1.188932924441122395e+03
1.188936257789364163e+03
1.191492469222125692e+03
1.201838782163105861e+03
1.201843982186363291e+03
1.202547318665398052e+03
1.205540565386151229e+03
1.205544032068322849e+03
1.207490440773716500e+03
1.207873309152777892e+03
1.209641617061608258e+03
1.209645183744227097e+03
1.214756439937865480e+03
1.214808406836956237e+03
1.217386185032842832e+03
1.217389151712778130e+03
1.218091654854752278e+03
1.218094688201652616e+03
1.221132901790188725e+03
1.221139601820154667e+03
1.221516570172828096e+03
1.221522403532251474e+03
1.221526136882282117e+03
1.221529736898383362e+03
1.221940272067852447e+03
1.222189606516344384e+03
1.222193673201199545e+03
1.227859798543179750e+03
1.227862798556597454e+03
1.227871331928096652e+03
1.231004345940631765e+03
1.231007779289320752e+03
1.231019312674237653e+03
1.246506948609997835e+03
1.259063904771504667e+03
1.259066804784474925e+03
1.259834308217165926e+03
1.261894017429300675e+03
1.261896984109235973e+03
1.261913250848656389e+03
1.267324541717545799e+03
1.268786848257772363e+03
1.268789981605119692e+03
1.268793348286843866e+03
1.268799748315468150e+03
1.270467055772569893e+03
1.272445431287603242e+03
1.275252143840741155e+03
1.275256043858184285e+03
1.275260077209556812e+03
1.275263543891728432e+03
1.275267877244442843e+03
1.275276277282012416e+03
1.275297310709418753e+03
1.277200485888115281e+03
1.277203819236357049e+03
1.277285419601318154e+03
1.277288319614288639e+03
1.277292252965213947e+03
1.283815982142863049e+03
1.283977549532146440e+03
1.283980949547353248e+03
1.286969896248874647e+03
1.288973405209651446e+03
1.288976205222174713e+03
1.288980771909265741e+03
1.290799180042171656e+03
1.294905231739991223e+03
1.295645235049686789e+03
1.296596439303987154e+03
1.297332175927933122e+03
1.300385022915251284e+03
1.302941101014082960e+03
1.303127468514286193e+03
1.303139101899650313e+03
1.303142135246550197e+03
1.306787551550825810e+03
1.306790251562901631e+03
1.310440367888198125e+03
1.310463067989725459e+03
1.310468701348253944e+03
1.310475901380456435e+03
1.314430685735060024e+03
1.314943921363861136e+03
1.314947421379515163e+03
1.315055755197375902e+03
1.317506932827035826e+03
1.317586766517428941e+03
1.323183691549907962e+03
1.323422892619744744e+03
1.323515593034351014e+03
1.323522859733518317e+03
1.325650102581033480e+03
1.326003004159400234e+03
1.326871674711232117e+03
1.326876274731805779e+03
1.331458395225529785e+03
1.331461461905912302e+03
1.335863481594127734e+03
1.336968986538544414e+03
1.336972253219821368e+03
1.336975653235028176e+03
1.336979453252023859e+03
1.338549226939568371e+03
1.338557826978032381e+03
1.344884421940657148e+03
1.344896055326021269e+03
1.349739276987530957e+03
1.349751077040307109e+03
1.352113154271462008e+03
1.352123320983599797e+03
1.356187639161431207e+03
1.359878922337514950e+03
1.360980293930111429e+03
1.363568838840819353e+03
1.365924149375043271e+03
1.365928182726416026e+03
1.369763733214407694e+03
1.370895971611724235e+03
1.371135439349420494e+03
1.372001443222658509e+03
1.374342020357653382e+03
1.374344853703659055e+03
1.374347987051006385e+03
1.374354853748384585e+03
1.375432025232745445e+03
1.376971265450394185e+03
1.377459067632109964e+03
1.378497072274628636e+03
1.378500738957694693e+03
1.383729295675964522e+03
1.390192157914717200e+03
1.390195657930370999e+03
1.390531692766634251e+03
1.390535626117559332e+03
1.390538859465354108e+03
1.390542859483244456e+03
1.390548059506501659e+03
1.390556426210588825e+03
1.390567359592822186e+03
1.393560206311786487e+03
1.394267442808264150e+03
1.397124855588161381e+03
1.397128155602920742e+03
1.398702162642732446e+03
1.399559733144918937e+03
1.401976677288134852e+03
1.402733914008241072e+03
1.404814256645993055e+03
1.404817456660304970e+03
1.405474692933154984e+03
1.405646360367611123e+03
1.407241034166522468e+03
1.407254734227796689e+03
1.411067384613366812e+03
1.414763734478778133e+03
1.414767267827914338e+03
1.416700976476506639e+03
1.416704609826090064e+03
1.418093016035794562e+03
1.421933566546149223e+03
1.421936599893049106e+03
1.421939799907361476e+03
1.421998833504724871e+03
1.422002266853414085e+03
1.422164300911451619e+03
1.422168100928447302e+03
1.423442473294797082e+03
1.423445773309556444e+03
1.427080456232493134e+03
1.430947673528782843e+03
1.430952073548462067e+03
1.430955273562774209e+03
1.430959340247629370e+03
1.436164096859452457e+03
1.438779675224401672e+03
1.440678917052172665e+03
1.449079887959196640e+03
1.453402040623536777e+03
1.453789275688794987e+03
1.454357711564481406e+03
1.454361311580582651e+03
1.463299484890266513e+03
1.470620784301748017e+03
1.470624050983024972e+03
1.470749818212191030e+03
1.470752751558643695e+03
1.472657226743154752e+03
1.475897574569077733e+03
1.483150407007671447e+03
1.485770818727571395e+03
1.486075820091702781e+03
1.497890539600191914e+03
1.497895039620318357e+03
1.501066753805941744e+03
1.501069787152841627e+03
1.501073520502872725e+03
1.501096053936987573e+03
1.501105320645100164e+03
1.501248521285570860e+03
1.501253221306591968e+03
1.509225956964982515e+03
1.509229223646259470e+03
1.514264412833018469e+03
1.514267979515637080e+03
1.514313079717349865e+03
1.516017154005559405e+03
1.523462487305121158e+03
1.523465253984161791e+03
1.523470987343137722e+03
1.523967389563317283e+03
1.523970889578971310e+03
1.530020016633942532e+03
1.530024683321481234e+03
1.530033950029593825e+03
1.532061292430299773e+03
1.535749008923764904e+03
1.547967663572203946e+03
1.552929319096747349e+03
1.552932119109270388e+03
1.557011637355084758e+03
1.557014837369396901e+03
1.558899879133657805e+03
1.558910712515443720e+03
1.559245147344550787e+03
1.559921717037203507e+03
1.560504552977294679e+03
1.565193107280381355e+03
1.565274940979719304e+03
1.565279974335564475e+03
1.567588617994402284e+03
1.575119785011192334e+03
1.575122585023715374e+03
1.575126318373746244e+03
1.576408424108017471e+03
1.576411224120540510e+03
1.580767010268641116e+03
1.583037287089214942e+03
1.583040187102185428e+03
1.583043853785251486e+03
1.583047453801352731e+03
1.585845966317815964e+03
1.585849566333917210e+03
1.585853533018324924e+03
1.588715045816559496e+03
1.588718979167484804e+03
1.588722445849656424e+03
1.589910117828235343e+03
1.594845306567738135e+03
1.596863515594261571e+03
1.596871148961735571e+03
1.596874748977836816e+03
1.596878015659113771e+03
1.596882615679687433e+03
1.596890782382880161e+03
1.596894849067735095e+03
1.600794399841970744e+03
1.600797299854941457e+03
1.600800433202288559e+03
1.602530074271513286e+03
1.604748084191654698e+03
1.605210886261556197e+03
1.605647988216512658e+03
1.605651221564307207e+03
1.605654488245584389e+03
1.605657488259002093e+03
1.605670754985004578e+03
1.605675888341297195e+03
1.606430458382809775e+03
1.606582525729603731e+03
1.606669559452199110e+03
1.606672992800888323e+03
1.606683659515262207e+03
1.606775293258431248e+03
1.606990027552172478e+03
1.608508267675897741e+03
1.608508467676792407e+03
1.608514367703180369e+03
1.617049572543904333e+03
1.617052939225628734e+03
1.617055705904669367e+03
1.617059872589971746e+03
1.617065105946711356e+03
1.619445883261503241e+03
1.619449016608850798e+03
1.619459349988400618e+03
1.628256756001830126e+03
1.628261122688026944e+03
1.629958263611893244e+03
1.631168235690210395e+03
1.631172402375512775e+03
1.632660709032025807e+03
1.636535426361859663e+03
1.639322805495195098e+03
1.650791756790555155e+03
1.652083895903033863e+03
1.662521042583605094e+03
1.662525942605520640e+03
1.662529075952867970e+03
1.662532909303346287e+03
1.671299581845985585e+03
1.671304381867454140e+03
1.671601616530181673e+03
1.672088885376178496e+03
1.676029936336025457e+03
1.676034136354810244e+03
1.682935367220851276e+03
1.683486836353986519e+03
1.692944645321095550e+03
1.699959410028254979e+03
1.699963810047934203e+03
1.699968743403331928e+03
1.704653031020669005e+03
1.704656464369358446e+03
1.704659631050188182e+03
1.704668564423476255e+03
1.707398409966157033e+03
1.707438543478989232e+03
1.707446976850040983e+03
1.710193855802237522e+03
1.712150364552803921e+03
1.712154064569352613e+03
1.712157497918041827e+03
1.716272582989596685e+03
1.717441821552398324e+03
1.717445721569841226e+03
1.717449721587731347e+03
1.727894801637118007e+03
1.730716147589037973e+03
1.730720014272998696e+03
1.730723647622582121e+03
1.735013100140669621e+03
1.739690421060181279e+03
1.742803468316747512e+03
1.742806801664989280e+03
1.744296008325527964e+03
1.744299041672428075e+03
1.744302441687634882e+03
1.750797470736921241e+03
1.750808570786566634e+03
1.750814804147778887e+03
1.753398115701746974e+03
1.753407949079060472e+03
1.753888017892854805e+03
1.753891117906719728e+03
1.757338666659357614e+03
1.757654001403038819e+03
1.757657701419587283e+03
1.759011974143294765e+03
1.759025140868850258e+03
1.761369751355217659e+03
1.762759090902429762e+03
1.771829831471692842e+03
1.773730806640549872e+03
1.784335620737686895e+03
1.785474425831039753e+03
1.785478959184648829e+03
1.790730349338375618e+03
1.791834887611802060e+03
1.793354161073482146e+03
1.795429503688871364e+03
1.795436203718837533e+03
1.795440503738069538e+03
1.805491715359196633e+03
1.807880759377628465e+03
1.808124827135898158e+03
1.808128460485481810e+03
1.810461004251213808e+03
1.810464270932490763e+03
1.816090896097805171e+03
1.816847232813885739e+03
1.820680216623731440e+03
1.820683316637596363e+03
1.820686849986732568e+03
1.835587983299335519e+03
1.846403965007595389e+03
1.846429331787715682e+03
1.850144381736763989e+03
1.850147115082322443e+03
1.850150348430116992e+03
1.866041819505380090e+03
1.867213424745432803e+03
1.867285925069693576e+03
1.868061028536375943e+03
1.868776465069528967e+03
1.868779965085182766e+03
1.868795098486200914e+03
1.869004599423202535e+03
1.869008666108057469e+03
1.869792969615887614e+03
1.873183818114931228e+03
1.873193451491350288e+03
1.874647191326595248e+03
1.876243031797391268e+03
1.882255192020360255e+03
1.882258392034672625e+03
1.882261892050326423e+03
1.882265992068663991e+03
1.884649136060707406e+03
1.884651969406713306e+03
1.886745378769573335e+03
1.886837812516320355e+03
1.886841245865009341e+03
1.888053084618341927e+03
1.888332252533598421e+03
1.892878806201581710e+03
1.892881906215446634e+03
1.898584898388982083e+03
1.902114780843194239e+03
1.902119147529391057e+03
1.902763517078027235e+03
1.903677221164606635e+03
1.903679987843647496e+03
1.908177907960781567e+03
1.908181241309023562e+03
1.908190141348829002e+03
1.908194674702438306e+03
1.910150550116838758e+03
1.917421815971209753e+03
1.918581954493310832e+03
1.931679213071342474e+03
1.931682179751277772e+03
1.931685246431660289e+03
1.932078514857236314e+03
1.932408449666216711e+03
1.933154419669265280e+03
1.941593924081964815e+03
1.941597657431995913e+03
1.942702662374176271e+03
1.947902852298907874e+03
1.949048090754367649e+03
1.949053224110660040e+03
1.950240029418695940e+03
1.950242929431666425e+03
1.952638640146581793e+03
1.952642173495718453e+03
1.952645006841723898e+03
1.955034750863286490e+03
1.955038184211975477e+03
1.955041717561111909e+03
1.965310063486714398e+03
1.967997575506723479e+03
1.968001675525061046e+03
1.968933779693935548e+03
1.968937979712720107e+03
1.969094080410887045e+03
1.969100247105134486e+03
1.976141045262062789e+03
1.976143978608515454e+03
1.976146945288450752e+03
1.978129620822715879e+03
1.979242725801124152e+03
1.980954900125561380e+03
1.980958166806838335e+03
1.980969566857825612e+03
1.980970466861851037e+03
1.982034604954586030e+03
1.995394464707112320e+03
1.995398731392861919e+03
1.995403564747812652e+03
2.000409320469595968e+03
2.005494409879535624e+03
2.009640561756704983e+03
2.013457912163295987e+03
2.013465645531217206e+03
2.016208457798558811e+03
2.018781235972082413e+03
2.025667433437552518e+03
2.025670966786689178e+03
2.025674133467518914e+03
2.025677433482278275e+03
2.028391278953397887e+03
2.031848327748525435e+03
2.031851627763284569e+03
2.032478930568922578e+03
2.033392167986748063e+03
2.033395368001060206e+03
2.033398101346618432e+03
2.033401801363166896e+03
2.033535635295078237e+03
2.037829854501151431e+03
2.038156955964126382e+03
2.038159889310579274e+03
2.038163222658821041e+03
2.038166822674922287e+03
2.038170122689681875e+03
2.038179122729934988e+03
2.038998393060822082e+03
2.045916324001554813e+03
2.047592631498909668e+03
2.048456835364097060e+03
2.049130438376814254e+03
2.049135138397835362e+03
2.053779459169752499e+03
2.053782625850582463e+03
2.053786292533648520e+03
2.056253303567457806e+03
2.056272870321637129e+03
2.064988042633940040e+03
2.066519249482325904e+03
2.066956418104247405e+03
2.067167519048405211e+03
2.073204479382293812e+03
2.073220979456091300e+03
2.079223672970053485e+03
2.083322024633434467e+03
2.083324657978545019e+03
2.089011683414002164e+03
2.089014416759560845e+03
2.089018983446651873e+03
2.089026383479748802e+03
2.089376851713899214e+03
2.092054963691866305e+03
2.092058097039213408e+03
2.092446698777251186e+03
2.092451598799166277e+03
2.095045610400990881e+03
2.096340249524650972e+03
2.101779873853596200e+03
2.101782907200496538e+03
2.104865220986272561e+03
2.104868621001479369e+03
2.105362523210477320e+03
2.105917892361055692e+03
2.105926892401308578e+03
2.106315860807652825e+03
2.107531932913252149e+03
2.107534432924433531e+03
2.107537399604369057e+03
2.108064235293996717e+03
2.112024186338374875e+03
2.113465292783783298e+03
2.113468559465060480e+03
2.113471759479372395e+03
2.113478159507997134e+03
2.113481559523203941e+03
2.115548935436294869e+03
2.119066051166741090e+03
2.119070517853384445e+03
2.119109018025578280e+03
2.119919721651483997e+03
2.121410961654449693e+03
2.121487061994811938e+03
2.121492562019410798e+03
2.121495928701135199e+03
2.121499628717684118e+03
2.121920063931431287e+03
2.122066997921932852e+03
2.122073764618863606e+03
2.122088664685505137e+03
2.127022220084369110e+03
2.129973733285134585e+03
2.134996789084293141e+03
2.135002922445058175e+03
2.136016193643622046e+03
2.139889010964957833e+03
2.139904311033388240e+03
2.142770857187467755e+03
2.142803857335062276e+03
2.143106992024177998e+03
2.143109625369289461e+03
2.143112792050118969e+03
2.143178959012720497e+03
2.146521073960467675e+03
2.148361548858734750e+03
2.154879744678302359e+03
2.154884078031016543e+03
2.161845775834165124e+03
2.161865509255756933e+03
2.169665144139947188e+03
2.169669710827038671e+03
2.170840882731820329e+03
2.170843949412202619e+03
2.170857849474371505e+03
2.170860082817693637e+03
2.170865649509257764e+03
2.179757122610072656e+03
2.179760055956525321e+03
2.179763689306108972e+03
2.187507190605906089e+03
2.187617591099677156e+03
2.189184598108180580e+03
2.192893381362534001e+03
2.195267258646465507e+03
2.195270258659882984e+03
2.195275025347868905e+03
2.204352599281027778e+03
2.205117302701195513e+03
2.205121902721768947e+03
2.205130536093715818e+03
2.210404393014593097e+03
2.210407659695869825e+03
2.216795488265697713e+03
2.216799621617517914e+03
2.220081402962087395e+03
2.221912077816523379e+03
2.222222545871771217e+03
2.223862419872842111e+03
2.223884886639992601e+03
2.223888586656541065e+03
2.227640203435802505e+03
2.227644303454139845e+03
2.228000305046371977e+03
2.235724939595119849e+03
2.235731172956332102e+03
2.238797820005371250e+03
2.238803920032653878e+03
2.239623790366224966e+03
2.239626490378300787e+03
2.240036025543297001e+03
2.240098925824621347e+03
2.240102792508581388e+03
2.240889262692769080e+03
2.242891771649073235e+03
2.244048276821590662e+03
2.244052443506892814e+03
2.246949756465245173e+03
2.248456463204053762e+03
2.248574430398333334e+03
2.248608730551742156e+03
2.251898178597268270e+03
2.252547381500855408e+03
2.252550648182132136e+03
2.254960525627075185e+03
2.254963592307457930e+03
2.254966558987393455e+03
2.255165659877879989e+03
2.255173893248037984e+03
2.255573695036167919e+03
2.255614261884271400e+03
2.257443470065481051e+03
2.257447636750783204e+03
2.258608275275119922e+03
2.258612208626045685e+03
2.263264429433295845e+03
2.263267562780643402e+03
2.265900707890827562e+03
2.274647980346699569e+03
2.274651113694046671e+03
2.274654180374428961e+03
2.275621518034220571e+03
2.275631018076709552e+03
2.275633984756645077e+03
2.280767574383503415e+03
2.280785407796597610e+03
2.280789307814040967e+03
2.280792974497106570e+03
2.280796674513655489e+03
2.281335843591778030e+03
2.281339110273055212e+03
2.281944512980744094e+03
2.285564029169179776e+03
2.289215678834667870e+03
2.292009024661356307e+03
2.293334263921876754e+03
2.293340263948712163e+03
2.293352797338101482e+03
2.293500664666110879e+03
2.294275501464934223e+03
2.294883070848979969e+03
2.301974102563912766e+03
2.301988602628765420e+03
2.302379971045843376e+03
2.309285135262809945e+03
2.309287701940955685e+03
2.309290468619996773e+03
2.309294268636992456e+03
2.309297801986128889e+03
2.309301435335712540e+03
2.310293906441247600e+03
2.314837593429742356e+03
2.314840660110124645e+03
2.316668301617660291e+03
2.316676201652993768e+03
2.319521881047079205e+03
2.319532047759217221e+03
2.319534947772187934e+03
2.319542914474485769e+03
2.320284917793126624e+03
2.320289484480217652e+03
2.323848333730652030e+03
2.324534836801065012e+03
2.325202873122218534e+03
2.327005281183563511e+03
2.327010781208162371e+03
2.327015214561324228e+03
2.327019881248862930e+03
2.327025281273014571e+03
2.327028614621256565e+03
2.327033881311478581e+03
2.327039248002148270e+03
2.327045881365149398e+03
2.327667684146188094e+03
2.327672017498902733e+03
2.334284880408539266e+03
2.338098797466441283e+03
2.338102564149954560e+03
2.338108430842860344e+03
2.342821751923384454e+03
2.342826518611369920e+03
2.348288243039158715e+03
2.350358185630396292e+03
2.357812585637175744e+03
2.357816685655513083e+03
2.363195909714315803e+03
2.365185985281677858e+03
2.367853530545717604e+03
2.372138149708855053e+03
2.372142783062910894e+03
2.372146716413836202e+03
2.387939253713280777e+03
2.387943287064652850e+03
2.387955053783947278e+03
2.388599156664723978e+03
2.388604023353157118e+03
2.388609190042931914e+03
2.388617090078264937e+03
2.390207263857049838e+03
2.393187110517871133e+03
2.398122865926574832e+03
2.398127232612771422e+03
2.398131499298521248e+03
2.403627757214095709e+03
2.403630790560996047e+03
2.410465487796129310e+03
2.410469121145712961e+03
2.411261991358524483e+03
2.411447958856938385e+03
2.411450858869909098e+03
2.426885727903000316e+03
2.428289800849441235e+03
2.428292934196788337e+03
2.428296300878512739e+03
2.428300234229438502e+03
2.428304000912951778e+03
2.434943930610312691e+03
2.434954263989862284e+03
2.439460550811083522e+03
2.441130958282049960e+03
2.441135291634764599e+03
2.443936170828479135e+03
2.446459782115435246e+03
2.449964931125693056e+03
2.456710694629733098e+03
2.462982989349497984e+03
2.464814997543230220e+03
2.464817897556200478e+03
2.464821097570512848e+03
2.464886597863465795e+03
2.465335999873434957e+03
2.469117783454285473e+03
2.469122016806552892e+03
2.469124983486487508e+03
2.477822189051766600e+03
2.477825455733043782e+03
2.478846093631222175e+03
2.498191046818993527e+03
2.504720542689101421e+03
2.504723942704308229e+03
2.504729209394530244e+03
2.504746709472799921e+03
2.504912776882209982e+03
2.504919943580930067e+03
2.504924176933197032e+03
2.514433752798502610e+03
2.514437152813709417e+03
2.514441419499459244e+03
2.514634453696145556e+03
2.514638020378764395e+03
2.515438090623778407e+03
2.515442157308633796e+03
2.516313661206470897e+03
2.519583409163887609e+03
2.522778556787650814e+03
2.522781556801068746e+03
2.522786190155125041e+03
2.526821574870216864e+03
2.526825208219800516e+03
2.529439653246347916e+03
2.533533971558355915e+03
2.541933209124293626e+03
2.543629583378065036e+03
2.544882855650043439e+03
2.551304084369254724e+03
2.551348684568731187e+03
2.551555852161963685e+03
2.552450756164459108e+03
2.557138677131379609e+03
2.557362878134128096e+03
2.559022652224203284e+03
2.560762060003776242e+03
2.561116561589299181e+03
2.563455772051514941e+03
2.567737324534269192e+03
2.568593895031983266e+03
2.568597095046295181e+03
2.568601128397667708e+03
2.572064143886148486e+03
2.573238282470864760e+03
2.573243082492333087e+03
2.573246582507987569e+03
2.574914356633842999e+03
2.578327638566554015e+03
2.579108875394001643e+03
2.579111675406524682e+03
2.579114608752977801e+03
2.579120208778024335e+03
2.579370743231883353e+03
2.579387276639163247e+03
2.579411376746951646e+03
2.581336285356184817e+03
2.581339352036567561e+03
2.583163493528449180e+03
2.583166493541867112e+03
2.585375936757026466e+03
2.585380036775364260e+03
2.596196251818001201e+03
2.596199018497041834e+03
2.596202218511353749e+03
2.597565857943621268e+03
2.597640758278615522e+03
2.597643824958998266e+03
2.597646924972863417e+03
2.597650891657271131e+03
2.600171602931256984e+03
2.600175669616111918e+03
2.600181269641157996e+03
2.600566804698813030e+03
2.600570171380536976e+03
2.600575471404241853e+03
2.600586771454782138e+03
2.600595638161105398e+03
2.600608538218801186e+03
2.602176011896058753e+03
2.604851490528914383e+03
2.608514840246731183e+03
2.614929568936870965e+03
2.619970824817430184e+03
2.619973958164777741e+03
2.622996038347823287e+03
2.622999438363030094e+03
2.623003171713060965e+03
2.623772541820766946e+03
2.627182623739166502e+03
2.629836135607108190e+03
2.633862153613641112e+03
2.639940680800105838e+03
2.648484152344469294e+03
2.648487785694052945e+03
2.651978101304634038e+03
2.651981234651981140e+03
2.655644884371140051e+03
2.655648284386346859e+03
2.655651451067176367e+03
2.660409072345834829e+03
2.660418572388323810e+03
2.665880630150937122e+03
2.665885463505887856e+03
2.667942272705052346e+03
2.668838943382115758e+03
2.670876452494959722e+03
2.678423319581968826e+03
2.680366361605637849e+03
2.680369894954774736e+03
2.685494651208792220e+03
2.690453473387330178e+03
2.691736979127862469e+03
2.699252479407915871e+03
2.699255612755263428e+03
2.699953349209251428e+03
