5.077236730420138855e+01
5.078090067570057187e+01
6.292305498198884806e+01
7.263393174762089188e+01
7.639208188943646860e+01
9.665447251381816329e+01
1.113596049497990066e+02
2.230982380387989963e+02
3.082539855680751089e+02
4.026570411229862430e+02
4.079394980823272476e+02
4.079465981140824056e+02
4.332508112882243836e+02
4.434981237864208197e+02
4.723947530277925466e+02
4.847937084826345426e+02
4.848425087008955643e+02
6.540900990010896976e+02
6.582286175107851705e+02
7.551037174553506475e+02
7.730557644132911719e+02
8.081559547336802325e+02
8.158391557637819460e+02
8.820854853865696441e+02
8.820927854192192399e+02
8.934921364032888960e+02
8.935041697904421198e+02
9.130164237264730218e+02
9.130527905557917165e+02
9.130660906152768348e+02
9.130730239796199612e+02
9.402303121083831456e+02
9.998517787678633795e+02
9.998557121187886878e+02
1.009271520898050312e+03
1.009285787628525441e+03
1.034800968412895372e+03
1.073184140083221337e+03
1.076266987204716088e+03
1.098266118930077710e+03
1.135787386745502999e+03
1.149960416801633755e+03
1.151993559228280674e+03
1.159092457645064769e+03
1.161646602401916425e+03
1.163041141972385731e+03
1.172401250502525727e+03
1.176160800650602823e+03
1.186191078844771027e+03
1.193095143056817506e+03
1.193280343885136062e+03
1.198144665641016672e+03
1.198294899646277827e+03
1.210817355653481172e+03
1.211226057481417001e+03
1.215398409475767494e+03
1.219162392977006220e+03
1.223355611731351019e+03
1.223378278499395719e+03
1.227544263798604106e+03
1.246666415989888947e+03
1.249264327609156453e+03
1.252965477496035874e+03
1.257257863360576266e+03
1.257284663480440713e+03
1.257298130207338090e+03
1.264305094879611261e+03
1.266630738614482652e+03
1.266733805742121149e+03
1.267024807043636429e+03
1.268776148209915846e+03
1.271514427123648375e+03
1.290470311904628488e+03
1.290524545480523784e+03
1.292181719558970144e+03
1.292190286263951975e+03
1.294176195146011651e+03
1.294185828522430711e+03
1.294349162586282318e+03
1.301924829802101158e+03
1.303377669633320920e+03
1.308476792439358860e+03
1.308479659118846939e+03
1.311969508060674343e+03
1.317315231969645993e+03
1.321322949894330350e+03
1.323569526608904425e+03
1.327962112921595462e+03
1.329490819758800171e+03
1.331820663512456122e+03
1.333527571146671562e+03
1.360590325519294993e+03
1.361482096174442859e+03
1.361645263570882435e+03
1.362220999479218563e+03
1.365505280834969881e+03
1.368589127960937276e+03
1.368728061915658145e+03
1.369987200880543014e+03
1.381110250628843687e+03
1.396056750811018674e+03
1.396117984418221795e+03
1.400933872624147853e+03
1.405076724486557850e+03
1.408004304246946276e+03
1.409446744031651178e+03
1.410190747359237093e+03
1.411238952047375960e+03
1.412828759157854165e+03
1.426499553634382210e+03
1.430423137849441900e+03
1.430739739265455000e+03
1.431233208139181443e+03
1.445255204186473293e+03
1.451735199835188951e+03
1.465383960879838469e+03
1.473871632174633078e+03
1.482751238555707459e+03
1.482755171906632768e+03
1.482760971932573511e+03
1.482767238627268398e+03
1.484489812998220259e+03
1.485173749390487274e+03
1.486695822864690626e+03
1.488332730185826676e+03
1.490408206135145520e+03
1.497958373236913985e+03
1.498338674937829182e+03
1.512922940166559783e+03
1.515729286051391455e+03
1.526375366999762718e+03
1.529784582247619255e+03
1.536378811740584069e+03
1.536382978425886222e+03
1.548796800613887171e+03
1.559998117378906954e+03
1.562721896227787511e+03
1.564216269578100992e+03
1.564591437922723571e+03
1.571106967063697766e+03
1.586424235570815881e+03
1.588793146165866574e+03
1.589144381070112559e+03
1.589248648203118364e+03
1.600173597065404692e+03
1.600511965245437068e+03
1.604460782906687882e+03
1.605095185744080709e+03
1.605301886668559064e+03
1.605468620747617706e+03
1.612917954065069580e+03
1.612922154083854139e+03
1.612930720788835742e+03
1.612992121063451123e+03
1.626341114100709092e+03
1.626344214114574015e+03
1.635419021368692029e+03
1.645161864943963565e+03
1.646747172034315554e+03
1.647271674380173863e+03
1.647279474415059894e+03
1.651529260089069112e+03
1.652506697794033016e+03
1.666183292296501804e+03
1.679784086459950913e+03
1.680207821688457443e+03
1.680476656224164344e+03
1.680516223067795636e+03
1.684943442868719330e+03
1.685066743420186185e+03
1.685114543633974790e+03
1.706464672456643939e+03
1.706588973012583210e+03
1.706640539909885092e+03
1.739788321498045207e+03
1.740285590388767559e+03
1.742287032673634485e+03
1.835179848140600825e+03
1.836597054479114831e+03
1.841498543067892342e+03
1.844799491164852952e+03
1.847740704319550559e+03
1.851019185649360907e+03
1.855233437831111814e+03
1.866613588729308049e+03
1.866623788774928244e+03
1.872349414383025987e+03
1.872354547739318605e+03
1.872406014636173040e+03
1.874362590053704253e+03
1.874374090105138748e+03
1.874554224244129500e+03
1.874558924265150608e+03
1.880198749489502461e+03
1.880433583873142425e+03
1.888790087914619562e+03
1.889348157077273754e+03
1.895815686003564906e+03
1.896240487903508892e+03
1.914212968286172327e+03
1.940876254205489886e+03
1.940882454233219960e+03
1.941277022664610058e+03
1.943587266330604052e+03
2.004762373272138348e+03
2.104240418191816389e+03
2.115363367939669843e+03
2.124801876820458801e+03
2.127399955107137885e+03
2.133744983485540615e+03
2.133770916934862271e+03
2.133780183642974407e+03
2.135370657423100965e+03
2.135395124199196289e+03
2.138154036538546279e+03
2.138161869906914490e+03
2.145494069367146949e+03
2.145515536129824795e+03
2.149275452946208588e+03
2.150976593887965464e+03
2.165000356609825303e+03
2.200324181263761602e+03
2.230891617977888473e+03
2.257880072018201190e+03
2.257883938702161686e+03
2.261419521181867367e+03
2.286044364650833813e+03
2.286773501245260377e+03
2.301781468369015329e+03
2.301913935628147101e+03
2.311515311904033751e+03
2.312713983931811072e+03
2.319907682772593489e+03
2.320985920928392261e+03
2.321086154710024857e+03
2.321198788547117601e+03
2.322499661031990854e+03
2.327242282243560567e+03
2.327671284162289339e+03
2.369698272129734505e+03
2.369710838852606230e+03
2.394669883816302445e+03
2.417058483950244408e+03
2.478217324152357833e+03
2.478408258339652548e+03
2.481567905804640304e+03
2.481593205917795785e+03
2.482316209151457770e+03
2.482885145029380510e+03
2.487979134479126060e+03
2.488935705424095886e+03
2.512562477762480739e+03
2.541451906971649805e+03
2.544059151965994715e+03
2.545102423298735630e+03
2.545556991998479589e+03
2.559347387009926479e+03
2.559350987026027724e+03
2.559617388217518055e+03
2.560122490476608618e+03
2.564278209063231770e+03
2.576713264679533495e+03
2.580431647976823569e+03
2.582145422308416983e+03
2.582282556255087457e+03
2.582287622944415034e+03
2.582308156369585049e+03
2.584450299283741060e+03
2.586270540758180232e+03
2.586918743657294272e+03
2.586926343691285638e+03
2.592917270485954305e+03
2.616731110327673377e+03
2.624493078376730409e+03
2.624524711851545362e+03
2.679813859134547783e+03
