3.109297928732301486e+01
3.109637930252972282e+01
4.105079049071291308e+01
5.097060152414547929e+01
5.097363487104558288e+01
6.262685365721615227e+01
6.263082034162397349e+01
7.349376892661165073e+01
7.349766894405463802e+01
7.962816302961013548e+01
7.970669671418863800e+01
7.970999672894808441e+01
8.155760499245259609e+01
8.194084003982057141e+01
9.540816693966483797e+01
1.022803643425191638e+02
1.022835310233489281e+02
1.181245018727474729e+02
1.238452607924121196e+02
1.487867723443560521e+02
1.809760829790483854e+02
1.820323877034150257e+02
1.893222536409758732e+02
1.893255869892177259e+02
1.893290870048716954e+02
1.895040211206051310e+02
1.895076211367063195e+02
1.895105878166415891e+02
1.895254545498003438e+02
1.895290212324191259e+02
1.895745881028855138e+02
1.895776547832680592e+02
1.895858548199430516e+02
1.896248883278553592e+02
1.896432884101504897e+02
1.896698218621557999e+02
1.896730218764679989e+02
1.896969553168446225e+02
1.897665222946524750e+02
1.897715556504977030e+02
1.897869890528575638e+02
1.898331892594898989e+02
1.898672560785218195e+02
1.898768227879760104e+02
1.899030562386395502e+02
1.899176563039389123e+02
1.899217563222764511e+02
1.899405230728781930e+02
1.902248576779098244e+02
1.902879246266460314e+02
1.903275248037594736e+02
1.903665583116717528e+02
1.904558920445539343e+02
1.904663254245510018e+02
1.906308261602873131e+02
2.424660579955096296e+02
2.437083635517727203e+02
2.437120969018036192e+02
2.786005196083865485e+02
2.945819910861799826e+02
3.027946611510204775e+02
3.099946933534628215e+02
3.111792319846942405e+02
3.111827653338306732e+02
3.111863986834143248e+02
3.111919320414957610e+02
3.202235724358817492e+02
3.351503391964645857e+02
3.676708513124692672e+02
3.712317339053308842e+02
3.748807835591900357e+02
4.000063292675676507e+02
4.000099292836688960e+02
4.136458569375870411e+02
4.222246286398323036e+02
4.224950965161777390e+02
4.295300613136826087e+02
4.325522414971753733e+02
4.455522329735093194e+02
4.459786015471270275e+02
4.710338136076012461e+02
4.710372136228079398e+02
4.713538150388209260e+02
4.787767482381971718e+02
4.822221636479603717e+02
4.858693132933216248e+02
4.863530487901820720e+02
4.949142537471926744e+02
4.961510592788566214e+02
4.985844034954228050e+02
5.022411865172030616e+02
5.048173647059334144e+02
5.084563809815845161e+02
5.188927276585775417e+02
5.233475809164266366e+02
5.233507475972563725e+02
5.252171226113625835e+02
5.252214892975594012e+02
5.341112623907714578e+02
5.369482750794281856e+02
5.402523231902536054e+02
5.429569019532608536e+02
5.569509645422856465e+02
5.569542978905274140e+02
5.648921667263081190e+02
5.675173784676763944e+02
5.691150856134878495e+02
5.707334261849164250e+02
5.717112638916694323e+02
5.785430611138323229e+02
5.806148037131202955e+02
5.843377870309840318e+02
5.856594596088860953e+02
5.974686790927762559e+02
5.980617150784876230e+02
6.002806250026541193e+02
6.131140157338593326e+02
6.211116848370991192e+02
6.286054183531327908e+02
6.339158754377054947e+02
6.346138452260710210e+02
6.346295119628077828e+02
6.346366119945630544e+02
6.346409120137949458e+02
6.346444786964137847e+02
6.347000789450881939e+02
6.347066789746071436e+02
6.347103456576732015e+02
6.347174123559459531e+02
6.347218457091075834e+02
6.347540125196417193e+02
6.399258356508349834e+02
6.456382611998949415e+02
6.456418278825136667e+02
6.456456278995094635e+02
6.477495373093314583e+02
6.477525039892667564e+02
6.572893133097081773e+02
6.602372264943720666e+02
6.650536480360170799e+02
6.668024891911148870e+02
6.689187653229142825e+02
6.691823998353638672e+02
6.767125668476812734e+02
6.767160335298527798e+02
6.843668677485258058e+02
6.847918029823996449e+02
6.904473282769707794e+02
6.923945036524601164e+02
7.058857639926810634e+02
7.108624195843127609e+02
7.145532694251248813e+02
7.279924628658077381e+02
7.337720553819415272e+02
7.353660291777218845e+02
7.368226690259373299e+02
7.371570371880794710e+02
7.371639038854576711e+02
7.371677039024534679e+02
7.554348856031806463e+02
7.554617857234925395e+02
7.627972518650020675e+02
7.639549903763688690e+02
7.639584237250579690e+02
7.639619237407119954e+02
7.641679579955421104e+02
7.706077201309783504e+02
7.706110534792202316e+02
7.706142534935323738e+02
7.724172282240783716e+02
7.724204949053553264e+02
7.738644013632867882e+02
7.738686013820715743e+02
7.740079686720642940e+02
7.806519983877625464e+02
7.807108319842315041e+02
7.807141653324732715e+02
7.807580655288187472e+02
7.807615655444727736e+02
7.809320996405268716e+02
7.809352996548391275e+02
7.809389330044227790e+02
7.809425330205240243e+02
7.809640664501664560e+02
7.812219342701577034e+02
7.812254676192940224e+02
7.812495343936003565e+02
7.813045679730736310e+02
7.814845354446523515e+02
7.815730358404739491e+02
7.815976692839814177e+02
7.816435361557895476e+02
7.816471361718907929e+02
7.817261031917406626e+02
7.817292698725705122e+02
7.817332698904606332e+02
7.823647393814007955e+02
7.823683393975020408e+02
7.825313067930471789e+02
7.825357068127264029e+02
7.825862403720732345e+02
7.826966075323615541e+02
7.829121084961985844e+02
8.087200239231697196e+02
8.087241572749895795e+02
8.137933799472980354e+02
8.149564184823694859e+02
8.149629851784060293e+02
8.274354742954636777e+02
8.296104840232848119e+02
8.391985602396863442e+02
8.475726643598807186e+02
8.574642086002222641e+02
8.620307290241739793e+02
8.755754896036769424e+02
8.755792229537078128e+02
8.834614915408141087e+02
8.835386918860957621e+02
8.835421919017497885e+02
8.977185219726401328e+02
8.977217219869523888e+02
8.977252553360887077e+02
9.011521039961446604e+02
9.011586373586986838e+02
9.044263853071702215e+02
9.080277680811705068e+02
9.161593377832863325e+02
9.198850877801908155e+02
9.207177581710103595e+02
9.292404962893097036e+02
9.305432021157156441e+02
9.305464021300277864e+02
9.305497354782696675e+02
9.305538354966071211e+02
9.305575355131555852e+02
9.451449007557511095e+02
9.453427683073886101e+02
9.467721413669854655e+02
9.467758413835340434e+02
9.467812414076857976e+02
9.523711330753745870e+02
9.523742997562044366e+02
9.649280559033988993e+02
9.657081260589617386e+02
9.701693126784704191e+02
9.701733793633255800e+02
9.715644189181408592e+02
9.804606253734596066e+02
9.832577378836612070e+02
9.915380415843292212e+02
9.920039103346132379e+02
9.953399919220429410e+02
9.953436586051091126e+02
9.953472919546926505e+02
9.970938330995036267e+02
9.979885037676219781e+02
9.979918037823814529e+02
1.008356350138244466e+03
1.026302663737209059e+03
1.026864366249446903e+03
1.027297234852136171e+03
1.028289672624188597e+03
1.032209023486981096e+03
1.039879057791527202e+03
1.043251139539969472e+03
1.043441273723685754e+03
1.043444640405409928e+03
1.043449607094290286e+03
1.045778684177850664e+03
1.045781550857338743e+03
1.052149046002891509e+03
1.052159879384677424e+03
1.054676090638536607e+03
1.054679523987225821e+03
1.054687957358277799e+03
1.055680728465154289e+03
1.055685428486175169e+03
1.055865129289894639e+03
1.062716459932754788e+03
1.068058150490353682e+03
1.068932987736433006e+03
1.068935954416368304e+03
1.068938787762373750e+03
1.068944287786972836e+03
1.071095297407452563e+03
1.074922214523498042e+03
1.078909199022117946e+03
1.078912232369018056e+03
1.083920088100193880e+03
1.083923321447988428e+03
1.083928754805622475e+03
1.085998130727658690e+03
1.092321592342936356e+03
1.092914528328200277e+03
1.104149111908674286e+03
1.104152411923433647e+03
1.104770914689712981e+03
1.113102685287235545e+03
1.113105718634135428e+03
1.113109151982824869e+03
1.113112718665443481e+03
1.113173485603892914e+03
1.114381257672370111e+03
1.114384157685340597e+03
1.114387057698310855e+03
1.114390624380929921e+03
1.114405191112746934e+03
1.114410291135556690e+03
1.114441891276889692e+03
1.126383611353394372e+03
1.126387778038696752e+03
1.135960754187562543e+03
1.135963854201427466e+03
1.136851724839132430e+03
1.140409007415892802e+03
1.140412040762792685e+03
1.141677113087547923e+03
1.142152381879873928e+03
1.142167048612138160e+03
1.144581426077208107e+03
1.145010194661560035e+03
1.145734097899247217e+03
1.145737431247488985e+03
1.145740631261801354e+03
1.145769864725882599e+03
1.150040350492473863e+03
1.153315065138770706e+03
1.153519099384655647e+03
1.153522632733792079e+03
1.155525408357955712e+03
1.157645017837997102e+03
1.157648984522404817e+03
1.157652384537611397e+03
1.167378494704709055e+03
1.167381428051161720e+03
1.172054748952783257e+03
1.172057915633612993e+03
1.172061548983196417e+03
1.173090920253768900e+03
1.174080258011956403e+03
1.176716669803417290e+03
1.179470515453439475e+03
1.179473515466856952e+03
1.180887755125435888e+03
1.182867697314142788e+03
1.187904919843329253e+03
1.191587536313983946e+03
1.192099971939206853e+03
1.200584576553619172e+03
1.203503922943850284e+03
1.205996700759568967e+03
1.207741141894987550e+03
1.207744675244123982e+03
1.210464154073772534e+03
1.212895964950147345e+03
1.212899398298836559e+03
1.212904231653787065e+03
1.214797840123029573e+03
1.214801106804306528e+03
1.214804173484689045e+03
1.214811373516891535e+03
1.217808020252851748e+03
1.220279664640716874e+03
1.220284231327808129e+03
1.221136635140219596e+03
1.221821338202582410e+03
1.224261682450456647e+03
1.224389449688567311e+03
1.224485750119275053e+03
1.224721351173010589e+03
1.224724317852945887e+03
1.225416487615370443e+03
1.229692073404771918e+03
1.229695773421320382e+03
1.230844745226811028e+03
1.230847711906746326e+03
1.230851245255882532e+03
1.237522908428505843e+03
1.238531012937295145e+03
1.238680913607732009e+03
1.238703380374882272e+03
1.238714313757115633e+03
1.253301945667570408e+03
1.253305145681882550e+03
1.253957948601570706e+03
1.256149725071048579e+03
1.256154158424210209e+03
1.257108762693717381e+03
1.257113496048220895e+03
1.262204085482759638e+03
1.262207918833237727e+03
1.262275885803889651e+03
1.266271603674903417e+03
1.266275103690557216e+03
1.267390842014076497e+03
1.267988778021703411e+03
1.268002011414223489e+03
1.268643580950336627e+03
1.269458984597263225e+03
1.269462917948188533e+03
1.269963686854565140e+03
1.269967653538972854e+03
1.272427331206649797e+03
1.272430697888373970e+03
1.272772399416648113e+03
1.272775566097478077e+03
1.273551236233361578e+03
1.274205605826723513e+03
1.276026880639117053e+03
1.276031547326655755e+03
1.280512500701238650e+03
1.286795828803684117e+03
1.290792046676934206e+03
1.291861318125961589e+03
1.296860673819120393e+03
1.296864207168256826e+03
1.296867240515156709e+03
1.298102146038323099e+03
1.298138446200676981e+03
1.298141712881953936e+03
1.298145379565020221e+03
1.300859525037481490e+03
1.301940963207591949e+03
1.304107539564361105e+03
1.304112839588065526e+03
1.304118606280524091e+03
1.304123506302439409e+03
1.306220149013094215e+03
1.306224515699291260e+03
1.306613317438223021e+03
1.315060121883572720e+03
1.315373923287062553e+03
1.316495528303487390e+03
1.316499061652623823e+03
1.317183364713197307e+03
1.317505499487291900e+03
1.321197515999988809e+03
1.323533226446550543e+03
1.323538493136772786e+03
1.323659693678847134e+03
1.324505430794774838e+03
1.324509464146147366e+03
1.325184300497714275e+03
1.325187633845956270e+03
1.325997037466047459e+03
1.329734587515728435e+03
1.335857014898538409e+03
1.335862081587865987e+03
1.336874286114992856e+03
1.337035286835075112e+03
1.339959666581151396e+03
1.346014726995993442e+03
1.351841186388407777e+03
1.351844453069684960e+03
1.351847386416137624e+03
1.351851453100992785e+03
1.352931257930464426e+03
1.359059852007522295e+03
1.359612254478165141e+03
1.359615687826854355e+03
1.359619521177332217e+03
1.360556858702946784e+03
1.360569592093230540e+03
1.360575858787925426e+03
1.360579692138403516e+03
1.363056603216491112e+03
1.363428838214660800e+03
1.363563905485421401e+03
1.364874844681984541e+03
1.364878244697191349e+03
1.370878671534348996e+03
1.372508812158553837e+03
1.374272953382081823e+03
1.374766022254019390e+03
1.375093923720572320e+03
1.376966632096338117e+03
1.376970832115123130e+03
1.378274104610729864e+03
1.378278737964785932e+03
1.378503872305042023e+03
1.381251317926439697e+03
1.381784420310762243e+03
1.389822889596482582e+03
1.389901756615885233e+03
1.393556906297027126e+03
1.393971774819210168e+03
1.394944879171459661e+03
1.398722529400490203e+03
1.401368307900511127e+03
1.401371707915717707e+03
1.401375174597889327e+03
1.401378541279613728e+03
1.405816794463218230e+03
1.405819794476635934e+03
1.405822861157018451e+03
1.407234467470485924e+03
1.407240067495532458e+03
1.418019815708402803e+03
1.419254354563262496e+03
1.419415255282897533e+03
1.419504789016674522e+03
1.420300759243350740e+03
1.420304392592934391e+03
1.420308192609930074e+03
1.420313425966670138e+03
1.420319025991716444e+03
1.422002800189132813e+03
1.422174334289659555e+03
1.423262139154911893e+03
1.426268019265501835e+03
1.426781188227337907e+03
1.427218056847917524e+03
1.427230956905613539e+03
1.427306090574985546e+03
1.427754225912622815e+03
1.440688950430380601e+03
1.448982720857945878e+03
1.448986720875836227e+03
1.453401573954782862e+03
1.457217491021629939e+03
1.457220657702459903e+03
1.457223724382842420e+03
1.458068061492508377e+03
1.462007879113506078e+03
1.462013445805069978e+03
1.462021379173885634e+03
1.462036779242763032e+03
1.462051779309851327e+03
1.462059979346526461e+03
1.462063712696557332e+03
1.462096946178528924e+03
1.462101079530348898e+03
1.462105179548686237e+03
1.462152879762027396e+03
1.463999688021953943e+03
1.485244883041968933e+03
1.485248449724587772e+03
1.485252349742030674e+03
1.486546788864796781e+03
1.497774305746997697e+03
1.497778039097028795e+03
1.497781872447506885e+03
1.497984773354989557e+03
1.497988206703678543e+03
1.499951648818588183e+03
1.501242054589981535e+03
1.511608167619518326e+03
1.514322546426356666e+03
1.516013620656422972e+03
1.523391286986674686e+03
1.523394587001434047e+03
1.524250057494228031e+03
1.527560705634572287e+03
1.529480280886618857e+03
1.529483047565659717e+03
1.529650948316602580e+03
1.529657081677367614e+03
1.538728555583243860e+03
1.538732022265415480e+03
1.538735588948034319e+03
1.541057866001181310e+03
1.544694582266545694e+03
1.547960630207413715e+03
1.547965963564600543e+03
1.552712418126648572e+03
1.552918819049785270e+03
1.555224196027346125e+03
1.555228096044789027e+03
1.555231896061784937e+03
1.559251547373175299e+03
1.566007810924177193e+03
1.566011077605454147e+03
1.566015844293440068e+03
1.566019810977848010e+03
1.566023910996185577e+03
1.568542122258989821e+03
1.576403490752619291e+03
1.576720925505692776e+03
1.576724392187864169e+03
1.588527678311883847e+03
1.588782012782738548e+03
1.590226952578625287e+03
1.596131078985075192e+03
1.604941985058884256e+03
1.604945518408020689e+03
1.606946460690651520e+03
1.608507967674555857e+03
1.609309071257525147e+03
1.611193013016865962e+03
1.611666715135518189e+03
1.617674875340597055e+03
1.620035552565490434e+03
1.621873460785611087e+03
1.624134370897625331e+03
1.624170137724260485e+03
1.624173337738572855e+03
1.624478872438422741e+03
1.624482972456760308e+03
1.624486739140273585e+03
1.624495739180526698e+03
1.630320398564890411e+03
1.632359907686679435e+03
1.632363141034473983e+03
1.632671342412917511e+03
1.634748518369839758e+03
1.635843556600776765e+03
1.635846623281159282e+03
1.636532659682819030e+03
1.636537793039111421e+03
1.637340729963613512e+03
1.638814269887415094e+03
1.638817936570481152e+03
1.639255405193744309e+03
1.640758578583416465e+03
1.641386114723431092e+03
1.641781549825364436e+03
1.641784883173606204e+03
1.642229385161659593e+03
1.644314694488292162e+03
1.645488633072114453e+03
1.645491766419461783e+03
1.650781056742698638e+03
1.650881623859155752e+03
1.652085262575813204e+03
1.652496897750201924e+03
1.657445286548742615e+03
1.657530286928910300e+03
1.657533620277152068e+03
1.683471902953862809e+03
1.683475002967727960e+03
1.722187209443008669e+03
1.729198707468890689e+03
1.735244067840349089e+03
1.735248067858239210e+03
1.739794921527563929e+03
1.744669643329959172e+03
1.744674376684462686e+03
1.744677910033599119e+03
1.752318710874064209e+03
1.752323944230803818e+03
1.753233448298598432e+03
1.753236414978533730e+03
1.753239348324986622e+03
1.757667368129488750e+03
1.772529667935073803e+03
1.785248924822477193e+03
1.785251758168482866e+03
1.785473659160944180e+03
1.785481625863242243e+03
1.787688235732396379e+03
1.793732829433758752e+03
1.795447170434553300e+03
1.795491603966617276e+03
1.795538004174144362e+03
1.815964962201227308e+03
1.817903670872182147e+03
1.831772166232935660e+03
1.846404265008937045e+03
1.846429431788163356e+03
1.850083214796525681e+03
1.850959785383690587e+03
1.853257028991541347e+03
1.853260129005406043e+03
1.855888674095016540e+03
1.856053141497270417e+03
1.856057474849984828e+03
1.858583286146780210e+03
1.858587086163776121e+03
1.868598830941719370e+03
1.869802169657034938e+03
1.876684300437650109e+03
1.876688200455093011e+03
1.876693533812280293e+03
1.877531737561181217e+03
1.880123282485306390e+03
1.880164749337435524e+03
1.880272616486542574e+03
1.885620207070529659e+03
1.885623473751806614e+03
1.886222443097388350e+03
1.886994513217170606e+03
1.886998046566307039e+03
1.887001746582855731e+03
1.888739621022237770e+03
1.888742887703514725e+03
1.888925488520204453e+03
1.898460197831253709e+03
1.898466997861667096e+03
1.900539440464085601e+03
1.900543273814563918e+03
1.900546507162358694e+03
1.902158314371233018e+03
1.903557120627452150e+03
1.903654921064868631e+03
1.903658321080075211e+03
1.904441224581643610e+03
1.912131692310912513e+03
1.916479045087961367e+03
1.916761246350118199e+03
1.918030885361964692e+03
1.920428962754131817e+03
1.920558930002082434e+03
1.922731506385686998e+03
1.924464847471459962e+03
1.924468380820596394e+03
1.924472247504556890e+03
1.928139863908123289e+03
1.930935376411168818e+03
1.931590279340249253e+03
1.932037114672072221e+03
1.932086348225604752e+03
1.932326882634738240e+03
1.933483387807255212e+03
1.933487521159075186e+03
1.935830498304804451e+03
1.936080599423391959e+03
1.936084266106458017e+03
1.936167399811610267e+03
1.936170733159852034e+03
1.936173799840234778e+03
1.939120713020426138e+03
1.939123679700361208e+03
1.941631890918439922e+03
1.941634857598375220e+03
1.948483821563983611e+03
1.948487554914014481e+03
1.949097457641829806e+03
1.949415059062315322e+03
1.949738927177495498e+03
1.949985161612122511e+03
1.949988828295188569e+03
1.951717669360835316e+03
1.951722002713549728e+03
1.952663606924913665e+03
1.952683340346505474e+03
1.953905512479387653e+03
1.953908445825840317e+03
1.953913479181685716e+03
1.956678324880906075e+03
1.956681758229595061e+03
1.957271794201888724e+03
1.963920290604231013e+03
1.963928757308765398e+03
1.965163529498001935e+03
1.965166829512761296e+03
1.965691465192549458e+03
1.965694998541685663e+03
1.969079747013447104e+03
1.969082747026864581e+03
1.969101980446220068e+03
1.972325261529145337e+03
1.974683072074550637e+03
1.974686005421003301e+03
1.980635032028271326e+03
1.980963900165814493e+03
1.988463867043060418e+03
1.988467667060056101e+03
1.994097392239235205e+03
2.003232199761707079e+03
2.005483776498643920e+03
2.018789336008310102e+03
2.018796069371758904e+03
2.025667200103175901e+03
2.026422770149160897e+03
2.026425603495166342e+03
2.026428803509478712e+03
2.030311954210364320e+03
2.030322720925185422e+03
2.033400668024764855e+03
2.033404734709620016e+03
2.033528368595910933e+03
2.033537101968304569e+03
2.033879903501498575e+03
2.036087546708607761e+03
2.036090480055060425e+03
2.037825287814060175e+03
2.049565106987554373e+03
2.049568573669725993e+03
2.049571373682249487e+03
2.052434619821569413e+03
2.052437853169364189e+03
2.053104822819080255e+03
2.053108089500357437e+03
2.053919126461086762e+03
2.056973206787254639e+03
2.056977006804250323e+03
2.064487140393634036e+03
2.064490507075357982e+03
2.064796441776997199e+03
2.065006209381858298e+03
2.066826184188437765e+03
2.066950618078306888e+03
2.067683221354905072e+03
2.067968055962173366e+03
2.067971089309073250e+03
2.067974789325621714e+03
2.073227879486951679e+03
2.079928409455349538e+03
2.085143866115028686e+03
2.089362418316012281e+03
2.089376385045145071e+03
2.093905338634411237e+03
2.093908171980417137e+03
2.096788051527464177e+03
2.099321496191733786e+03
2.101266338223453658e+03
2.101269471570800761e+03
2.101272971586455242e+03
2.105932692427249094e+03
2.107385465591504271e+03
2.107537966273569964e+03
2.112693522665342698e+03
2.118467015154194087e+03
2.119093484622771484e+03
2.119097417973696793e+03
2.122074264621100156e+03
2.127005420009230420e+03
2.127007886686928941e+03
2.127012586707950049e+03
2.127708656487817734e+03
2.127719623203533502e+03
2.127722489883021808e+03
2.128199325349021365e+03
2.128203592034770736e+03
2.129159396309645217e+03
2.134139418583000861e+03
2.134142885265172936e+03
2.138059502782406980e+03
2.140414713316183679e+03
2.141069716245710879e+03
2.141073882931013486e+03
2.141076849610949012e+03
2.141922453392946863e+03
2.141925486739847202e+03
2.143117725405516921e+03
2.143170358974256033e+03
2.143279092793906329e+03
2.143284992820294065e+03
2.144035396176504491e+03
2.144039529528324238e+03
2.144225630360667765e+03
2.155038812056404367e+03
2.155041845403304251e+03
2.168080837054068070e+03
2.170848049430540414e+03
2.172929825408036322e+03
2.172934425428609757e+03
2.174659233142883750e+03
2.178256982567300838e+03
2.183403472251855874e+03
2.186659520147998592e+03
2.187616624428686919e+03
2.191195473768571901e+03
2.191198873783778708e+03
2.191201973797643404e+03
2.191206140482946012e+03
2.192347878922751988e+03
2.192351778940194890e+03
2.195784794294498170e+03
2.195789727649896122e+03
2.195965161767865993e+03
2.198276072103508341e+03
2.199038175512047474e+03
2.199041275525912170e+03
2.200194147348845945e+03
2.204468499799397705e+03
2.204471233144955931e+03
2.204474333158821082e+03
2.204970402044176353e+03
2.205472170955025376e+03
2.205476304306845122e+03
2.217178456645206552e+03
2.217181723326483279e+03
2.220067902901707839e+03
2.221605309777824004e+03
2.221608509792135919e+03
2.221612109808237165e+03
2.227986538318132716e+03
2.229012709574393284e+03
2.229184677010191081e+03
2.235721872914737560e+03
2.239615956997856756e+03
2.239618990344756185e+03
2.240037625550453413e+03
2.240098392488902391e+03
2.240260059878633456e+03
2.240263559894287027e+03
2.240625461512906895e+03
2.244050743499289183e+03
2.244053876846637195e+03
2.245974418769673775e+03
2.245978285453634271e+03
2.248944065384874648e+03
2.248947598734011081e+03
2.248951732085830827e+03
2.248956432106851935e+03
2.249072265958257049e+03
2.249075632639980995e+03
2.249078832654293365e+03
2.249083099340042736e+03
2.254340822855429451e+03
2.255147193128620529e+03
2.268187618119128274e+03
2.270524495237574683e+03
2.270528928590736541e+03
2.274685413847455493e+03
2.275015948659119204e+03
2.281338376936441819e+03
2.288792376941432394e+03
2.291037020314025995e+03
2.291040053660926333e+03
2.293743465752048905e+03
2.293746332431536757e+03
2.293935599944710248e+03
2.293938999959917055e+03
2.296496511398493112e+03
2.296499744746287433e+03
2.301971502552284619e+03
2.302918640121730277e+03
2.303288541776130387e+03
2.306531322946269938e+03
2.310245072889504172e+03
2.310248306237298948e+03
2.314422224905322764e+03
2.314426158256248073e+03
2.314430758276822417e+03
2.314811759980867919e+03
2.314826826714921026e+03
2.316661901589036461e+03
2.317067503403107366e+03
2.322274360024322505e+03
2.323839067022539439e+03
2.324429569663587245e+03
2.325206873140108655e+03
2.327004347846055680e+03
2.327254215630266572e+03
2.327258082314227067e+03
2.327261082327644544e+03
2.327628117302557257e+03
2.327630983982045109e+03
2.327635284001277341e+03
2.329388791843913623e+03
2.329391725190366287e+03
2.329394591869854139e+03
2.336326989541957118e+03
2.337984396954780550e+03
2.342820751918911810e+03
2.352105526778785134e+03
2.352300327650039890e+03
2.352303160996045790e+03
2.352307527682242380e+03
2.360876332673244633e+03
2.360879699354969034e+03
2.360883266037587873e+03
2.364599282657626190e+03
2.365186051948643126e+03
2.367954664331376534e+03
2.376411335487521683e+03
2.378849246391179349e+03
2.378853046408175032e+03
2.382770297261575251e+03
2.382823397499068506e+03
2.382827264183028547e+03
2.382832464206286204e+03
2.391203301645203737e+03
2.391206301658620760e+03
2.392992576314475173e+03
2.394085847870844646e+03
2.394090214557041236e+03
2.401686348531065050e+03
2.402138950555346128e+03
2.402141950568764059e+03
2.407865776168810953e+03
2.411260458018333338e+03
2.416581781818174022e+03
2.416585215166863691e+03
2.428773469679336813e+03
2.428776669693648728e+03
2.428780236376268022e+03
2.428783136389238280e+03
2.428786636404892306e+03
2.432530119814443424e+03
2.432533419829203012e+03
2.437498308701540736e+03
2.446353714974378818e+03
2.446356581653866670e+03
2.446359414999872570e+03
2.446362915015526596e+03
2.456695927897021647e+03
2.461687216887435170e+03
2.464857331065902144e+03
2.464862964424430629e+03
2.468377113474941325e+03
2.468382313498198982e+03
2.469141050225013259e+03
2.477081985741176595e+03
2.477085419089865809e+03
2.477088385769801334e+03
2.477092052452866938e+03
2.490517445831828354e+03
2.490526679206458994e+03
2.490529679219876016e+03
2.494203928986444225e+03
2.497263942672482244e+03
2.502790334056162919e+03
2.502797867423189928e+03
2.502801067437502297e+03
2.507842556652437906e+03
2.507845689999785463e+03
2.507852090028409748e+03
2.522710723150928970e+03
2.522716556510351893e+03
2.528187047644017184e+03
2.528191314329766556e+03
2.528196114351234883e+03
2.535292979425591511e+03
2.535317212867309991e+03
2.541101805405806317e+03
2.541104772085741388e+03
2.541112705454557272e+03
2.541116238803693705e+03
2.547034231938829635e+03
2.547274499680103872e+03
2.547279099700677762e+03
2.547281966380165613e+03
2.547285466395819640e+03
2.551172583781113190e+03
2.551339317860171832e+03
2.551341984538765246e+03
2.551350617910711662e+03
2.551558618841004773e+03
2.551622652460730478e+03
2.557158510553418637e+03
2.557744279839962928e+03
2.557748079856958611e+03
2.558561950163693837e+03
2.558564983510594175e+03
2.559210453064149988e+03
2.563442605325959448e+03
2.564660110771303607e+03
2.565248013400722357e+03
2.566602186123982392e+03
2.566612719504426877e+03
2.570769004760251391e+03
2.570771871439739243e+03
2.570774871453157175e+03
2.573719817957885880e+03
2.573722784637820951e+03
2.573725751317756476e+03
2.576503397074225177e+03
2.576653064410285424e+03
2.578283138367525225e+03
2.578285938380048719e+03
2.578289138394360634e+03
2.578292938411356317e+03
2.578628973247619342e+03
2.579246642676838292e+03
2.579250742695175632e+03
2.581077117530379383e+03
2.581822787532085840e+03
2.581826754216494010e+03
2.582406023473966798e+03
2.582721858219883870e+03
2.582726791575281368e+03
2.596140118233607609e+03
2.596229285299077674e+03
2.604843457159651734e+03
2.604847057175752980e+03
2.604852257199010182e+03
2.606873166237609894e+03
2.610373581893363735e+03
2.610376815241158511e+03
2.615178036714820337e+03
2.615181636730921582e+03
2.615186303418460284e+03
2.615854606407473057e+03
2.619977024845160486e+03
2.622649203463256526e+03
2.622652736812392959e+03
2.622656336828494204e+03
2.622660436846831544e+03
2.622663770195073539e+03
2.622668836884401117e+03
2.622674070241141180e+03
2.623383873415765265e+03
2.623459607087820132e+03
2.623537740770610071e+03
2.623550640828305859e+03
2.633902720461744138e+03
2.633906353811327790e+03
2.639900147285484309e+03
2.639997347720217022e+03
2.640000581068011797e+03
2.640003881082771386e+03
2.645792840307464758e+03
2.645795906987847502e+03
2.645829273803748492e+03
2.649935125500673166e+03
2.649938292181503130e+03
2.652348802962612808e+03
2.654967148006602656e+03
2.657526659454123546e+03
2.657529926135400729e+03
2.659807702989518930e+03
2.659811303005620175e+03
2.659814769687791340e+03
2.662509448406520733e+03
2.665702496020891431e+03
2.665706096036992676e+03
2.665709029383445795e+03
2.668750676320671118e+03
2.676715878612034885e+03
2.676719511961618537e+03
2.678075118024622952e+03
2.678078418039382086e+03
2.678082084722448599e+03
2.678086818076951658e+03
2.681169065195762869e+03
2.681172331877040506e+03
2.685223183327974311e+03
2.688967166739761979e+03
2.692959584596016157e+03
2.697003136014301163e+03
2.699257312762866604e+03
2.700556085238346895e+03
