2.583351776832603530e+00
2.682718887922792117e+00
2.691152258974727207e+00
2.870886396176437039e+00
3.016853715687988657e+00
3.092620721225726843e+00
3.134920910415075923e+00
3.145887626130833059e+00
3.230821339333718178e+00
3.234954691153638873e+00
3.254521445333424357e+00
3.282854905389331890e+00
3.351921880960908595e+00
3.461122369364618034e+00
3.525089322126131464e+00
3.674856658633416817e+00
3.754157013307539259e+00
3.766357067872788456e+00
3.818657301787752090e+00
3.855990802096712411e+00
3.995358092089358770e+00
4.000291447487328789e+00
4.047958327346090179e+00
4.091725189761863390e+00
4.115225294867056682e+00
4.311926174619892471e+00
4.332326265860145575e+00
4.354159696844403626e+00
4.419059987113641341e+00
4.464260189273417723e+00
4.538660522031989331e+00
4.743061436223548810e+00
4.749494798330360368e+00
4.784561621834848566e+00
4.984062514110854991e+00
5.203663496285347634e+00
5.377464273616526569e+00
5.514998222076143541e+00
5.660532206316251980e+00
5.664998892960359633e+00
5.744599248976250294e+00
5.920133367393201951e+00
5.981133640219450598e+00
6.122867607463824413e+00
6.129267636088218119e+00
6.192101250447494820e+00
6.196301269232253439e+00
6.236834783853410613e+00
6.267834922502815154e+00
6.332268544018191392e+00
6.652536643097201718e+00
6.770270503000102025e+00
7.176372319307303016e+00
7.180872339433829410e+00
7.249305978839450049e+00
7.263172707525635374e+00
7.421306748120018781e+00
7.506773797041603302e+00
7.530340569111634963e+00
7.611074263529761907e+00
7.647907761602441568e+00
7.843541969917877665e+00
7.951442452507256675e+00
8.072142992345423096e+00
8.233510380734420764e+00
8.260943836765024528e+00
8.361244285362936068e+00
8.424077899722213658e+00
8.467444760348961097e+00
8.476478134084432625e+00
8.507578273181094275e+00
8.567078539298499607e+00
8.616278759348523053e+00
8.676679029491232598e+00
8.699579131912889451e+00
8.766112762820645443e+00
8.773912797706623579e+00
8.901580035370301403e+00
9.013813870674113105e+00
9.042747333413558408e+00
9.124314364892152085e+00
9.317148560684417546e+00
9.645650029920851409e+00
9.905184524032964788e+00
9.952918070856563659e+00
1.002915174514816421e+01
1.003361843179227186e+01
1.004365181000030383e+01
1.008071864244991644e+01
1.013381887994292718e+01
1.016275234268237249e+01
1.017761907584111825e+01
1.027741952220275046e+01
1.031485302295896744e+01
1.049265381818039167e+01
1.051025389689747236e+01
1.061448769642079348e+01
1.072248817945743049e+01
1.078215511298692952e+01
1.087298885257792591e+01
1.087838887672975829e+01
1.167115908909405064e+01
1.184679320795825852e+01
1.185292656872330141e+01
1.186822663715349080e+01
1.192529355905433164e+01
1.197819379565283171e+01
1.203292737378436073e+01
1.218086136875861669e+01
1.221822820254999442e+01
1.227832847135093708e+01
1.235246213625016054e+01
1.238949563521735264e+01
1.246162929117145168e+01
1.253696296143774624e+01
1.257159644967079082e+01
1.262543002377701562e+01
1.267983026708435723e+01
1.276163063293988209e+01
1.277746403708877132e+01
1.278689741261326773e+01
1.281026418378878695e+01
1.290363126804360761e+01
1.301003174392414508e+01
1.307163201943392927e+01
1.308136539630019435e+01
1.310766551392856094e+01
1.312573226139950400e+01
1.315589906298843914e+01
1.318129917659150152e+01
1.326539955273391769e+01
1.327299958672538516e+01
1.331859979067418820e+01
1.333023317603831792e+01
1.347233381158929966e+01
1.359803437379027358e+01
1.369926815989590985e+01
1.375590174652530351e+01
1.382806873596182307e+01
1.387173559793033917e+01
1.395433596736391380e+01
1.400980288210865510e+01
1.408746989614425971e+01
1.420633709444939718e+01
1.422233716601038012e+01
1.424030391303406695e+01
1.436813781810983848e+01
1.438913791203362891e+01
1.439657127861300268e+01
1.453510523154518097e+01
1.454027192132008039e+01
1.470470599009160040e+01
1.472437274471864299e+01
1.478253967153930049e+01
1.487367341247206554e+01
1.488854014563081307e+01
1.491387359226903442e+01
1.502544075792447309e+01
1.557184320173204384e+01
1.563207680446266323e+01
1.563754349557933132e+01
1.574437730673131242e+01
1.575764403273396042e+01
1.581017760102585434e+01
1.586371117379031048e+01
1.586874452963553672e+01
1.594881155440529064e+01
1.604617865655035658e+01
1.607231210676662769e+01
1.615854582578384324e+01
1.618437927465834747e+01
1.629594644031378436e+01
1.637348012041971401e+01
1.654658089462009940e+01
1.660804783620021041e+01
1.663294794756698991e+01
1.664804801510266685e+01
1.670234825796275757e+01
1.677161523442884317e+01
1.680521538470690857e+01
1.681931544777002685e+01
1.690944918423022969e+01
1.694421600639294923e+01
1.695308271271632705e+01
1.711755011497026402e+01
1.717661704581622573e+01
1.738208463144518490e+01
1.747431837729777016e+01
1.754721870334750022e+01
1.774755293268397338e+01
1.789582026248241675e+01
1.791978703634147152e+01
1.803368754576622024e+01
1.806858770185861474e+01
1.811885459334603610e+01
1.827065527228086239e+01
1.832755552676961130e+01
1.840455587115684111e+01
1.843602267856010712e+01
1.845155608136722947e+01
1.849005625356084437e+01
1.852282306677844304e+01
1.855552321303120067e+01
1.858489001104208782e+01
1.874112404313860480e+01
1.874882407757732494e+01
1.883159111442299505e+01
1.892855821477903788e+01
1.895292499042711754e+01
1.900279188012551401e+01
1.909199227907799568e+01
1.910679234527190218e+01
1.912909244501002348e+01
1.916242592742873896e+01
1.919772608531015834e+01
1.920712612735223601e+01
1.925072632235591286e+01
1.929185983966060647e+01
1.935266011159234267e+01
1.939572697087732323e+01
1.958512781798046021e+01
1.961099460033738140e+01
1.961812796557498473e+01
1.965702813955762807e+01
1.975149522873226360e+01
1.976226194355351140e+01
1.977792868029030515e+01
1.994706277008286577e+01
1.996202950368886775e+01
2.016783042414201077e+01
2.024213075645332793e+01
2.026369751957823340e+01
2.029449765733312816e+01
2.031809776288557856e+01
2.036913132446862917e+01
2.051843199222205172e+01
2.057876559539992556e+01
2.061969911181011028e+01
2.104783435999608088e+01
2.138606920609877804e+01
2.158970345019470471e+01
2.372324632588695792e+01
2.709836142122907887e+01
2.716459505079506442e+01
2.739709609066560247e+01
2.757696356179698327e+01
2.764689720791145078e+01
2.792869846827926494e+01
2.822269978321232742e+01
2.841523397766282599e+01
2.852360112900606381e+01
2.862626825485570592e+01
2.874416878217069993e+01
2.901883667730090721e+01
2.907307025319616045e+01
2.929437124297400530e+01
2.943890522274154975e+01
2.948657210260031292e+01
2.951470556176170845e+01
2.956397244877657116e+01
2.966643957373169727e+01
2.981414023432902383e+01
2.993304076611657649e+01
3.002397450615483265e+01
3.004550793579732115e+01
3.012730830165284956e+01
3.046147646290046396e+01
3.058504368222664027e+01
3.075857779169846395e+01
3.092127851938421301e+01
3.094664529950485488e+01
3.100194554683750070e+01
3.103954571500581139e+01
3.108927927077453290e+01
3.110167932623430076e+01
3.116101292493960884e+01
3.120844647042144260e+01
3.135524712699346139e+01
3.146691429309615629e+01
3.158918150660799995e+01
3.177911568942983678e+01
3.181771586207070968e+01
3.187231610627256373e+01
3.203141681785708528e+01
3.213671728881780609e+01
3.215888405462624888e+01
3.219435087991976729e+01
3.255391915477044051e+01
3.256815255176323376e+01
3.276592010295346569e+01
3.277058679049208223e+01
3.297062101848678850e+01
3.297552104040234155e+01
3.298452108065539790e+01
3.320275539005071863e+01
3.322605549426140215e+01
3.332972262458360291e+01
3.338405620092611059e+01
3.348272330888550385e+01
3.353312353430260373e+01
3.357199037480282300e+01
3.370352429642706937e+01
3.371342434070542993e+01
3.384585826635498051e+01
3.389052513279606416e+01
3.405079251626523984e+01
3.408959268980062518e+01
3.411422613330805831e+01
3.413692623483520094e+01
3.433659379452330285e+01
3.446482770138809570e+01
3.446962772285639431e+01
3.467456197276664653e+01
3.472176218387155444e+01
3.477076240302706367e+01
3.490986302516036233e+01
3.511913062778504724e+01
3.512356398094674148e+01
3.513303068995364953e+01
3.615056857426733927e+01
3.628386917045978066e+01
3.641163640857071471e+01
3.645506993616229607e+01
3.650737017007725882e+01
3.659467056053188116e+01
3.662807070991543412e+01
3.667763759827205661e+01
3.671873778209432970e+01
3.681613821772181439e+01
3.689387189872226003e+01
3.696427221359058279e+01
3.698047228604607994e+01
3.705490595228706496e+01
3.738834077692147417e+01
3.750817464621675157e+01
3.752770806691411565e+01
3.764327525045980849e+01
3.765470863492942044e+01
3.768627544277994446e+01
3.790304307894884772e+01
3.795017662308890749e+01
3.803277699252248567e+01
3.816294424136756902e+01
3.819037769739816923e+01
3.827377807040979008e+01
3.848364567571801587e+01
3.850611244286822910e+01
3.864661307126311840e+01
3.868587991355236255e+01
3.870618000434536299e+01
3.879214705550322151e+01
3.882354719594165005e+01
3.906394827114542068e+01
3.909864842634330273e+01
3.913868193872818324e+01
3.929074928552235946e+01
3.943658327110423301e+01
3.944824998995078857e+01
3.948155013888707998e+01
3.957025053560328587e+01
3.960181734345380278e+01
3.963015080350971431e+01
3.964928422241806061e+01
3.969541776208555461e+01
3.990915205135434718e+01
3.993898551811910380e+01
4.010011957213117029e+01
4.023195349509718710e+01
4.036102073902245024e+01
4.042845437395551045e+01
4.045012113752767391e+01
4.069035554531935617e+01
4.078095595053341782e+01
4.081002274720253808e+01
4.102665704944175928e+01
4.117629105201937278e+01
4.134999182890329905e+01
4.153979267779546092e+01
4.154999272341558481e+01
4.170902676803527243e+01
4.198562800514576310e+01
4.202749485906367966e+01
4.210516187309927716e+01
4.227202928608736698e+01
4.263793092259759732e+01
4.267939777472647478e+01
4.285713190298307040e+01
4.289259872827657460e+01
4.293056556475148966e+01
4.300609923591230199e+01
4.304659941705103421e+01
4.313173313114843666e+01
4.334893410258877822e+01
4.339520097618596139e+01
4.353606827288744796e+01
4.354193496579313916e+01
4.366826886416006914e+01
4.370740237251963833e+01
4.382503623197528242e+01
4.386606974883272159e+01
4.392530334709077522e+01
4.416740442989789983e+01
4.419067120062616283e+01
4.426480486552538451e+01
4.457790626588437277e+01
4.459027298786171656e+01
4.484480745961101888e+01
4.485070748599913770e+01
4.497470804059675231e+01
4.499024144340387465e+01
4.515284217064236572e+01
4.520927575637724516e+01
4.535670974911522535e+01
4.536407644872976164e+01
4.551181044280950516e+01
4.561251089319643626e+01
4.563894434475447781e+01
4.566337778736740205e+01
4.575254485283745964e+01
4.579634504873565248e+01
4.583661189549745529e+01
4.595877910856204807e+01
4.601504602688483914e+01
4.604221281505608943e+01
4.620451354095281715e+01
4.631298069274330942e+01
4.639068104026133454e+01
4.641021446095870573e+01
4.641824783022160972e+01
4.657011517612127705e+01
4.675361599683630232e+01
4.681361626518998520e+01
4.695278355428812489e+01
4.700908380609332937e+01
4.711485094580791610e+01
4.725235156078510812e+01
4.737548544483984614e+01
4.784578754828549307e+01
4.820975584281543291e+01
4.835162314398947814e+01
4.852799059946690363e+01
4.853242395262859787e+01
4.872742482477807613e+01
4.884152533509733729e+01
4.888165884792946514e+01
4.890522561999949858e+01
4.908605976212102462e+01
4.913612665271393354e+01
4.937872773775734458e+01
4.950342829548574741e+01
4.950799498257711662e+01
4.955562852895345571e+01
4.963909556892991759e+01
4.980076295866068392e+01
4.983399644063214851e+01
4.999969718173557709e+01
5.004753072900643218e+01
5.017553130149429563e+01
5.028409845373204945e+01
5.028826513903438666e+01
5.034589873013634787e+01
5.035219875831348446e+01
5.049969941801629858e+01
5.058526646738513932e+01
5.067880021905205012e+01
5.071330037335542329e+01
5.078140067793685830e+01
5.087160108136189507e+01
5.091760128709972122e+01
5.097976823181063111e+01
5.106710195574765976e+01
5.108476870142957438e+01
5.119373585545635308e+01
5.135333656927716106e+01
5.167913802643767696e+01
5.192897247716594222e+01
5.200580615414108365e+01
5.204233965087199465e+01
5.223844052794129311e+01
5.260337549346137820e+01
5.266270909216669338e+01
5.276190953584479360e+01
5.310327772929484524e+01
5.317191136959498010e+01
5.325047838765588892e+01
5.325074505551523885e+01
5.334224546475461182e+01
5.343434587667751856e+01
5.351617957601546749e+01
5.368084697916391690e+01
5.369841372439857707e+01
5.388654789916980548e+01
5.405908200416907050e+01
5.406318202250657379e+01
5.411458225239623232e+01
5.414021570037622411e+01
5.417348251583010210e+01
5.428428301138990975e+01
5.433014988319806093e+01
5.442198362726161776e+01
5.444991708552849730e+01
5.447981721925809495e+01
5.462508453563884814e+01
5.463698458886232601e+01
5.465595134035857683e+01
5.473535169547995594e+01
5.499668619764268129e+01
5.697249503452957242e+01
5.714289579665404517e+01
5.729726315373511625e+01
5.738553021517986963e+01
5.745583052960093795e+01
5.747876396550501710e+01
5.750716409252576256e+01
5.786679903434127681e+01
5.795103274441336083e+01
5.799069958849163697e+01
5.820866723002760779e+01
5.822570063954357522e+01
5.823866736420445278e+01
5.837046795368805618e+01
5.848036844522255251e+01
5.854413539708955483e+01
5.861643572045574047e+01
5.869006938311868282e+01
5.875546967562420519e+01
5.880950325062494244e+01
5.884233673080737503e+01
5.899827076156211803e+01
5.913773805200202816e+01
5.926030526685563871e+01
5.937093909500335087e+01
5.942613934188874225e+01
5.946717285874618852e+01
5.953747317316724974e+01
5.971970732155036643e+01
5.977197422198291576e+01
5.984924123422949549e+01
5.986080795262878951e+01
5.990754149497981729e+01
6.005567549084859280e+01
6.018664274327171881e+01
6.026704310286566368e+01
6.070807840874767436e+01
6.107514671714255883e+01
6.146671513511520146e+01
6.162938252931853356e+01
6.177418317694542793e+01
6.195661732622305351e+01
6.203261766613772465e+01
6.205895111724850466e+01
6.215871823012771813e+01
6.230135220139740682e+01
6.232835232215655452e+01
6.240595266922733231e+01
6.245988624378080800e+01
6.246861961617451442e+01
6.256095336247435057e+01
6.262678699025131124e+01
6.263842037561544629e+01
6.266375382225366764e+01
6.268478724965987681e+01
6.272472076159750287e+01
6.285165466264796663e+01
6.297042186050584434e+01
6.306778896265090850e+01
6.318432281718673238e+01
6.368909174145333196e+01
6.388632595692487115e+01
6.395562626687337371e+01
6.411956033340861438e+01
6.417836059639522261e+01
6.429489445093105360e+01
6.429912780319823185e+01
6.480589673640994874e+01
6.486766367933182664e+01
6.510473140629372324e+01
6.526109877231991163e+01
6.601083545888164394e+01
6.615486943641290907e+01
6.806487797900526004e+01
6.821547865257301169e+01
6.828997898577884484e+01
6.842794626950990278e+01
6.847161313147842066e+01
6.858048028505793070e+01
6.871794756655272352e+01
6.876414777318505855e+01
6.894144856617019457e+01
6.899734881618637417e+01
6.902134892352785300e+01
6.903301564237440857e+01
6.907978251820786397e+01
6.918821633651594993e+01
6.924978327854331894e+01
6.934955039142252531e+01
6.940765065127834532e+01
6.951665113878753743e+01
6.956871803832557077e+01
6.962875164016168128e+01
6.967695185573914785e+01
6.973118543163438687e+01
6.976825226408401193e+01
6.978528567359997226e+01
6.989648617094879057e+01
7.016902072320419848e+01
7.020345421054274482e+01
7.031555471191687445e+01
7.033512146609665194e+01
7.046025535909652149e+01
7.050512222643210691e+01
7.056688916935398481e+01
7.058932260302178463e+01
7.061172270320714972e+01
7.065918958217140755e+01
7.067308964434000984e+01
7.081789029196691843e+01
7.093395747774887639e+01
7.103352458973357386e+01
7.122685878776211155e+01
7.144332642258925148e+01
7.212816281888174785e+01
7.272936550778568687e+01
7.380867033502124741e+01
7.413247178323663888e+01
7.476034125807555597e+01
7.478980805653368691e+01
7.485550835038098683e+01
7.488470848097978205e+01
7.494810876454018000e+01
7.503617582509042450e+01
7.506044260029123905e+01
7.512140953963506718e+01
7.522721001283207443e+01
7.531224372648220822e+01
7.545807771206408177e+01
7.562714513489180490e+01
7.566827865219650562e+01
7.575261236271585119e+01
7.577727913970571194e+01
7.584104609157270716e+01
7.586061284575248465e+01
7.596584664974837153e+01
7.600064680539351514e+01
7.603308028378691574e+01
7.617461425013677001e+01
7.619618101326169324e+01
7.890489312808887234e+01
7.891449317102545535e+01
7.895879336915993463e+01
7.897902679298807982e+01
7.908822728139179503e+01
7.947219566537296487e+01
7.959129619805503353e+01
7.964492977126674589e+01
7.968376327828454464e+01
7.970193002620275990e+01
7.991566431547154536e+01
7.999619800899516520e+01
8.001139807697809658e+01
8.052073368833606537e+01
8.052486704015598207e+01
8.061986746504931034e+01
8.065716763187585059e+01
8.070090116080920950e+01
8.080093494154776579e+01
8.113756978049437407e+01
8.120327007434167399e+01
8.136537079934387862e+01
8.137113749180230116e+01
8.154997162497872409e+01
8.155360497456234725e+01
8.165417209101961760e+01
8.166187212545833063e+01
8.182753953307934580e+01
8.186940638699725525e+01
8.190857322883924496e+01
8.210050742060620621e+01
8.215930768359281444e+01
8.216377437023692210e+01
8.229984164547012426e+01
8.257847622500815987e+01
8.276601039709584029e+01
8.285921081393856014e+01
8.286381083451236407e+01
8.296494462017072635e+01
8.314601209666918180e+01
8.321921242406068586e+01
8.324394586801538765e+01
8.325647925740480559e+01
8.339204653040172843e+01
8.343728006604392533e+01
8.346354685018987141e+01
8.359404743385914571e+01
8.422328358147721872e+01
8.498218697570409574e+01
8.507358738449622138e+01
8.517192115763141658e+01
8.560195641431525360e+01
8.571295691076957723e+01
8.607582520037969687e+01
8.610779201001925287e+01
8.630712623488317092e+01
8.639345995434763381e+01
8.654526063328246721e+01
8.655582734720918836e+01
8.658709415371794194e+01
8.671332805163761748e+01
8.683239525083726562e+01
8.703876284049152900e+01
8.730086401274989782e+01
8.745289802606164642e+01
8.836706878139489163e+01
8.852950284122130142e+01
8.857196969782272333e+01
8.877513727316480185e+01
8.880293739750200643e+01
8.909130535390630712e+01
8.914333891996193415e+01
8.917430572512890308e+01
8.919897250211876383e+01
8.921823925495678509e+01
8.950754054886880340e+01
8.973860824899533384e+01
8.977510841224382432e+01
8.977927509754616153e+01
8.997200929289117255e+01
8.997580930988689829e+01
9.011674327355324010e+01
9.012247663252924212e+01
9.022077707218204523e+01
9.026564393951763066e+01
9.028774403836123952e+01
9.033387757802874773e+01
9.043121134669138428e+01
9.047887822655015100e+01
9.065071232841862070e+01
9.065484568023855161e+01
9.068911250016498116e+01
9.072757933887618265e+01
9.078774627464194680e+01
9.084777987647805730e+01
9.096554706986337635e+01
9.109741432631182079e+01
9.133378205014292917e+01
9.141234906820382378e+01
9.142138244193930063e+01
9.147608268658841268e+01
9.151241618242482900e+01
9.151664953469199304e+01
9.166795021139053290e+01
9.167551691189959229e+01
9.186365108667081358e+01
9.187851781982955401e+01
9.193305139706657769e+01
9.208081872462874173e+01
9.208668541753442582e+01
9.264508791501275198e+01
9.270542151819061871e+01
9.278098852283383735e+01
9.278592187823181803e+01
9.306082310773894051e+01
9.313439010343705604e+01
9.313932345883502251e+01
9.322009048673555753e+01
9.338262454700922888e+01
9.338765790285444268e+01
9.376472625597494925e+01
9.376905960868938905e+01
9.383865991997964784e+01
9.391126024468762523e+01
9.393596035515987808e+01
9.396919383713135687e+01
9.399802729942352642e+01
9.419886153099629666e+01
9.425346177519813295e+01
9.434772886347826670e+01
9.444289595578369756e+01
9.458982994628540553e+01
9.463336347432424134e+01
9.464033017214974564e+01
9.467249698268381053e+01
9.477926412687094171e+01
9.478366414655022254e+01
9.479036417651637692e+01
9.484293107829068958e+01
9.490546469130819673e+01
9.501063182833925680e+01
9.507696545835248969e+01
9.512366566722111827e+01
9.517823257794054825e+01
9.522383278188935662e+01
9.523606616993701834e+01
9.536843342862172790e+01
9.562490124235132782e+01
9.563396794956922520e+01
9.567120144943092441e+01
9.567826814770369026e+01
9.570666827472443572e+01
9.582376879846137285e+01
9.585493560452286488e+01
9.587970238195998718e+01
9.595896940315167001e+01
9.596306942148918040e+01
9.602546970057701969e+01
9.604593645878210850e+01
9.606713655360042026e+01
9.630820429845256569e+01
9.631200431544829144e+01
9.640183805056672384e+01
9.645267161125526911e+01
9.646693834173048288e+01
9.662470571401824770e+01
9.665610585445668335e+01
9.666310588576462237e+01
9.672767284120966735e+01
9.673217286133618131e+01
9.683537332290453037e+01
9.719727494152451186e+01
9.730047540309286092e+01
9.730790876967222403e+01
9.741154256651201138e+01
9.752144305804652902e+01
9.757004327541299915e+01
9.757460996250436835e+01
9.767747708924851224e+01
9.773637735268238202e+01
9.782947776907785453e+01
9.790737811749039565e+01
9.791137813538064449e+01
9.794217827313553926e+01
9.806667882996943320e+01
9.812394575276478292e+01
9.814461251186439483e+01
9.819137938769785023e+01
9.834011338625015242e+01
9.838834693531002529e+01
9.843764715580729785e+01
9.844571385855263657e+01
9.849548074780378215e+01
9.854558097187910448e+01
9.856141437602799726e+01
9.870418168122735381e+01
9.871228171745509883e+01
9.875134855884982699e+01
9.891858264014452118e+01
9.900618303194090686e+01
9.901074971903226185e+01
9.904298319653116778e+01
9.904921655774347755e+01
9.906861664451115246e+01
9.908008336246319914e+01
9.912268355299431732e+01
9.915361702467887994e+01
9.918925051738449383e+01
9.920271724428164362e+01
9.923265071149364758e+01
9.928251760119205471e+01
9.931455107779643754e+01
9.934875123075804026e+01
9.938751807081099798e+01
9.941905154517911569e+01
9.946518508484660970e+01
9.950365192355779698e+01
9.954025208725356322e+01
9.956201885127298112e+01
9.966828599322383297e+01
9.971251952439347122e+01
9.972538624860709433e+01
9.999328744680630621e+01
1.000898878788557482e+02
1.001172880014039350e+02
1.001701549045200039e+02
1.002176217834842475e+02
1.002528886078832500e+02
1.003164222253733158e+02
1.003861225371108645e+02
1.003979225898870880e+02
1.004554895140242081e+02
1.006493903812538662e+02
1.008234911599268173e+02
1.008735247170372986e+02
1.009799918598826736e+02
1.010525921845906367e+02
1.011064257586968580e+02
1.011319925397120159e+02
1.011493259505697466e+02
1.012008595143890801e+02
1.012400596897134903e+02
1.012681931488748859e+02
1.014322605493398015e+02
1.015164609259294650e+02
1.016745949665238555e+02
1.017270952013333272e+02
1.017882621415716642e+02
1.018075955613745265e+02
1.018565624470476223e+02
1.019309627798061939e+02
1.019397961526471477e+02
1.019495295295134270e+02
1.019764296498253202e+02
1.020593300206006546e+02
1.020773634345891878e+02
1.021355636948922552e+02
1.022345641376758465e+02
1.022539975579259561e+02
1.023177978432753719e+02
1.023422312858882890e+02
1.023995648756484798e+02
1.024123649328972618e+02
1.025655322846112654e+02
1.026150991729678879e+02
1.027850332663385018e+02
1.027993333302961219e+02
1.028616669424191201e+02
1.028968337663708752e+02
1.029197672022749401e+02
1.029344339345391859e+02
1.029578007057146891e+02
1.030821012616540884e+02
1.031355348339712776e+02
1.031398681866857174e+02
1.031671349753042222e+02
1.043765403844200250e+02
1.047737754944038500e+02
1.049380762292456950e+02
1.050887769032607082e+02
1.050927435876685365e+02
1.051452771559604287e+02
1.053894115811950911e+02
1.054579118875655581e+02
1.054808453234696231e+02
1.055415455949541155e+02
1.056726461813069164e+02
1.057548132154690421e+02
1.057585132320175347e+02
1.057670799369991386e+02
1.059162472708228790e+02
1.059805808918910088e+02
1.060091143528414221e+02
1.061469149691603775e+02
1.061594816920322444e+02
1.066591172600063544e+02
1.067723510997827248e+02
1.069026850160399107e+02
1.069091517116291357e+02
1.071160193035196926e+02
1.071200526548923477e+02
1.073036201425721998e+02
1.073179535400122546e+02
1.074866542945333663e+02
1.075155877572728116e+02
1.076061881624868874e+02
1.076100881799298747e+02
1.076733884630430111e+02
1.076840218439345875e+02
1.086434928018748707e+02
1.087516266188411720e+02
1.088203269261061337e+02
1.089221607148953268e+02
1.089482941651115908e+02
1.090214944925030949e+02
1.090271611845142701e+02
1.091510950721470579e+02
1.092522621912878407e+02
1.092838956661032199e+02
1.092869623464857227e+02
1.096147304791089567e+02
1.096181971612805057e+02
1.098493648618542977e+02
1.098545648851115999e+02
1.101966330816924540e+02
1.102003997652057734e+02
1.102471333075568083e+02
1.102932001802594755e+02
1.104283674514673663e+02
1.107856023825487313e+02
1.107906357383939593e+02
1.110241034492546248e+02
1.110943037632284387e+02
1.110987704498725464e+02
1.112043375886926100e+02
1.120772081593090803e+02
1.137478822981350675e+02
1.138452827337625450e+02
1.138912496060179649e+02
1.139388164854294700e+02
1.141103505859561693e+02
1.142039843380703417e+02
1.143288848966932534e+02
1.144425854052234968e+02
1.146250195545011223e+02
1.149484543344099166e+02
1.149611543912114513e+02
1.151801553707023942e+02
1.154278898120382877e+02
1.154328231674362684e+02
1.154676566565638041e+02
1.154714566735595440e+02
1.155205568931623219e+02
1.155644904229901755e+02
1.156573241715262981e+02
1.157285911569375116e+02
1.157676579983322540e+02
1.158705917920412389e+02
1.160145257691252567e+02
1.160644259923060559e+02
1.161099595292900233e+02
1.161220929168904519e+02
1.161509263791826214e+02
1.162257600472126313e+02
1.165408947899991716e+02
1.178634340384440975e+02
1.181125351525591469e+02
1.182808359052912408e+02
1.183251027699432854e+02
1.184180031854442490e+02
1.184290032346424368e+02
1.184738367684956017e+02
1.185241703269478535e+02
1.186392708417396733e+02
1.186448041998211949e+02
1.187153711821016060e+02
1.187359046072715358e+02
1.187560713641348684e+02
1.187923715264888358e+02
1.188063382556222791e+02
1.188702052079365359e+02
1.189154720770611533e+02
1.189468055505347479e+02
1.195420082126033208e+02
1.198100094112497800e+02
1.198139094286927815e+02
1.198439762298344391e+02
1.199434433413718892e+02
1.200570105159724648e+02
1.200774439406951331e+02
1.202436780175172686e+02
1.205847128761431293e+02
1.206564465303082017e+02
1.215603505730564962e+02
1.221963867510879851e+02
1.226782222394505055e+02
1.231868911811600924e+02
1.233570919423900563e+02
1.233607252919736794e+02
1.234016588083838712e+02
1.234857258510438669e+02
1.235033592632433681e+02
1.235487927997800739e+02
1.238398941017427148e+02
1.239389278780087267e+02
1.239431945637583112e+02
1.239948947949897331e+02
1.240001614852118905e+02
1.241594288642085075e+02
1.242790293991268555e+02
1.244075633073334330e+02
1.244130633319325057e+02
1.244911970147219762e+02
1.245964308187178631e+02
1.246014308410806706e+02
1.246148642344954141e+02
1.247816649805186557e+02
1.248000650628137862e+02
1.249504324020046226e+02
1.251257998530094682e+02
1.252796672078542599e+02
1.255252016393505130e+02
1.257239691950133107e+02
1.258845699133066773e+02
1.259836036895726750e+02
1.260465039708967794e+02
1.260518039946013715e+02
1.261320376867832067e+02
1.261361377051207171e+02
1.261870712662565097e+02
1.262505382167817487e+02
1.263076051386825753e+02
1.263958055331625019e+02
1.264589724823459704e+02
1.264778392333949597e+02
1.272520426960520297e+02
1.277803450589062351e+02
1.279710792453061146e+02
1.281969469221753286e+02
1.282048136240261442e+02
1.284945482532096150e+02
1.285988820531802048e+02
1.287592161036142215e+02
1.287632827884692972e+02
1.288546498637790023e+02
1.290271173018134334e+02
1.290695508249324348e+02
1.290743841798831681e+02
1.292018847501347523e+02
1.292339848937039619e+02
1.292384182468656491e+02
1.292616516841115128e+02
1.292674850435347764e+02
1.292977518455709571e+02
1.293402853691372627e+02
1.295859864680456042e+02
1.296185199468862663e+02
1.296275533206217290e+02
1.297173537222577409e+02
1.297218537423842974e+02
1.297495871997566610e+02
1.298262542093196998e+02
1.298363542544925622e+02
1.299050878952399728e+02
1.304287235705555474e+02
1.306096243796419287e+02
1.320624642108616058e+02
1.321326645248354055e+02
1.322379983292785539e+02
1.322538984003922735e+02
1.323417654600480091e+02
1.323553321873924347e+02
1.323915990162639957e+02
1.324113324378558900e+02
1.325281329602510425e+02
1.325599997694433227e+02
1.325808998629198641e+02
1.326084333193977045e+02
1.327033337438437854e+02
1.327139337912529413e+02
1.327730007220989137e+02
1.327968674955107247e+02
1.328551010892961983e+02
1.329001012905614800e+02
1.329246014001392382e+02
1.329487681748928196e+02
1.329936683757107971e+02
1.330562019887283043e+02
1.330929354863537242e+02
1.331131689101819120e+02
1.331247689620635981e+02
1.331967359506056141e+02
1.332679029355695661e+02
1.333404699267951230e+02
1.359508149350046438e+02
1.363461833699730619e+02
1.370394531373174800e+02
1.389272282471365259e+02
1.402225007069629612e+02
1.402763342810691825e+02
1.403299678542809090e+02
1.409240705114296475e+02
1.411092380062655991e+02
1.417030073285901608e+02
1.417448075155432434e+02
1.418224411960964062e+02
1.421429759630347860e+02
1.421793761258360291e+02
1.422119762716415039e+02
1.422339763700378796e+02
1.422591098157815850e+02
1.422865432718121781e+02
1.423419101861096863e+02
1.424408772954108429e+02
1.424939441994214349e+02
1.426083780445648586e+02
1.426473448855123536e+02
1.426704449888285353e+02
1.428504791273720116e+02
1.430966468950342119e+02
1.431302803787947084e+02
1.432167140987064329e+02
1.456731584185887698e+02
1.459564263521830014e+02
1.460387933872396502e+02
1.460752268835232996e+02
1.462564610274338577e+02
1.463394947321388884e+02
1.466910629712090497e+02
1.469353973973382494e+02
1.470288311485578845e+02
1.470951314450887253e+02
1.471940985543898819e+02
1.474001661427023748e+02
1.475437001179973606e+02
1.480023021691140173e+02
1.484293707458626272e+02
1.486246716193538475e+02
1.486957719373529585e+02
1.487794723117063711e+02
1.488684060427995064e+02
1.489160062556934179e+02
1.490169067069748792e+02
1.491661407077634749e+02
1.492989413017196227e+02
1.493334081225405896e+02
1.495369756996716717e+02
1.495428757260597763e+02
1.495484757511061105e+02
1.501897452858773363e+02
1.502634122820226992e+02
1.503261458959347294e+02
1.504735798886727025e+02
1.506159138586006350e+02
1.506520140200601077e+02
1.507050809240706997e+02
1.508672816495201516e+02
1.510622491881871952e+02
1.511365161870161273e+02
1.511693830006809662e+02
1.512899502065894524e+02
1.513811506144870691e+02
1.514212174603543417e+02
1.514444508976002055e+02
1.515627847601866449e+02
1.518869862101910542e+02
1.519771866136161123e+02
1.520142201125832742e+02
1.522024876212842059e+02
1.522840213192803560e+02
1.523621550020698123e+02
1.524561220890081756e+02
1.525191223707795700e+02
1.525664559158141174e+02
1.525946893754227744e+02
1.528251237393833435e+02
1.529182241557788302e+02
1.529596910079077077e+02
1.532015920898203376e+02
1.532855591320330859e+02
1.533798928872780039e+02
1.537232277561907665e+02
1.539787955658950693e+02
1.540890293922537637e+02
1.541537296816285050e+02
1.542668301874751648e+02
1.543658639637411909e+02
1.544907311888816821e+02
1.546245984542752581e+02
1.548176993179268663e+02
1.549569999409546597e+02
1.556788031692495053e+02
1.562967059328452422e+02
1.567684413760349003e+02
1.568092082250329895e+02
1.570845094563291298e+02
1.573269105404780248e+02
1.574386110400631651e+02
1.613315951182624133e+02
1.613877620361379570e+02
1.626695011021023731e+02
1.626812344879137413e+02
1.661402166250213668e+02
1.665682518727600723e+02
1.666464188890319633e+02
1.667329526093909351e+02
1.667515860260629950e+02
1.668298197092997270e+02
1.668578865014962958e+02
1.673936888978946911e+02
1.677455238048242450e+02
1.677940240217434962e+02
1.680759252825585293e+02
1.682002925054627553e+02
1.683898600199780162e+02
1.684644603536310967e+02
1.685741275107886565e+02
1.691417967163793890e+02
1.691469300726718643e+02
1.692610972499559523e+02
1.693949311818670935e+02
1.695495985402899066e+02
1.695609652577947202e+02
1.696987658741136613e+02
1.699205001991629729e+02
1.699753337777417528e+02
1.700114339392012255e+02
1.703140686260807115e+02
1.703604355001251633e+02
1.704348691663661555e+02
1.706545701489879150e+02
1.709307713843093666e+02
1.709586381756114122e+02
1.709612381872400704e+02
1.709744049127954497e+02
1.712046392758615241e+02
1.713911734434766458e+02
1.715338740817111898e+02
1.717462750316832398e+02
1.717878418842593646e+02
1.721150766811638846e+02
1.722157104645859818e+02
1.722947108179183431e+02
1.724338781070164544e+02
1.737037171197573855e+02
1.738010508884200647e+02
1.738829512547228262e+02
1.740501520025351283e+02
1.743804534798221653e+02
1.744448537678551077e+02
1.744756539056100166e+02
1.744906539726984249e+02
1.745307208185656975e+02
1.747104549557674034e+02
1.747708552259101396e+02
1.748810890522688339e+02
1.749416559898236301e+02
1.749633227533958006e+02
1.750272230391924495e+02
1.750463897915832376e+02
1.751723903551259696e+02
1.755908588934105126e+02
1.756604258712183935e+02
1.756714925873814082e+02
1.757246594918392475e+02
1.757981931540549283e+02
1.758410600124454106e+02
1.758738601591454085e+02
1.759136603371533454e+02
1.759435604708829430e+02
1.759970607101649875e+02
1.761148279035502924e+02
1.762672285851686524e+02
1.763121621194690931e+02
1.763876624571474565e+02
1.764501960701649637e+02
1.765097296697648233e+02
1.766806304341255611e+02
1.767266973068282141e+02
1.767383640256747697e+02
1.768355977938901731e+02
1.771153657118304352e+02
1.771531992143756611e+02
1.772634330407343839e+02
1.773197666260220160e+02
1.773706335201929392e+02
1.774439005145492843e+02
1.774932007350465710e+02
1.775676344012875632e+02
1.775824344674814768e+02
1.776203679704739784e+02
1.776491680992837416e+02
1.776649681699502139e+02
1.776782682294352753e+02
1.777108017082759375e+02
1.777778353414199728e+02
1.778423356299001625e+02
1.778832024793455275e+02
1.779594361536371423e+02
1.780310364738725184e+02
1.780848033810139270e+02
1.786318391609874254e+02
1.789119404137518927e+02
1.791117079738872633e+02
1.792781753850863140e+02
1.794856096461779771e+02
1.794903096671990284e+02
1.795469765873108372e+02
1.795794767326690646e+02
1.796237769308035581e+02
1.798746780529692444e+02
1.798795114079199493e+02
1.799029448460603078e+02
1.800728789394308933e+02
1.801612793348053287e+02
1.801654793535900865e+02
1.802291129715274280e+02
1.803433134822939223e+02
1.805193142694647577e+02
1.807030484245566981e+02
1.810317832281700703e+02
1.813308178989483679e+02
1.817495864385746813e+02
1.818099200417525481e+02
1.818433201911360868e+02
1.818809870262692243e+02
1.819296539106005639e+02
1.819743874440064815e+02
1.820034542406755804e+02
1.820324543703798668e+02
1.822595220526161768e+02
1.824081227172387969e+02
1.824823563825852659e+02
1.826654572015112876e+02
1.827765243649304239e+02
1.829497584730604842e+02
1.829672252178479255e+02
1.830558589475992619e+02
1.832242263672961826e+02
1.832440597893353242e+02
1.833617936492382228e+02
1.835194943545611466e+02
1.837317619706035430e+02
1.837813621924426002e+02
1.837865955491823513e+02
1.838692625855807421e+02
1.839185628060780004e+02
1.839297961896531035e+02
1.839594629890058002e+02
1.839874631142374994e+02
1.840020298460544836e+02
1.840365300003578568e+02
1.840501300611846887e+02
1.840626967840565271e+02
1.840873302275639674e+02
1.841141303474286133e+02
1.841368971159205898e+02
1.842054974227383184e+02
1.842506976248980664e+02
1.842602310008698225e+02
1.842743643974153827e+02
1.842955311587512597e+02
1.843143979098002490e+02
1.843471980565002752e+02
1.844142316896442821e+02
1.846700995006903838e+02
1.848910004886791967e+02
1.849700675089763706e+02
1.849954342890970338e+02
1.850387011492765055e+02
1.850629345909949279e+02
1.850927680577596561e+02
1.851152348249098907e+02
1.851664017204226127e+02
1.852059685640536202e+02
1.852986023116952197e+02
1.853175357297090500e+02
1.853635026019644840e+02
1.854488029834739393e+02
1.855012032178361778e+02
1.855916369556381369e+02
1.856294371247009565e+02
1.861380060659632818e+02
1.862969067766532874e+02
1.864624408503446489e+02
1.864665408686821308e+02
1.865113744025353242e+02
1.865156410882849229e+02
1.865444745505770925e+02
1.867137419742993529e+02
1.867728755721101379e+02
1.869134095339874193e+02
1.871292438326485978e+02
1.871339771871520838e+02
1.872304776187542643e+02
1.872340109678906401e+02
1.874520119429090244e+02
1.875976459275964032e+02
1.877555133003314438e+02
1.877592799838447206e+02
1.879185140293589313e+02
1.879371474460310196e+02
1.879939143665900758e+02
1.881470483848216588e+02
1.884949499408257623e+02
1.885034833123249598e+02
1.885301167647775173e+02
1.886569839988631543e+02
1.886784840950232365e+02
1.887927512727545718e+02
1.890236189719865934e+02
1.890435523944729823e+02
1.890990859761825789e+02
1.892505866537756276e+02
1.892668200597135524e+02
1.892802867866107022e+02
1.892913868362561232e+02
1.893013202140168971e+02
1.894363208178127138e+02
1.894895210557529879e+02
1.894948877464223642e+02
1.895514213326045194e+02
1.896050882392986523e+02
1.897563889159972064e+02
1.898061558052483520e+02
1.899204229829796873e+02
1.899243563339051093e+02
1.902645245219880792e+02
1.906586262846245461e+02
1.907265599217938927e+02
1.907410266531636296e+02
1.908117936363385354e+02
1.908774939301858069e+02
1.910176612237565337e+02
1.910257279265018440e+02
1.910896282122985497e+02
1.912901957760119274e+02
1.912944957952439324e+02
1.916631641107949520e+02
1.917961980391280292e+02
1.920258990664753753e+02
1.920841326602608774e+02
1.924084007772301277e+02
1.924933011569505936e+02
1.925110679030797769e+02
1.925336346706772588e+02
1.926589352310892025e+02
1.927520356474846608e+02
1.929764033176450369e+02
1.930036034392987006e+02
1.930150368237683267e+02
1.932848380304654086e+02
1.932926047318689768e+02
1.933393382742200117e+02
1.936358729338168985e+02
1.940887082924751326e+02
1.944424098744201217e+02
1.944891434167711566e+02
1.949461121272493074e+02
1.950140457644186540e+02
1.951021461584513190e+02
1.951834798555529744e+02
1.951877798747849795e+02
1.957120488862665582e+02
1.963053848733196673e+02
1.965258858595194624e+02
1.965609860165063481e+02
1.969783878833535198e+02
1.973295227871522286e+02
1.973577895802432920e+02
1.973872897121838719e+02
1.984270610292708739e+02
1.984316610498446209e+02
1.985411948730725271e+02
1.986609954088853840e+02
1.987197956718720206e+02
1.993373984341259302e+02
2.015625750529872278e+02
2.017144090654044817e+02
2.018664764121986650e+02
2.020075103763122684e+02
2.021454776600432979e+02
2.022096779471817456e+02
2.026136797540965802e+02
2.026539132673759696e+02
2.027185135563034351e+02
2.027872471970508172e+02
2.030656151087295314e+02
2.031611488693415311e+02
2.032928494583778729e+02
2.032972494780571537e+02
2.034308500755913656e+02
2.035309838567771976e+02
2.035362838804817613e+02
2.036331843138729596e+02
2.037311180852191512e+02
2.039291856377511465e+02
2.041924534818941765e+02
2.042041202007407037e+02
2.050424239500889882e+02
2.058504275639186005e+02
2.059552946996078902e+02
2.059882948472024111e+02
2.060687618737611899e+02
2.064247301325106321e+02
2.064303301575569947e+02
2.064452968911629966e+02
2.065717641234596158e+02
2.067472649083941576e+02
2.068881655385780505e+02
2.070200327950264807e+02
2.072178670131815466e+02
2.072589338635214062e+02
2.073272675024797707e+02
2.073663343438744846e+02
2.073850344275114139e+02
2.075224017085589310e+02
2.077930695857988894e+02
2.078442698147940177e+02
2.079110367800787174e+02
2.079636370153354505e+02
2.084345391214646384e+02
2.089275746599198555e+02
2.090772086624974406e+02
2.090811086799404563e+02
2.091195088516868168e+02
2.108839500765566299e+02
2.109533837204348288e+02
2.111291511732287063e+02
2.111803847357062693e+02
2.115830865368067464e+02
2.116202867031860251e+02
2.129407259422386005e+02
2.152594696462492152e+02
2.156509380637745892e+02
2.157434718109689413e+02
2.178085810472555863e+02
2.181811827137319710e+02
2.183300833796963900e+02
2.184254838063787361e+02
2.184889507569039608e+02
2.188137855430743457e+02
2.190459199146382900e+02
2.190748867108601416e+02
2.195242553873468125e+02
2.203184922729375330e+02
2.203316589984929408e+02
2.205341265707042169e+02
2.206062935601407275e+02
2.206394270416649306e+02
2.207125607020915936e+02
2.209611284804879574e+02
2.215007975608469621e+02
2.253894149528493642e+02
2.255579490399583733e+02
2.268492548153769803e+02
2.273718238192551553e+02
2.275854914415591281e+02
2.281804274357683369e+02
2.282361276848900218e+02
2.293564993624654278e+02
2.302812368317254084e+02
2.304979044674470572e+02
2.337437189844870034e+02
2.347126233179517669e+02
2.347326567408854316e+02
2.348319905184931997e+02
2.360248291868469153e+02
2.360335292257581727e+02
2.381379719712988674e+02
2.382733392434012956e+02
2.390075425271559197e+02
2.390642094472677286e+02
2.393891775673677671e+02
2.403025149856405562e+02
2.426364920911165370e+02
2.426622255395437833e+02
2.426672255619065766e+02
2.427891594405942612e+02
2.428061261831453805e+02
2.428145595541973023e+02
2.428281929485065689e+02
2.428530263929085038e+02
2.428650597800616424e+02
2.428870265449756118e+02
2.429033599513607555e+02
2.429186600197909627e+02
2.429364267659201460e+02
2.429490934892392318e+02
2.429778936180489950e+02
2.430031603977224108e+02
2.430254271639780939e+02
2.430483272663997525e+02
2.430691273594290465e+02
2.430982274895805801e+02
2.431359609916785587e+02
2.431877945568396626e+02
2.432146280101867148e+02
2.432326280906928275e+02
2.432416947979106965e+02
2.432698615905545125e+02
2.433017283997468212e+02
2.433367952232513005e+02
2.433611619988994050e+02
2.433813620892451297e+02
2.434036955224656822e+02
2.434271622940884470e+02
2.434684624788052361e+02
2.435093293282506011e+02
2.436416632534528617e+02
2.436662300299954609e+02
2.436772967461584756e+02
2.438581308882799874e+02
2.440319649990935886e+02
2.440830652276414980e+02
2.440887652531351080e+02
2.442211991787846443e+02
2.442636993688685152e+02
2.446191009584168228e+02
2.448185018502456103e+02
2.448251685467293441e+02
2.461373410821420293e+02
2.463864755297395277e+02
2.464018422651345475e+02
2.464206756827011020e+02
2.465508762650286201e+02
2.465553096181903072e+02
2.465893097702573868e+02
2.465949097953037494e+02
2.466137765463527387e+02
2.466301099527379108e+02
2.466745768182844927e+02
2.467163770052375469e+02
2.467415104509812238e+02
2.467496771541738383e+02
2.467603438685478068e+02
2.467708772489921216e+02
2.468546109568279405e+02
2.468644110006590608e+02
2.470203783648962315e+02
2.470367117712814036e+02
2.471533789597468740e+02
2.473336464326673081e+02
2.473977800528409148e+02
2.474033134109224363e+02
2.474209134896395028e+02
2.475544140867264389e+02
2.475798475338119147e+02
2.475843142204560365e+02
2.476694812680358666e+02
2.476884480195320748e+02
2.491343878198911170e+02
2.495459896607974031e+02
2.496682902077916424e+02
2.502814929503663279e+02
2.514037646364396323e+02
2.524586360210622615e+02
2.538108420688598699e+02
2.553562156472738991e+02
2.553966824949301895e+02
2.554247492871267582e+02
2.558244510748095877e+02
2.565211875243255122e+02
2.572211573216360989e+02
2.575558921520848230e+02
2.580434609994234165e+02
2.582396952104223828e+02
2.582940954537297102e+02
2.585507299348714128e+02
2.591633326747625006e+02
2.599599362376049498e+02
2.651466927689218096e+02
2.679468386260235206e+02
2.721887242646995446e+02
2.740059657257205572e+02
2.822399692193090459e+02
2.842228447544687242e+02
2.842484448689663168e+02
2.847125469446820603e+02
2.864126878819661783e+02
2.866895224534536055e+02
2.873103918969845836e+02
2.879950282923825284e+02
2.907374738914174941e+02
2.920140462676070001e+02
2.953027276430374286e+02
2.961028978884986600e+02
2.970847689466242514e+02
2.992971121747543748e+02
3.042434009639026726e+02
3.058458414642174716e+02
3.082875190513884149e+02
3.084663531845648095e+02
3.089384219625786159e+02
3.090401557509205190e+02
3.091144894167142638e+02
3.091321894958785492e+02
3.091574896090343714e+02
3.091840897280044942e+02
3.092187898832024189e+02
3.092769568100230799e+02
3.093039235972997858e+02
3.093284903738423850e+02
3.093505238057211955e+02
3.094273908161787290e+02
3.095203578986445336e+02
3.095500913649620429e+02
3.095973915765142124e+02
3.096142583186180559e+02
3.097096920787827798e+02
3.097576922934657659e+02
3.097723590257299975e+02
3.097961257986945611e+02
3.098537927232789571e+02
3.101523940587857737e+02
3.102940946925477306e+02
3.103974284880457617e+02
3.104048285211427469e+02
3.105108956621990615e+02
3.105650959046118942e+02
3.106127294509882404e+02
3.107249632862920521e+02
3.108103970017311894e+02
3.108264970737394037e+02
3.112704990595566983e+02
3.113880995855299147e+02
3.113920996034202062e+02
3.114560998896641308e+02
3.116192672861037636e+02
3.116244006423962105e+02
3.116673675012339118e+02
3.117232344177677419e+02
3.117893347134040027e+02
3.118299348949900036e+02
3.128784395844706978e+02
3.134359754114061047e+02
3.164794223566819937e+02
3.165141225118799184e+02
3.165143891797392826e+02
3.167251234555903352e+02
3.172407590951254406e+02
3.178158283338131014e+02
3.190323004412016985e+02
3.200902718396892510e+02
3.272805373317830231e+02
3.351486391888612388e+02
3.355407076090701821e+02
3.385620211220200417e+02
3.484663320861279203e+02
3.496204372479110702e+02
3.498175047959704784e+02
3.499168052400958686e+02
3.499848055442300279e+02
3.501052727496912667e+02
3.501305395293646825e+02
3.502239066136194765e+02
3.503337071047067184e+02
3.505918415925572731e+02
3.506468418385481414e+02
3.506721419517039635e+02
3.506984087358498527e+02
3.507540423180067251e+02
3.507623423551289648e+02
3.507849757896912593e+02
3.508134759171592805e+02
3.508242092984981468e+02
3.508409093731898452e+02
3.509010763089556804e+02
3.509251430832619576e+02
3.509458431758440042e+02
3.510979438561205939e+02
3.511618108084348933e+02
3.511804775585893594e+02
3.512184110615818327e+02
3.512580112386952464e+02
3.512660446079581789e+02
3.512947114028382316e+02
3.513147781592543311e+02
3.513463116336224061e+02
3.513511783220555458e+02
3.513681117311243156e+02
3.514156786105357355e+02
3.514260786570504251e+02
3.514601121425999395e+02
3.514769122177389704e+02
3.514960456366472954e+02
3.515164790613699211e+02
3.515241457623262704e+02
3.515435458490940164e+02
3.515629792693441118e+02
3.515727459796927974e+02
3.515799793453776374e+02
3.516502463263162781e+02
3.516621130460573568e+02
3.517143799464898848e+02
3.517701135290939760e+02
3.517858469327956072e+02
3.518037470128545010e+02
3.518333471452422714e+02
3.518500805534164897e+02
3.518689473044655074e+02
3.518990141056071366e+02
3.519048141315479938e+02
3.519364142728809384e+02
3.519473476551142994e+02
3.519738811071195528e+02
3.520082145940108376e+02
3.520197479789277395e+02
3.520270813450598553e+02
3.520366480545139893e+02
3.520888816214641110e+02
3.521088150439505853e+02
3.521238151110389936e+02
3.521415485236856853e+02
3.521755486757528502e+02
3.522025487965119623e+02
3.522337489360559175e+02
3.522601157206490825e+02
3.523237493385864241e+02
3.523373827328956622e+02
3.523813162627235442e+02
3.523871162886643447e+02
3.524090163866134731e+02
3.524372498462221301e+02
3.524669833125396394e+02
3.524798167032708420e+02
3.525131835191719460e+02
3.525185835433238140e+02
3.525256169081141593e+02
3.525443169917510318e+02
3.525841171697589402e+02
3.525911505345493424e+02
3.526035172565266862e+02
3.526698175530574986e+02
3.526792509285820074e+02
3.527317178299090301e+02
3.532639535436886717e+02
3.532906536631060703e+02
3.533332871871195948e+02
3.533689206798251803e+02
3.533867207594367983e+02
3.534347543076021338e+02
3.534399209973771008e+02
3.534662211150054532e+02
3.535838549744610759e+02
3.535898550012964279e+02
3.536248551578361230e+02
3.536327218596869102e+02
3.536815887449128013e+02
3.536974221490616515e+02
3.537460223664281216e+02
3.538108226562501386e+02
3.538842229845361089e+02
3.539146897874668412e+02
3.539910567956881096e+02
3.539972901569004193e+02
3.540408570184216615e+02
3.541459241550054458e+02
3.541657909105269937e+02
3.541861243348024004e+02
3.541944910388895096e+02
3.542594246626412087e+02
3.543147915769386600e+02
3.543819918774947269e+02
3.543866252315509655e+02
3.544785589760618336e+02
3.545173591495972119e+02
3.546076928869518952e+02
3.546122595740432644e+02
3.546566931061074115e+02
3.546740931839299833e+02
3.547291934303681273e+02
3.548110271297060194e+02
3.548449939482907212e+02
3.550490615276581252e+02
3.552022288793721145e+02
3.553221960825970314e+02
3.553998630966326573e+02
3.557042311245979249e+02
3.560502660055865931e+02
3.562729003346612444e+02
3.563930675387806559e+02
3.564478344503946232e+02
3.567709025619968202e+02
3.571821377345964947e+02
3.593355140323278647e+02
3.600010170088175414e+02
3.606114530723514235e+02
3.644292368142141072e+02
3.648101385178127316e+02
3.671516489903153797e+02
3.678522521237919136e+02
3.680943532065990098e+02
3.683848211723956751e+02
3.685090883948527107e+02
3.687768562591222121e+02
3.703552299851307907e+02
3.706977981839478957e+02
3.711295001147526591e+02
3.711561335672051882e+02
3.726035067073082701e+02
3.726076733926105931e+02
3.727683407778687865e+02
3.734219437011349214e+02
3.735518109486382627e+02
3.735951111423001976e+02
3.737136450057810748e+02
3.737795786340053610e+02
3.762682564313865328e+02
3.766181579963358672e+02
3.766748915834124318e+02
3.769553261710011043e+02
3.773330611937699928e+02
3.774913285682940227e+02
3.806790428254781773e+02
3.822491165143644594e+02
3.954710423166421833e+02
3.961286785912809592e+02
3.981739877390108973e+02
3.984761890906190160e+02
4.034562780309397567e+02
4.037084791589197721e+02
4.090788031779164839e+02
4.174842741050668451e+02
4.186083791326731784e+02
4.192778487935706266e+02
4.246019059389701624e+02
4.252474754929734218e+02
4.259968788447109205e+02
4.268024491143240198e+02
4.297874624649199404e+02
4.319446387796470503e+02
4.345566837954599464e+02
4.348726518753069854e+02
4.355171880913551945e+02
4.489599148811744840e+02
4.489724482705639161e+02
4.535072685527355247e+02
4.543247388755721090e+02
4.550958423243642414e+02
4.551466758850527867e+02
4.551783093598681376e+02
4.552315429312907895e+02
4.552715097767108432e+02
4.553304433736271335e+02
4.554938441044436672e+02
4.555341109512054913e+02
4.557504119186205571e+02
4.558926792215835917e+02
4.560321131785410671e+02
4.560946467915586027e+02
4.561295469476510220e+02
4.561594804148629692e+02
4.562444807950307677e+02
4.563398145547482727e+02
4.563582479705258379e+02
4.564651484486426511e+02
4.568609835523648712e+02
4.579911886072537754e+02
4.592363608430048885e+02
4.596780961520176447e+02
4.599871642010040205e+02
4.614787042053118284e+02
4.622302408999241834e+02
4.633273458067713477e+02
4.654445886095608103e+02
4.667754945620928311e+02
4.669652620775025866e+02
4.671356295061446531e+02
4.673454304444880449e+02
4.676278650410218347e+02
4.678964995758341843e+02
4.679298330582529388e+02
4.745607293818781613e+02
4.748280972443586734e+02
4.780115448157931723e+02
4.869587514992125534e+02
4.884564581977677449e+02
4.886575924306823140e+02
4.899909650609133109e+02
4.901802325740867445e+02
4.902407328446766996e+02
4.908696023239882038e+02
4.918126732085784738e+02
4.921277746178826078e+02
4.924520094013694234e+02
4.938482156459597263e+02
4.952345885132364742e+02
4.954225226871132008e+02
4.972943977258185555e+02
4.989815052714769763e+02
4.992379730852065336e+02
5.003734781638000300e+02
5.005855791124303096e+02
5.026996219009076299e+02
5.028232557871986614e+02
5.029266895831439115e+02
5.034275251564851033e+02
5.036659262227437353e+02
5.038503937144488987e+02
5.053278336556936097e+02
5.062720378786861488e+02
5.071806419424554520e+02
5.091522507605575925e+02
5.091875509184390012e+02
5.095862527016492436e+02
5.096388529369059484e+02
5.111323929501589305e+02
5.113880940937928585e+02
5.113980941385184451e+02
5.114787611659717754e+02
5.116323618529572173e+02
5.117678957924717338e+02
5.124816989849861102e+02
5.135493370933751294e+02
5.136018706616669078e+02
5.138058049071046298e+02
5.139277721192746640e+02
5.143200738738605651e+02
5.148414095388893656e+02
5.149641100876725659e+02
5.149706767837089956e+02
5.150769772591423816e+02
5.153887786536869271e+02
5.165232170608431943e+02
5.165443504886965229e+02
5.165534838628792613e+02
5.166420175921833788e+02
5.167479180658276618e+02
5.172584870160351329e+02
5.182871916169590349e+02
5.183559252577065308e+02
5.183682919796838178e+02
5.188930276599191984e+02
5.201629000061426495e+02
5.213980721971680623e+02
5.214762392134399533e+02
5.216031064475256471e+02
5.217245403239769530e+02
5.222570093721334388e+02
5.227942784417583653e+02
5.228153785361294013e+02
5.233269474908095162e+02
5.233275474934929434e+02
5.234236812567885408e+02
5.234239479246479050e+02
5.235366484287055755e+02
5.236542156211962720e+02
5.240167839094647206e+02
5.240729508273402644e+02
5.248953211720923946e+02
5.249674214945640642e+02
5.250024216511036457e+02
5.250635552578596617e+02
5.251046554416818708e+02
5.251158221582921897e+02
5.251528889907417579e+02
5.252122225894471512e+02
5.252560561188277006e+02
5.253254897627058426e+02
5.253904567199399480e+02
5.253994900936753538e+02
5.254374902636327533e+02
5.254737570925043428e+02
5.255153239450804676e+02
5.255235239817554884e+02
5.256120577110596059e+02
5.256636912753261868e+02
5.256883580523160617e+02
5.256961580872019795e+02
5.257434582987541489e+02
5.259259924484790645e+02
5.259624259447626855e+02
5.259780593480170410e+02
5.260196928675580921e+02
5.260710597639653088e+02
5.260942598677287378e+02
5.261153599620996602e+02
5.262828607112537611e+02
5.262886940706771384e+02
5.264806949294088554e+02
5.265293284802578455e+02
5.266146621952497071e+02
5.266947292200194397e+02
5.267580295031325477e+02
5.269833305108006698e+02
5.270251640312361587e+02
5.271104644127457277e+02
5.272087981858808234e+02
5.273817322926691986e+02
5.274432325677316840e+02
5.276728002611494048e+02
5.277646340052128835e+02
5.279295680762206757e+02
5.279770682886673967e+02
5.281591691031208029e+02
5.282776362996369244e+02
5.283798700902150358e+02
5.284234369517364485e+02
5.286456046120571273e+02
5.286710713926249809e+02
5.287848385681201080e+02
5.288242054108566208e+02
5.289142391468695905e+02
5.289451726185541247e+02
5.290531397681082808e+02
5.291329067915363566e+02
5.298836768160530255e+02
5.302197449857984566e+02
5.315181841264546847e+02
5.320996867272492636e+02
5.323414878087145325e+02
5.336818271367710622e+02
5.341705959894766238e+02
5.342440296512451141e+02
5.343402634149879304e+02
5.343467634440596612e+02
5.344358305090823933e+02
5.344818973817850747e+02
5.346157313136961875e+02
5.346292313740758573e+02
5.348086655099356221e+02
5.400094887708332863e+02
5.404241906256044103e+02
5.454956799747174045e+02
5.459233152206670638e+02
5.464516509170038034e+02
5.471994875950675805e+02
5.483833928901331092e+02
5.485591603429269298e+02
5.486688275000844897e+02
5.487736279688090235e+02
5.518485750549705244e+02
5.520213758278292744e+02
5.590714740263521207e+02
5.598406774666464116e+02
5.599488112836127129e+02
5.600968452790342553e+02
5.624824226152943538e+02
5.624892893126726676e+02
5.626255899222827566e+02
5.628799910601024976e+02
5.643558976611558364e+02
5.644650314825947817e+02
5.645171317156151645e+02
5.645550985520900440e+02
5.646029987663257543e+02
5.646811324491152391e+02
5.647023992108983066e+02
5.647266659860991922e+02
5.647503660920989432e+02
5.647625328131817923e+02
5.649285335556269274e+02
5.650423673980868671e+02
5.650890009399906830e+02
5.651044343423504870e+02
5.651568679101951602e+02
5.652211348642983921e+02
5.652672350704834798e+02
5.653322353611999915e+02
5.655019027867112982e+02
5.655500363353239663e+02
5.656127032822710134e+02
5.657165704134878297e+02
5.657382371770598866e+02
5.658515710172836179e+02
5.659228046692123826e+02
5.659931383171158359e+02
5.660613719556268961e+02
5.664903072073909698e+02
5.669918427838629214e+02
5.670936765726521571e+02
5.672391438899273908e+02
5.685359830234274341e+02
5.685661498250163959e+02
5.686881170371865437e+02
5.687307172277176051e+02
5.688731511980928417e+02
5.688856845874821602e+02
5.692386194993315485e+02
5.717655641345295408e+02
5.728273022165303701e+02
5.787557620651460866e+02
5.861525951477885883e+02
5.868877651025333080e+02
5.903580472901809344e+02
5.957596714491687635e+02
5.959399055886067345e+02
6.065082861894601365e+02
6.069417214613507667e+02
6.069520881743829932e+02
6.072529228532118850e+02
6.093742656743389716e+02
6.164792641184055810e+02
6.213794193678862712e+02
6.215967536732563303e+02
6.274034463105963368e+02
6.278707817341067994e+02
6.292104210590324556e+02
6.333374728507759528e+02
6.333480728981851371e+02
6.333580729429107805e+02
6.333745063497432284e+02
6.335587405070714340e+02
6.336399075367610294e+02
6.336596742918353584e+02
6.336979744631343010e+02
6.345063447452706669e+02
6.345653783426341761e+02
6.345953784768109927e+02
6.346217119279218650e+02
6.346586787599242143e+02
6.349240799469420153e+02
6.351392475759547551e+02
6.352684481538096861e+02
6.353456151656090469e+02
6.353728486207451169e+02
6.354233821800918349e+02
6.355022158660121931e+02
6.355190159411512241e+02
6.355560827736007923e+02
6.355792162103994087e+02
6.355950496145482020e+02
6.357580503435757464e+02
6.358379507009334475e+02
6.358611508046968765e+02
6.360048847808864139e+02
6.360932185092959799e+02
6.361109852554251347e+02
6.361949856311202893e+02
6.362226190880453487e+02
6.362555525686751707e+02
6.363097528110878329e+02
6.363935531858885497e+02
6.364101865936155491e+02
6.365188204128180587e+02
6.365675206306318614e+02
6.367066545862476232e+02
6.367189213077775776e+02
6.367715215430343960e+02
6.368194217572701064e+02
6.368964554351397283e+02
6.369662557473245670e+02
6.370090892722325862e+02
6.371679899829225633e+02
6.372166568672539597e+02
6.372928572080630829e+02
6.374750913564462280e+02
6.375092581759254244e+02
6.375886585310466899e+02
6.376278920398536911e+02
6.377703593437111067e+02
6.378260262593504422e+02
6.378869598652117929e+02
6.379727602489575702e+02
6.379860269749602821e+02
6.379937270093989810e+02
6.380464272451029046e+02
6.380823940726327237e+02
6.381794611734360387e+02
6.381973612534949325e+02
6.383215284755046923e+02
6.383314951867478158e+02
6.384526290618573512e+02
6.385195293610718181e+02
6.399754025391915775e+02
6.407511726755222981e+02
6.453664599842527423e+02
6.558076733496787938e+02
6.571537793701938881e+02
6.574405139859595693e+02
6.575619811958933951e+02
6.732395513144754204e+02
6.832152292644417457e+02
7.136189319129282467e+02
7.136306652987397001e+02
7.136376319965651192e+02
7.136445320274259529e+02
7.275340941490680962e+02
7.275405275111747869e+02
7.284320314984634024e+02
7.284572649446542982e+02
7.289003335929638752e+02
7.523535051549122272e+02
7.532198090294921258e+02
7.535266770686388327e+02
7.681964760132558467e+02
7.718781258129204161e+02
7.878126637474683776e+02
7.909234109937475523e+02
7.922476169163135182e+02
7.923431506769255748e+02
7.946085941425485544e+02
7.953748975698724735e+02
7.956089652834167509e+02
7.957798993812598383e+02
7.960391005405477927e+02
7.961961345762223345e+02
7.965344360892897839e+02
7.976798078786794122e+02
8.010073894280923241e+02
8.011625901222339508e+02
8.183981338755842216e+02
8.192230042315177343e+02
8.211143460239555907e+02
8.220729836448354035e+02
8.268330382677103216e+02
8.314156587636703080e+02
8.315367926387799571e+02
8.323836297596274107e+02
8.350811751578441999e+02
8.353489763555962782e+02
8.378915877275310322e+02
8.380892552782739813e+02
8.385841241582622843e+02
8.388260252401748858e+02
8.395042616069483756e+02
8.425437752012988994e+02
8.426223422193597798e+02
8.429441769921124887e+02
8.433732789112885939e+02
8.435673464459304114e+02
8.450105862342135197e+02
8.457371894839766355e+02
8.459473237571442041e+02
8.471116622980298416e+02
8.504026103502646947e+02
8.541326936998838164e+02
8.544408950783272303e+02
8.546157625270958533e+02
8.549384639703913535e+02
8.551116980785213855e+02
8.575783424440238605e+02
8.580651112877843616e+02
8.594029506046595088e+02
8.613023924333251671e+02
8.615809270124158274e+02
8.616736274270223248e+02
8.617756278832235921e+02
8.638427371284552692e+02
8.647520078618730395e+02
8.653230770826704656e+02
8.655392113826734430e+02
8.663869151740636880e+02
8.665113490639328120e+02
8.666067494906151296e+02
8.666819164934694300e+02
8.667747502420054388e+02
8.668376838568120775e+02
8.670697182279287745e+02
8.673637195428617588e+02
8.676117206520571017e+02
8.678994886057777194e+02
8.688660595954733026e+02
8.688996930792337707e+02
8.690779605432090875e+02
8.694246287603635892e+02
8.695257958795044715e+02
8.696203629691262904e+02
8.696741298762676706e+02
8.696956299724278097e+02
8.697057633510830783e+02
8.697347968142697709e+02
8.697398968370798684e+02
8.701582987083995704e+02
8.701699654272460975e+02
8.701835321545904662e+02
8.704079998251980896e+02
8.704218332204019362e+02
8.706160340889733789e+02
8.707003677994927102e+02
8.708197350000341430e+02
8.716543720663162276e+02
8.718229061534252651e+02
8.718950731428618610e+02
8.722283079666017329e+02
8.722729748330427810e+02
8.723994420653394855e+02
8.724541423099885833e+02
8.725000425152791195e+02
8.726681432671166476e+02
8.730395782617084706e+02
8.735226137554379875e+02
8.735608472597722312e+02
8.736170475111301812e+02
8.754335223020556214e+02
8.756938901332282512e+02
8.757611904342315938e+02
8.773313974570476148e+02
8.773575309072639357e+02
8.775445317436327741e+02
8.778986999943317642e+02
8.783097018325544241e+02
8.784755359075875276e+02
8.802457438249158486e+02
8.803083441048981967e+02
8.803299108680231484e+02
8.805767786388161085e+02
8.808716466242921115e+02
8.815839831435799852e+02
8.821026521300152581e+02
8.822023192424471745e+02
8.823224531130841797e+02
8.824998205730341851e+02
8.833841578616026027e+02
8.834210580266402530e+02
8.836712258121925743e+02
8.836715258135343447e+02
8.841473946085440048e+02
8.843717622787044093e+02
8.849930983909890756e+02
8.854083669149615616e+02
8.864986051244304690e+02
8.883100465595106243e+02
8.883611467880585906e+02
8.885477809561209597e+02
8.886048145445392947e+02
8.891716170795872358e+02
8.891887504895503298e+02
8.892296506724781011e+02
8.892370507055751432e+02
8.892575841307450446e+02
8.893313177938551917e+02
8.893733513151852321e+02
8.894278515589397784e+02
8.894686184079379245e+02
8.894923851809024882e+02
8.895516854461253615e+02
8.898471201008023854e+02
8.899378871734286349e+02
8.899633539539963749e+02
8.900132541771773731e+02
8.901126212882674054e+02
8.903157555301271486e+02
8.903538223670493608e+02
8.905152897558855329e+02
8.905649233112070533e+02
8.906138235299152939e+02
8.906642237553323866e+02
8.910512254862136388e+02
8.912578930772095873e+02
8.912749931536905024e+02
8.914064937418323780e+02
8.915539277345702658e+02
8.915622277716925055e+02
8.915671944605728640e+02
8.915775945070874968e+02
8.916702949216939942e+02
8.918688291429798483e+02
8.918854625507067340e+02
8.920237298357797044e+02
8.921782638602728639e+02
8.921926305911953250e+02
8.922489975099653066e+02
8.922636642422295381e+02
8.923886648012996829e+02
8.925201987229240785e+02
8.925565322187603670e+02
8.927619998043893474e+02
8.928383001456458032e+02
8.929208671815970320e+02
8.930882345968212803e+02
8.941273059107775225e+02
8.947561420566065635e+02
8.949395762103567904e+02
8.950251765932080161e+02
8.951249770395695577e+02
8.954622118811997780e+02
8.955112787673200501e+02
8.979193562042129315e+02
8.980715568849367401e+02
8.983007912435301705e+02
8.986788596011233494e+02
8.988191602286236730e+02
8.990198944597491391e+02
8.998201647056577031e+02
9.008626360348206390e+02
9.009157696057960720e+02
9.012780712262050429e+02
9.013641382778101843e+02
9.015957393136553719e+02
9.017802734723253479e+02
9.019369408396933068e+02
9.020671747555032880e+02
9.023526426989371885e+02
9.025507435849515332e+02
9.026827775088120234e+02
9.031373795420385022e+02
9.031588129712337150e+02
9.041887175775248124e+02
9.043397515863639455e+02
9.044591187869053783e+02
9.044971189568626642e+02
9.046670197167509286e+02
9.050884882684531476e+02
9.056162572955886390e+02
9.059871256209793273e+02
9.060440258754679235e+02
9.062602601759182335e+02
9.072191977981398168e+02
9.083121026862022518e+02
9.083875696903982089e+02
9.111400486676410537e+02
9.113278161741056920e+02
9.122174868198611648e+02
9.123292206529287114e+02
9.126289553268378540e+02
9.148088650765745342e+02
9.152206669183752865e+02
9.153675675753946734e+02
9.158092362174425034e+02
9.164567057799436043e+02
9.182154803128023559e+02
9.182873139674146614e+02
9.185141149817916357e+02
9.192994518275766040e+02
9.194360524385283497e+02
9.202527560912692479e+02
9.203280230945707672e+02
9.203944567250312048e+02
9.205888575944973127e+02
9.214893949555212203e+02
9.229525348328082828e+02
9.247474761940912913e+02
9.247842430251990891e+02
9.248858434796113670e+02
9.249111102592847828e+02
9.251332445861230553e+02
9.253096787085652295e+02
9.265905844374691469e+02
9.266500513701041655e+02
9.268052520642457921e+02
9.269365859849754088e+02
9.271597203162864389e+02
9.275873888957183908e+02
9.278008565171279542e+02
9.281102245674559299e+02
9.282563918878620370e+02
9.282764919777605428e+02
9.288345944738971411e+02
9.291763960026186169e+02
9.292828631454639208e+02
9.293765302310605421e+02
9.296544648074678889e+02
9.298623657373133256e+02
9.299383994107104172e+02
9.300863667391670333e+02
9.303269678152654478e+02
9.306423358924288323e+02
9.308080366335323106e+02
9.309062370727377811e+02
9.313832058726671903e+02
9.315948068190612048e+02
9.316480403904838568e+02
9.318077744382343326e+02
9.318908414764217696e+02
9.321328092252992974e+02
9.322197429474472301e+02
9.324261772040664482e+02
9.326019446568602689e+02
9.326693116248284241e+02
9.327984455357185425e+02
9.331261470013769213e+02
9.331795472402117184e+02
9.332858477156449908e+02
9.335739823376724189e+02
9.337009162387228116e+02
9.339423839853640175e+02
9.340469844531938861e+02
9.340754512471795579e+02
9.343395524283830582e+02
9.343671192183433050e+02
9.344779530473854265e+02
9.346098869707986978e+02
9.346984540335853353e+02
9.353307235281034764e+02
9.356365582292951331e+02
9.357506254061320305e+02
9.358027256391525270e+02
9.358902926974664069e+02
9.360270599758305252e+02
9.361072603345298830e+02
9.364164283839634209e+02
9.365759957643017515e+02
9.366878295978166307e+02
9.368213635283859730e+02
9.370395978377813435e+02
9.375996670093805960e+02
9.376903007480771066e+02
9.377534676972605894e+02
9.377986012324554395e+02
9.378969016721082426e+02
9.379764686946417669e+02
9.385154044383875771e+02
9.387124719864468716e+02
9.389421730137942177e+02
9.390148733389495419e+02
9.391984741601118003e+02
9.395136089028983406e+02
9.397178431496777193e+02
9.398814772148712109e+02
9.400791780990966799e+02
9.439755621925025935e+02
9.441283628759100566e+02
9.446569319066235266e+02
9.449298997941504012e+02
9.451785675729939840e+02
9.453163015223481125e+02
9.459760044728969888e+02
9.460565381664205233e+02
9.461656719878594686e+02
9.464713733551215000e+02
9.466012406026247845e+02
9.466577741888069113e+02
9.469195086927586544e+02
9.480499137485421670e+02
9.482532813247786407e+02
9.493479862208916984e+02
9.494426199774784436e+02
9.495888872983317697e+02
9.496514875783141179e+02
9.498897219771606615e+02
9.500689561121261022e+02
9.502266568174489976e+02
9.502833237375608633e+02
9.505404915544211235e+02
9.506923922338032753e+02
9.508536262882627170e+02
9.509077931971929729e+02
9.511162941297221778e+02
9.525483672013948535e+02
9.529720024294543919e+02
9.531433698625689885e+02
9.533063039246316066e+02
9.536792055924498754e+02
9.540517739254438538e+02
9.544095755257262681e+02
9.546665766751746105e+02
9.549433779131795745e+02
9.550590450971725431e+02
9.551219120450141418e+02
9.612605061667975406e+02
9.614602070599679564e+02
9.617549083780318142e+02
9.629511137281098172e+02
9.633182487034696351e+02
9.634499826259882411e+02
9.637115504625279527e+02
9.639495181935152459e+02
9.642331861288984101e+02
9.645622876008184221e+02
9.649693894215981800e+02
9.653628578480686429e+02
9.656232256792412727e+02
9.658717601241552302e+02
9.661654614377464441e+02
9.664256626015070424e+02
9.665200296902343098e+02
9.685151386134417635e+02
9.689004736702020182e+02
9.695119764051733000e+02
9.712044173080187193e+02
9.715495188514996698e+02
9.716314525512848377e+02
9.717973532932828675e+02
9.719970875199356897e+02
9.721853550286366499e+02
9.726888239470889630e+02
9.727997911100609372e+02
9.758446380615982889e+02
9.785709502551426340e+02
9.787261842827666669e+02
9.788175846915586362e+02
9.790858858915469227e+02
9.791210193820162431e+02
9.791889196857031266e+02
9.794406874784117463e+02
9.797468221809451734e+02
9.801069237915145322e+02
9.806012260023017006e+02
9.807077931455943371e+02
9.810023277962460497e+02
9.820433324521825398e+02
9.821821664064565311e+02
9.838398071536566931e+02
9.839746077565580435e+02
9.847653112930123598e+02
9.853817473833817076e+02
9.854697144434845768e+02
9.856415152118707965e+02
9.860830171865064813e+02
9.870750549567699181e+02
9.871142551320943994e+02
9.872298889826048480e+02
9.872638558011894929e+02
9.873469895063418562e+02
9.875051902139010735e+02
9.877028244311616163e+02
9.877980248569494961e+02
9.881076595751368359e+02
9.883080271379557189e+02
9.885337614808952367e+02
9.889171631956753572e+02
9.893006649109026966e+02
9.893994986862741143e+02
9.900475349179764635e+02
9.902248690444439490e+02
9.904199032500758904e+02
9.905096703182294959e+02
9.907211045972114789e+02
9.908351384405658564e+02
9.908660052452854643e+02
9.916560087786091344e+02
9.924895791734538761e+02
9.929886814057093716e+02
9.936289176025255756e+02
9.938377852033611362e+02
9.940408861117384731e+02
9.941895534433259627e+02
9.943639208898582638e+02
9.951630244638820386e+02
9.953175251548927918e+02
9.956192931712294012e+02
9.966937979769967342e+02
9.970686329867951372e+02
9.973347008434614054e+02
9.975086682882046034e+02
9.979443702368995446e+02
9.982063380752282455e+02
9.984120723287165902e+02
9.985571729776852408e+02
9.988423742532597771e+02
9.994133434736099844e+02
1.000658682376773072e+03
1.001377952260404186e+03
1.001572119795493222e+03
1.001614486651647326e+03
1.001971021579597959e+03
1.002147055700251144e+03
1.002285822987560323e+03
1.002746491714586909e+03
1.002932992548719653e+03
1.003056659768492977e+03
1.003404061322260873e+03
1.004515399626100816e+03
1.004872267888875626e+03
1.004911834732506577e+03
1.005405703608022350e+03
1.005666571441431188e+03
1.005897105805839033e+03
1.005994139573159941e+03
1.006295207586365677e+03
1.006557108757729566e+03
1.006861410118729964e+03
1.007088444467483896e+03
1.007405645886180309e+03
1.007860747921642997e+03
1.008020148634569296e+03
1.008139382501181103e+03
1.008266249735266683e+03
1.008729118472132996e+03
1.008873152449664190e+03
1.008975619574619373e+03
1.009366787990803005e+03
1.009782056514775263e+03
1.010956161766009814e+03
1.011148629293495333e+03
1.011497697521384111e+03
1.011924466096790979e+03
1.012187567273521950e+03
1.012289034394004489e+03
1.012516868746336399e+03
1.013391772659380308e+03
1.014941112922202251e+03
1.015844483629231831e+03
1.016101018109926258e+03
1.016888588299033131e+03
1.017142922769888060e+03
1.017309656848946361e+03
1.017351690370276401e+03
1.017438290757600271e+03
1.017818492458068135e+03
1.018859330446592367e+03
1.019374932752645122e+03
1.019648000640619216e+03
1.019779601229208424e+03
1.019814768053160151e+03
1.020422170769793979e+03
1.020622705000024894e+03
1.020923706346265931e+03
1.021941544231921398e+03
1.021991044453313066e+03
1.022246412262122817e+03
1.022274112386012916e+03
1.022825881520489816e+03
1.022971915506966184e+03
1.023247550073086586e+03
1.023605785008640510e+03
1.023826452662252450e+03
1.024018220186607323e+03
1.024576589350603172e+03
1.024776723579044983e+03
1.025292592552957103e+03
1.025340926102464209e+03
1.025448626584159001e+03
1.025572960473580906e+03
1.025735761201714013e+03
1.025878828508255083e+03
1.026094629473433770e+03
1.026612898458079826e+03
1.026734799003285161e+03
1.026970633391397769e+03
1.027048067071056494e+03
1.027220501175608206e+03
1.027576236099980861e+03
1.027751336883126442e+03
1.028200605559165751e+03
1.028425073229773488e+03
1.028472906777044273e+03
1.029579245058521565e+03
1.030558316104123833e+03
1.030836117346601441e+03
1.031073118406598724e+03
1.031391353163249960e+03
1.031854455234493116e+03
1.032201190118612885e+03
1.032515758192198291e+03
1.032594091875881986e+03
1.032839592973895833e+03
1.033413628874628557e+03
1.033482862517612148e+03
1.033623663147348907e+03
1.033688363436723648e+03
1.034487433677265017e+03
1.034530400536102889e+03
1.034892768823476672e+03
1.035302803990709435e+03
1.035661005592780839e+03
1.035706039127528356e+03
1.036021640539069040e+03
1.036296275100716684e+03
1.036412508953910674e+03
1.036755677155411377e+03
1.037115112096332496e+03
1.037532347295767295e+03
1.037688014658662723e+03
1.038114216564868684e+03
1.038201650289252711e+03
1.038300884066413346e+03
1.038539251799189515e+03
1.038735886011977755e+03
1.039053920767734553e+03
1.039457989241614314e+03
1.039852224338180122e+03
1.039927224673622277e+03
1.040169025755087659e+03
1.040222559327852196e+03
1.040582294270114971e+03
1.040776695139581079e+03
1.041679665844821557e+03
1.042185634774455139e+03
1.042419735821481936e+03
1.042694270382682362e+03
1.043488040599519081e+03
1.044640679088076013e+03
1.044884013509732540e+03
1.045282715292942839e+03
1.045395615797895061e+03
1.045522516365462934e+03
1.045614450109973859e+03
1.046104752302870793e+03
1.046247052939316063e+03
1.048114361290930219e+03
1.048573630011695059e+03
1.049517834234687825e+03
1.049970302925039277e+03
1.050213104010977304e+03
1.050633139222935597e+03
1.050986174135232204e+03
1.051165441603679938e+03
1.051357642463306320e+03
1.052052412237359704e+03
1.053035816635676383e+03
1.053164817212636990e+03
1.053524585488382172e+03
1.053676186166422440e+03
1.054010554328564695e+03
1.054889058257709848e+03
1.055130026002114619e+03
1.055841295849965036e+03
1.056008029929023678e+03
1.056132497152375208e+03
1.056490865421858643e+03
1.057624170490612642e+03
1.057814438008258549e+03
1.058042272360590459e+03
1.061015852326716640e+03
1.061541121342670976e+03
1.062068223700158114e+03
1.063055328115023258e+03
1.063155795231033380e+03
1.063714964398607435e+03
1.068513419193228629e+03
1.068835087298569306e+03
1.069259222528864939e+03
1.069691191127529009e+03
1.070135226446828710e+03
1.070645195394352641e+03
1.070880263112369448e+03
1.071445365639813872e+03
1.071524899328864876e+03
1.071702800124533724e+03
1.071894934317195066e+03
1.073236740318478041e+03
1.073520874922615121e+03
1.073940143464477842e+03
1.074553112872675456e+03
1.075282216133620068e+03
1.076081753042915352e+03
1.076553621820034778e+03
1.076991057109815529e+03
1.077428725733973124e+03
1.077625759948550240e+03
1.078091428697939818e+03
1.078816365273581823e+03
1.079380101128247134e+03
1.080646206790957194e+03
1.080780740725999294e+03
1.081173075814067488e+03
1.081939979244074948e+03
1.082847716637301119e+03
1.083135884592810953e+03
1.083543453082344740e+03
1.084175422575520997e+03
1.085151660275118047e+03
1.085739929572843494e+03
1.085775196397242553e+03
1.086212765020952702e+03
1.086487966251801708e+03
1.088363274639196334e+03
1.096732445403992642e+03
1.098021617836536279e+03
1.100636629532284587e+03
1.100811030312299408e+03
1.102446104291902202e+03
1.103657043041209135e+03
1.104019077993758856e+03
1.104662080869615920e+03
1.105765352470710468e+03
1.106429622108350486e+03
1.106623156307273575e+03
1.107151925338881711e+03
1.109978404647094294e+03
1.110555873896516005e+03
1.113098485268450759e+03
1.114530025004404933e+03
1.118386175584531429e+03
1.123734199503790251e+03
1.123995034003716455e+03
1.127847051232022977e+03
1.128381353621712606e+03
1.130555096677201846e+03
1.131699835130425527e+03
1.131747068675012770e+03
1.134217213056169157e+03
1.134862815943654823e+03
1.135229017581506696e+03
1.135457118601698085e+03
1.135732353166029498e+03
1.136566756897934738e+03
1.136741957681527538e+03
1.137034692324128855e+03
1.139849238245635206e+03
1.143577854922027882e+03
1.148405976516001829e+03
1.155435141287565784e+03
1.157370016608042533e+03
1.161438201469834667e+03
1.163590411095681247e+03
1.168462132884658786e+03
1.170244007520833748e+03
1.172311950103126037e+03
1.174387226051550215e+03
1.176262767773321684e+03
1.176433368536340822e+03
1.176764236682828596e+03
1.177887975042128346e+03
1.178834945944161973e+03
1.179875850599651130e+03
1.183446199901519549e+03
1.190608165267039794e+03
1.192685807892715729e+03
1.193300543975481787e+03
1.196769026155078791e+03
1.198766035086783859e+03
1.200844277715143335e+03
1.223254444612210136e+03
1.235830300858248393e+03
1.296220837624093292e+03
1.312487010375224827e+03
1.375242891053501580e+03
1.383745229080560648e+03
1.396103851021676292e+03
1.397876092281431966e+03
1.403153049216173940e+03
1.405015457545872323e+03
1.406198729504771791e+03
1.406776932090806895e+03
1.406860599131677873e+03
1.427547691655556491e+03
1.443994231880055622e+03
1.448643852675677181e+03
1.453391707243986957e+03
1.456655688508945104e+03
1.459915569755565684e+03
1.461420176484981766e+03
1.462534181467415237e+03
1.468967810242086216e+03
1.471692522428474604e+03
1.475851241028515915e+03
1.476024908471917342e+03
1.480702896061077354e+03
1.483708976172561961e+03
1.486766189846076713e+03
1.487621760339317916e+03
1.487634327062189868e+03
1.489715969705755924e+03
1.490849074773615484e+03
1.496056931399303267e+03
1.497911573027598251e+03
1.499360112839585781e+03
1.499924782031758696e+03
1.499958182181142320e+03
1.532157359526630671e+03
1.644810396705340963e+03
1.793334194317513493e+03
