5.483164746366270492e+00
2.704462784757011207e+01
2.807136577303136349e+01
3.365982410097613808e+01
3.366402411976089581e+01
4.963289554120003544e+01
5.040016563951401452e+01
7.851115803375900271e+01
9.541876698707399385e+01
9.577600191815535879e+01
1.020492633089102128e+02
1.023628313780230599e+02
1.094190296038286903e+02
1.280248128189651027e+02
1.427722121106528732e+02
1.479966021436204358e+02
1.516706519092936105e+02
1.523493882783034508e+02
1.742686863132721840e+02
1.875025121687733645e+02
2.054418590699124252e+02
2.308261392688241642e+02
2.345237558065673227e+02
2.500672919923436837e+02
2.500799253821803632e+02
2.533518066824717323e+02
2.609311739148391212e+02
2.696092793946921233e+02
2.860427862275657276e+02
2.863132541039111629e+02
2.970926689819575017e+02
3.034955642858387819e+02
3.303932512535249657e+02
3.550423614976918998e+02
3.590564794510008255e+02
3.632227314180686903e+02
3.877888746244955200e+02
3.961965788949678995e+02
4.075144295145237834e+02
4.224853631393114597e+02
4.290852259908048154e+02
4.322747402560395926e+02
4.337401468101311366e+02
4.392603714995648261e+02
4.396747066860294240e+02
4.613664703700080167e+02
4.706056783594152648e+02
4.761356364257151768e+02
4.814246267476102616e+02
4.931229124020109111e+02
5.088594161175091699e+02
5.146858755099235623e+02
5.316278846170946508e+02
5.345073308288705221e+02
5.406158248160296580e+02
5.408527258755793810e+02
5.429024683764711199e+02
5.571361987040863823e+02
5.829623142124581818e+02
5.923247227528850090e+02
6.093399988544124426e+02
6.190598756602976209e+02
6.209215173199004312e+02
6.404307712425136287e+02
6.529231271150929388e+02
6.540671322317032264e+02
6.656959509087432707e+02
6.657059842869513204e+02
7.007429076577096794e+02
7.143611018989810191e+02
7.394876142783488149e+02
7.404101184042866635e+02
7.413423225736084987e+02
7.603226407972015295e+02
7.624752504248373270e+02
7.626307511203207241e+02
8.142782487825606950e+02
8.318141272125036494e+02
8.321941622455594825e+02
8.322880293320505416e+02
8.422822406982417078e+02
9.145411972127523086e+02
9.324759107598350738e+02
9.328236456484271457e+02
9.659953606769638554e+02
9.863233182612631254e+02
1.007996381861604732e+03
1.008958119496349468e+03
1.009492588553451242e+03
1.012332767922937819e+03
1.016830388038730121e+03
1.052162479396306253e+03
1.079176166882809412e+03
1.125979876214338674e+03
1.126680346013885583e+03
1.130062894475807298e+03
1.140460507646229644e+03
1.145340296137952691e+03
1.180466119906321637e+03
1.180817354810567622e+03
1.200366708912530612e+03
1.218786724630147319e+03
1.222208673268287839e+03
1.224465450028482110e+03
1.232470919166607928e+03
1.238590946538683966e+03
1.240472088285501513e+03
1.242497164009403377e+03
1.242501930697389298e+03
1.252855343670124512e+03
1.259632173979778827e+03
1.271326492949771591e+03
1.273608969824910901e+03
1.286613061319582130e+03
1.286890929229024550e+03
1.289869609217960942e+03
1.289909709397310507e+03
1.292334120240588618e+03
1.305468645651964380e+03
1.306179482164543515e+03
1.308024190415077555e+03
1.317762733971117314e+03
1.317899467915998684e+03
1.327185809449546014e+03
1.327257909772017911e+03
1.329433619502969805e+03
1.331310827898862044e+03
1.343139480803002243e+03
1.351716985832915498e+03
1.356053005225942115e+03
1.364396575876240831e+03
1.371129239321690420e+03
1.372000609885597896e+03
1.375660492921243303e+03
1.380165113068343544e+03
1.380453147689923526e+03
1.381440285438271303e+03
1.390578759643809235e+03
1.396446919222729548e+03
1.399686367044627559e+03
1.401797609820581556e+03
1.401835843324915913e+03
1.402746580731560016e+03
1.404552888810347667e+03
1.405530593183171050e+03
1.419439488724616012e+03
1.419447222092537231e+03
1.429765301573908573e+03
1.431518609415650417e+03
1.447659081604581161e+03
1.448999187598260960e+03
1.458054694766058674e+03
1.475819040884499373e+03
1.478319385400727242e+03
1.483043473196072227e+03
1.498291108058417649e+03
1.501364588471352818e+03
1.511602634261436833e+03
1.514316013063802757e+03
1.517167359149899539e+03
1.521307210998891833e+03
1.529964883054022039e+03
1.541990936841046050e+03
1.544493348033183793e+03
1.546487156950576718e+03
1.560125084613439867e+03
1.561520290853557754e+03
1.561795825419230823e+03
1.564144402590006393e+03
1.564766705373281184e+03
1.566860314737035878e+03
1.568429721756273921e+03
1.589113814266734607e+03
1.600673999303474375e+03
1.606536192189041913e+03
1.606544058890892529e+03
1.606794626678234181e+03
1.607338895779166933e+03
1.608111399234220698e+03
1.608781602231731313e+03
1.613428423014829832e+03
1.617911843067111931e+03
1.623184899984410549e+03
1.634100648805549554e+03
1.635229987189895610e+03
1.636107057779296838e+03
1.636486392809221798e+03
1.637954332707977073e+03
1.639289972015012609e+03
1.639801640970139943e+03
1.640769811966991483e+03
1.642178651601418551e+03
1.645517799869230885e+03
1.671626283307171434e+03
1.673804126380998241e+03
1.676479605013853870e+03
1.695681390894636934e+03
1.717316320991091743e+03
1.749726165945466164e+03
1.755447124866025433e+03
1.761646185924916153e+03
1.764145163768364682e+03
1.767630979358819332e+03
1.767711313051448542e+03
1.771205562012955170e+03
1.795619971207411936e+03
1.816706332183701988e+03
1.826793377298429050e+03
1.850070114737935228e+03
1.863349574130867495e+03
1.867819260788392967e+03
1.888301685730220697e+03
1.888343385916726447e+03
1.890560662500254693e+03
1.904215656906116237e+03
1.908455575869329550e+03
1.910362051062785440e+03
1.912054458632148453e+03
1.912079592077892130e+03
1.918411620398151172e+03
1.939052579382362183e+03
1.939835782885272238e+03
1.948050152957716136e+03
1.948161986791230902e+03
1.955220918362594830e+03
1.973406966367114819e+03
1.974806905961736220e+03
1.974816472671190240e+03
1.992991953961783565e+03
1.994847428927138935e+03
2.003358833661415929e+03
2.032622864546006440e+03
2.032700631560489455e+03
2.048936137507795593e+03
2.052427419789366922e+03
2.060356921921060803e+03
2.063997938205657192e+03
2.081154548272639659e+03
2.083711859710321278e+03
2.094115639574990837e+03
2.094402607525134044e+03
2.096229949031327578e+03
2.104338218629232870e+03
2.106304860758454652e+03
2.114108928995806309e+03
2.114206696099740384e+03
2.125823581390074651e+03
2.127015053385649026e+03
2.127210754260929662e+03
2.133732583430080922e+03
2.138801539434529332e+03
2.138878039776680453e+03
2.139781777152017185e+03
2.141568885144931755e+03
2.142427622319002239e+03
2.142703690220394037e+03
2.143103192007182315e+03
2.143889928859228803e+03
2.187180655812132500e+03
2.190960172716178477e+03
2.192816514352076410e+03
2.195141458083816815e+03
2.196593731245835443e+03
2.204227732055887373e+03
2.205122969393206404e+03
2.205130036091479724e+03
2.220159103309605598e+03
2.221554476217135289e+03
2.224323488601658028e+03
2.228049705267316313e+03
2.239951291830988794e+03
2.240030225517356484e+03
2.248814798140054336e+03
2.249069399278768742e+03
2.252550014845965961e+03
2.270527361917062535e+03
2.272492870707882048e+03
2.281924412890845360e+03
2.282147080553402247e+03
2.292670494286473058e+03
2.292677160982956593e+03
2.292775561423056388e+03
2.293715765628158806e+03
2.299185856760034767e+03
2.300066260697677990e+03
2.318033674391013847e+03
2.319660448333494514e+03
2.321540490075392427e+03
2.322294360113773564e+03
2.324802437997922880e+03
2.326299044691558265e+03
2.328214586592232081e+03
2.343025519501409690e+03
2.350085117742422426e+03
2.364061580252729982e+03
2.368465799950784913e+03
2.370882177424799920e+03
2.371627747426059614e+03
2.377690074540068963e+03
2.381732859288257714e+03
2.382908697880577620e+03
2.388412789164520746e+03
2.388599623333477666e+03
2.391191834927251421e+03
2.396246524201225384e+03
2.411452525544029868e+03
2.429739774001172918e+03
2.465389333445305056e+03
2.497892312149557256e+03
2.499391752189198087e+03
2.513003413067915517e+03
2.515209522934833331e+03
2.547093232202711079e+03
2.547219632768043084e+03
2.551547652125288550e+03
2.562238799941890193e+03
2.565946316523911719e+03
2.579710978086930936e+03
2.580919950160775443e+03
2.581924821321769741e+03
2.582566124190023402e+03
2.584138297888302077e+03
2.584224298272942633e+03
2.586043773077285550e+03
2.604850257190064895e+03
2.606590264972322075e+03
2.607870237363718388e+03
2.631003974163647854e+03
2.633911953836374323e+03
2.639999047727820653e+03
2.641088785935053238e+03
2.641112019372299073e+03
2.653556641698054591e+03
2.657595926430589770e+03
2.681187831946364895e+03
2.683099840497902278e+03
