5.908466648546651712e+00
5.915466679854581855e+00
6.036300553622423237e+00
1.740358472760525643e+01
1.973032846739638302e+01
1.973429515180420779e+01
2.759273029898103857e+01
2.948730543921352520e+01
3.230311803305203000e+01
3.230658471522357900e+01
3.238378506050531769e+01
3.719627325122483796e+01
3.881211381147203809e+01
3.881611382936227983e+01
4.418140449251376367e+01
4.574784483181642258e+01
4.575777820957720365e+01
4.868059128197977259e+01
5.097613488222698663e+01
5.104503519038647141e+01
5.105106855070425809e+01
5.112996890358935786e+01
5.387788119374094009e+01
6.029157654592583526e+01
6.309852243344096223e+01
7.423200556173891584e+01
7.659088277858168681e+01
7.666741645421505780e+01
7.907356054912756349e+01
8.357258067118148404e+01
8.537345539233496083e+01
8.592065783972059023e+01
8.653716059705472219e+01
9.035437766971625706e+01
9.035994436128018492e+01
9.078594626659135258e+01
9.605696984146270268e+01
9.606576988082125013e+01
1.023566980172580116e+02
1.026738661024720756e+02
1.027068329165841902e+02
1.029129338383791037e+02
1.038801714977229551e+02
1.038878048651968413e+02
1.053715781681010952e+02
1.053820115480981343e+02
1.061056147844436026e+02
1.073373536267799579e+02
1.093977628420455517e+02
1.094021961952072246e+02
1.094942966071301385e+02
1.279198123493461310e+02
1.279239790346484682e+02
1.329323681015428065e+02
1.329907683627403969e+02
1.329953683833141440e+02
1.330088017767289159e+02
1.330138017990917092e+02
1.335843043506880292e+02
1.485909714686285383e+02
1.485945381512473489e+02
1.485996048405749832e+02
1.492624078049887260e+02
1.503728794382857927e+02
1.524185885878047202e+02
1.663225841073341371e+02
1.723090442153583695e+02
1.723124442305650916e+02
1.723235442802105126e+02
1.724252780685524158e+02
1.797796109611110467e+02
1.801909128006755623e+02
1.815157187259249838e+02
1.854091694728780908e+02
1.884474497283791266e+02
1.884538164235210900e+02
1.921127327881761460e+02
1.921182994797400738e+02
1.921237328373743196e+02
1.935416391790191994e+02
1.935467725353116748e+02
1.951933798998313137e+02
2.112822851914602893e+02
2.113051519603995132e+02
2.113122519921546996e+02
2.113311187432036888e+02
2.113367854352148640e+02
2.114979861561917858e+02
2.122416894824357030e+02
2.145175663280558922e+02
2.220733001213883711e+02
2.220810001558270983e+02
2.246714450750326648e+02
2.272059230772572107e+02
2.272099230951474453e+02
2.273020235070703734e+02
2.310868737683033203e+02
2.310927404612090186e+02
2.311655407868115049e+02
2.366222651922375348e+02
2.366274652154948512e+02
2.366309652311488207e+02
2.401196808345738987e+02
2.421753900288184695e+02
2.422832571779254351e+02
2.427514592719786890e+02
2.443305663346004337e+02
2.476920813691157264e+02
2.481491167465587182e+02
2.501895592058555167e+02
2.501965259036810210e+02
2.507044281752949928e+02
2.687471422054144341e+02
2.698259470304137722e+02
2.700205479007742042e+02
2.718045892133062580e+02
2.774545478163134931e+02
2.774581144989323320e+02
2.814230322321911899e+02
2.818491008044671844e+02
2.820308349506140644e+02
2.820819351791619738e+02
2.926316490298609665e+02
2.926356157142687948e+02
2.926436824170141335e+02
2.926579824809717252e+02
2.930621842887810544e+02
2.983972081498963576e+02
2.984009081664448217e+02
3.081354850380766379e+02
3.081437850751988208e+02
3.113005325272159780e+02
3.113059658848501954e+02
3.113148325911736265e+02
3.113200326144309429e+02
3.138718106940307848e+02
3.174796268301379314e+02
3.179201954672661259e+02
3.226405832460627039e+02
3.253270952615990268e+02
3.256199965716122620e+02
3.266126010110767766e+02
3.278496398771176814e+02
3.310004873027467056e+02
3.310041206523303572e+02
3.394794918921127191e+02
3.394836585774150990e+02
3.394900919395219034e+02
3.394966586355583331e+02
3.395025586619465230e+02
3.395150587178535488e+02
3.399823608078814345e+02
3.399871941628321679e+02
3.402605953856304382e+02
3.404753296793718391e+02
3.543161582497177733e+02
3.543205582693971110e+02
3.545107591200782622e+02
3.549018942027794310e+02
3.563501340134253610e+02
3.582323424316805358e+02
3.583255428485232414e+02
3.583390095754204481e+02
3.600756840094354061e+02
3.605751529099974846e+02
3.618355585472139069e+02
3.618486252723220105e+02
3.618679586921248870e+02
3.624105944524191045e+02
3.624229278409140420e+02
3.626243287416879184e+02
3.632556315652159924e+02
3.632732983108979283e+02
3.633424986203991693e+02
3.634691991870726611e+02
3.639386012864930535e+02
3.640163349674934921e+02
3.640617351705477631e+02
3.640698018732931018e+02
3.641526022436211747e+02
3.641767023514099151e+02
3.642620027329193704e+02
3.643225696704741949e+02
3.643428030943023828e+02
3.645310706030032861e+02
3.645634374144318599e+02
3.646634378616879530e+02
3.679740526685499162e+02
3.735180774644305188e+02
3.736344779850366535e+02
3.747154494863931404e+02
3.747231495208318961e+02
3.749056170035919422e+02
3.749128170357944327e+02
3.771553603989958106e+02
4.052028858427156024e+02
4.062404238164804724e+02
4.062523238697040142e+02
4.091930703556478193e+02
4.099240736250902728e+02
4.099377736863643236e+02
4.103405088209472638e+02
4.103490421924464613e+02
4.103672756073294750e+02
4.103720756287978020e+02
4.183061777810650597e+02
4.183094777958245345e+02
4.183129778114785040e+02
4.296647619161366265e+02
4.296783286434810520e+02
4.303027314361484059e+02
4.303070314553804110e+02
4.308333671427719764e+02
4.341124818087481572e+02
4.341186485029956543e+02
4.369306944133207935e+02
4.369351277664824806e+02
4.369417277960013735e+02
4.369500945000885395e+02
4.369990280522791863e+02
4.370113614407741238e+02
4.370167281314435286e+02
4.370294281882450491e+02
4.371114618884774927e+02
4.371318619797177689e+02
4.372936293698957684e+02
4.374328966594411554e+02
4.426121864906962173e+02
4.598681636687691707e+02
4.599684307838846848e+02
4.603096989768874892e+02
4.778520441024196543e+02
4.848962089410721319e+02
4.849022089679074838e+02
4.850876097971203649e+02
4.851192432719357157e+02
4.851350433426022164e+02
4.866484501113766896e+02
4.866550834743780456e+02
4.868753177927184765e+02
4.876741880323653504e+02
4.953427889971675881e+02
4.953486556900733149e+02
4.953633224223375464e+02
4.967647286901851658e+02
4.970012630814283625e+02
5.049365985725451651e+02
5.092782846575827307e+02
5.092859180250566169e+02
5.181896245139195116e+02
5.205512684098031286e+02
5.234373479845801285e+02
5.240386840074138490e+02
5.240417840212787723e+02
5.384179816527517914e+02
5.384242150139640444e+02
5.517601079926312195e+02
5.517693080337788842e+02
5.519702755992813081e+02
5.522563102119162295e+02
5.563307284349206157e+02
5.564391955867110937e+02
5.569240977554561596e+02
5.570772651071700921e+02
5.571093319172568954e+02
5.571394320518810446e+02
5.571600321440157586e+02
5.572052990131404613e+02
5.572643326105039705e+02
5.574117332697595657e+02
5.580884029628593908e+02
5.581459032200316415e+02
5.582038701459579215e+02
5.652821351371246692e+02
5.654170690739556449e+02
5.655823031463052075e+02
5.659145046320901429e+02
5.659293046982839996e+02
5.659522381341881783e+02
5.752101128737498357e+02
5.752398463400672881e+02
5.754212804848723408e+02
5.786209281287624435e+02
5.786243614774515436e+02
5.789514962739087878e+02
5.789585963056640594e+02
5.789670296767159243e+02
5.789720963660435018e+02
5.790288966200851064e+02
5.791203636958420020e+02
5.791284970655522102e+02
6.096142334142712116e+02
6.096269668045551953e+02
6.145702555802857887e+02
6.145759889392617197e+02
6.145848556455850940e+02
6.237260298631988462e+02
6.237302632154660387e+02
6.240778981036108917e+02
6.240866981429694533e+02
6.253902039729532589e+02
6.253959373319293036e+02
6.254039040342273665e+02
6.321982344221515859e+02
6.322032677779967571e+02
6.322084344677716672e+02
6.339651423247204320e+02
6.339773423792856875e+02
6.405222383182706380e+02
6.405282383451059331e+02
6.406220054311498870e+02
6.407092391546395902e+02
6.422321459659033280e+02
6.440171539494256194e+02
6.440225206400949673e+02
6.474065691087253072e+02
6.476575368978558345e+02
6.477812374511116786e+02
6.478021708780706831e+02
6.491017766906114730e+02
6.495577120631346588e+02
6.506871171144456412e+02
6.506983171645382527e+02
6.508960180487636080e+02
6.511957193891903444e+02
6.538657646644118131e+02
6.539150982183914493e+02
6.542796331821225522e+02
6.543051332961728122e+02
6.543318667490726739e+02
6.545623344465155924e+02
6.548335356594743644e+02
6.553126711357608656e+02
6.553208378389534801e+02
6.564536762389535625e+02
6.629822054380708778e+02
6.629915721466305740e+02
6.668538894210046237e+02
6.668629227947400295e+02
6.675132923702116159e+02
6.675225590783239795e+02
6.743086894295731781e+02
6.744920235828761861e+02
6.789250100762585589e+02
6.791062442201691738e+02
6.806155509706061366e+02
6.806357843944343813e+02
6.806901179707767824e+02
6.807075513820817605e+02
6.807274181376034221e+02
6.807408848645005719e+02
6.811890535356201326e+02
6.845236017828586910e+02
6.846671357581535631e+02
6.846776358051155285e+02
6.846885025203840769e+02
6.847318693810108243e+02
6.848693033290231824e+02
6.934858085333664803e+02
6.953758836534723287e+02
7.030161844917010967e+02
7.097993814964975172e+02
7.272734929835185085e+02
7.283298977083323962e+02
7.305123408027328651e+02
7.310508432112072796e+02
7.317935131994961466e+02
7.335565210846219770e+02
7.392468798683207751e+02
7.398849493887798872e+02
7.398958827710132482e+02
7.403033179266170691e+02
7.403108179601613301e+02
7.407999201476911821e+02
7.408081201843662029e+02
7.408249869264699328e+02
7.408314869555416635e+02
7.409985543694242551e+02
7.410736880387961492e+02
7.410877547683767261e+02
7.427672622800437239e+02
7.427744623122461007e+02
7.483301204934909947e+02
7.485000545868615518e+02
7.497795269760214296e+02
7.545875484800968707e+02
7.576368954517608927e+02
7.598171385363217496e+02
7.601430066604470994e+02
7.603194407828893873e+02
7.603454408991759692e+02
7.605972086918844752e+02
7.607051425079563387e+02
7.607640094379077027e+02
7.607931762350241343e+02
7.608146763311841596e+02
7.608257097138647396e+02
7.609664436766366862e+02
7.609782103959304322e+02
7.613955789292951977e+02
7.614334124318403383e+02
7.614494458368837968e+02
7.614878126751476657e+02
7.614938793689478871e+02
7.615768130732056989e+02
7.618554143192612855e+02
7.621829824509900391e+02
7.622754161977370586e+02
7.622852495750506705e+02
7.625672508363129509e+02
7.627378182658494552e+02
7.627547850084006313e+02
7.627681850683329685e+02
7.627751850996409075e+02
7.628950523024185486e+02
7.629321524683506368e+02
7.634347213827776386e+02
7.650781287329850784e+02
7.650887954473590753e+02
7.651657624582638846e+02
7.651705291462498053e+02
7.651920959093746433e+02
7.652015292848991521e+02
7.738204344999764999e+02
7.738379012447639980e+02
7.738511346372841899e+02
7.738577013333207333e+02
7.740566022229131704e+02
7.741253358636605526e+02
7.741986695249817103e+02
7.742285363252289017e+02
7.742578697897573647e+02
7.825409401694661256e+02
7.864228575315023591e+02
7.885447336883481739e+02
7.901214740737182183e+02
7.901263407621513579e+02
7.935433893783761050e+02
7.935490894038697434e+02
7.938633241426310860e+02
7.970030715186146608e+02
7.985010115515467533e+02
7.985136116079011117e+02
7.985270116678333352e+02
7.985618784904434051e+02
7.986029120073008016e+02
7.987157791787705037e+02
7.990964142145097640e+02
7.992193147641876294e+02
7.992277814687220143e+02
7.992695483221925770e+02
7.993052484818630319e+02
8.013944578259385025e+02
8.016325588908554209e+02
8.017940262796915931e+02
8.018338931246644279e+02
8.019035267694371214e+02
8.019197935088574241e+02
8.019265935392708116e+02
8.019404936014393570e+02
8.019465936287220984e+02
8.019645603757458048e+02
8.020862942535388811e+02
8.020944942902139019e+02
8.024369291551013248e+02
8.024659626182880174e+02
8.031326322666623128e+02
8.031859991720148173e+02
8.032155326374376045e+02
8.044656382285868403e+02
8.044803716278158845e+02
8.080098540802389380e+02
8.080325541817661588e+02
8.092518263016779656e+02
8.092602596727298305e+02
8.110791011409070279e+02
8.110835678275510645e+02
8.110879678472304022e+02
8.110929345361107607e+02
8.119607050839171052e+02
8.124737740453060724e+02
8.125569077504583220e+02
8.128851092183529090e+02
8.142766154419222175e+02
8.151064858202186088e+02
8.151130858497374447e+02
8.188042023584089293e+02
8.188091690472892878e+02
8.194369385216810997e+02
8.196756395892814453e+02
8.198188068962697344e+02
8.201702418014103841e+02
8.201800751787237687e+02
8.220067166817869975e+02
8.220520502178763991e+02
8.220984170919209646e+02
8.226488195536187504e+02
8.227398199606218441e+02
8.240187256805807010e+02
8.250742637348516837e+02
8.250805970965112692e+02
8.252354644558286054e+02
8.252401644768495999e+02
8.256005327552783228e+02
8.278707095754048169e+02
8.278779429410897137e+02
8.285133124494728918e+02
8.291415485926183919e+02
8.294033497635349477e+02
8.323617296616782824e+02
8.328704652703527245e+02
8.330503994084489250e+02
8.330552660968820646e+02
8.448261187425082426e+02
8.526008201818492580e+02
8.584124128411049242e+02
8.584163128585479399e+02
8.584202462094733619e+02
8.820751520070197103e+02
8.820790520244627260e+02
8.916680615783719759e+02
8.954322117470228477e+02
8.954422451252308974e+02
9.159407368055844927e+02
9.193691854727964028e+02
9.196728534976309675e+02
9.196843202155830568e+02
9.196935869236953067e+02
9.197017536268880349e+02
9.198112207831510432e+02
9.199299546475265288e+02
9.203598899037631327e+02
9.206702246250813459e+02
9.208177586182665664e+02
9.237824718780694866e+02
9.237862718950651697e+02
9.248636767138028745e+02
9.248698434080503148e+02
9.250376108250636662e+02
9.251497779934027221e+02
9.260582153897599937e+02
9.284057592225804001e+02
9.296105979446047058e+02
9.296195646513754127e+02
9.296235313357832410e+02
9.296299313644076392e+02
9.296919983086712591e+02
9.296961316604912327e+02
9.329465128646224912e+02
9.332509475595526283e+02
9.334140816225097979e+02
9.334230483292803910e+02
9.334483484424362132e+02
9.334936486450433222e+02
9.335088820465085746e+02
9.336492160074914182e+02
9.367597965863585614e+02
9.367716299726172338e+02
9.369712308653405444e+02
9.384433707828806064e+02
9.394703753762012184e+02
9.505617583162044184e+02
9.506300252881978849e+02
9.508409595649435460e+02
9.512486613884067310e+02
9.512570947594588233e+02
9.579327912834547760e+02
9.579389913111846226e+02
9.690465409901607927e+02
9.690531410196797424e+02
9.690617410581438662e+02
9.709895496803477499e+02
9.776636128637052252e+02
9.776680128833844492e+02
9.778808138351455455e+02
9.778844805182116033e+02
9.864507521645498400e+02
9.927105468284075869e+02
9.976182354449148306e+02
1.016544653427436856e+03
1.020037169047857788e+03
1.020751538909573128e+03
1.026478197855626149e+03
1.026485797889617515e+03
1.026515964691206364e+03
1.027219567838100602e+03
1.027223334521614106e+03
1.027239001258350754e+03
1.027288201478400651e+03
1.027323768304141595e+03
1.027363435148219651e+03
1.027494102399301028e+03
1.034961335796811909e+03
1.037141178879583777e+03
1.038139216676682508e+03
1.038394351151115416e+03
1.041058163065124518e+03
1.041068796446016222e+03
1.041074763139368997e+03
1.042372735611271310e+03
1.043970342756635546e+03
1.045895318032833984e+03
1.045927051508096611e+03
1.045970151700863880e+03
1.045976885064312455e+03
1.046421453719330884e+03
1.046447787170441643e+03
1.046452687192357416e+03
1.046469387267049115e+03
1.048517763095161399e+03
1.048525063127811109e+03
1.048529263146595895e+03
1.049199832812413206e+03
1.052438147295908948e+03
1.052594747996312208e+03
1.052880815942429308e+03
1.053853086957618416e+03
1.053857286976403429e+03
1.053965420793369731e+03
1.055914062842085286e+03
1.055928762907831697e+03
1.056031230032786880e+03
1.056246164327423003e+03
1.056251564351574871e+03
1.056267597756618215e+03
1.058619441608670741e+03
1.058709908679954879e+03
1.059204010889847723e+03
1.061634821761749890e+03
1.068945354458410293e+03
1.068950554481667723e+03
1.069113788545072111e+03
1.069307156076582942e+03
1.071570532866296162e+03
1.072922038910963010e+03
1.072928838941376398e+03
1.074617613161155532e+03
1.075902485574467619e+03
1.076415954537645348e+03
1.076442854657957241e+03
1.076565655207187774e+03
1.078980699341906075e+03
1.079377301115724094e+03
1.079384101146137255e+03
1.083643620197012979e+03
1.083648153550621828e+03
1.088446141676489333e+03
1.088451308366264129e+03
1.088455808386390572e+03
1.088460175072587617e+03
1.088471741790986698e+03
1.089380579189133186e+03
1.089496713041879730e+03
1.090023015395788889e+03
1.093822299054909081e+03
1.094020666608782903e+03
1.104377879598513800e+03
1.118061274131396431e+03
1.118771477307809391e+03
1.118979778239443931e+03
1.122898329098658451e+03
1.122907029137569680e+03
1.128552554387415285e+03
1.128557921078084746e+03
1.131654901596125228e+03
1.131672568341806937e+03
1.131794135552188209e+03
1.138373698312888564e+03
1.142707084360803947e+03
1.142970652206288605e+03
1.142982585592994610e+03
1.142991152297976214e+03
1.143030119138923737e+03
1.143112819508804478e+03
1.143143386312182201e+03
1.143638221858688212e+03
1.145253029080980468e+03
1.182475628893933617e+03
1.184046469252915813e+03
1.187160183179130399e+03
1.203287221974646172e+03
1.203291188659053887e+03
1.203295788679628004e+03
1.208880213656200112e+03
1.208889547031277061e+03
1.208902213754596232e+03
1.208906280439451393e+03
1.208912947135935156e+03
1.213905402798233354e+03
1.213909436149605881e+03
1.215436609646619445e+03
1.215440509664062347e+03
1.222209139937041527e+03
1.227049928254334645e+03
1.233999726004259855e+03
1.243551335390895247e+03
1.249731096363465667e+03
1.250971535244713323e+03
1.256988595489597856e+03
1.260441510932905203e+03
1.262430219827488145e+03
1.273803704029200844e+03
1.273807970714950443e+03
1.277247252763948609e+03
1.277250586112190604e+03
1.277254519463115912e+03
1.280131332329780889e+03
1.280135899016871917e+03
1.287654332643377984e+03
1.287657465990725314e+03
1.287662466013088078e+03
1.287671799388165482e+03
1.288095967951943521e+03
1.289752308693329269e+03
1.290161777191360898e+03
1.290920713919070295e+03
1.293975827583192768e+03
1.294128428265705679e+03
1.294411729532782147e+03
1.297447243109242663e+03
1.297451743129369106e+03
1.297459243162913253e+03
1.297484476609104149e+03
1.298588248212435019e+03
1.298591981562466117e+03
1.298738782219038058e+03
1.298760848984399217e+03
1.298775449049698636e+03
1.298791882456530857e+03
1.298799082488733347e+03
1.298856082743669504e+03
1.298895016251134621e+03
1.298942916465370217e+03
1.298959549873097103e+03
1.298992683354621249e+03
1.299004883409186732e+03
1.299009150094936331e+03
1.299280351307894762e+03
1.299697653174294828e+03
1.299733520001377201e+03
1.302146097458396525e+03
1.302150497478075749e+03
1.302154964164720013e+03
1.304638141937502269e+03
1.304641308618332005e+03
1.304763109163089894e+03
1.305302678243001765e+03
1.305859114065017366e+03
1.307412021010457920e+03
1.307417054366303091e+03
1.307568721711308399e+03
1.307576655080123828e+03
1.309486130286997650e+03
1.316426161326574174e+03
1.318806271971717479e+03
1.324824098886697811e+03
1.330672458377061275e+03
1.330675658391373418e+03
1.330737958670013995e+03
1.333035335611794153e+03
1.337090353748031021e+03
1.337102420468666423e+03
1.337139453967633699e+03
1.337149854014148104e+03
1.343089580579821586e+03
1.346607462980362925e+03
1.346614596345600376e+03
1.346822030606692351e+03
1.359241952821975701e+03
1.359688154817632721e+03
1.360781059705694815e+03
1.360791393085244863e+03
1.361006427380327978e+03
1.364233075144976965e+03
1.364237908499927698e+03
1.364529076468855237e+03
1.364551809903864751e+03
1.365576681154310563e+03
1.373719884241790396e+03
1.373724184261022629e+03
1.373741184337056211e+03
1.380240946740846084e+03
1.380244146755158226e+03
1.380250813451641989e+03
1.381380285169917670e+03
1.381386618531577369e+03
1.382020721367628539e+03
1.382114488453672266e+03
1.383611528482579388e+03
1.383690362168499632e+03
1.386862943024665583e+03
1.386870209723832886e+03
1.390450825738286312e+03
1.394585044228749894e+03
1.395176413540340036e+03
1.397197455912869373e+03
1.397203122604880491e+03
1.397211222641108407e+03
1.397299156367728756e+03
1.399065264266719623e+03
1.399068397614066953e+03
1.402054010967346358e+03
1.402059877660252141e+03
1.402063911011624668e+03
1.404063719955853230e+03
1.406375763629897392e+03
1.406882999231863323e+03
1.406886999249753444e+03
1.406892599274799750e+03
1.411984555382117833e+03
1.411988955401797057e+03
1.411992388750486043e+03
1.411997322105884223e+03
1.418684218679972901e+03
1.418689818705019206e+03
1.422224134512392993e+03
1.422774770308467851e+03
1.422809237129288704e+03
1.422903470884086346e+03
1.422911037584595533e+03
1.423678974352557816e+03
1.425439815561326441e+03
1.428418462216780199e+03
1.430044469489165294e+03
1.430158336665107754e+03
1.432514147201567994e+03
1.432517613883739386e+03
1.433574351943377451e+03
1.434843590953435069e+03
1.434847757638737221e+03
1.434851457655285685e+03
1.435008158356136164e+03
1.435027125107632401e+03
1.435127892224984180e+03
1.444305166604057604e+03
1.446752210881897781e+03
1.446768177619976314e+03
1.447253179789168598e+03
1.447259479817345664e+03
1.447266913183925226e+03
1.447273613213891167e+03
1.447657014928671288e+03
1.448632485958172538e+03
1.448640719328329851e+03
1.448650019369924848e+03
1.448655352727111904e+03
1.449304788965075659e+03
1.457110857211372604e+03
1.460026936920326534e+03
1.460346405015827713e+03
1.460351871706944166e+03
1.460456505508256441e+03
1.461144575252343884e+03
1.461206675530089797e+03
1.463742720205988007e+03
1.463747253559597084e+03
1.463782087048724406e+03
1.463807887164116664e+03
1.463818220543666484e+03
1.463927754366894305e+03
1.463954587820241386e+03
1.463981321273141248e+03
1.477143813476266132e+03
1.480428794835148210e+03
1.492393748348898725e+03
1.495863330533415365e+03
1.499874481806789163e+03
1.508614120895186943e+03
1.526800335567118964e+03
1.528015407668246098e+03
1.529622381522169917e+03
1.529627381544532454e+03
1.529633148236991019e+03
1.529972349754084007e+03
1.530144083855505187e+03
1.530164117278438653e+03
1.530367218186815990e+03
1.530372184875696576e+03
1.532086859211314959e+03
1.532091792566713139e+03
1.532096259253357175e+03
1.532129426068363728e+03
1.532141392788552139e+03
1.532148259485930339e+03
1.538186319824738575e+03
1.539456925507575306e+03
1.542256371361546144e+03
1.545780987125536285e+03
1.546165855513542738e+03
1.550484541495711483e+03
1.550535675057741855e+03
1.554324458669899968e+03
1.556861136681964354e+03
1.556868036712824960e+03
1.561293756507040143e+03
1.561297323189658982e+03
1.561367456836667998e+03
1.561377090213087058e+03
1.561421357077739003e+03
1.561847792318321581e+03
1.561860759042982409e+03
1.562465361747093311e+03
1.563205865059024745e+03
1.563210331745669009e+03
1.563223865139530972e+03
1.563294232120916831e+03
1.563344932347675694e+03
1.566298512224350816e+03
1.566301712238662958e+03
1.566306645594060910e+03
1.566351679128808655e+03
1.566364479186057451e+03
1.566424279453516647e+03
1.569863461502067594e+03
1.569867028184686205e+03
1.569872494875802886e+03
1.569979662021779177e+03
1.570128829355602875e+03
1.590222519225463429e+03
1.590230252593384648e+03
1.590235552617089070e+03
1.591104523170262610e+03
1.599595127811510565e+03
1.599613661227735065e+03
1.606178023920452688e+03
1.607038461102127030e+03
1.607042494453499785e+03
1.607119561464851813e+03
1.607124028151495850e+03
1.607128628172069511e+03
1.607134061529704013e+03
1.607143028236474493e+03
1.607282228859055067e+03
1.608187899576371365e+03
1.608191666259884869e+03
1.608200332965313692e+03
1.608208166333681902e+03
1.609996841000270479e+03
1.610002941027553106e+03
1.610007541048126768e+03
1.610058707943639547e+03
1.610193341879128639e+03
1.610202441919828971e+03
1.610206541938166311e+03
1.610596910350772077e+03
1.610600143698566626e+03
1.611966516476392144e+03
1.612443718610698625e+03
1.612460118684048439e+03
1.614052992474909161e+03
1.614056492490563187e+03
1.614159326283825067e+03
1.614350560472460984e+03
1.615046463584916637e+03
1.615089997112955416e+03
1.619856851766243835e+03
1.620152453088332777e+03
1.622328929489380471e+03
1.624605839672955426e+03
1.624613973042665748e+03
1.625008241472714417e+03
1.625014474833926670e+03
1.625100641885979030e+03
1.625108275253452803e+03
1.625335242935241922e+03
1.625341776297795832e+03
1.625347142988465521e+03
1.625431210031125374e+03
1.625449276778596413e+03
1.625469710203318982e+03
1.625614044182191947e+03
1.625690311189965996e+03
1.625748111448480131e+03
1.625849678569409889e+03
1.625892478760835502e+03
1.625915112195397796e+03
1.626105913048762659e+03
1.626239880314603397e+03
1.632379707775236056e+03
1.632928710230672323e+03
1.636927261447691762e+03
1.639971975065299603e+03
1.639975441747471223e+03
1.641278080906912010e+03
1.642441319442878012e+03
1.642447019468371536e+03
1.643118489138214045e+03
1.643657058213653272e+03
1.643661191565473246e+03
1.646177136151472951e+03
1.646180369499267499e+03
1.646184269516710629e+03
1.646190202876580997e+03
1.652025628975766040e+03
1.662220841240942264e+03
1.662890944238005432e+03
1.667789432813365465e+03
1.667794366168763418e+03
1.683816671162519697e+03
1.683820771180857037e+03
1.683827937879577348e+03
1.683834304574718999e+03
1.684039905494277718e+03
1.690583934762719991e+03
1.692135875037170536e+03
1.692139608387201179e+03
1.709356685391291649e+03
1.717032519721778726e+03
1.717056286494743290e+03
1.717695156018780381e+03
1.723956284021934835e+03
1.739298952642655877e+03
1.742805734993552051e+03
1.750197634720796486e+03
1.750312668568623621e+03
1.752119376649200149e+03
1.752218743760290408e+03
1.752805013049070794e+03
1.753059814188679411e+03
1.753212781539498792e+03
1.753427215831898593e+03
1.753453715950421383e+03
1.755180290339263593e+03
1.755509158476806533e+03
1.755515658505878264e+03
1.755638392388143757e+03
1.755764026283379962e+03
1.757514200777774704e+03
1.757637767997100809e+03
1.757645801366363912e+03
1.757802268732837319e+03
1.758785673131154226e+03
1.758791073155306094e+03
1.759359609031439732e+03
1.761060283304442464e+03
1.761808819985637001e+03
1.761941020576909523e+03
1.762137588122732723e+03
1.762164921578316353e+03
1.762313788910798166e+03
1.762319755604151169e+03
1.767533378922297516e+03
1.767548212321973779e+03
1.783748718112740562e+03
1.790482448229627607e+03
1.790486348247070509e+03
1.793652629075059622e+03
1.793668495812690708e+03
1.793997463950681095e+03
1.794002430639561453e+03
1.794010164007482672e+03
1.794021064056233627e+03
1.794028197421471077e+03
1.794038030798784575e+03
1.794044264159996828e+03
1.795928172585855464e+03
1.803549306671693330e+03
1.803564040070922374e+03
1.815449159894280001e+03
1.817207067756595734e+03
1.817322768274071223e+03
1.835214514962316343e+03
1.835614683418752975e+03
1.846567165737517371e+03
1.847569436886883068e+03
1.848349440375480981e+03
1.850052647993147957e+03
1.850397782870111087e+03
1.850403116227298142e+03
1.850550250218694373e+03
1.852003390051255792e+03
1.853503830095369267e+03
1.856598777270982055e+03
1.872783749658942043e+03
1.872799916397915013e+03
1.872804716419383112e+03
1.872807916433695482e+03
1.872812783122128621e+03
1.874065955393660033e+03
1.877798572087943057e+03
1.881908557136688160e+03
1.883038195522375872e+03
1.889545757961052004e+03
1.891620033905003766e+03
1.892122469485501142e+03
1.899992238016700185e+03
1.900828875091927330e+03
1.902396348769185124e+03
1.903256419282552997e+03
1.905170227842140775e+03
1.906384366605760079e+03
1.906502800468793794e+03
1.907694405798298021e+03
1.908813477470059297e+03
1.908820177500025238e+03
1.911000620585480647e+03
1.911012620639151464e+03
1.911021087343685849e+03
1.911072487573575472e+03
1.911136754527678704e+03
1.911183288069135187e+03
1.911224654920816874e+03
1.911228921606566473e+03
1.911572456476373645e+03
1.913924166994496545e+03
1.914677270362782565e+03
1.914689503750830227e+03
1.914922771460796412e+03
1.914972405016117818e+03
1.917925551557521430e+03
1.917932051586593161e+03
1.917938151613875789e+03
1.918030352026245964e+03
1.921766368735735341e+03
1.921790335509594343e+03
1.925319017958439645e+03
1.925323884646872784e+03
1.925352184773446197e+03
1.925635852708829589e+03
1.933160619696994900e+03
1.933243453400805492e+03
1.933288253601176393e+03
1.933642921854111364e+03
1.933997290105704906e+03
1.934027223572916682e+03
1.934040556965884207e+03
1.934045390320834940e+03
1.934110857280305254e+03
1.936047499275350219e+03
1.936851969540043456e+03
1.936954836666787514e+03
1.937162737596633178e+03
1.937402238667811616e+03
1.937428472118475156e+03
1.939430581072990435e+03
1.939434414423468525e+03
1.939683682204995648e+03
1.939693782250168397e+03
1.939723682383897994e+03
1.940476052415571075e+03
1.940594219610745313e+03
1.940764287038045495e+03
1.941003654775294308e+03
1.941218822404307048e+03
1.941250855880911558e+03
1.941322489534629312e+03
1.941732724702756514e+03
1.941982092484731083e+03
1.942437461188053021e+03
1.942441694540320213e+03
1.943141264335841697e+03
1.943655666636527258e+03
1.943667700023680482e+03
1.943740900351072014e+03
1.943772767160264266e+03
1.943818067362871261e+03
1.943877167627199697e+03
1.943961234669859778e+03
1.944010168222050197e+03
1.947002581605743217e+03
1.947975752624957522e+03
1.949866961083465867e+03
1.950103295473814569e+03
1.950362529966584816e+03
1.952280071876203920e+03
1.952294005271854985e+03
1.952373272293046512e+03
1.952462906027270492e+03
1.953508544037263164e+03
1.955178118171169444e+03
1.955181951521647306e+03
1.955190851561453201e+03
1.955195618249439121e+03
1.955210951651351706e+03
1.955417252574041186e+03
1.955420519255318140e+03
1.955424552606690895e+03
1.955442386019784863e+03
1.955452252730580994e+03
1.955858221212958142e+03
1.955861287893340659e+03
1.955867421254105921e+03
1.955877721300173334e+03
1.955897121386940853e+03
1.955931654874726746e+03
1.955948854951654766e+03
1.956004455200329176e+03
1.956009588556621566e+03
1.956209856118993230e+03
1.956897959196562852e+03
1.956916192611445922e+03
1.957041959840611753e+03
1.957081726685137255e+03
1.957225193993467428e+03
1.957238394052505328e+03
1.957259694147770688e+03
1.957271227532687590e+03
1.957276127554603136e+03
1.957409494817760560e+03
1.957733962935624277e+03
1.957912297066564406e+03
1.957927430467582553e+03
1.959665904909648134e+03
1.959675438285619975e+03
1.964909728362865735e+03
1.964940628501067977e+03
1.965285763378031106e+03
1.969488315507453080e+03
1.969493982199464199e+03
1.969498415552625829e+03
1.969503115573647165e+03
1.969731549928662389e+03
1.971994526716586734e+03
1.972702096547888686e+03
1.975103273953920734e+03
1.975111140655771578e+03
1.975132574084967018e+03
1.975231641194715394e+03
1.975236641217077931e+03
1.975881610768397877e+03
1.976216378932328780e+03
1.977997720232785014e+03
1.978006320271249251e+03
1.978163020972099503e+03
1.978874090819055482e+03
1.981395535429654274e+03
1.981470369097684170e+03
1.981609303052405494e+03
1.981624103118599351e+03
1.981635536503069034e+03
1.995024029716993255e+03
1.995052529844461105e+03
1.995060929882030450e+03
1.995194497146082313e+03
1.997856175717216956e+03
2.003952602983740235e+03
2.005948111908736792e+03
2.006245713239771021e+03
2.006333913634250848e+03
2.006807582419420896e+03
2.006907416199264844e+03
2.017010894720824581e+03
2.017868198555151594e+03
2.021912916645320593e+03
2.025716700324567455e+03
2.027696342511932471e+03
2.029304649705153224e+03
2.030412587993786246e+03
2.032798331997458718e+03
2.033407901390449751e+03
2.033491035095602001e+03
2.033595302228607579e+03
2.033716502770682155e+03
2.036461015045627164e+03
2.036538115390461599e+03
2.038224522932989203e+03
2.038285723206709918e+03
2.038289023221469279e+03
2.038338290108484216e+03
2.038392723685273950e+03
2.038510857546965781e+03
2.042913777239206638e+03
2.042917810590579393e+03
2.047378663875263783e+03
2.047382530559224506e+03
2.047424464080107100e+03
2.048245567752527222e+03
2.049351672699627215e+03
2.049922075250776743e+03
2.049929675284768109e+03
2.050386910663105482e+03
2.064153238900245924e+03
2.064594974209258453e+03
2.064930109041496053e+03
2.066240481568858286e+03
2.066402815628237931e+03
2.068140056731454024e+03
2.068145623423017696e+03
2.068445158096032173e+03
2.068452258127787445e+03
2.068673725784977705e+03
2.068754592813325417e+03
2.068777159580922671e+03
2.068788192963603251e+03
2.068815926420975302e+03
2.068853526589143712e+03
2.068905093486445367e+03
2.068924660240625599e+03
2.068934326950526611e+03
2.068943693659086421e+03
2.068995460557282968e+03
2.069088860975019998e+03
2.069210194851023971e+03
2.069237794974466851e+03
2.069304161937962363e+03
2.069317228663070637e+03
2.069323562024730109e+03
2.069331995395782087e+03
2.069717797121296371e+03
2.069834564310209316e+03
2.069840164335255395e+03
2.070263599562420495e+03
2.070453600412206924e+03
2.070467533807858217e+03
2.070616401140339804e+03
2.073218179443567806e+03
2.073645514688175808e+03
2.073649481372583523e+03
2.079475807431068006e+03
2.079479440780652112e+03
2.079484574136944502e+03
2.079491340833875711e+03
2.079835042371094914e+03
2.080455745147213747e+03
2.080466311861140639e+03
2.082357420319201537e+03
2.082836822463347744e+03
2.083414591714110884e+03
2.083418891733342662e+03
2.084569663546883930e+03
2.086967807606016322e+03
2.086976840979751614e+03
2.086981507667290316e+03
2.086992207715146833e+03
2.087000941087540468e+03
2.087006374445174970e+03
2.087033241232004002e+03
2.087154408440596399e+03
2.087308775797677299e+03
2.087348242640860917e+03
2.087403076219439754e+03
2.092993167888023436e+03
2.100262767068273206e+03
2.102725411415885901e+03
2.102780844997147597e+03
2.103565048504530296e+03
2.103584281923886010e+03
2.103592715294937989e+03
2.106294360711492573e+03
2.107426032439607752e+03
2.107444132520561197e+03
2.107488432718696004e+03
2.107546699645963599e+03
2.107556133021488222e+03
2.107567666406405351e+03
2.107573633099757899e+03
2.107718100412560943e+03
2.109122840028649989e+03
2.109136506756442031e+03
2.109289907442533149e+03
2.110323178730548079e+03
2.110329312091313113e+03
2.110361645569259508e+03
2.110365745587596848e+03
2.110392545707461068e+03
2.122023231059517002e+03
2.122026764408652980e+03
2.122570500173867458e+03
2.122727334208647335e+03
2.124948410809171037e+03
2.124959344191404853e+03
2.125487179885504702e+03
2.125502446620452702e+03
2.125567380244204287e+03
2.126577284761044211e+03
2.126783952352040160e+03
2.127000419986867200e+03
2.127005120007888308e+03
2.127271187864554577e+03
2.128170825221553059e+03
2.128176158578740342e+03
2.128344525998436893e+03
2.128359026063289548e+03
2.128363959418687045e+03
2.128376026139322676e+03
2.128591827104501590e+03
2.129223196594994533e+03
2.129436064213720783e+03
2.129449597607582746e+03
2.129466764351027905e+03
2.129475164388597932e+03
2.129482331087317561e+03
2.129548864718225559e+03
2.129559298098222371e+03
2.129569331476430307e+03
2.129589798234635509e+03
2.129608264983895879e+03
2.132561678193158514e+03
2.134217252264449144e+03
2.136912430985413721e+03
2.137971902390610012e+03
2.139994644770742980e+03
2.140206145716689662e+03
2.140266679320761796e+03
2.142882991022324859e+03
2.142887591042898293e+03
2.142963224714506396e+03
2.143988129298434615e+03
2.145461569221788977e+03
2.145578269743737110e+03
2.146037071795748034e+03
2.146336506468315292e+03
2.146390673377245548e+03
2.146465773713135150e+03
2.146534707354777311e+03
2.148060814180353191e+03
2.153148403601474456e+03
2.153155270298852429e+03
2.153517038583543126e+03
2.153618439037060853e+03
2.166294795732590956e+03
2.166299095751823188e+03
2.180530192734327557e+03
2.180625326493150624e+03
2.183606639827197796e+03
2.183826740811608488e+03
2.188061726419423849e+03
2.189591566595030599e+03
2.191278540806759338e+03
2.191328707697799928e+03
2.192324178816752465e+03
2.192803780961793109e+03
2.192918981477031593e+03
2.197981870787680691e+03
2.200767383246000463e+03
2.200770416592900801e+03
2.200987750898270860e+03
2.202467290848907851e+03
2.203669262891443850e+03
2.204981235425962041e+03
2.205002435520780637e+03
2.221796977301731204e+03
2.221823944089008364e+03
2.223675152368613908e+03
2.223683352405289043e+03
2.224044754021672816e+03
2.224674090169738065e+03
2.224698556945833388e+03
2.224720123708957999e+03
2.232271224148234523e+03
2.232580525531597686e+03
2.232786859787769572e+03
2.239663457210303022e+03
2.240044525581313792e+03
2.240086059100407965e+03
2.240299260053957369e+03
2.240469227480810787e+03
2.241182730671983336e+03
2.241711466370109065e+03
2.241783166690791859e+03
2.242049867883623847e+03
2.242057167916273556e+03
2.242065534620360722e+03
2.242071501313713725e+03
2.242574803564753893e+03
2.242876804915467346e+03
2.242894604995079135e+03
2.242987372076650445e+03
2.242995538779842718e+03
2.244025476719616108e+03
2.244084143648673034e+03
2.244118243801187418e+03
2.244139477229487966e+03
2.244544812375699621e+03
2.244569712487066681e+03
2.245014914478250830e+03
2.245030014545786344e+03
2.248406662981319641e+03
2.248770597942367658e+03
2.249108966122400034e+03
2.249202466540584282e+03
2.249409200798545044e+03
2.249606468347499231e+03
2.249625035097206364e+03
2.249647435197391587e+03
2.249785535815052754e+03
2.251845345027634721e+03
2.251931078744415572e+03
2.253783920364659934e+03
2.255310527192471909e+03
2.256540232692380869e+03
2.256549299399598567e+03
2.256951734532839509e+03
2.257799871659501605e+03
2.257960405710830400e+03
2.259394378791000690e+03
2.263272929471313091e+03
2.263443196899507711e+03
2.272402770304904152e+03
2.274992981889733073e+03
2.279056300063091840e+03
2.281827745791830694e+03
2.282296247887226400e+03
2.282300447906010959e+03
2.282546749007602557e+03
2.282621282674290796e+03
2.282681516277021728e+03
2.284189189686820100e+03
2.284271323387499706e+03
2.285439195277521776e+03
2.285447261980267285e+03
2.285713829839169648e+03
2.286309465836509844e+03
2.288504742321641515e+03
2.288876477317574881e+03
2.288883544015847747e+03
2.288921677519734658e+03
2.289318479294447116e+03
2.289326145995403294e+03
2.292304092647726520e+03
2.292311026012069306e+03
2.292989462379737688e+03
2.293004829115132452e+03
2.293012829150913149e+03
2.293029462558640262e+03
2.293347063979125323e+03
2.293684665489062354e+03
2.293694065531104570e+03
2.294054567143462464e+03
2.295096205135565469e+03
2.295104538506169774e+03
2.295182305520652790e+03
2.296263843691210241e+03
2.297567682856018564e+03
2.298934855637422061e+03
2.299182223410451115e+03
2.299334190756798307e+03
2.299579425186952449e+03
2.299765392685366805e+03
2.299853159744575350e+03
2.299887959900220267e+03
2.299932960101485605e+03
2.299955293534706016e+03
2.300020893828106182e+03
2.302258970504663466e+03
2.302383304394084917e+03
2.302490704874438507e+03
2.303615876573482183e+03
2.303634009987917580e+03
2.303642543359417232e+03
2.303655410083630613e+03
2.303660443439475785e+03
2.303681376866434675e+03
2.303692510249562929e+03
2.303728410410127708e+03
2.303836544227094237e+03
2.304507947229971705e+03
2.307532260756339383e+03
2.312993918517163365e+03
2.313011485262397855e+03
2.313546387654771479e+03
2.313552021013299964e+03
2.313849489010404341e+03
2.315006594185605536e+03
2.315056861077092890e+03
2.315118194684743230e+03
2.315244428582662749e+03
2.315434962768168134e+03
2.315738964127826875e+03
2.316079632318146196e+03
2.316089132360635631e+03
2.316095032387023821e+03
2.316341400155580232e+03
2.316398500410963607e+03
2.316581267895065139e+03
2.317329404574471027e+03
2.317374538109665991e+03
2.317380971471772682e+03
2.317654672695913177e+03
2.317883840387541568e+03
2.317959174057807559e+03
2.318038741080341424e+03
2.318047641120147091e+03
2.318076341248509834e+03
2.318098874682624682e+03
2.318110074732717294e+03
2.318135408179355636e+03
2.318147708234368110e+03
2.318584476854500735e+03
2.321584190270843010e+03
2.321602690353585331e+03
2.323822833616601656e+03
2.323913034020026771e+03
2.324103234870707638e+03
2.324112401578373010e+03
2.324126101639647004e+03
2.324129501654853811e+03
2.324136235018302159e+03
2.324143668384881494e+03
2.324172335179761831e+03
2.324228835432461437e+03
2.324237802139231917e+03
2.324429802997964089e+03
2.324440003043584056e+03
2.324446303071761122e+03
2.324684104135336383e+03
2.324697504195268266e+03
2.324721470969127495e+03
2.324817838066800050e+03
2.324920805193991328e+03
2.324938238605296647e+03
2.325110339375024068e+03
2.325201006447203326e+03
2.326323378133723963e+03
2.327087614885137555e+03
2.328465154379573505e+03
2.328960656595727414e+03
2.329490025630019318e+03
2.329699926568810042e+03
2.330294462561229921e+03
2.330477130044884689e+03
2.330917965349872247e+03
2.330927932061115371e+03
2.331418034253117639e+03
2.331422800941103560e+03
2.331590868359458909e+03
2.331661135340397323e+03
2.332654639783886978e+03
2.332659906474108993e+03
2.337880396489633767e+03
2.337887329853977008e+03
2.349489648412494262e+03
2.356663813832579308e+03
2.356873314769581611e+03
2.358066986774995712e+03
2.360699531882496103e+03
2.361262134398758917e+03
2.362750807723578419e+03
2.362769441140250819e+03
2.364330114787095226e+03
2.364684849706995010e+03
2.365445853110614280e+03
2.365604387152997333e+03
2.367178227525397233e+03
2.367368928378314649e+03
2.367762163470408268e+03
2.367778330209381238e+03
2.368037498035187127e+03
2.368050198091988477e+03
2.368325932658555757e+03
2.368610167263140283e+03
2.368918835310337727e+03
2.368969768871473661e+03
2.370941744357882271e+03
2.372768252527015648e+03
2.372774219220368650e+03
2.372933053264093815e+03
2.373119454097779453e+03
2.373126854130876382e+03
2.373132087487615991e+03
2.373149220897579198e+03
2.373155287591379420e+03
2.379701250201801940e+03
2.381315357420963210e+03
2.381325057464347083e+03
2.381711092524238211e+03
2.381984627080966220e+03
2.381993827122113544e+03
2.382028260609451991e+03
2.382046160689511453e+03
2.382063494100369098e+03
2.382066760781645826e+03
2.382078127499150469e+03
2.382085860867071915e+03
2.382253094948366197e+03
2.382265595004273564e+03
2.382273828374431105e+03
2.382279728400818840e+03
2.382286195096408392e+03
2.382512729442925774e+03
2.382709863657949882e+03
2.382729263744717628e+03
2.382986431561578229e+03
2.383246432724443821e+03
2.384039436271185423e+03
2.384390204506677492e+03
2.385172241337702872e+03
2.385453075927081045e+03
2.385779210719065304e+03
2.386286512987996048e+03
2.387973053864453505e+03
2.388200121546689388e+03
2.388581789920383471e+03
2.391218201711844358e+03
2.392673241552904074e+03
2.392685208273092030e+03
2.392690541630279313e+03
2.392700308340627998e+03
2.393277610922637450e+03
2.393353477928622397e+03
2.393470845120219110e+03
2.393531578725185682e+03
2.393563512201343201e+03
2.393643412558700675e+03
2.393669779343294067e+03
2.395293019936638302e+03
2.395328153427107281e+03
2.395395620395522656e+03
2.396344391305606678e+03
2.396350057997617569e+03
2.397215128533348434e+03
2.397511629859462573e+03
2.398480734193822173e+03
2.398545967818915415e+03
2.399019403269708619e+03
2.408405978584888999e+03
2.408413578618880365e+03
2.408989914529900034e+03
2.412269095862841368e+03
2.414252404733272215e+03
2.414420905486898391e+03
2.415229942438683338e+03
2.415238442476700129e+03
2.415535777139874881e+03
2.416388680954522442e+03
2.416744882547649013e+03
2.416754082588796791e+03
2.416773949344318225e+03
2.417132850949520616e+03
2.417159651069385291e+03
2.417476452486292601e+03
2.417639519882285185e+03
2.418130788746172129e+03
2.418360656440931507e+03
2.418625024289994144e+03
2.418948659070797476e+03
2.419164026700705108e+03
2.419984597037406274e+03
2.422497774944365574e+03
2.422504674975225953e+03
2.423643246734202421e+03
2.423713480381657973e+03
2.423851747666731171e+03
2.423988414944647957e+03
2.428510268502158397e+03
2.429610873424659985e+03
2.430662444794522798e+03
2.431217547277241920e+03
2.431314714378492226e+03
2.431411614811883283e+03
2.432008684148967404e+03
2.432437419399837381e+03
2.435897401541416912e+03
2.438218745257056526e+03
2.439971619763527087e+03
2.439987186499816744e+03
2.441845128142871090e+03
2.443595435971195457e+03
2.443608802697645388e+03
2.445587811548844002e+03
2.445646945146655071e+03
2.445704012068555585e+03
2.445709978761908587e+03
2.445718578800372597e+03
2.445730512187078602e+03
2.445907279644345181e+03
2.445987580003491985e+03
2.446143647368176062e+03
2.447384686252107258e+03
2.448484191169688984e+03
2.449274028035600168e+03
2.450433999890289215e+03
2.452258041381723615e+03
2.458883671015126765e+03
2.459315272945484139e+03
2.459319272963374260e+03
2.459327606333979020e+03
2.464417895767176105e+03
2.464425129132861457e+03
2.464431229160143630e+03
2.466291604147414546e+03
2.466597138847264432e+03
2.467366842289794931e+03
2.467398075762821463e+03
2.468476213918172107e+03
2.469011016310098057e+03
2.469500918501205888e+03
2.469820186595812629e+03
2.472086563398943326e+03
2.477112785878931390e+03
2.477135552647423538e+03
2.477146419362692086e+03
2.477150619381476645e+03
2.478334524676542060e+03
2.481645439484746021e+03
2.485158821865160917e+03
2.487472032211089754e+03
2.487650466342477557e+03
2.489478474518319672e+03
2.492398854246505834e+03
2.492405320942094932e+03
2.492425454365476071e+03
2.492555488280391273e+03
2.492661255420106045e+03
2.493729260196801533e+03
2.494048994960161963e+03
2.494187028910857862e+03
2.494197028955582937e+03
2.494225729083946135e+03
2.494285362683992844e+03
2.494296529400603504e+03
2.494307962785072505e+03
2.494369796394959849e+03
2.494441696716536626e+03
2.494472030185537733e+03
2.494840198498852260e+03
2.494955699015433311e+03
2.496933907863054174e+03
2.497051575055992544e+03
2.497102908618917354e+03
2.497113075331054915e+03
2.497122075371307801e+03
2.497141442124593596e+03
2.497282176087364860e+03
2.497290676125381651e+03
2.497311776219752574e+03
2.497409376656274617e+03
2.497565944023195698e+03
2.500055421824155019e+03
2.500102755369189708e+03
2.500175189026485441e+03
2.500467123665508552e+03
2.502027363977081222e+03
2.502189964704319664e+03
2.503033701811301853e+03
2.503291102962539298e+03
2.504301774149475023e+03
2.504310740856245502e+03
2.505686713677007901e+03
2.505857981109675165e+03
2.510642302507750628e+03
2.513307747762398776e+03
2.515197222879820856e+03
2.515475257456675536e+03
2.515638591520526916e+03
2.515815758979582370e+03
2.515914792755848794e+03
2.517344165815445649e+03
2.517816501261318535e+03
2.518027935540300405e+03
2.518961806383743351e+03
2.540154101167159752e+03
2.541940675824355822e+03
2.541946242515919494e+03
2.542282410686112144e+03
2.542292544064767299e+03
2.542395844526783094e+03
2.550499747438491795e+03
2.551650052583278921e+03
2.551847886801434015e+03
2.551855220167566131e+03
2.551942920559809863e+03
2.552379155844223533e+03
2.552513023109616825e+03
2.552549456605901014e+03
2.552566056680145266e+03
2.552604423518409021e+03
2.552618723582366783e+03
2.554714799623820454e+03
2.555537303302502096e+03
2.557081710209926314e+03
2.557248710956843752e+03
2.557764013261554737e+03
2.558113114822926036e+03
2.558974218674248732e+03
2.559060552393712896e+03
2.559173886233936628e+03
2.559181252933551150e+03
2.559199553015399033e+03
2.559205053039997892e+03
2.559636188301602033e+03
2.563728406604217980e+03
2.564893911816988293e+03
2.566158984141743076e+03
2.566342784963800113e+03
2.568050492601593305e+03
2.570757171373992605e+03
2.570777671465680214e+03
2.570856005149364137e+03
2.571205173377700248e+03
2.574269653750382531e+03
2.575014757082887627e+03
2.575355858608478684e+03
2.579066508537847767e+03
2.579372509906451342e+03
2.579381876615011151e+03
2.579389676649896955e+03
2.579609477632965991e+03
2.579816545225751270e+03
2.580004379399180834e+03
2.581086850907246117e+03
2.581160284569014038e+03
2.581565919716567350e+03
2.581729687115690922e+03
2.581804920785509694e+03
2.582707658156373327e+03
2.582748125004029589e+03
2.582805558594237482e+03
2.582849692124959802e+03
2.583790529666227485e+03
2.583798929703797512e+03
2.583808229745392509e+03
2.585008968449079021e+03
2.587347912243435530e+03
2.587356445614934728e+03
2.587360778967648912e+03
2.587368179000745840e+03
2.587397179130450240e+03
2.587547879804465538e+03
2.587570279904650306e+03
2.587595480017359023e+03
2.587702513829406143e+03
2.587750047375334816e+03
2.588609717886913131e+03
2.588613884572215738e+03
2.591395097011303733e+03
2.594933712837909752e+03
2.594941812874137213e+03
2.595658749413998976e+03
2.595838716885577924e+03
2.596253118739007277e+03
2.596262318780154601e+03
2.598085060265774700e+03
2.598887430521075657e+03
2.599586000312124725e+03
2.599827868060554920e+03
2.600652971750865163e+03
2.609288810375011508e+03
2.613506462571968768e+03
2.613512595932733802e+03
2.615015869322853632e+03
2.615081569616700563e+03
2.615084902964942557e+03
2.615090469656506684e+03
2.615097236353437438e+03
2.615113903094646957e+03
2.615753505955296987e+03
2.615764072669223879e+03
2.620318059703786275e+03
2.623768641803324499e+03
2.627241690670012758e+03
2.627245757354867692e+03
2.630381338045548546e+03
2.630568172214505921e+03
2.630573138903386280e+03
2.630940607213569820e+03
2.632032345429748148e+03
2.639276244495053561e+03
2.639287977880864673e+03
2.641724222110401570e+03
2.641730388804648555e+03
2.641736422164966370e+03
2.643472463262815381e+03
2.643478563290098464e+03
2.643505630077821934e+03
2.651257098079917341e+03
2.676543577841412571e+03
2.676568677953673614e+03
2.676582278014500844e+03
2.676831479129062700e+03
