1.550177622168790670e+01
2.107993450356530118e+01
2.281350892371539985e+01
2.281374225809232925e+01
2.288220923098036863e+01
2.301960984551030975e+01
2.302220985713897150e+01
2.993747411927826718e+01
2.994137413672125447e+01
3.329268912561641258e+01
3.513029734439531637e+01
3.525609790704354651e+01
3.900264799697740870e+01
4.454817279956687770e+01
4.719441796834138358e+01
4.983549644734098649e+01
4.983806312548723128e+01
5.203253960704088854e+01
5.203487295081019681e+01
5.540025466928605624e+01
5.548135503201078933e+01
6.123184741799293818e+01
6.452129546351895328e+01
7.511670951861403012e+01
8.475428595640732965e+01
9.172808381367390496e+01
9.616997034686215784e+01
9.627077079769634338e+01
9.858258113736388850e+01
9.932378445242642329e+01
9.964551922473185641e+01
1.028676669692545005e+02
1.030186009776464289e+02
1.068403180704344919e+02
1.070578523766990315e+02
1.070630190664739132e+02
1.080562568421043608e+02
1.148550539166726736e+02
1.157985248030519756e+02
1.222052867908937799e+02
1.268310741465860900e+02
1.268494742288812205e+02
1.279956793553311343e+02
1.290418173675600713e+02
1.369202526041881356e+02
1.369274859698730040e+02
1.369314859877632387e+02
1.390697955514413593e+02
1.408788036423050301e+02
1.410990046271630547e+02
1.435468822420637878e+02
1.465414956355963056e+02
1.497428099536072068e+02
1.527456233838147170e+02
1.527485567302675804e+02
1.530138912503205404e+02
1.553135348689052364e+02
1.556163362231968392e+02
1.556209362437706432e+02
1.569667089294613902e+02
1.639572735283845759e+02
1.659281490098734935e+02
1.721598768815346148e+02
1.726861459019613108e+02
1.765979967312095766e+02
1.794341094158410783e+02
1.804372139022674730e+02
1.804401472487203080e+02
1.832857599758411311e+02
1.832939266790337172e+02
1.832998267054218218e+02
1.856791040135048547e+02
1.861276726864134901e+02
1.865728746775978379e+02
1.884703164973183505e+02
1.899748565597694778e+02
1.899837232660928237e+02
1.899864566116511639e+02
1.923236670649217501e+02
1.934431054049894669e+02
1.973488895404375398e+02
1.993608318722663171e+02
1.997213668181071284e+02
2.036088508717072898e+02
2.069857326416176306e+02
2.069906326635331482e+02
2.069936660104332873e+02
2.069999660386104097e+02
2.123608566820826127e+02
2.123685900500037746e+02
2.132732940963300905e+02
2.156459047079293612e+02
2.170402776109866068e+02
2.170761444380691501e+02
2.170833444702716122e+02
2.171359447055283454e+02
2.232458386989490577e+02
2.270537223965333737e+02
2.270668224551239121e+02
2.297101342774455759e+02
2.297129676234511635e+02
2.303505371416739251e+02
2.350370914358155403e+02
2.365004646474795322e+02
2.385292403879297467e+02
2.394278110734910570e+02
2.407910171704868105e+02
2.407958838589199502e+02
2.410433516323964795e+02
2.464963426877916106e+02
2.464987760320081804e+02
2.478240819594938387e+02
2.482389504816771648e+02
2.485244517585934716e+02
2.538255088011240730e+02
2.538352088445079175e+02
2.538407422025894391e+02
2.582597286333560191e+02
2.582834287393557133e+02
2.595253342938297578e+02
2.624208472441314370e+02
2.625890479964162409e+02
2.625974480339857564e+02
2.626002813799913724e+02
2.658639293101253429e+02
2.658700626708903201e+02
2.673868027879066744e+02
2.694156451953217584e+02
2.712025865208242976e+02
2.727779268999327087e+02
2.734762966900871675e+02
2.734796967052939181e+02
2.786270863938742650e+02
2.797779915413452159e+02
2.819525679338948976e+02
2.819600346339566954e+02
2.841495777601124360e+02
2.868050896369992984e+02
2.882596294758223507e+02
2.890210662147130734e+02
2.890369329523443298e+02
2.896905692090929278e+02
2.941852226449499881e+02
2.941969226972789215e+02
2.978876725376438799e+02
2.978912725537451252e+02
3.079032173325829831e+02
3.079061840125182243e+02
3.080411179493492000e+02
3.081297516791005933e+02
3.119594021407042987e+02
3.119621688197450453e+02
3.120298024555726215e+02
3.150607493449415415e+02
3.150652826985504475e+02
3.150689160481340991e+02
3.160551537924566219e+02
3.160577871375676864e+02
3.180823628592331715e+02
3.209058754875104000e+02
3.209091421687874117e+02
3.213237773565937800e+02
3.213273773726950253e+02
3.231266187532099821e+02
3.234366201397040754e+02
3.262479327134160485e+02
3.262522660661304599e+02
3.288715777811106591e+02
3.299121491017756966e+02
3.320718587611665953e+02
3.362062772525246714e+02
3.362092772659423190e+02
3.362986443323068784e+02
3.379122515492320531e+02
3.379442516923539870e+02
3.416272681647977834e+02
3.440644123983597069e+02
3.470235923000810772e+02
3.485371324027852324e+02
3.509925767181950391e+02
3.583458762727987050e+02
3.583484762844273064e+02
3.614901236689087796e+02
3.639681680853984176e+02
3.639819681471197441e+02
3.649965060180157934e+02
3.650040060515599976e+02
3.650511395957000218e+02
3.650592729654101731e+02
3.651371066468579443e+02
3.651426733384218437e+02
3.651467400232768910e+02
3.683013207989368425e+02
3.691650579953705460e+02
3.694892594453750121e+02
3.703297298710804739e+02
3.718909701871257880e+02
3.718986368880820805e+02
3.720626709550646183e+02
3.728019742616293115e+02
3.738847124375539579e+02
3.757079205919279730e+02
3.757121539441951654e+02
3.788528013242040515e+02
3.788552346684206213e+02
3.801171403123458958e+02
3.801199736583515119e+02
3.823271835301891315e+02
3.823502836335052848e+02
3.855475979336259797e+02
3.866278360983692437e+02
3.866305361104451208e+02
3.868534371073791363e+02
3.908617550347470910e+02
3.933933996909660777e+02
3.934493666079471268e+02
3.934532666253900857e+02
3.935466003761625302e+02
3.935488670529670117e+02
3.935519337333495287e+02
3.951777076713574957e+02
3.960761783564714733e+02
4.008626664309044259e+02
4.008685331238100957e+02
4.008976665874440641e+02
4.029798092332466695e+02
4.040746141298069460e+02
4.040797808195818561e+02
4.040856808459699892e+02
4.047356170861700662e+02
4.047668838926788339e+02
4.047798172838572555e+02
4.111442457490272773e+02
4.118166487563776172e+02
4.143607934685035730e+02
4.159320004957921242e+02
4.159993007967955236e+02
4.160058674928320102e+02
4.160086008383903504e+02
4.160665010973516473e+02
4.162229351303427052e+02
4.162252684741119992e+02
4.185584455760099445e+02
4.185641122680211197e+02
4.186573460183462885e+02
4.199128516336471080e+02
4.232829667066264392e+02
4.235540345856554154e+02
4.291687930312285744e+02
4.309034674562984719e+02
4.310875016127322397e+02
4.311183684174519612e+02
4.346694842999648927e+02
4.367265935004710400e+02
4.367289935112052035e+02
4.367336935322261979e+02
4.367946938050524750e+02
4.372141623478095767e+02
4.377842982310992852e+02
4.403896098834636064e+02
4.406136775522821836e+02
4.427129869415304029e+02
4.431035886885129003e+02
4.431074553724735097e+02
4.432582560469357418e+02
4.433779232488189450e+02
4.443613943141007212e+02
4.443767943829781757e+02
4.494385836887072401e+02
4.515294597069035376e+02
4.519628283118292416e+02
4.522702963536594893e+02
4.522998964860473166e+02
4.529581327633696333e+02
4.529603994401741147e+02
4.529721661594679176e+02
4.530020996266799216e+02
4.530684665901755466e+02
4.530709999348393922e+02
4.530851333313849523e+02
4.530895000175818268e+02
4.531609003369226798e+02
4.578566213387294397e+02
4.618121390299462519e+02
4.618148057085397227e+02
4.689580709904230389e+02
4.718610506407864591e+02
4.728212549353399368e+02
4.728241549483103654e+02
4.732995237410837035e+02
4.766298719695374757e+02
4.813773932030229048e+02
4.820317294629022626e+02
4.822805639091579906e+02
4.830453006628081312e+02
4.913320043921006004e+02
4.940006829945429558e+02
4.966391614619138863e+02
4.966411948043414100e+02
4.966437948159700113e+02
4.998441091295084675e+02
5.013016489817491674e+02
5.041288282930924538e+02
5.051401661496763040e+02
5.053455670683404151e+02
5.053709005149785867e+02
5.062747378907620828e+02
5.062783712403456775e+02
5.094793188900500240e+02
5.096270195506473328e+02
5.096299528971001678e+02
5.100988549942842951e+02
5.113536272729718917e+02
5.152251779219759555e+02
5.152276779331574517e+02
5.177608892630499895e+02
5.273944323494706623e+02
5.275279329465577121e+02
5.275304662912215008e+02
5.275578664137696023e+02
5.276439334653747437e+02
5.276483001515716751e+02
5.378163122950938941e+02
5.378191123076170470e+02
5.385339488380864168e+02
5.393230190339022556e+02
5.405944247203168516e+02
5.419013305655074646e+02
5.419052972499152929e+02
5.489113619181631520e+02
5.519515421821620293e+02
5.552597236448073090e+02
5.567284635471406773e+02
5.577062679204112783e+02
5.588303729480176116e+02
5.615058182473909483e+02
5.624158223174217710e+02
5.629736248122165989e+02
5.636137276751031777e+02
5.636175276920989745e+02
5.637807617555033630e+02
5.654513025603996539e+02
5.664208068965480152e+02
5.666506745913075065e+02
5.706757259268497364e+02
5.706783259384783378e+02
5.736979061103425011e+02
5.789422962327612368e+02
5.792373308856492713e+02
5.792411975696098807e+02
5.793536647392905934e+02
5.795692657035748425e+02
5.832354487673972017e+02
5.889564076879563572e+02
5.890785749010209429e+02
5.937276956944062931e+02
5.940767972557774783e+02
5.940813639428689612e+02
5.963394407088775324e+02
6.010116949390614991e+02
6.022240003611476595e+02
6.038244741859998612e+02
6.076895248059322512e+02
6.114207748274359346e+02
6.114338748860263877e+02
6.114390082423188915e+02
6.155223598386114645e+02
6.164868974858793536e+02
6.165069642422954530e+02
6.167098318162957185e+02
6.180904379911141859e+02
6.260444735658677473e+02
6.285976516517292794e+02
6.341991433712997832e+02
6.366985545500198214e+02
6.442510883290401580e+02
6.442534883397742078e+02
6.446140232856150760e+02
6.452469261162991643e+02
6.479459381877426267e+02
6.491065767120798000e+02
6.514213537316825295e+02
6.515597543506851252e+02
6.515696877284459561e+02
6.516587214599862818e+02
6.519327226854680930e+02
6.544465339285929986e+02
6.554045715467892705e+02
6.557673398359522707e+02
6.557710731859831412e+02
6.560842079198245074e+02
6.586238859453063696e+02
6.673891251482018561e+02
6.673935585013636000e+02
6.695618015322537531e+02
6.695842349659214960e+02
6.762830315932336589e+02
6.780436394676253258e+02
6.787106757843062042e+02
6.811162865435001095e+02
6.811849535172825654e+02
6.836838313602839889e+02
6.849610704061218485e+02
6.849639704190922203e+02
6.849689704414552125e+02
6.855290729465367576e+02
6.864579771010990044e+02
6.876021822186039572e+02
6.907436629356732283e+02
6.916362669278815929e+02
6.923993703408932561e+02
6.924077703784627147e+02
6.931521737078373917e+02
6.931556403900090118e+02
6.940230776029911794e+02
6.944371794550789900e+02
6.976774606140372725e+02
6.984764308541315359e+02
7.000482378841035143e+02
7.000541712439741104e+02
7.017798789622734148e+02
7.017844123158822640e+02
7.027168164860986508e+02
7.067329011148702875e+02
7.069595354618351166e+02
7.109461199586660314e+02
7.109485866363650075e+02
7.136042985141464214e+02
7.163114772887823847e+02
7.222324037703714339e+02
7.231381078211703652e+02
7.234796093485500705e+02
7.234820760262490467e+02
7.234846427043953554e+02
7.254308514088943411e+02
7.266829903424709300e+02
7.274593938149677115e+02
7.294207359204848444e+02
7.295038029586722814e+02
7.310085096885354687e+02
7.383684759396228401e+02
7.383749426352120508e+02
7.383788426526550666e+02
7.391053792354534835e+02
7.401048837057784340e+02
7.457092754383194233e+02
7.488835896355711839e+02
7.488958230236189593e+02
7.506290641089448172e+02
7.540720795079739673e+02
7.542730470734763912e+02
7.551235175439073828e+02
7.593482031056552159e+02
7.616257466253964594e+02
7.616304466464174538e+02
7.618239141783756168e+02
7.633331542618478807e+02
7.655604642235838355e+02
7.655718309410887059e+02
7.655743642857524947e+02
7.660712665081682644e+02
7.665250018708518382e+02
7.665365019222862202e+02
7.665395352691864446e+02
7.690831133121112089e+02
7.717885920791437684e+02
7.717967587823363829e+02
7.718006921332618049e+02
7.744869708144211700e+02
7.761977117991143587e+02
7.785654223887981971e+02
7.785679890669443921e+02
7.797739277938886744e+02
7.797766944729294210e+02
7.798031279244875122e+02
7.830113089398766988e+02
7.830238089957837246e+02
7.871813942574227667e+02
7.871839276020865555e+02
7.872124943965194461e+02
7.879912312127854648e+02
7.883691995699311974e+02
7.915059802659794741e+02
7.986925790750070746e+02
8.018979934113556283e+02
8.019009600912909264e+02
8.070956833249057354e+02
8.070995833423487511e+02
8.076104189604155863e+02
8.076131523059738129e+02
8.098796957765168827e+02
8.098878624797093835e+02
8.098915624962578477e+02
8.099473294123444020e+02
8.099576627918942222e+02
8.105232986550573742e+02
8.105262986684750786e+02
8.138130800354075518e+02
8.138198467323385330e+02
8.138226134113792796e+02
8.186255015591622168e+02
8.208303114202657298e+02
8.208399781301670828e+02
8.208456114886959085e+02
8.212661133694080036e+02
8.217548822221135651e+02
8.230768214678749928e+02
8.230814548219311746e+02
8.270892727470629779e+02
8.332652670361200080e+02
8.339234366464775121e+02
8.339343033617460605e+02
8.365586484325714309e+02
8.365615817790242090e+02
8.371729511800658656e+02
8.371804512136101266e+02
8.384321901453976125e+02
8.403197319208398994e+02
8.425053750295525106e+02
8.432037448197070262e+02
8.432219115676251704e+02
8.432288449319682968e+02
8.438326476325008798e+02
8.449784194236793837e+02
8.451115200189773304e+02
8.459697238573295408e+02
8.480355997637118435e+02
8.480379331074811944e+02
8.483223343794776383e+02
8.484462016001456277e+02
8.495304064492967200e+02
8.496055734521509066e+02
8.499867418236088952e+02
8.503647101807547415e+02
8.503981103301381381e+02
8.505778111338574945e+02
8.506388780736485842e+02
8.506995783451329771e+02
8.507056117054507922e+02
8.513988814727952104e+02
8.529771551983566269e+02
8.529799885443621861e+02
8.529907552591835156e+02
8.564205372656922464e+02
8.592070163950022561e+02
8.623936973142314173e+02
8.625963315538547249e+02
8.751443543420733704e+02
8.756503232717069523e+02
8.756597566472315748e+02
8.821810524806639933e+02
8.822108192804639657e+02
8.854460670835770770e+02
8.866082389481055088e+02
8.866115722963473900e+02
8.866360724059251197e+02
8.868154065413378930e+02
8.868384066442067706e+02
8.869907739923428380e+02
8.888149488177069770e+02
8.920280965219765221e+02
8.920392632385867273e+02
8.921600304453897934e+02
8.963365157915602595e+02
8.986315593895711800e+02
9.015174056299714493e+02
9.015198389741880192e+02
9.024548764895152999e+02
9.044986189635715164e+02
9.092338734755268206e+02
9.092365401541203482e+02
9.098285428018767789e+02
9.098353094988077601e+02
9.101116774015413284e+02
9.109419144481441890e+02
9.123950209472233155e+02
9.158302363113664342e+02
9.170531417808617789e+02
9.182178803235364057e+02
9.222215648968483492e+02
9.222244649098187210e+02
9.245109418028480377e+02
9.253569789201175126e+02
9.264794172736028486e+02
9.307131362090862012e+02
9.329745129898542473e+02
9.329802796823126982e+02
9.332078473667852450e+02
9.358456258310253588e+02
9.364906953827922962e+02
9.373683659748770651e+02
9.374478996639281831e+02
9.380924025464939859e+02
9.386253715968869074e+02
9.387012386028718538e+02
9.395506090683830962e+02
9.395541424175195289e+02
9.404048128888450719e+02
9.404336463511373267e+02
9.432256588385287159e+02
9.491870521677741408e+02
9.491895521789555232e+02
9.491932521955039874e+02
9.516860966781875959e+02
9.562336170171607819e+02
9.563431175069063102e+02
9.582381259824102244e+02
9.592737639476772529e+02
9.661531280492515634e+02
9.661583280725088798e+02
9.668264310606272147e+02
9.689912740763106740e+02
9.690037741322175862e+02
9.765746079930858059e+02
9.814482297905611858e+02
9.838271404303376357e+02
9.842511756601861634e+02
9.842549423436994402e+02
9.882896603891430232e+02
9.882938937414102156e+02
9.887981293299581012e+02
9.963388963896846917e+02
9.963523631165818415e+02
9.963549297947280365e+02
9.986181399170291115e+02
9.986234066072512405e+02
9.998116785885135869e+02
1.007015044139197812e+03
1.007027710862516983e+03
1.007032277549608239e+03
1.007131377992839134e+03
1.009413754867530997e+03
1.009860090197117529e+03
1.009862723542228650e+03
1.012928237252865642e+03
1.018156660637205960e+03
1.018399828391450455e+03
1.018460761997311920e+03
1.018466295355393413e+03
1.018470062038906804e+03
1.024079287126398413e+03
1.025757227964391632e+03
1.025772394698891958e+03
1.028423639890029563e+03
1.030922684400442904e+03
1.031849521879095391e+03
1.031853255229126034e+03
1.034156032195058287e+03
1.034159598877677126e+03
1.035338137482073080e+03
1.036480642591974402e+03
1.038531151762961827e+03
1.038542485146984063e+03
1.038545318492989736e+03
1.038638652243762181e+03
1.038752719420598851e+03
1.038761186125133236e+03
1.039311421919418990e+03
1.041468431566734125e+03
1.041471798248458299e+03
1.044142943528599517e+03
1.044147876883997696e+03
1.044151643567510973e+03
1.044159443602396777e+03
1.045061714304506722e+03
1.045064514317029762e+03
1.046661354792298425e+03
1.046765221923515128e+03
1.047579892233828559e+03
1.047582558912422201e+03
1.047617025733242826e+03
1.050314404464047811e+03
1.056387798294219920e+03
1.057110934861811529e+03
1.059099543755947479e+03
1.059101977100164049e+03
1.059147810638489773e+03
1.059643246187678869e+03
1.059656346246269322e+03
1.059659646261028911e+03
1.060850684921332004e+03
1.060859051625419170e+03
1.063572663762161937e+03
1.063575297107272945e+03
1.063590230507396655e+03
1.064203066581664643e+03
1.066779611438701750e+03
1.069431089964215971e+03
1.069450456717501083e+03
1.070147459834876372e+03
1.071829567358171971e+03
1.073229906954582020e+03
1.076916290108750218e+03
1.081440410343065423e+03
1.082939950383153700e+03
1.083785854166493436e+03
1.083790287519655067e+03
1.084497624016580403e+03
1.084501957369294814e+03
1.084796425352981487e+03
1.084801192040967408e+03
1.086664900376480318e+03
1.086695033844586987e+03
1.086709267241579710e+03
1.089357312418404717e+03
1.091237754162091733e+03
1.091240587508097178e+03
1.094002899862653749e+03
1.094050633409477541e+03
1.096822245805628654e+03
1.096874779373920546e+03
1.098266452264902000e+03
1.098269952280555799e+03
1.098405686220964753e+03
1.098408519566970426e+03
1.099108522697763419e+03
1.105014115777439883e+03
1.105094616137481125e+03
1.105097882818758080e+03
1.105230183410478048e+03
1.107925428798408120e+03
1.108706398957996271e+03
1.110370739735162488e+03
1.110540640495050638e+03
1.111409744382153804e+03
1.113023751600867854e+03
1.113551153959697103e+03
1.113554687308833309e+03
1.113725654740158916e+03
1.117229937079873707e+03
1.117233670429904350e+03
1.119043911859617538e+03
1.119045078531502213e+03
1.127531149819141092e+03
1.127533816497734506e+03
1.127590416750881559e+03
1.127671383779676489e+03
1.131901136030752241e+03
1.138008563346473693e+03
1.141860880576122327e+03
1.141863013918997012e+03
1.142614850614951138e+03
1.142757884588010029e+03
1.146516101396790418e+03
1.146516801399920951e+03
1.146518401407077135e+03
1.146522068090143193e+03
1.146552134891285050e+03
1.147134337495210275e+03
1.147140570856422528e+03
1.147285538171461440e+03
1.147418538766312167e+03
1.147420005439538727e+03
1.147428405477108072e+03
1.147430905488289682e+03
1.147438805523622705e+03
1.147441205534356868e+03
1.147492172428975209e+03
1.147497839120986328e+03
1.147503772480856924e+03
1.148206242289348893e+03
1.148351042936975773e+03
1.149567815045706084e+03
1.149805449441869087e+03
1.149892449830981832e+03
1.149973883528530905e+03
1.150619519749498977e+03
1.150630286464320079e+03
1.150791487185297001e+03
1.150957254593365406e+03
1.154007501569054739e+03
1.154009368244070174e+03
1.154136568812979931e+03
1.156984948219141415e+03
1.157756818338029234e+03
1.158319787522598972e+03
1.159062524177852765e+03
1.159066890864049583e+03
1.160126595603622945e+03
1.160233496081739759e+03
1.161030266311994183e+03
1.161043066369242979e+03
1.161644735726900763e+03
1.161954170444193778e+03
1.161959003799144512e+03
1.161979270556455049e+03
1.161982137235943128e+03
1.161991237276643460e+03
1.162070270963458142e+03
1.162270405191900181e+03
1.162277138555348756e+03
1.162377672338323691e+03
1.162380072349057627e+03
1.162383672365158873e+03
1.162534139704797099e+03
1.162537039717767357e+03
1.162857041148987264e+03
1.162861507835631301e+03
1.162923074777658712e+03
1.162945274876949497e+03
1.162968674981607364e+03
1.163373043456828782e+03
1.163375910136316861e+03
1.163487477301972376e+03
1.163731111724970560e+03
1.163803378714854489e+03
1.163812612089484446e+03
1.168451932839038818e+03
1.169364503587215950e+03
1.169815238936481819e+03
1.169938606154913487e+03
1.170029939896740643e+03
1.170131973686424317e+03
1.170134573698053146e+03
1.170140573724888554e+03
1.173635322688631277e+03
1.174975495349275661e+03
1.175284363397367542e+03
1.177909441804806193e+03
1.181285523571138583e+03
1.182434328709216970e+03
1.184749139062302220e+03
1.184754672420383713e+03
1.184760672447219122e+03
1.186045111525259472e+03
1.186077945005441734e+03
1.186081911689849676e+03
1.188213054554807968e+03
1.188219221249055181e+03
1.188545689375864185e+03
1.188750356957915074e+03
1.188766723697782481e+03
1.190032496025668706e+03
1.192035704985103621e+03
1.192043071684718143e+03
1.192139738783732355e+03
1.192297272821643446e+03
1.194879117702384747e+03
1.194881651047048535e+03
1.194885517731009031e+03
1.194900351130685522e+03
1.195326519703408849e+03
1.197135127792483445e+03
1.197139561145645075e+03
1.197935331371427083e+03
1.198842602095899792e+03
1.199707239296358694e+03
1.201852515557862262e+03
1.203370722348105119e+03
1.204022858598144921e+03
1.204165092567625379e+03
1.207878509176035095e+03
1.208078343403135477e+03
1.208331611202552722e+03
1.211664759443529647e+03
1.214142403858230409e+03
1.214722106450974252e+03
1.214987440971027127e+03
1.215939678563282769e+03
1.215946878595485032e+03
1.218253488911895147e+03
1.218279322360769811e+03
1.218284122382237911e+03
1.219082725954025591e+03
1.219103426046607638e+03
1.219111392748905701e+03
1.219191493107158067e+03
1.219232926625804339e+03
1.219923929716344446e+03
1.219927263064586214e+03
1.220733700004742104e+03
1.220972834407614073e+03
1.221168235281552370e+03
1.221171335295417521e+03
1.222216006634419955e+03
1.222460007725725063e+03
1.222464407745404287e+03
1.222467041090515295e+03
1.223325578263691568e+03
1.223729680071053735e+03
1.224677184308805636e+03
1.224757718002329511e+03
1.224760984683606466e+03
1.224883751899354593e+03
1.224892318604336197e+03
1.225991056851821895e+03
1.226082790595438155e+03
1.227251495822520610e+03
1.227987765782185306e+03
1.228093499588417444e+03
1.228117366361829227e+03
1.229123270860778803e+03
1.230277376022562066e+03
1.232655153323936020e+03
1.234396361111560054e+03
1.235272698364348116e+03
1.235279798396103160e+03
1.235282598408626427e+03
1.235366198782532592e+03
1.235401132272107589e+03
1.235543099573728796e+03
1.235545532917945366e+03
1.236351936524618850e+03
1.237825543115385244e+03
1.237991443857383274e+03
1.237994477204283385e+03
1.238407445717969040e+03
1.238526346249756443e+03
1.238748947245348745e+03
1.240763256254429052e+03
1.240844056615812178e+03
1.241106057787623286e+03
1.241804994246978822e+03
1.241872927884148112e+03
1.242997832915332538e+03
1.243004399611369081e+03
1.243574168826352206e+03
1.244183504884966169e+03
1.244185971562665145e+03
1.245361710154538059e+03
1.245366943511277896e+03
1.245370143525590038e+03
1.245642911412222475e+03
1.245647044764042221e+03
1.246093246759699014e+03
1.246101680130751220e+03
1.246382248052269233e+03
1.246524515355232552e+03
1.248703158432637338e+03
1.248707491785351749e+03
1.248719491839022339e+03
1.248727425207837996e+03
1.249236894153125604e+03
1.249239894166543536e+03
1.249258860918039545e+03
1.250647067126849606e+03
1.252653176099254779e+03
1.252662109472543307e+03
1.252733309790989551e+03
1.254205083040223144e+03
1.256823494751178032e+03
1.256825928095394602e+03
1.258130933932087146e+03
1.258133900612022444e+03
1.258139167302244687e+03
1.258447202013275955e+03
1.259495273367485197e+03
1.259500040055471118e+03
1.259761074556291987e+03
1.262170985334717898e+03
1.262370452893511583e+03
1.262374719579260955e+03
1.262508086842418379e+03
1.263163256439358065e+03
1.263258090196839476e+03
1.264784863692063709e+03
1.265218898966637880e+03
1.268140212032331647e+03
1.268151778750730955e+03
1.268235912460355621e+03
1.268472446851598988e+03
1.268476413536006703e+03
1.268549013860714695e+03
1.271599527504263506e+03
1.272513464925219751e+03
1.274063805192514110e+03
1.274066138536283461e+03
1.274107738722341992e+03
1.274324806359852573e+03
1.274328506376401037e+03
1.274329539714356088e+03
1.276077980867664792e+03
1.276082614221721315e+03
1.276280015104604900e+03
1.278570625349454076e+03
1.278589292099608656e+03
1.279414729124742962e+03
1.279418029139502551e+03
1.280749935096507215e+03
1.280751535103663173e+03
1.280757735131393247e+03
1.281175570333511814e+03
1.281360871162277363e+03
1.281888706856377667e+03
1.284296484291928664e+03
1.285422122659726256e+03
1.286851595719770557e+03
1.288148634854165039e+03
1.288151768201512368e+03
1.288340469045484724e+03
1.288985405263322264e+03
1.289756375378184657e+03
1.289785542175300861e+03
1.292539787827111923e+03
1.292550721209345511e+03
1.294613963770616692e+03
1.295799235738461221e+03
1.296270137844590408e+03
1.296272737856219010e+03
1.296501738880435823e+03
1.296539272381639194e+03
1.297548110227041661e+03
1.297611243842742624e+03
1.297637543960370976e+03
1.297833578170475221e+03
1.297969912113567943e+03
1.298112546084837504e+03
1.301543061427959628e+03
1.303809004895819044e+03
1.303930738773612120e+03
1.303933105450863877e+03
1.303942638826835719e+03
1.304055339330893503e+03
1.304310907140597465e+03
1.305288778180833106e+03
1.306813918335418975e+03
1.307065452793750637e+03
1.307069019476369249e+03
1.307123953055395305e+03
1.307128286408109716e+03
1.307132586427341721e+03
1.307146186488168723e+03
1.309184728938967510e+03
1.309793998330616660e+03
1.310386767648468776e+03
1.310421667804561366e+03
1.312919545643090032e+03
1.313177246795669134e+03
1.314622019924143387e+03
1.314937254667377374e+03
1.314962288112673832e+03
1.315076221955580877e+03
1.316719562638823390e+03
1.317418599098626601e+03
1.317421065776325349e+03
1.318065001989690018e+03
1.318328069832938581e+03
1.318341503226353325e+03
1.320402179109478311e+03
1.322390688003166588e+03
1.322394454686680092e+03
1.324596031199988829e+03
1.326010437525979796e+03
1.326906808201701324e+03
1.329507053164738181e+03
1.329536253295336792e+03
1.330899426058850167e+03
1.330944292926185881e+03
1.331241560922396047e+03
1.331247294281371978e+03
1.331950897428265989e+03
1.332896101655731172e+03
1.334000806596570101e+03
1.334195374133448013e+03
1.336078182554386785e+03
1.336081582569593138e+03
1.336084749250423101e+03
1.336775352339174106e+03
1.337694589783834999e+03
1.337697423129840672e+03
1.338530226854589728e+03
1.340414401948307614e+03
1.340435535376160942e+03
1.340469068859474191e+03
1.346030893734966412e+03
1.348549238331700508e+03
1.348571838432780396e+03
1.348577305123896849e+03
1.348580705139103657e+03
1.348591471853924986e+03
1.349996444804391103e+03
1.349998778148160454e+03
1.350708081320548445e+03
1.351625552090641122e+03
1.352221288088428309e+03
1.352469722532895048e+03
1.353351126475010915e+03
1.354713532568428491e+03
1.355390068927598577e+03
1.355514002815231379e+03
1.355802204104223620e+03
1.357071409780798604e+03
1.357090743200601537e+03
1.358599349947907740e+03
1.359218452716870388e+03
1.360602492240377842e+03
1.360971093888963878e+03
1.360973660567110301e+03
1.361482229508372711e+03
1.362117365682378704e+03
1.362191432680313255e+03
1.362227566175255106e+03
1.364770310881119485e+03
1.364983111832880695e+03
1.366301351062093318e+03
1.366304651076852906e+03
1.366758586440430918e+03
1.366759486444456115e+03
1.366763019793592775e+03
1.366824086733383865e+03
1.366827820083414736e+03
1.367775424321613855e+03
1.368594061316335001e+03
1.369200664029390737e+03
1.369203430708431597e+03
1.369208230729899924e+03
1.369665999443956025e+03
1.369669999461846146e+03
1.369737599764191373e+03
1.369968667464318060e+03
1.369977934172430423e+03
1.373941685233804719e+03
1.374190586347025146e+03
1.375324658085874717e+03
1.375330591445745085e+03
1.376727764361325853e+03
1.378512572343953252e+03
1.378522239053854719e+03
1.379251942317482872e+03
1.379259875686298528e+03
1.379504710114664022e+03
1.380165546403615053e+03
1.380167746413454552e+03
1.381755986850259205e+03
1.383059626014172636e+03
1.383065759374937670e+03
1.383596495082008460e+03
1.383599361761496311e+03
1.383603061778045003e+03
1.384800100465183277e+03
1.384802967144671356e+03
1.385046234899363071e+03
1.387550279432139405e+03
1.387554479450924191e+03
1.387756247020004594e+03
1.387770713751374387e+03
1.388249682560248857e+03
1.389661188873269566e+03
1.389663955552309972e+03
1.389667688902341069e+03
1.390422125609923796e+03
1.390937294580704929e+03
1.390940761262876549e+03
1.391245895960937560e+03
1.392642468873834559e+03
1.392846936454990782e+03
1.395311347477171239e+03
1.395794916306619371e+03
1.400829838825519118e+03
1.400908572510992144e+03
1.400910572519937205e+03
1.401198940476341477e+03
1.401933177093578479e+03
1.401935610437795049e+03
1.402269178596359097e+03
1.404013519731330462e+03
1.404021653101040783e+03
1.404070386652336992e+03
1.404980090721026045e+03
1.405059157741323133e+03
1.407900270448317542e+03
1.407905503805057378e+03
1.407991737524074324e+03
1.408069037869803651e+03
1.408308472274017049e+03
1.408376039242879642e+03
1.409009308741870427e+03
1.409016108772284042e+03
1.410177847301541078e+03
1.410200580736550592e+03
1.410203614083450702e+03
1.410976817541635228e+03
1.413143993901087924e+03
1.413410561759990514e+03
1.413413128438136710e+03
1.413419261798901744e+03
1.413815630238342465e+03
1.413854963747596685e+03
1.415808439151262974e+03
1.417191445336815377e+03
1.417192912010042164e+03
1.417458013195717967e+03
1.417546746925916750e+03
1.417783214650194850e+03
1.417786914666743314e+03
1.417791848022141494e+03
1.417815014792422289e+03
1.417817514803603899e+03
1.420581427165316200e+03
1.423884841939975786e+03
1.423989842409594758e+03
1.424081876154552901e+03
1.424088742851931329e+03
1.424090909528288421e+03
1.424094142876082969e+03
1.424671378791127836e+03
1.424680845500134637e+03
1.425552082730112716e+03
1.425849517393734914e+03
1.429548933939528752e+03
1.430061569565646096e+03
1.430476338087382146e+03
1.431478809237642508e+03
1.431481375915788931e+03
1.431484675930548292e+03
1.431488409280579162e+03
1.431740643742041584e+03
1.434026453965422434e+03
1.439378511236053782e+03
1.439382244586084653e+03
1.440367615659864214e+03
1.440596216682291924e+03
1.441647221382954058e+03
1.441652788074517957e+03
1.441657354761609440e+03
1.442607359010542496e+03
1.443508563041214984e+03
1.444377100259117015e+03
1.444380666941735853e+03
1.444543701004245577e+03
1.445260704211072380e+03
1.445264137559761366e+03
1.445519105366782242e+03
1.447864615857175068e+03
1.447867115868356450e+03
1.447874382567523753e+03
1.447879049255062455e+03
1.448101316915830239e+03
1.451178197343972215e+03
1.451683732938334515e+03
1.451825133570754588e+03
1.453766775588162318e+03
1.453778008971737563e+03
1.453782142323557537e+03
1.453901576191063668e+03
1.454683079686370547e+03
1.457083523755789201e+03
1.457090323786202589e+03
1.457746093385826043e+03
1.457755060092596750e+03
1.458025894637248712e+03
1.458864365054009113e+03
1.459838336076801397e+03
1.462266380269663159e+03
1.462270380287553508e+03
1.462277946988062467e+03
1.463002550228880409e+03
1.464027588146738253e+03
1.464634157526311810e+03
1.464636190868739277e+03
1.464679124394094515e+03
1.465340927354035784e+03
1.465473361279685150e+03
1.465861929684240295e+03
1.465865996369095228e+03
1.465964463476160063e+03
1.467884638730890174e+03
1.467889838754147604e+03
1.467892772100600268e+03
1.468150073251390495e+03
1.468162073305061313e+03
1.469458979105526168e+03
1.471094119752093775e+03
1.471197453547591749e+03
1.471200786895833517e+03
1.471267220526294068e+03
1.471420954547209249e+03
1.471932456834924551e+03
1.471936290185402640e+03
1.474035666241615672e+03
1.474072833074512573e+03
1.474741002729595721e+03
1.477774182962286659e+03
1.477777549644010833e+03
1.478525786323863940e+03
1.478529753008271655e+03
1.478532286352935444e+03
1.483132773595471917e+03
1.484580013401645374e+03
1.484802247728930752e+03
1.484819914474612688e+03
1.486663789388086570e+03
1.486865523623684567e+03
1.489898937190752349e+03
1.492568349129807984e+03
1.492877650513171147e+03
1.492879950523458092e+03
1.492887950559238334e+03
1.492890317236490318e+03
1.493216152027133148e+03
1.493471586502907712e+03
1.493474386515430979e+03
1.493478653201180578e+03
1.493562753577322837e+03
1.493577220308692631e+03
1.493580120321663117e+03
1.493652020643240348e+03
1.494316290280880366e+03
1.494325023653274229e+03
1.495455895377811430e+03
1.496531866856804982e+03
1.499046478103507980e+03
1.499278279140247832e+03
1.499325046016081387e+03
1.500638051888554401e+03
1.500799285943013956e+03
1.501045220376299085e+03
1.502309892699264992e+03
1.505008671436331497e+03
1.505011171447512879e+03
1.505719841283734695e+03
1.505811241692526892e+03
1.506702145677131966e+03
1.506705545692338546e+03
1.506721312429522641e+03
1.506871946436572898e+03
1.510771363876878922e+03
1.510774730558603096e+03
1.511273866124341112e+03
1.512326370831711984e+03
1.514901782350346593e+03
1.514908015711558846e+03
1.520293839799880288e+03
1.529030312207448560e+03
1.529046612280351155e+03
1.529165912813927889e+03
1.530148517208666817e+03
1.531184721843135094e+03
1.532565461351882959e+03
1.533018030042681858e+03
1.534150835109199534e+03
1.536382378423202681e+03
1.542764440300572460e+03
1.542769540323382216e+03
1.542787340402994005e+03
1.542892774207884486e+03
1.543118208549482233e+03
1.544494281370691624e+03
1.545491519164212150e+03
1.545526052651997816e+03
1.548709500223432315e+03
1.548713200239980779e+03
1.548727166969114251e+03
1.548731266987451818e+03
1.548750467073325126e+03
1.548764367135493558e+03
1.548806400656823598e+03
1.548885234342744070e+03
1.548979334763611860e+03
1.551841080896223502e+03
1.551845247581525655e+03
1.553482621571415621e+03
1.553504155001058052e+03
1.553698089201770017e+03
1.554516126193807850e+03
1.554532559600640070e+03
1.554539526298465717e+03
1.554541992976164693e+03
1.555718331570721148e+03
1.557117671162658780e+03
1.560270718598127360e+03
1.560985288460737365e+03
1.560992055157668347e+03
1.561112989031883444e+03
1.561241222938748251e+03
1.561550590989076227e+03
1.561554224338659878e+03
1.561558524357891883e+03
1.561825325551171545e+03
1.563747467481364083e+03
1.564165236016517838e+03
1.564168269363418176e+03
1.564532404325359948e+03
1.566673913903350240e+03
1.566676980583732757e+03
1.566793181103444567e+03
1.567224349698530659e+03
1.568893657164577462e+03
1.569187991814334509e+03
1.572335739226098895e+03
1.574056113587211030e+03
1.574343948207896574e+03
1.574833817065521998e+03
1.575045218011021689e+03
1.576469591048255779e+03
1.576473791067040565e+03
1.576477957752342718e+03
1.576513724578978099e+03
1.576617591710194574e+03
1.577642396293675802e+03
1.577648829655782492e+03
1.581290012607790914e+03
1.581728781236868372e+03
1.581933782153743550e+03
1.581964982293287221e+03
1.582551784917786335e+03
1.584027024849191321e+03
1.585324530652339945e+03
1.586610603071018659e+03
1.587658841092640159e+03
1.587724608053452130e+03
1.587729274740990832e+03
1.588017709364360144e+03
1.588026509403718364e+03
1.588029209415794412e+03
1.590563887418913509e+03
1.590580120824851520e+03
1.590582387501656058e+03
1.591384091087308434e+03
1.591410057870112496e+03
1.591587091995238325e+03
1.593885535608456166e+03
1.593888235620531987e+03
1.594634138956615516e+03
1.594637005636103595e+03
1.594640105649968291e+03
1.594725372697995454e+03
1.594727606041317586e+03
1.594730406053840852e+03
1.594744239449044699e+03
1.594958807075373670e+03
1.597927087017795657e+03
1.597930953701756152e+03
1.598419522553567276e+03
1.599283959753131512e+03
1.600420998171916381e+03
1.600846166740167064e+03
1.602055638816247892e+03
1.603056909961141173e+03
1.603059976641523690e+03
1.603290277671554577e+03
1.603293811020691010e+03
1.603535845436533236e+03
1.603557045531351605e+03
1.604100781296565629e+03
1.604103114640334979e+03
1.604106147987235090e+03
1.604110581340396720e+03
1.604116181365443026e+03
1.604588783479175618e+03
1.605170919416136030e+03
1.605173719428659297e+03
1.605178352782715592e+03
1.605180819460414568e+03
1.605188352827441122e+03
1.606461058519670132e+03
1.606465125204525066e+03
1.606497925351225149e+03
1.607146361584716260e+03
1.607149228264204339e+03
1.607184461755120992e+03
1.607189961779720079e+03
1.607272462148706381e+03
1.607296962258284111e+03
1.608311300128285666e+03
1.608644801619884902e+03
1.610907678407361800e+03
1.612561252469706915e+03
1.612842553727838322e+03
1.612915154052546541e+03
1.613454656465493144e+03
1.613946125330274754e+03
1.614072559229088938e+03
1.614515661210881035e+03
1.615839967133894106e+03
1.616066534813894123e+03
1.616070268163924993e+03
1.616891105168485865e+03
1.619335549434697441e+03
1.620276986978649120e+03
1.620281220330916312e+03
1.620541121493335140e+03
1.622361329634291451e+03
1.622577763935636312e+03
1.624250204749030217e+03
1.624862807488921590e+03
1.624875340878310908e+03
1.626388414312261148e+03
1.626390814322995539e+03
1.626474114695559820e+03
1.626514014874014947e+03
1.626947216811528506e+03
1.629475728120400163e+03
1.631170069031743424e+03
1.631175735723754542e+03
1.633250045001188710e+03
1.633256711697672472e+03
1.635558388658684862e+03
1.635563122013188377e+03
1.635793123041877379e+03
1.635798589732994060e+03
1.635802789751778846e+03
1.635855256653105698e+03
1.636009490676257201e+03
1.636854327788159480e+03
1.636857494468989216e+03
1.637010828488115521e+03
1.637202529345505354e+03
1.638543202008386061e+03
1.638547968696371981e+03
1.638556902069660282e+03
1.638639569106058616e+03
1.638682302630519416e+03
1.638935403762524629e+03
1.638984003979891213e+03
1.640277443098184676e+03
1.640315909936895878e+03
1.640325609980279751e+03
1.640344210063469291e+03
1.640346743408133307e+03
1.640352910102380520e+03
1.640359476798417063e+03
1.640363176814965527e+03
1.640414377043960712e+03
1.641612882404325774e+03
1.644769063187141683e+03
1.644976764116092681e+03
1.645665833864652313e+03
1.645670067216919506e+03
1.648822847984528835e+03
1.651566193587588941e+03
1.653424135230643287e+03
1.653434001941439192e+03
1.653460335392549950e+03
1.653464302076957892e+03
1.653591435978902837e+03
1.653593869323119407e+03
1.653598636011105327e+03
1.658460791090628618e+03
1.658465557778614539e+03
1.659288461459085511e+03
1.661102202904452497e+03
1.663502613640388972e+03
1.663624247517734830e+03
1.663637980912491230e+03
1.664443984517375839e+03
1.664446384528110002e+03
1.664463017935837115e+03
1.664480451347141980e+03
1.664582318469413394e+03
1.664585385149795911e+03
1.666158158850758127e+03
1.666439260107995324e+03
1.666443193458920632e+03
1.667184096772641396e+03
1.667186863451682257e+03
1.667268563817090353e+03
1.667272063832744379e+03
1.668815237401318882e+03
1.668964904737378902e+03
1.669069571872173583e+03
1.669364706525509064e+03
1.673057656375713577e+03
1.674151294600389292e+03
1.674543396354080642e+03
1.674767430689416642e+03
1.676903473576290480e+03
1.676910140272774015e+03
1.677120807881660312e+03
1.677818144333859891e+03
1.677821611016031511e+03
1.677876577928539746e+03
1.677891411328216236e+03
1.677945878238488376e+03
1.678003945164861761e+03
1.678763415228289659e+03
1.680927558240842473e+03
1.680995991880248084e+03
1.681143625873880410e+03
1.681148892564102653e+03
1.681152725914580742e+03
1.684044772182710858e+03
1.684978843027048015e+03
1.684986543061486827e+03
1.685153543808404493e+03
1.685170743885332740e+03
1.687790155600760045e+03
1.689852664825418060e+03
1.689996098800265827e+03
1.689998332143587731e+03
1.690056765738267814e+03
1.690094132572059152e+03
1.691664472928804798e+03
1.691667406275257918e+03
1.692384076147260203e+03
1.695195388720972005e+03
1.695564090370005488e+03
1.698369536250811734e+03
1.698372602931194251e+03
1.699306773775978854e+03
1.699309940456808590e+03
1.700394311973371714e+03
1.701887085316529237e+03
1.701891685337102899e+03
1.701895652021510841e+03
1.701907152072945109e+03
1.703204791210023131e+03
1.703758893688269609e+03
1.703761027031144522e+03
1.704158928810776615e+03
1.704567297303888154e+03
1.705855403064994789e+03
1.709738287098021146e+03
1.709817887454036963e+03
1.709904221173501355e+03
1.711544895178150455e+03
1.712164431282384840e+03
1.712167531296249763e+03
1.712172331317717862e+03
1.712425232448828865e+03
1.713712404872427442e+03
1.713781805182823291e+03
1.715863247825494909e+03
1.715865481168817041e+03
1.717405488056561580e+03
1.717418054779433760e+03
1.717432121509014223e+03
1.718143291356417649e+03
1.720697502780233890e+03
1.720901237024777174e+03
1.720932503831285885e+03
1.722882379218850929e+03
1.722975879637035405e+03
1.722978179647322349e+03
1.723088480140645970e+03
1.723095980174190117e+03
1.723176747202090837e+03
1.723720882969093736e+03
1.723727382998165467e+03
1.724034351037759507e+03
1.724792421094925885e+03
1.727633033799683744e+03
1.727647000528817216e+03
1.727754967678371486e+03
1.728462570843155845e+03
1.728468970871780357e+03
1.728734372058798044e+03
1.729215774211889311e+03
1.731744552188620219e+03
1.731748318872133495e+03
1.731751818887787522e+03
1.731754918901652445e+03
1.732028586792310080e+03
1.732031320137868533e+03
1.732035453489688280e+03
1.732343221532860298e+03
1.734121129484627318e+03
1.734155762972860202e+03
1.734169496367616830e+03
1.734174496389979595e+03
1.734296230267772899e+03
1.734322230384059594e+03
1.734458930995458559e+03
1.734462797679419282e+03
1.734467497700440163e+03
1.735500502320596070e+03
1.735509869029155652e+03
1.737210576635641019e+03
1.738410882004056475e+03
1.738414715354534565e+03
1.739702554447781949e+03
1.739984122373772607e+03
1.740359624053219477e+03
1.740710092287369662e+03
1.741214727877706764e+03
1.741601229606351581e+03
1.741603729617533190e+03
1.743050402754505285e+03
1.743787006048994044e+03
1.743937106720325573e+03
1.745176978932372094e+03
1.746297917279148578e+03
1.746303717305089549e+03
1.746326317406169437e+03
1.746590951923091552e+03
1.746768586050900694e+03
1.748066825190662485e+03
1.754598587737574462e+03
1.755981627256609499e+03
1.763741128627967555e+03
1.763828262351009926e+03
1.769755255526399196e+03
1.774481009995865406e+03
1.774483576674011374e+03
1.774955978786849528e+03
1.774958778799372794e+03
1.777616590686546488e+03
1.777645024147049753e+03
1.777879725196759864e+03
1.777883058545001859e+03
1.780775404814473632e+03
1.781430407744001513e+03
1.781551974954382331e+03
1.786025161627562056e+03
1.788001903801956360e+03
1.793950630407882727e+03
1.802095200168141673e+03
1.802122033621488754e+03
1.803296572207994586e+03
1.803299272220070407e+03
1.808716763116689890e+03
1.809274798945861448e+03
1.812822281478790728e+03
1.813606218318314177e+03
1.819870846337122430e+03
1.821352586297599146e+03
1.821896455396743022e+03
1.827607480939541574e+03
1.827611880959220571e+03
1.827944982449030931e+03
1.827947415793247501e+03
1.833071805378958743e+03
1.835179948141048044e+03
1.835204248249731336e+03
1.835226848350811224e+03
1.835364648967130279e+03
1.838416929285247079e+03
1.838422162641986688e+03
1.838608630142637139e+03
1.838610896819441450e+03
1.839924369360668607e+03
1.840494571910923014e+03
1.840604372402010313e+03
1.840730339632070582e+03
1.844748790938094089e+03
1.846159897249325468e+03
1.848650641722616683e+03
1.850634017260012570e+03
1.850718784305803183e+03
1.850722984324588197e+03
1.850725551002734164e+03
1.854280766903584663e+03
1.854283266914766273e+03
1.855189137632977236e+03
1.856656910864320480e+03
1.857052379299736003e+03
1.857058479327018631e+03
1.859549657135581356e+03
1.859555090493215630e+03
1.860028025941772512e+03
1.860030525952953667e+03
1.863925076704826552e+03
1.864015077107357229e+03
1.864017643785503424e+03
1.866058752914448633e+03
1.868827798632453778e+03
1.868829965308810870e+03
1.871748211694122119e+03
1.874274856327978341e+03
1.878260607487748757e+03
1.878263407500271796e+03
1.881477221874189809e+03
1.883921466139506947e+03
1.885211271908216759e+03
1.885385006018582999e+03
1.885906608351471050e+03
1.886170476198297592e+03
1.886680778480645586e+03
1.887283214508399169e+03
1.890739329966018659e+03
1.891533500184644708e+03
1.892076002611009244e+03
1.893634742915873176e+03
1.893672443084488805e+03
1.894484980051927323e+03
1.900829541761575911e+03
1.900876575305268716e+03
1.901529544892368676e+03
1.901532478238821795e+03
1.902800217242170220e+03
1.904358324210868204e+03
1.904360957555979212e+03
1.908150174503409289e+03
1.917529783120764023e+03
1.917531983130603749e+03
1.919929427186604926e+03
1.919931993864751121e+03
1.921388667046448973e+03
1.921391933727725927e+03
1.924791348931751372e+03
1.926526156690751122e+03
1.931208110964318848e+03
1.933415954172322472e+03
1.933418687517880699e+03
1.933433887585863658e+03
1.933513654609291507e+03
1.933531754690244952e+03
1.934090123854241028e+03
1.934786693636344580e+03
1.936458101111783890e+03
1.938640244204842702e+03
1.938660644296082864e+03
1.938669844337230643e+03
1.939267947012269588e+03
1.940890020933728920e+03
1.941735391381349928e+03
1.942173960009532948e+03
1.942176126685890267e+03
1.942586661855359125e+03
1.942591961879063774e+03
1.942750362587517429e+03
1.947915652356156443e+03
1.950977899385516821e+03
1.951008099520588075e+03
1.951010566198287052e+03
1.951904736864169081e+03
1.953163375826817401e+03
1.954728716161200055e+03
1.954744649565796180e+03
1.954750149590395267e+03
1.954835083303598367e+03
1.954852483381420825e+03
1.955197851592761253e+03
1.955603520073796972e+03
1.955664487013140615e+03
1.958086731180061633e+03
1.958090831198398973e+03
1.958404832602783245e+03
1.958421199342650880e+03
1.960615142488485844e+03
1.961143811519646533e+03
1.962321150118675632e+03
1.962326916811133970e+03
1.965680298475939253e+03
1.971401957399629055e+03
1.971407457424228141e+03
1.972814497050604587e+03
1.973061798156669056e+03
1.973067364848232955e+03
1.973621733994338683e+03
1.974202736592896827e+03
1.974205136603630990e+03
1.975304441520317596e+03
1.976631047453617839e+03
1.976643814177384229e+03
1.976646180854635986e+03
1.979842195148942210e+03
1.982062571746335152e+03
1.982066038428506772e+03
1.984859550922607241e+03
1.984862250934683061e+03
1.986817326345505535e+03
1.988219165948624550e+03
1.988223765969198439e+03
1.988278932882601339e+03
1.992267150720070731e+03
1.994740861783845958e+03
1.994745495137902481e+03
1.994749561822757414e+03
1.995326531069943030e+03
1.995333297766874011e+03
1.998095143452676439e+03
2.002566130116016438e+03
2.002570796803555140e+03
2.002857198084496531e+03
2.002860998101492214e+03
2.004060036797575776e+03
2.006526747830043178e+03
2.006906416194792428e+03
2.008597123756552037e+03
2.008599290432909356e+03
2.009007825593432926e+03
2.009010325604614309e+03
2.010393598458026190e+03
2.011728571095413372e+03
2.017469163437117004e+03
2.017472763453218249e+03
2.021280947152144336e+03
2.023699491302516435e+03
2.026428470174654421e+03
2.034378372397588009e+03
2.035041108695036883e+03
2.038203456172100459e+03
2.038615524681760462e+03
2.039283727670326243e+03
2.040726567456820248e+03
2.046391726127810443e+03
2.050301610281595913e+03
2.054558562654325669e+03
2.057222674569676201e+03
2.061172458901917253e+03
2.061175158913993073e+03
2.061707127959913123e+03
2.061710027972883381e+03
2.062359864212636239e+03
2.064295306202314350e+03
2.064298006214390170e+03
2.065866146561296318e+03
2.065869546576503126e+03
2.069023527349479536e+03
2.069055594159566226e+03
2.069064994201608442e+03
2.070031998526575080e+03
2.070045965255708325e+03
2.070049665272257243e+03
2.070776801857738974e+03
2.070874535628190188e+03
2.074391784692566034e+03
2.074432218206740345e+03
2.078737304128081632e+03
2.083124023747866886e+03
2.086911074018939871e+03
2.086914574034593443e+03
2.087855744910686099e+03
2.087859144925892906e+03
2.088710982069103011e+03
2.088718082100857828e+03
2.088720515445074852e+03
2.088722748788396530e+03
2.089961087660251906e+03
2.089964754343317964e+03
2.092438898742364472e+03
2.093327602717130048e+03
2.093335302751568634e+03
2.093774404715470610e+03
2.094070106038006998e+03
2.095061477138622195e+03
2.095069310506990405e+03
2.095071610517277350e+03
2.095076543872675302e+03
2.095079310551715935e+03
2.101681706747873250e+03
2.104841954215544320e+03
2.104845187563339096e+03
2.107013630595123686e+03
2.107052397435176772e+03
2.109147573472604563e+03
2.109161806869597513e+03
2.114719665060682019e+03
2.114722665074099496e+03
2.114782565342006365e+03
2.114796632071586828e+03
2.114801932095291249e+03
2.114940999383942199e+03
2.116047070997560240e+03
2.116050304345354562e+03
2.117219609575120558e+03
2.117223942927835196e+03
2.117226142937674922e+03
2.124435475181711809e+03
2.127447855321373936e+03
2.127610322714682752e+03
2.127612989393276166e+03
2.127633189483621663e+03
2.127639089510009853e+03
2.127641722855120861e+03
2.128150225129418686e+03
2.128161291845581673e+03
2.128163825190245461e+03
2.128537326860747271e+03
2.128540460208094373e+03
2.130014366800202424e+03
2.130018133483715701e+03
2.130250501189656916e+03
2.130255567878984493e+03
2.130357835003045238e+03
2.130684336463336422e+03
2.134678987662912732e+03
2.135063956051366404e+03
2.135066589396477411e+03
2.135156523132043276e+03
2.135159056476707065e+03
2.135887593068450315e+03
2.136035160395118510e+03
2.137428799961562163e+03
2.137432966646864315e+03
2.137437833335297455e+03
2.137443633361238426e+03
2.137876101962138819e+03
2.138003169197118950e+03
2.138925573322609580e+03
2.139227374672429050e+03
2.139891644310069296e+03
2.140227445811955022e+03
2.141487684781759526e+03
2.142989891500441445e+03
2.143123525431457892e+03
2.143214625838908432e+03
2.143217225850536579e+03
2.144109229840061744e+03
2.144337730862042008e+03
2.144683599075618986e+03
2.144686099086799913e+03
2.145020600582871793e+03
2.145023200594500395e+03
2.145027833948556690e+03
2.145321635262595464e+03
2.145326468617546197e+03
2.146055271877148698e+03
2.146058471891461068e+03
2.146142272266261443e+03
2.146154438987344747e+03
2.146166805709321579e+03
2.146469173728341957e+03
2.149494820594005887e+03
2.149500687286912125e+03
2.149531687425561358e+03
2.149694888155483113e+03
2.151073260986979676e+03
2.151076227666914747e+03
2.151924064792234731e+03
2.151927764808783195e+03
2.151994365106656005e+03
2.152047398677183992e+03
2.153792339814839124e+03
2.153794306490301551e+03
2.153841373367476990e+03
2.159594032429816252e+03
2.164469787570166318e+03
2.164475687596554963e+03
2.165035923435566019e+03
2.165069190251019791e+03
2.165190590793989031e+03
2.170372447303389890e+03
2.170875882888359683e+03
2.172298289250131347e+03
2.174399865316183877e+03
2.178847618542277814e+03
2.179130119805776758e+03
2.180137324310540407e+03
2.181464696913936223e+03
2.188541795233218181e+03
2.191866910104932231e+03
2.191869210115219175e+03
2.191872510129978764e+03
2.191877376818411904e+03
2.193031681981089605e+03
2.193038048676231483e+03
2.193041715359297541e+03
2.193647718069669736e+03
2.199035608833901279e+03
2.199096042437526194e+03
2.199098509115225170e+03
2.200342581346056704e+03
2.201682120670534914e+03
2.204909268437420451e+03
2.205879339442769833e+03
2.205881906120916028e+03
2.207529880158214837e+03
2.211910099748928587e+03
2.212520435812015421e+03
2.213594907284300007e+03
2.213597240628069358e+03
2.221469409170002564e+03
2.226083129805059343e+03
2.229697379303273465e+03
2.229701345987681179e+03
2.229703945999309781e+03
2.229729412779877748e+03
2.230112614493763431e+03
2.230114781170120295e+03
2.232275524167466756e+03
2.232278357513471747e+03
2.233475396200610248e+03
2.233478096212686069e+03
2.234389266954602135e+03
2.235481505173016103e+03
2.236435342772427703e+03
2.236689577242834730e+03
2.239634457080598622e+03
2.239647957140978178e+03
2.239651057154843329e+03
2.239653390498612680e+03
2.240846829169649936e+03
2.240852695862555720e+03
2.241677199550182650e+03
2.241743666514125835e+03
2.243531941178924626e+03
2.249649368539372063e+03
2.249698768760316398e+03
2.249735035589188101e+03
2.249741435617812385e+03
2.250973874463279572e+03
2.253084883904857179e+03
2.254185022158604170e+03
2.257359803024609846e+03
2.257868905301590985e+03
2.258894476555167330e+03
2.258905809939189567e+03
2.258908209949924185e+03
2.259033543843818279e+03
2.259640513225180257e+03
2.260082248534193695e+03
2.263983732650409365e+03
2.263987099332133766e+03
2.264164866793872989e+03
2.264169700148823267e+03
2.264884203344468460e+03
2.267168813562482228e+03
2.267497448365648779e+03
2.267502281720599512e+03
2.269223956087525949e+03
2.271689067112837165e+03
2.276117720253505013e+03
2.276122986943727483e+03
2.281379677121158693e+03
2.281382977135918281e+03
2.285799563555950499e+03
2.286457366498001647e+03
2.290029582474885501e+03
2.291400455272837462e+03
2.291402688616159594e+03
2.291632356310024534e+03
2.292163525352366378e+03
2.292166825367126421e+03
2.292477426756303885e+03
2.292555960440882245e+03
2.293044429292246150e+03
2.293048562644065896e+03
2.293051295989624123e+03
2.295117838565655347e+03
2.296849212975965202e+03
2.296851912988041477e+03
2.298250852578190006e+03
2.298261285958186818e+03
2.298266219313584770e+03
2.299387257660808700e+03
2.299392824352372372e+03
2.300284461673591068e+03
2.300287428353526138e+03
2.301000931544698688e+03
2.301041398392354949e+03
2.304054278534253172e+03
2.304088112018907850e+03
2.304090612030089233e+03
2.304100345406955512e+03
2.304103478754303069e+03
2.304727514878663442e+03
2.307112525545722747e+03
2.307142725680794229e+03
2.310147972455218678e+03
2.311277910842247820e+03
2.311280277519499577e+03
2.311807479877433707e+03
2.314706659510801728e+03
2.315420596037245559e+03
2.315501596399523351e+03
2.315873431395903935e+03
2.317419104975660048e+03
2.320540752270690064e+03
2.321345389202795104e+03
2.322404527273167787e+03
2.324870204967679911e+03
2.324872738312343699e+03
2.324874404986464469e+03
2.325114839395150739e+03
2.328602954995892105e+03
2.328849356097931377e+03
2.328890422948271407e+03
2.328894989635362890e+03
2.328898922986288198e+03
2.330028461371528920e+03
2.330084994957710478e+03
2.330539663657902111e+03
2.330542230336048306e+03
2.330547563693235588e+03
2.330619164013470709e+03
2.330623630700114973e+03
2.330670030907641831e+03
2.330861498430655047e+03
2.331801969303616261e+03
2.331805602653199912e+03
2.332137604138090410e+03
2.333864578528721722e+03
2.333898745348200919e+03
2.334299680474733123e+03
2.334305980502910188e+03
2.334719549019278929e+03
2.334722049030460767e+03
2.337667295536531128e+03
2.337669862214677323e+03
2.337673728898637819e+03
2.338237231418926058e+03
2.344446259189060129e+03
2.344909127925926896e+03
2.344916727959918262e+03
2.346432434738979282e+03
2.347540573028506969e+03
2.347544273045055434e+03
2.347658273554927746e+03
2.347661606903169286e+03
2.350925988169916764e+03
2.350937988223587581e+03
2.350970555035910820e+03
2.353813534417920437e+03
2.354851305726062037e+03
2.354947506156322106e+03
2.357974219693424402e+03
2.357984653073421214e+03
2.358703289620886608e+03
2.360986399832191182e+03
2.361465268640618433e+03
2.361541468981427897e+03
2.363676045195074948e+03
2.365855454942575307e+03
2.366386157316163917e+03
2.366388390659486049e+03
2.366396457362231104e+03
2.366850292725361669e+03
2.366857692758459052e+03
2.368068398173388687e+03
2.368071031518500149e+03
2.369328137140957097e+03
2.369439104303928616e+03
2.369623905130458297e+03
2.369689738758235308e+03
2.369735072294324709e+03
2.371808048232462170e+03
2.372803419350967488e+03
2.373732856841248577e+03
2.380819455203019970e+03
2.380827788573624730e+03
2.384496238314251514e+03
2.385209008168811124e+03
2.385212474850982289e+03
2.385225008240371608e+03
2.385227941586824727e+03
2.385278541813136599e+03
2.389105358928734404e+03
2.389107792272950974e+03
2.389253626258532677e+03
2.394930951650605948e+03
2.394941818365874497e+03
2.395544287727110259e+03
2.395688155037229535e+03
2.395693288393521925e+03
2.396392891522525588e+03
2.397417196103770493e+03
2.398001565384053265e+03
2.398006765407310013e+03
2.398009398752421475e+03
2.398011465428331576e+03
2.398132032634239749e+03
2.398134299311044288e+03
2.398140966007528277e+03
2.398240166451206278e+03
2.398668901702075800e+03
2.398672735052553890e+03
2.398721668604744991e+03
2.398733268656626478e+03
2.402750653291212075e+03
2.402839687022752514e+03
2.402908987332700690e+03
2.403400622864894558e+03
2.403641090607063234e+03
2.405171530785353752e+03
2.408823247117806204e+03
2.408839947192498130e+03
2.409809918197400293e+03
2.409812151540722425e+03
2.412910732065919092e+03
2.415734411361608181e+03
2.417460219080354818e+03
2.417469119120160485e+03
2.419245860400042602e+03
2.419248793746495721e+03
2.419350827536179168e+03
2.419369627620263600e+03
2.419371827630103326e+03
2.420293465085498610e+03
2.423714913721402354e+03
2.423717247065171705e+03
2.423877347781228764e+03
2.423880014459822178e+03
2.437859510317030072e+03
2.439656085018951217e+03
2.439663318384636568e+03
2.440135220495238173e+03
2.440137853840349180e+03
2.440415921750686266e+03
2.442931599668826493e+03
2.445763979003426812e+03
2.446184014215385105e+03
2.446186347559154456e+03
2.448275190234923230e+03
2.453923582164256914e+03
2.453925848841061452e+03
2.455042920503877667e+03
2.455049253865537139e+03
2.456077058462435616e+03
2.456176092238701585e+03
2.456222692447123336e+03
2.457277630498710550e+03
2.458529602764875108e+03
2.462478487093090735e+03
2.462481387106060993e+03
2.464903464605569297e+03
2.464905897949786322e+03
2.466930273670557199e+03
2.467476776114811855e+03
2.468874349032181271e+03
2.468876815709880248e+03
2.468896915799778981e+03
2.469881720204357407e+03
2.470337288908574010e+03
2.470339888920202611e+03
2.470342355597901587e+03
2.475914913854732731e+03
2.475917713867255770e+03
2.477955689648853877e+03
2.477968056370831164e+03
2.479591596965516601e+03
2.479594263644110470e+03
2.479912865069068630e+03
2.479916531752134233e+03
2.480383733841715184e+03
2.482617610499487910e+03
2.482667677390080826e+03
2.486429060879690951e+03
2.488310669295262414e+03
2.490702179991393223e+03
2.490994247964345959e+03
2.491525683674547508e+03
2.491534883715694832e+03
2.491583183931719759e+03
2.491710817835901253e+03
2.491712917845293759e+03
2.495698702338546809e+03
2.499250984892943961e+03
2.499254118240291064e+03
2.501263560560938913e+03
2.501265927238190670e+03
2.501977830422206807e+03
2.501981330437861288e+03
2.506037081910710640e+03
2.507334421046447460e+03
2.509206462752564221e+03
2.509209096097675683e+03
2.509216562797737424e+03
2.509219329476778512e+03
2.509287396447877200e+03
2.509291163131390931e+03
2.509846698949380880e+03
2.509862165685223317e+03
2.513929317209060628e+03
2.513941250595766178e+03
2.513957850670010430e+03
2.513975084080421311e+03
2.515238656398467356e+03
2.515241056409201519e+03
2.515243589753865308e+03
2.517535766672388036e+03
2.517538366684017092e+03
2.517598733620677194e+03
2.517601133631410903e+03
2.517712667463584694e+03
2.519120540427021297e+03
2.519122907104272599e+03
2.519949844136116099e+03
2.523224058780177074e+03
2.523962028747444947e+03
2.524183596405081971e+03
2.524190496435942805e+03
2.527692312097958165e+03
2.534764877063631502e+03
2.534767210407400853e+03
2.534770910423949772e+03
2.536100749705044109e+03
2.545215457137617250e+03
2.545218157149693070e+03
2.546710163822755021e+03
2.546872464548651806e+03
2.546878031240215478e+03
2.546880364583984829e+03
2.550534914262443181e+03
2.550713415060795342e+03
2.550720115090761738e+03
2.552318988908457413e+03
2.552974558507186430e+03
2.556175839491715124e+03
2.556271706587151129e+03
2.557586645801604845e+03
2.559348787016187543e+03
2.559415587314954792e+03
2.559450120802740457e+03
2.565311980353483705e+03
2.565314480364665087e+03
2.565318780383897320e+03
2.565543381388434682e+03
2.565569881506957245e+03
2.565581648226251218e+03
2.567300589247619428e+03
2.567956492181172507e+03
2.568986130119604240e+03
2.568988396796408324e+03
2.569018663598444618e+03
2.569021230276590813e+03
2.569085163895869755e+03
2.574267387073577993e+03
2.574547888328131194e+03
2.574558288374646054e+03
2.575239791422696726e+03
2.575243224771385940e+03
2.578043937297688444e+03
2.580321947486183490e+03
2.581710653697229645e+03
2.583458194846512924e+03
2.583667129114313866e+03
2.584248598381625470e+03
2.584251031725842495e+03
2.584254565074978927e+03
2.584256565083923761e+03
2.584299231941420203e+03
2.584310698659371610e+03
2.584313598672342323e+03
2.585322569851674416e+03
2.585327903208861244e+03
2.585832272131338868e+03
2.585848372203347026e+03
2.586911910293398705e+03
2.586915876977806420e+03
2.586933010387769627e+03
2.586948977125848160e+03
2.586992743988264010e+03
2.589393721393401393e+03
2.589701589437020630e+03
2.590847627896058839e+03
2.590849761238933752e+03
2.591399230363123934e+03
2.591504764168461406e+03
2.591616231333669475e+03
2.596811987905239221e+03
2.596872621509759028e+03
2.596940055144691996e+03
2.596988255360269704e+03
2.597046555621019706e+03
2.598208360817242010e+03
2.598211494164589112e+03
2.599004731045707103e+03
2.601118373832395719e+03
2.601250674424115459e+03
2.602413779626151609e+03
2.604456355428323150e+03
2.605920295309188077e+03
2.605922895320817133e+03
2.608288672568520269e+03
2.608291505914526169e+03
2.609189176596062225e+03
2.609421477635038173e+03
2.609425077651139418e+03
2.610003180236727076e+03
2.610039080397292309e+03
2.611116085214240684e+03
2.611120985236156230e+03
2.611834421760363966e+03
2.614236032501667523e+03
2.614250232565178067e+03
2.617178545662179658e+03
2.617181679009526761e+03
2.618369984324271627e+03
2.618376851021650054e+03
2.618381817710529958e+03
2.618505618264233362e+03
2.618507984941485120e+03
2.620631361105040014e+03
2.620935129130321457e+03
2.621416764617789340e+03
2.621479898233490530e+03
2.621483398249144557e+03
2.622360335504616160e+03
2.622418435764471724e+03
2.622441502534305982e+03
2.624252943969385797e+03
2.624256977320758324e+03
2.625781484139178247e+03
2.628682163779255006e+03
2.631214941773876035e+03
2.631290275444142480e+03
2.632460647345345933e+03
2.634822891243913091e+03
2.634827791265828637e+03
2.634872524799234270e+03
2.635976163068635742e+03
2.636194030709724302e+03
2.636955667449509747e+03
2.637111801481159091e+03
2.637121501524542964e+03
2.637254968788147380e+03
2.637258168802459295e+03
2.637657170587011478e+03
2.637731004250568731e+03
2.637768971087043610e+03
2.637831838034885550e+03
2.637835004715715513e+03
2.637838704732263523e+03
2.647445747700161064e+03
2.656881889903698720e+03
2.670503784161518524e+03
2.670509217519152571e+03
2.670654451502050961e+03
2.671312121110172029e+03
2.671315821126720948e+03
2.671980957434903758e+03
2.671984290783145752e+03
2.678906855077934779e+03
2.680009360008933527e+03
2.684437979816118968e+03
2.684709881032208614e+03
2.684712281042942777e+03
2.684898015206980290e+03
2.686231921172929560e+03
2.686236787861362700e+03
2.687410826445632210e+03
2.687413059788954342e+03
2.688236196803802159e+03
2.691446044493312002e+03
2.695260928222204257e+03
2.695334028549148570e+03
2.695344561929592601e+03
2.695924364522784344e+03
2.697967473660674386e+03
2.697972640350449637e+03
2.698118374335584122e+03
2.698202574712173373e+03
2.698204108052364973e+03
2.699288912904199151e+03
2.699299546285090855e+03
2.699304346306559182e+03
2.700041616270696068e+03
2.700047682964496744e+03
2.701051454120571634e+03
2.701840357648974987e+03
2.701898691243207850e+03
