5.212430202161470127e+00
5.577031832857372251e+00
5.761365990632864253e+00
6.153434410841786217e+00
1.014748560773460007e+01
1.048092043236900395e+01
1.088275556292660973e+01
1.329726636192620859e+01
1.436413780021959319e+01
1.440413797912204963e+01
1.449880506919119938e+01
1.669804823873074184e+01
1.700474961046533551e+01
1.779221979912504992e+01
1.844688939382860937e+01
1.953342758674903479e+01
1.961226127266929353e+01
1.990212923578243931e+01
1.996996287250452085e+01
2.401531429883973701e+01
2.560245473072442124e+01
2.616062389382580022e+01
2.619129069765101647e+01
2.620122407541179044e+01
2.716259504184994356e+01
3.114474618551927776e+01
3.115137954852060176e+01
3.152854790208835922e+01
3.422599329985800409e+01
3.460286165208399467e+01
3.846011223713040295e+01
3.881961384501624934e+01
4.067015545497361018e+01
4.067515547733641768e+01
4.081952278969186665e+01
4.104092377991697305e+01
4.237866309634483031e+01
4.369113563309930726e+01
4.527490938325969694e+01
4.735415201609186653e+01
4.884352534404245461e+01
5.005269741878133516e+01
5.029666517660390213e+01
5.154173741190773228e+01
5.190733904707619928e+01
5.374691394131781408e+01
5.402644852488115390e+01
5.447341719063368970e+01
6.583006798372495894e+01
6.862821383188153845e+01
7.353930246359561806e+01
7.373366999957913492e+01
7.858875838082977339e+01
8.189940652117410025e+01
8.261587639228196167e+01
8.302047820188032290e+01
8.319864566540833550e+01
8.571009023128156912e+01
8.948327377366798885e+01
9.597733615196440837e+01
9.832731332900135612e+01
1.020471632995178197e+02
1.022293307809361096e+02
1.052197774891662618e+02
1.054304784315349508e+02
1.054956453896635509e+02
1.060968814120498962e+02
1.076319549443965400e+02
1.085853925420190365e+02
1.086787262927914384e+02
1.087986934960163978e+02
1.088097602121794125e+02
1.092287954196650759e+02
1.110772036867476373e+02
1.135299813235639306e+02
1.135633148059826425e+02
1.136322817811069683e+02
1.137079154527150280e+02
1.139239164187882949e+02
1.158014248160224042e+02
1.179098675794533619e+02
1.179214676313350765e+02
1.181500353202801961e+02
1.244010966117441939e+02
1.284041478488900623e+02
1.316611624160227052e+02
1.326912003562433995e+02
1.330271685255416116e+02
1.356500469231406214e+02
1.367533518577176324e+02
1.426385448461538203e+02
1.431870139658713583e+02
1.452657565964672415e+02
1.495472757457390571e+02
1.503019457876987417e+02
1.518901195575383838e+02
1.520208201421021954e+02
1.523830884290287884e+02
1.526407895816078621e+02
1.544420309710679646e+02
1.546299651449446628e+02
1.567439079329747074e+02
1.567562746549520512e+02
1.567645746920743193e+02
1.651549122182065616e+02
1.684149934657216932e+02
1.700718675428263396e+02
1.702293349137723339e+02
1.702560350331897325e+02
1.716301411789364124e+02
1.737477173165501085e+02
1.743387199598339237e+02
1.743522200202135082e+02
1.794377760989071362e+02
1.811633171497942953e+02
1.819233538824234415e+02
1.822630887352349589e+02
1.830782257143022207e+02
1.832243263677434300e+02
1.842177308107859801e+02
1.843218979433444531e+02
1.851571683457926270e+02
1.852226019717805343e+02
1.853011689898414431e+02
1.870271433760001116e+02
1.894155873917482609e+02
1.907333266187249023e+02
1.909759277037682921e+02
1.912501289301446263e+02
1.915935971329870711e+02
1.916002304959883986e+02
1.950972461365357731e+02
1.963095848921044251e+02
1.989310632834418300e+02
1.989905302160767917e+02
2.017665092984249497e+02
2.038153517952912352e+02
2.068654654370509149e+02
2.079783037475996821e+02
2.090250417625121599e+02
2.103373476318545272e+02
2.103780478138878038e+02
2.105745153592636996e+02
2.106918825508599866e+02
2.185668511053164877e+02
2.243270435346824740e+02
2.258620837335467399e+02
2.296968675514429492e+02
2.308330726331672338e+02
2.336960521046282508e+02
2.337514856858905432e+02
2.345323225115489549e+02
2.358768618583902139e+02
2.382522058155478248e+02
2.383001393632659415e+02
2.434511957349123463e+02
2.442545993281681831e+02
2.478213486139354984e+02
2.500962921220479416e+02
2.565406876115404771e+02
2.565804211225835729e+02
2.568197221928675162e+02
2.576295924817126206e+02
2.594157671371194738e+02
2.610145409543682717e+02
2.612666420819010682e+02
2.685618747101312351e+02
2.688349759315877918e+02
2.699397808728736550e+02
2.767976782117703465e+02
2.807957294265534074e+02
2.813070650468565077e+02
2.816007663604477784e+02
2.816601332926355212e+02
2.856320843906847244e+02
2.862526871663563384e+02
2.912668429257091134e+02
2.929001168972612845e+02
2.932301850401713637e+02
2.936935537792739410e+02
2.937031204887281319e+02
2.965400998439024534e+02
2.965613332722032283e+02
2.966445003108379410e+02
2.968738346698787041e+02
2.969966685525916432e+02
2.972926365429873954e+02
2.982659075626490335e+02
3.017337897395624395e+02
3.021668250096639667e+02
3.102927946867333731e+02
3.109355975616958858e+02
3.111712319489137712e+02
3.111922320428375883e+02
3.127542390289785317e+02
3.150853494549665470e+02
3.176766943781973964e+02
3.198059372346576197e+02
3.203971732123184211e+02
3.207656081934924259e+02
3.223715820429436576e+02
3.224322823144282211e+02
3.246292921406456458e+02
3.278840066974913725e+02
3.281364744933307520e+02
3.303992846138427240e+02
3.325064273714593810e+02
3.331127967501382159e+02
3.334926984492643101e+02
3.351568392255362596e+02
3.372456819013050335e+02
3.377381841040414656e+02
3.419222028172385990e+02
3.494987033701178802e+02
3.505355413407519904e+02
3.551764954309448399e+02
3.552054288936842568e+02
3.570029702665958666e+02
3.577879404440741951e+02
3.578246406082171802e+02
3.600654172968504554e+02
3.622673271449835397e+02
3.640851686086881500e+02
3.646273377002285088e+02
3.700941954843098642e+02
3.707686318340876710e+02
3.741850471141465846e+02
3.768002588107892734e+02
3.876836741539819968e+02
3.894892488961565391e+02
3.900840515564361226e+02
3.901414184796786913e+02
3.902624190208586015e+02
3.928091304111308659e+02
3.960872117391521101e+02
3.994047932438394923e+02
4.013366685508985370e+02
4.056280210774838793e+02
4.058038551972426262e+02
4.066567923453727076e+02
4.068657932801380639e+02
4.080321984969336881e+02
4.080434985474736322e+02
4.080557319355212940e+02
4.081475323461024232e+02
4.082873329713664816e+02
4.083053663853550006e+02
4.100392741403293257e+02
4.137945242691744738e+02
4.138378577963187581e+02
4.138452244959333370e+02
4.177305418731763211e+02
4.216890595778107809e+02
4.224657963851316254e+02
4.224946965143886928e+02
4.281335884012329984e+02
4.282610556380021194e+02
4.284557231753274777e+02
4.288709583658173869e+02
4.290789592961101562e+02
4.307351333700839859e+02
4.308034670090423788e+02
4.324298409497338298e+02
4.327198755802590995e+02
4.328475094844403657e+02
4.359069231677948437e+02
4.361230574677977643e+02
4.362452913478272194e+02
4.362725248029632894e+02
4.372696625960367101e+02
4.397917405428015059e+02
4.404733769247818032e+02
4.405469772539623250e+02
4.420424172757131487e+02
4.422028846600768475e+02
4.424098522524146233e+02
4.435607907333679805e+02
4.456840668964752581e+02
4.459784348797149960e+02
4.481359778627486889e+02
4.481783447189029062e+02
4.505595220354837807e+02
4.508453233137418579e+02
4.510364241684483204e+02
4.544462060855059349e+02
4.565226153723324956e+02
4.593072611601094764e+02
4.595800290467418563e+02
4.613042034248498453e+02
4.629785775802243393e+02
4.700426425078807711e+02
4.705297446864654489e+02
4.712626479644056872e+02
4.713217815622165290e+02
4.723359860982883447e+02
4.727152544612484348e+02
4.734214242862889250e+02
4.754217332327535814e+02
4.757962349077278077e+02
4.768356728899906329e+02
4.773163083729861000e+02
4.811466588377205653e+02
4.814343267909940778e+02
4.814414268227492357e+02
4.827556327005895582e+02
4.827609660577765567e+02
4.828962333294316522e+02
4.842130058854181129e+02
4.867719173302555760e+02
4.920896411139955831e+02
4.928509445189566236e+02
4.951270880324361201e+02
4.952782220417225290e+02
4.956798238379032568e+02
4.979423672905559783e+02
4.988881715207045318e+02
5.038048935109473518e+02
5.050404990372443308e+02
5.083242470572766933e+02
5.087879157977210411e+02
5.149235765730513776e+02
5.149307432717714619e+02
5.172449536221731705e+02
5.177593225893763247e+02
5.179946569752524965e+02
5.203340007713977684e+02
5.255616574856425132e+02
5.299307103597458308e+02
5.313798501744171290e+02
5.316516847235416208e+02
5.343797635916540685e+02
5.347816320556941037e+02
5.348432656646863279e+02
5.379199460919336389e+02
5.402807233172742372e+02
5.429181017797254754e+02
5.454998466600197844e+02
5.483254259642069428e+02
5.488570616753030436e+02
5.511170051163269363e+02
5.513459728070611163e+02
5.513844729792547241e+02
5.555775250661872633e+02
5.559965269401905061e+02
5.562598281178160278e+02
5.564925624920634846e+02
5.578813020365919328e+02
5.580897696356386177e+02
5.653839355924314987e+02
5.692929197421916570e+02
5.720353986747089721e+02
5.721011989690035762e+02
5.740134408549179170e+02
5.753691469183695517e+02
5.782329930603734738e+02
5.826369794240515603e+02
5.827093464143825940e+02
5.831654817878003314e+02
5.832086819810149336e+02
5.834831832087330667e+02
5.872297999656317415e+02
5.928464584197027989e+02
5.931595598200617587e+02
5.935878950691422915e+02
5.956100707800735563e+02
5.967943094099631480e+02
5.980332149510196587e+02
5.981108819650552277e+02
5.982129490882213076e+02
5.982553492778579312e+02
6.009094611484831603e+02
6.021597334070443139e+02
6.025851686431544749e+02
6.028678699075475151e+02
6.029668370168486717e+02
6.071804225289512260e+02
6.086909292847552706e+02
6.090314641411448520e+02
6.100792354940123232e+02
6.100881688673005101e+02
6.130785489085658355e+02
6.140946534531354928e+02
6.188877082236049318e+02
6.212740855634431227e+02
6.251684696479039758e+02
6.258451726744863208e+02
6.258807061667446305e+02
6.282822835745657812e+02
6.299746244769639816e+02
6.299802911689750999e+02
6.318093326827724923e+02
6.318409994910701926e+02
6.323093682525354780e+02
6.354920158203919982e+02
6.355362826850440570e+02
6.355394160323915003e+02
6.380486272549426303e+02
6.393497664076747924e+02
6.397276680978557124e+02
6.402806372376996933e+02
6.405437717479130697e+02
6.455578941737833247e+02
6.472431683779087734e+02
6.473607022369171773e+02
6.504862495493904362e+02
6.523597579287342114e+02
6.532370618525122836e+02
6.537593308550488018e+02
6.595425233872837225e+02
6.628328047698702221e+02
6.642844779292051953e+02
6.643944450877046393e+02
6.644858121630143160e+02
6.655393835418225308e+02
6.657962846908235406e+02
6.661774863957640491e+02
6.665185212543899524e+02
6.665638547904793541e+02
6.669785233117680718e+02
6.690795993755846212e+02
6.696552686169557091e+02
6.698442027953050228e+02
6.699683033503499701e+02
6.709623411295584674e+02
6.711882088064277241e+02
6.738016538285021397e+02
6.742297890766881210e+02
6.743590229880254583e+02
6.758705297483020331e+02
6.776563377354023032e+02
6.778979054824907280e+02
6.779233055960937691e+02
6.798247807671870078e+02
6.800161149562703713e+02
6.808637187472135111e+02
6.821590912074871085e+02
6.825448929330013925e+02
6.826870935689995576e+02
6.848591699503678001e+02
6.869781460942431295e+02
6.896195579080668949e+02
6.897131249932161836e+02
6.898840590910593846e+02
6.916171668424556174e+02
6.918055343516037965e+02
6.919881351682935247e+02
6.925644710793131935e+02
6.935356087561000322e+02
6.949710485094971091e+02
6.969914908793425639e+02
6.980527622925895912e+02
7.011263093724896862e+02
7.011586095169533337e+02
7.015649113341551129e+02
7.033336192447745816e+02
7.087311767189072498e+02
7.095265469429002678e+02
7.095299802915893679e+02
7.149967047417409276e+02
7.210670985584955588e+02
7.224881715809701745e+02
7.227733728565447109e+02
7.279289959152825986e+02
7.299024714084000607e+02
7.301662059212969780e+02
7.304673072679852339e+02
7.305230075171068620e+02
7.354929630787723909e+02
7.358514313487032723e+02
7.392352798164390606e+02
7.393335469226095711e+02
7.401902507542528156e+02
7.412120886577985175e+02
7.462549445455138084e+02
7.507171978364599454e+02
7.524594389620388029e+02
7.556067863720138575e+02
7.559793547050078359e+02
7.560264882491479739e+02
7.564769569305544792e+02
7.565533572722580402e+02
7.576595955532881135e+02
7.582707316199528123e+02
7.583587986805030141e+02
7.586818334586226911e+02
7.598103051724258421e+02
7.601827735049726016e+02
7.602596738489125983e+02
7.603570742845400900e+02
7.625491840888420256e+02
7.626229177519522864e+02
7.640659575393408431e+02
7.640928909931351427e+02
7.648340943081976775e+02
7.649816616348653042e+02
7.711147223985670962e+02
7.713355233861085480e+02
7.730968312636310884e+02
7.739848019017831575e+02
7.770594489866031154e+02
7.785211888576285446e+02
7.807332654178992470e+02
7.808609326555630332e+02
7.812347676608889060e+02
7.814886021295073988e+02
7.822346721330030732e+02
7.830500757799296707e+02
7.856341540039932170e+02
7.856610207908228176e+02
7.863876907075506324e+02
7.882016321538122838e+02
7.882448323470269997e+02
7.922525502717114705e+02
7.931626210087071058e+02
7.976180076022750427e+02
7.984802114585174877e+02
7.984865114866946669e+02
7.988640798420514102e+02
8.009440891449792161e+02
8.010245895050203444e+02
8.012147236887368535e+02
8.037166682121206804e+02
8.041805369534595229e+02
8.077653529866977351e+02
8.078268532617602204e+02
8.078657201022604113e+02
8.080621543141539860e+02
8.092794930920854313e+02
8.108736335552780474e+02
8.143774158927564031e+02
8.150713523297491747e+02
8.156156880976468528e+02
8.156820550611424778e+02
8.158379557584148642e+02
8.190659035288782661e+02
8.197231731352104589e+02
8.199817076248500598e+02
8.251725641745043731e+02
8.267732380002511263e+02
8.287849803311853520e+02
8.289569811004658959e+02
8.327770648526154673e+02
8.351681088799922463e+02
8.352691426652035034e+02
8.363336807597274856e+02
8.436282800517917622e+02
8.441731158219256486e+02
8.451669869337220007e+02
8.452838207895996447e+02
8.481083667558318666e+02
8.482230006018698987e+02
8.486721026104971770e+02
8.513516812616903735e+02
8.536008246544107578e+02
8.571523072052302723e+02
8.573649414895792233e+02
8.608006901894410703e+02
8.618600282607078498e+02
8.624634309594513297e+02
8.629890666437120217e+02
8.631097338500678688e+02
8.677958214754555684e+02
8.679887223382127104e+02
8.698802641315450046e+02
8.699129309443154625e+02
8.726071429942903706e+02
8.728058772164707761e+02
8.730823451196516771e+02
8.751696211217467862e+02
8.762220924956352519e+02
8.769224956282172343e+02
8.803566443209228964e+02
8.822871862886852341e+02
8.829858894136639265e+02
8.864630382986896393e+02
8.876065434130637186e+02
8.876758437230122354e+02
8.878235110501270810e+02
8.882704130489148611e+02
8.908095244051955888e+02
8.913746602661225324e+02
8.927527664297592764e+02
9.052075554676526963e+02
9.067728624685531713e+02
9.076022995115780532e+02
9.076726998264464328e+02
9.079002341774365732e+02
9.079066342060609713e+02
9.106651132101392250e+02
9.147026646015884808e+02
9.147102646355799607e+02
9.147149979900833614e+02
9.147586315185694730e+02
9.149182988993551362e+02
9.166982401935496227e+02
9.200843553380900630e+02
9.203756566409471134e+02
9.204398235946031264e+02
9.211057599063642556e+02
9.213437276373514351e+02
9.221789980397995805e+02
9.237185382587903177e+02
9.238606388943413776e+02
9.245849421338175489e+02
9.250761109972573877e+02
9.276831226572249989e+02
9.287618941487419306e+02
9.305283687160392674e+02
9.329949797480593361e+02
9.331997139970750368e+02
9.341770517015918358e+02
9.350608889879239314e+02
9.361783939860113151e+02
9.361964940669647603e+02
9.369882976083389394e+02
9.439210952822304534e+02
9.460467047891070251e+02
9.483735151958629785e+02
9.484202487382140134e+02
9.530778362361338623e+02
9.539919069910197322e+02
9.637684507170167763e+02
9.652814574840020896e+02
9.653233910048849111e+02
9.721867550348982832e+02
9.726598571508670830e+02
9.801701240741804213e+02
9.828563694218573801e+02
9.832479045063475951e+02
9.833344048932241321e+02
9.846381107241026029e+02
9.859971834692784114e+02
9.921267108838437707e+02
9.922243446538481066e+02
9.924641790598508351e+02
9.928535474679838444e+02
9.933396496420959920e+02
9.935232837967406567e+02
9.972925339882016260e+02
9.975503018077455408e+02
9.976396022071453444e+02
9.977457360151664716e+02
9.977912028851856121e+02
9.977994695888254455e+02
1.000478348236887769e+03
1.003412828028137028e+03
1.004776500793886612e+03
1.005960539422881766e+03
1.006011039648746191e+03
1.006759709663870467e+03
1.008849885678936062e+03
1.009346121231703364e+03
1.011764865382970129e+03
1.014848845842867263e+03
1.015067080152262633e+03
1.019757034461610942e+03
1.020364337177797438e+03
1.021546642465706782e+03
1.023251783425353779e+03
1.024824190458009298e+03
1.025321026013460141e+03
1.026326097175349332e+03
1.026886299680878210e+03
1.030114847454025266e+03
1.031708421248016975e+03
1.032779759372954231e+03
1.033482095847516803e+03
1.035171170068637821e+03
1.035363804263535485e+03
1.036297041770812257e+03
1.036904811155752668e+03
1.037450613596876792e+03
1.037804681847128222e+03
1.038188150228873155e+03
1.040045691870138626e+03
1.044762612966763527e+03
1.046175185951221465e+03
1.049892369243144458e+03
1.052124045891077458e+03
1.052259779831486412e+03
1.054978125322732694e+03
1.056846433678819039e+03
1.056956734172142660e+03
1.057613937111509813e+03
1.057634470536679828e+03
1.058275373403144613e+03
1.058544374606263546e+03
1.062886894028361667e+03
1.065112337315082186e+03
1.067853316240890763e+03
1.068075450567729149e+03
1.068088583959802008e+03
1.069773558162585687e+03
1.071472899096291940e+03
1.071982168040684883e+03
1.072724504694149573e+03
1.073167873343801148e+03
1.073893809923915569e+03
1.076100786461376629e+03
1.076419121218475084e+03
1.076955590284521804e+03
1.077347325369906685e+03
1.077840960911045386e+03
1.078107695437360007e+03
1.078162162347632147e+03
1.078278996203509678e+03
1.080304371928753199e+03
1.080943341453237736e+03
1.080950608152405039e+03
1.085672662605322330e+03
1.085954563866137505e+03
1.092205558490636577e+03
1.092433292842521269e+03
1.093297096705919785e+03
1.096063042410060007e+03
1.096125709357007054e+03
1.101395566259993984e+03
1.102909073029215506e+03
1.102962906603321926e+03
1.103756276818369770e+03
1.105263916894685735e+03
1.105589518350951721e+03
1.105605151754206190e+03
1.117067003017810748e+03
1.126876813559261564e+03
1.131130065915442401e+03
1.132718439686176453e+03
1.133926145087688838e+03
1.134635714927936078e+03
1.137011358886435573e+03
1.137251893295569062e+03
1.138201697543607906e+03
1.138911367384302366e+03
1.138982867704090495e+03
1.139492203315448478e+03
1.139496570001645296e+03
1.140936276440792199e+03
1.141560545899529643e+03
1.141660613013750663e+03
1.142348449423460806e+03
1.145213562237796623e+03
1.145292029255410398e+03
1.146049065974621726e+03
1.150016883720850956e+03
1.154322436310946841e+03
1.162311838710546681e+03
1.164668515917549712e+03
1.167259260838097134e+03
1.167697229463596614e+03
1.167713462869534396e+03
1.167856163507769224e+03
1.170528375459347899e+03
1.172278183285435944e+03
1.172658851654657383e+03
1.175402597259506820e+03
1.177146205057864790e+03
1.179081213712271165e+03
1.179138713969443643e+03
1.180572287047825284e+03
1.180596887157850233e+03
1.180809454775234144e+03
1.183149365240580892e+03
1.183982968968908153e+03
1.186311012714513481e+03
1.186504780247813414e+03
1.188105587407489793e+03
1.188125687497388299e+03
1.188501955846930969e+03
1.188753756973121881e+03
1.188938924467957804e+03
1.189167358822973256e+03
1.189525960426833763e+03
1.189665161049414337e+03
1.191532369400581047e+03
1.192094205246748515e+03
1.192188972337264886e+03
1.192265372678968561e+03
1.192734408110082086e+03
1.193831446349964608e+03
1.194848184230700326e+03
1.197099360965848291e+03
1.197142227824238716e+03
1.198966202648708304e+03
1.198972236009026119e+03
1.200705710428728707e+03
1.201158545787387084e+03
1.202638452406330771e+03
1.203224921696005822e+03
1.205807233245501038e+03
1.206402702575428975e+03
1.206461669505827558e+03
1.207537007648655390e+03
1.207671174915390793e+03
1.207890175894881622e+03
1.210254519802841060e+03
1.210667654983938519e+03
1.210921289451662687e+03
1.213177699543550489e+03
1.216881449442058511e+03
1.216890382815346811e+03
1.217790720175476281e+03
1.221464069938018611e+03
1.221841738293822800e+03
1.221894771864350787e+03
1.223222211134711415e+03
1.223318378231489305e+03
1.223530912515391037e+03
1.223835213876391435e+03
1.224011681332316130e+03
1.224028481407455047e+03
1.224806784888449783e+03
1.225707022248132034e+03
1.226096857325018846e+03
1.226341925087761410e+03
1.227602230724530500e+03
1.230028441575859006e+03
1.230157975488538113e+03
1.230297376112013126e+03
1.230686977854523093e+03
1.230974212472525096e+03
1.231425014488755778e+03
1.231903383294946934e+03
1.232131050979866814e+03
1.232423485621126019e+03
1.233599990883094506e+03
1.237941643634649608e+03
1.240586722131539545e+03
1.242615531205472280e+03
1.242639397978884062e+03
1.243409301422309227e+03
1.246782116507364435e+03
1.247061517756998001e+03
1.248010755335835711e+03
1.249326361219937553e+03
1.254824685811422114e+03
1.255193687461797253e+03
1.255437855220514393e+03
1.255901757295335756e+03
1.256077524748129463e+03
1.256365759370604110e+03
1.257970233213346546e+03
1.258412368524148405e+03
1.258666836328932959e+03
1.259084104861850392e+03
1.259544340253605696e+03
1.259722607717580786e+03
1.259797008050339400e+03
1.260094709381821076e+03
1.260349043852675777e+03
1.260412277468823959e+03
1.261044346962447889e+03
1.261256481244560291e+03
1.262546853682471237e+03
1.262696854353355548e+03
1.262736321196539166e+03
1.266311637187288170e+03
1.266390237538831570e+03
1.267119407466740995e+03
1.267470775704916377e+03
1.267580576196003904e+03
1.271005224846220244e+03
1.271177658950771956e+03
1.271520660484860628e+03
1.271686394559446398e+03
1.271756528206455414e+03
1.272235930350601393e+03
1.272388431032667086e+03
1.273108834254700469e+03
1.273500736007497153e+03
1.273743103758163670e+03
1.273970238107364821e+03
1.275906646768032715e+03
1.276261015019626257e+03
1.276770683965808303e+03
1.277164352393173203e+03
1.280500667314980092e+03
1.284187617138349196e+03
1.286738228546064420e+03
1.286753695281906630e+03
1.287233430760876900e+03
1.287535732112932237e+03
1.288197901741179976e+03
1.288221835181556571e+03
1.289284739935442303e+03
1.289706508488486179e+03
1.289808808946029330e+03
1.289960342957104558e+03
1.290453778497349049e+03
1.291351049177096002e+03
1.291372749274150465e+03
1.291706717434503616e+03
1.292441654054871378e+03
1.293981227607344408e+03
1.295065432456495728e+03
1.295335000328815795e+03
1.295348400388748132e+03
1.295507501100332775e+03
1.297340075963266372e+03
1.297357342707159205e+03
1.297771377892282089e+03
1.298824749270195753e+03
1.299925820861451029e+03
1.300038221364166930e+03
1.300151055202154112e+03
1.301319393760930097e+03
1.301345960546417928e+03
1.301584194945264244e+03
1.301589061633697384e+03
1.302755166849151465e+03
1.302999534608763042e+03
1.303797538177866954e+03
1.304365674052211489e+03
1.304701742221956920e+03
1.304905843134806901e+03
1.305038743729210182e+03
1.305097377324784702e+03
1.305145044204643682e+03
1.305152477571222789e+03
1.305493712430743244e+03
1.305651946471784868e+03
1.305737613521600906e+03
1.305954514491699683e+03
1.306169148784993695e+03
1.307241653581815854e+03
1.307566421701021227e+03
1.307637088683748971e+03
1.307810722793668219e+03
1.307910989908783677e+03
1.307959390125255595e+03
1.309976332479447137e+03
1.314989821569151673e+03
1.315783158450717110e+03
1.317272665112597224e+03
1.318098202138179204e+03
1.318382136741421846e+03
1.318401303493812520e+03
1.319570508723131297e+03
1.319598208847021397e+03
1.320345678856778704e+03
1.320976081676281410e+03
1.321527217474592135e+03
1.323802160982704663e+03
1.323864561261792460e+03
1.323898861415201509e+03
1.324552164337125760e+03
1.324773231992526689e+03
1.325534602064452656e+03
1.325686936079106317e+03
1.325700202805108802e+03
1.326231071846109216e+03
1.326673540491735366e+03
1.326677307175248643e+03
1.327414477138938310e+03
1.328093180174465942e+03
1.329097551333224146e+03
1.329668753887951425e+03
1.329684753959512136e+03
1.330489490892064850e+03
1.330803392296002130e+03
1.331000193176201947e+03
1.331067126808898820e+03
1.331105293646268365e+03
1.331391461592832911e+03
1.332101231433974590e+03
1.334449208602066619e+03
1.334469242025000085e+03
1.334700976394774898e+03
1.335870281624541121e+03
1.335902115100250967e+03
1.339195029827948474e+03
1.343760350246533335e+03
1.345281857051535553e+03
1.345371857454066003e+03
1.345616725215913903e+03
1.345655592056414207e+03
1.345661492082802170e+03
1.345709058962213703e+03
1.345765325880536466e+03
1.346016060335290149e+03
1.346369928584647369e+03
1.352872624334889906e+03
1.353731494842890697e+03
1.355554302995475609e+03
1.356093738741457628e+03
1.358644016814348788e+03
1.359419186947995968e+03
1.359665921384859303e+03
1.359868855625824381e+03
1.359908822471244548e+03
1.360208557145153463e+03
1.360293390857909117e+03
1.360487191724691456e+03
1.360615092296732200e+03
1.360628625690594390e+03
1.360744992877718005e+03
1.361364295647575091e+03
1.361401462480471992e+03
1.361556963175955389e+03
1.361762397428101849e+03
1.362124299046721717e+03
1.363267537493236659e+03
1.363506805230038253e+03
1.364017007511939028e+03
1.364420542650100060e+03
1.364574543338874491e+03
1.364880711374890097e+03
1.365268979778103585e+03
1.365399280360878265e+03
1.365631214731547516e+03
1.365827182274687175e+03
1.369666099444403244e+03
1.370950938524232697e+03
1.371420140622758481e+03
1.371915076169711710e+03
1.372001576556588134e+03
1.372382078258397769e+03
1.372467311972942525e+03
1.372653546139215905e+03
1.372925680689682167e+03
1.372933114056261502e+03
1.372937980744694642e+03
1.373275148919360163e+03
1.373514683324021007e+03
1.375432058566227852e+03
1.375560525807469503e+03
1.375959560925503865e+03
1.376051094668225687e+03
1.376214728733419179e+03
1.376588297070885801e+03
1.376746831113269081e+03
1.377162432972065744e+03
1.377334933743582724e+03
1.377555534730229510e+03
1.377610501642737972e+03
1.377638501767969728e+03
1.378043370245427468e+03
1.378648639619186497e+03
1.378773873512633600e+03
1.380055479244668277e+03
1.380561114839477796e+03
1.380801215913339774e+03
1.381019550223182250e+03
1.381493152341387486e+03
1.381501219044132995e+03
1.383740595726504580e+03
1.386245773597682955e+03
1.387111344135649688e+03
1.387167811054867116e+03
1.390782860556659216e+03
1.391037395028408355e+03
1.391510163809553205e+03
1.394172575717300788e+03
1.395383847801432012e+03
1.395682582470868510e+03
1.396124851115599995e+03
1.396406352374626067e+03
1.396515886197853888e+03
1.396571553113493110e+03
1.396797754125186657e+03
1.397195989239643040e+03
1.397358823301258326e+03
1.397604891068473307e+03
1.398312194231916010e+03
1.398408427995658940e+03
1.398701629307013718e+03
1.398711929353081359e+03
1.398756962887828877e+03
1.398927096982094099e+03
1.399500532880143055e+03
1.399714333836376682e+03
1.399811467604145037e+03
1.399910534713893412e+03
1.400036968612707597e+03
1.400461503844792333e+03
1.400675571468885209e+03
1.401073439915035124e+03
1.401617009012836888e+03
1.401872810156918376e+03
1.401947810492360531e+03
1.401983110650241770e+03
1.402176778183094484e+03
1.402205044976185491e+03
1.402401979190315387e+03
1.402435612674075855e+03
1.402747614069515066e+03
1.403299116536132715e+03
1.403524517544247828e+03
1.403788385391074371e+03
1.403858519038083386e+03
1.405262258649700470e+03
1.405339958997218446e+03
1.405954961747843754e+03
1.406090862355664740e+03
1.406418430487393380e+03
1.406738865253884569e+03
1.407167033835553184e+03
1.407186867257592212e+03
1.407237467483903856e+03
1.407646469313181342e+03
1.408163504958977910e+03
1.408218138536662309e+03
1.409233676412030945e+03
1.409549177823124182e+03
1.409633678201055545e+03
1.410077713520355246e+03
1.410315214582588624e+03
1.411060317915094174e+03
1.417838148229220906e+03
1.418319583715794579e+03
1.419429455346408076e+03
1.420194892103188977e+03
1.420216992202032543e+03
1.420317659318937103e+03
1.421530431409777066e+03
1.422328768313705496e+03
1.422446668841020482e+03
1.423233005691277867e+03
1.423977775688959127e+03
1.426076218407664555e+03
1.426327752865996217e+03
1.426504586990227608e+03
1.427975160234093892e+03
1.428034660500211430e+03
1.428054660589662490e+03
1.428408262171160231e+03
1.428848697474358914e+03
1.429312266214355759e+03
1.429957035764781040e+03
1.430707072452684542e+03
1.431329608570336404e+03
1.431567176299534594e+03
1.435241592733514381e+03
1.437054967510574897e+03
1.440644516898316624e+03
1.441589654458816995e+03
1.446993511961126842e+03
1.448966854120314792e+03
1.458152028534721239e+03
1.458371596183413430e+03
1.459111166157837260e+03
1.459152599676483760e+03
1.459380400695333265e+03
1.459741902312164029e+03
1.460664239770690074e+03
1.460883207416698497e+03
1.461380876309210180e+03
1.463941221093791455e+03
1.464018021437284233e+03
1.464173588799732443e+03
1.467880172044246137e+03
1.470646717751069900e+03
1.471062152942454304e+03
1.471657522271935022e+03
1.471921156784384493e+03
1.472109257625673308e+03
1.472390825551664193e+03
1.473550064069739847e+03
1.473715898144773064e+03
1.473930865772891138e+03
1.475250038339611820e+03
1.475887141189080694e+03
1.476889845673718128e+03
1.478140617934515603e+03
1.478192651500571174e+03
1.479008221814910030e+03
1.479863092305020245e+03
1.479984759515848509e+03
1.480650962495469003e+03
1.480851230057840439e+03
1.482857005695421776e+03
1.483220507321198056e+03
1.483674009349504558e+03
1.484449112816186926e+03
1.485529284313965491e+03
1.485864719147544974e+03
1.486494688631776171e+03
1.488111729197390559e+03
1.490655973909963905e+03
1.490771107758238031e+03
1.490808607925959222e+03
1.490897508323569809e+03
1.492442715234571779e+03
1.492941950800756786e+03
1.493256652208272044e+03
1.495177827467474572e+03
1.495404561814886620e+03
1.495475462131991208e+03
1.498241641170508274e+03
1.498631642914807117e+03
1.499533380281198333e+03
1.501947424411443990e+03
1.509991693723105300e+03
1.511904702279115327e+03
1.512295004024755826e+03
1.512641572241463336e+03
1.512647738935710777e+03
1.513995611630793974e+03
1.514745581651732664e+03
1.515944887015675704e+03
1.515996653913871796e+03
1.516093087678509164e+03
1.516624890057017183e+03
1.517622227850985382e+03
1.522061714373439372e+03
1.524283857645400531e+03
1.524473858495187187e+03
1.524564358899954186e+03
1.525144961496723226e+03
1.525346295730532120e+03
1.525351295752895112e+03
1.525674263864049863e+03
1.526820402323535063e+03
1.527190137310523369e+03
1.527267070987945999e+03
1.527484938629034559e+03
1.527878973724706157e+03
1.528028107725047448e+03
1.528424842832794866e+03
1.528773977727648571e+03
1.528913411684605990e+03
1.529787482260589741e+03
1.530466185296117146e+03
1.533106963773774851e+03
1.537663950821754952e+03
1.537670050849037807e+03
1.538748555672695147e+03
1.539359025069711606e+03
1.541822402753937013e+03
1.541855736236355597e+03
1.541973170094916668e+03
1.543134375288455203e+03
1.544571215048113800e+03
1.544688748907122317e+03
1.545968221296282081e+03
1.546449290114549058e+03
1.547903596618995152e+03
1.549038735029282179e+03
1.549269436061102169e+03
1.549875605438886396e+03
1.550155606691203729e+03
1.550891143314254805e+03
1.551588746434313634e+03
1.551793514016811969e+03
1.553083486452933812e+03
1.554480059365830584e+03
1.555612331096629532e+03
1.555975166052757231e+03
1.558644211323506170e+03
1.559424248145586489e+03
1.560135584660401946e+03
1.560210484995396882e+03
1.560525119735946873e+03
1.560717287262090849e+03
1.560902421423444366e+03
1.561200222755373261e+03
1.561562624376229678e+03
1.561741258508511237e+03
1.561772325314125510e+03
1.562014693064792027e+03
1.562479028474884672e+03
1.563062464417659612e+03
1.563597600144409625e+03
1.563960001765265815e+03
1.564251103067228314e+03
1.564384070328596863e+03
1.564801505528926327e+03
1.565427641662679662e+03
1.565662709380696242e+03
1.566214911850444651e+03
1.566611080288990934e+03
1.566639347082082168e+03
1.567624484821484884e+03
1.568208887435249608e+03
1.569012457695917647e+03
1.569296458966125329e+03
1.569547526755703075e+03
1.569564993500490345e+03
1.569670560639310452e+03
1.570366963754002199e+03
1.578629000706304851e+03
1.579208903299943131e+03
1.581156412010256645e+03
1.581749847997757115e+03
1.582754185823032913e+03
1.582869919673990580e+03
1.583881224197092024e+03
1.586648503240528953e+03
1.586677370036303500e+03
1.588766379379484306e+03
1.589239314828040960e+03
1.589815684072543036e+03
1.596060612003242113e+03
1.596692914831242661e+03
1.597293284183086143e+03
1.597849420003759860e+03
1.598817057664892673e+03
1.598946091575335686e+03
1.599163959216424246e+03
1.602335973403389289e+03
1.602369906888491641e+03
1.604207081771999128e+03
1.605078252335011939e+03
1.605357320249821669e+03
1.605448353990307169e+03
1.606431558387729410e+03
1.607798164499932000e+03
1.607993898708694587e+03
1.608698901861850572e+03
1.608715668603507083e+03
1.609731306479322711e+03
1.609756373258101803e+03
1.610006741044548789e+03
1.610240875425057766e+03
1.610339375865605007e+03
1.611000478822415289e+03
1.611749248837986897e+03
1.611879216085937742e+03
1.612616552717039667e+03
1.612679886333635068e+03
1.613288389055188645e+03
1.613497723324778235e+03
1.613672324105687494e+03
1.613895691771375141e+03
1.613899458454888645e+03
1.613975092126496747e+03
1.613989525524383907e+03
1.614027125692552318e+03
1.614465027651086984e+03
1.617423640883607277e+03
1.617675908678552105e+03
1.617700575455542094e+03
1.617835776060232320e+03
1.619012381322648025e+03
1.619816984921270887e+03
1.621230157908412366e+03
1.621302491565260880e+03
1.621597392884219289e+03
1.622425729922324535e+03
1.622835665089109625e+03
1.623210066763636860e+03
1.626041379426800177e+03
1.627742687035968856e+03
1.631483437099961748e+03
1.631792838483772130e+03
1.632426741318928862e+03
1.632509641689704267e+03
1.632888010048638989e+03
1.633025477330133981e+03
1.633164144616995600e+03
1.633353145462309840e+03
1.633517212862774841e+03
1.633693246983428025e+03
1.633905514599470507e+03
1.634012381744104687e+03
1.634218716000276572e+03
1.634302316374182965e+03
1.634354549941132973e+03
1.634724151594191653e+03
1.635109553317916834e+03
1.635127253397081176e+03
1.635199520386964878e+03
1.635394087923843017e+03
1.635636955676745629e+03
1.636674560317475425e+03
1.636951294888515577e+03
1.637316729856271877e+03
1.637348763332876388e+03
1.637388930179190766e+03
1.637444130426076299e+03
1.637485097275968883e+03
1.637490530633603157e+03
1.637827265472996942e+03
1.637955199378520092e+03
1.638064399866923850e+03
1.640990812955427373e+03
1.641113113502421811e+03
1.641124213552067431e+03
1.641419114871025613e+03
1.641611949066817715e+03
1.641647815893900543e+03
1.642177918264805157e+03
1.642385885861615634e+03
1.642472852917245973e+03
1.642759287531669997e+03
1.642844087910943244e+03
1.643545424381033172e+03
1.643685491674156538e+03
1.643847759066570916e+03
1.644458595131893617e+03
1.644805363349495565e+03
1.645343765757522533e+03
1.645398399335206932e+03
1.645827767922242401e+03
1.645895868226823950e+03
1.645901534918835068e+03
1.645914968312249812e+03
1.648828381342610101e+03
1.650798490154003503e+03
1.650911523992885350e+03
1.650918657358123028e+03
1.651534760113668199e+03
1.652268496728668879e+03
1.657004317909825204e+03
1.657422553113733102e+03
1.657763321304499414e+03
1.662034707075116103e+03
1.663942782275728177e+03
1.665281021594392314e+03
1.666349993042077813e+03
1.671621149950879044e+03
1.671945918070084417e+03
1.671996284962019445e+03
1.675237732792862289e+03
1.675331366544976390e+03
1.682283897640460054e+03
1.682288830995857779e+03
1.683130168092106260e+03
1.683413602693112580e+03
1.686846318046074202e+03
1.689071361331005846e+03
1.692166841842337362e+03
1.697014996859244775e+03
1.698285402541187068e+03
1.699399807525409415e+03
1.699666308717346965e+03
1.700935281059545105e+03
1.701668517672309690e+03
1.702397654266736481e+03
1.702522588158841927e+03
1.705136766517529622e+03
1.706701406848781517e+03
1.708853783142040356e+03
1.709026450580969367e+03
1.710711991452954180e+03
1.711207827003932607e+03
1.716366283408675827e+03
1.716446250432998340e+03
1.717068053214037036e+03
1.717150053580787244e+03
1.717378787937144352e+03
1.717800089821434540e+03
1.719361730139268730e+03
1.719679764895025983e+03
1.722472710719925090e+03
1.723702782888140518e+03
1.725123322574896520e+03
1.725339190207040019e+03
1.728518904428443648e+03
1.730685280784318138e+03
1.731798019094419942e+03
1.733491026666466269e+03
1.734200596506713509e+03
1.734486564452383845e+03
1.736931475387349337e+03
1.737605045066584125e+03
1.740570091661211336e+03
1.742844535167087315e+03
1.744340908526346084e+03
1.744856610832845945e+03
1.750984304905878162e+03
1.751915542404209873e+03
1.752204310362403021e+03
1.752825313139863738e+03
1.754702088200484695e+03
1.755048856418086416e+03
1.755136556810330148e+03
1.757464267221111413e+03
1.757751635173043269e+03
1.758959907243756788e+03
1.759161174810600869e+03
1.760250679683456610e+03
1.761889453679607868e+03
1.767685912937845387e+03
1.768278282253908401e+03
1.768289882305790115e+03
1.768646883902494665e+03
1.769500254385896142e+03
1.770354491539840410e+03
1.770796726851089716e+03
1.771143595069138655e+03
1.772467667657775110e+03
1.773525072387061300e+03
1.776351018359555155e+03
1.778739595709233072e+03
1.783643717643121590e+03
1.784024452679308297e+03
1.790412081248241748e+03
1.791978988256298180e+03
1.792083055388409321e+03
1.793885930118507986e+03
1.795393736862236210e+03
1.795414436954818257e+03
1.795532970818299191e+03
1.800226891812055328e+03
1.800947261700606077e+03
1.801655998203792933e+03
1.805485415331019567e+03
1.805704516310957843e+03
1.805973017511840681e+03
1.806948388540894484e+03
1.807786058954076680e+03
1.807827325805311375e+03
1.808449795255998424e+03
1.809706367542736416e+03
1.812475079925917498e+03
1.814117187270310524e+03
1.816408597518737906e+03
1.819451444461330084e+03
1.819518944763228092e+03
1.819900046467721495e+03
1.819961980078055149e+03
1.821217885695145242e+03
1.821979455767965419e+03
1.822280490447689090e+03
1.825090536349069225e+03
1.826899711107344729e+03
1.828101183147645088e+03
1.831400497903966880e+03
1.834270777408077493e+03
1.834439611496528414e+03
1.834666845846176784e+03
1.835203781580977420e+03
1.835485949509651846e+03
1.837744426277449520e+03
1.840182603848966210e+03
1.843332417936640240e+03
1.849306711323581794e+03
1.850713050946827479e+03
1.851825255921210328e+03
1.853062328120733582e+03
1.855049837009949442e+03
1.855344804995872437e+03
1.856817911584402964e+03
1.856926545403605360e+03
1.858763420285771190e+03
1.860171993252338780e+03
1.863474741357349785e+03
1.865447950182608110e+03
1.867755160501701766e+03
1.867911961202999464e+03
1.868904065640227827e+03
1.869175300186668892e+03
1.869621568849290497e+03
1.869726202650603000e+03
1.869784236243493751e+03
1.870918674650650019e+03
1.871159575728089976e+03
1.871273142902690552e+03
1.871329909823249636e+03
1.871342109877814892e+03
1.871969146015593196e+03
1.872150980162187352e+03
1.872637082336299500e+03
1.876082031077309011e+03
1.876935501561157480e+03
1.876967268369902740e+03
1.879400845920845768e+03
1.879959015083947179e+03
1.880526150953819297e+03
1.880654184859789666e+03
1.882041724398950919e+03
1.884096133587381246e+03
1.884599269171009382e+03
1.886140842732427473e+03
1.886168476189352532e+03
1.886977179806313188e+03
1.888049651269652713e+03
1.888617053807384082e+03
1.890125860555584950e+03
1.890227894345268396e+03
1.890556262480575242e+03
1.891876301717838714e+03
1.892398237385551056e+03
1.893919544189658609e+03
1.896465555576800170e+03
1.896618622928066998e+03
1.899100367361105100e+03
1.899831703965371617e+03
1.899866670788428792e+03
1.899873104150535482e+03
1.899935937764895016e+03
1.903240919213227926e+03
1.903718821350665166e+03
1.904159856656547163e+03
1.904516524918427649e+03
1.905672896757015224e+03
1.908144741145774788e+03
1.908402408964871483e+03
1.910953753709199873e+03
1.910977920483953540e+03
1.912102325512901643e+03
1.912887562358239165e+03
1.914400135789953310e+03
1.914411969176211869e+03
1.914695570444630221e+03
1.916674179294040414e+03
1.916685512678062878e+03
1.917484916253428310e+03
1.917954885022049893e+03
1.918580187818742615e+03
1.918969789561252583e+03
1.919224857368720450e+03
1.920608430223473988e+03
1.921223232973204858e+03
1.922414771635744273e+03
1.924410980563871362e+03
1.924881516001694081e+03
1.925078983551542478e+03
1.925190917385504463e+03
1.927475894271824927e+03
1.927490027668370431e+03
1.929322569197821849e+03
1.930068405866940566e+03
1.931172010802859404e+03
1.931250611154402804e+03
1.931464945446355159e+03
1.931855747194231981e+03
1.931876813955120497e+03
1.932405316318869154e+03
1.932969852177112671e+03
1.933048419195173437e+03
1.933133019573552247e+03
1.933358753916491651e+03
1.933414787500437797e+03
1.933450120991801441e+03
1.934171324217412803e+03
1.937735106823244905e+03
1.938129175252398909e+03
1.938300976020785129e+03
1.940955387892752015e+03
1.941218555736447797e+03
1.943409798870206942e+03
1.946109677612193082e+03
1.946165244527385084e+03
1.946902847826346260e+03
1.947221215916927576e+03
1.948045686271071872e+03
1.948069419710554257e+03
1.948934723580661512e+03
1.949183424692987728e+03
1.949405092351071971e+03
1.951512735110924950e+03
1.952011904010145145e+03
1.952218904935965611e+03
1.952326305416318519e+03
1.952669906953090731e+03
1.952860941140832438e+03
1.953375143440623333e+03
1.953424143659779020e+03
1.953554444242553700e+03
1.953917679200470502e+03
1.954394414666022840e+03
1.954885050193743837e+03
1.954914683659614184e+03
1.956061255454370666e+03
1.956271956396739370e+03
1.956290623146893950e+03
1.956305423213087806e+03
1.956865059049415549e+03
1.957731996260161623e+03
1.962216916319152233e+03
1.963052620056872001e+03
1.963118853686437888e+03
1.965195196306299749e+03
1.967887975016530618e+03
1.969594915984228237e+03
1.969778016803154287e+03
1.969861983845366922e+03
1.971142022903728048e+03
1.973790668083236596e+03
1.975763643574117850e+03
1.977833419497943169e+03
1.980454464554009292e+03
1.980811066148924738e+03
1.981436135611240161e+03
1.982323206245367146e+03
1.983952046863757687e+03
1.986064889646867869e+03
1.986340757547365229e+03
1.990478476053482609e+03
1.992855586685208436e+03
1.994086192189142594e+03
1.994649061373264885e+03
1.997335306720942071e+03
1.997542940982928030e+03
1.998477845164325799e+03
1.999157548204325849e+03
2.001997227571576104e+03
2.003785502236375351e+03
2.003938569587641950e+03
2.005026474453341507e+03
2.005456576376990370e+03
2.005837844748895577e+03
2.006318780233232928e+03
2.006803315733671297e+03
2.008508590027247692e+03
2.012124072864311529e+03
2.020674544439983265e+03
2.025582666391761904e+03
2.026254669397323141e+03
2.028985814945818220e+03
2.029437516966074099e+03
2.031650026861616425e+03
2.032074995428972670e+03
2.032691531519789123e+03
2.032696231540810231e+03
2.032732398369234261e+03
2.032740098403673073e+03
2.032942965977673566e+03
2.033362401186948091e+03
2.033588735532571263e+03
2.033762402975972918e+03
2.033919403678164826e+03
2.033945937130170250e+03
2.036026813103640734e+03
2.037498719686803952e+03
2.037553786599759860e+03
2.039031293207969384e+03
2.043792047833974948e+03
2.044134482698862485e+03
2.044140816060521956e+03
2.044770252209034425e+03
2.049429606381522262e+03
2.049718641007575116e+03
2.052426919787130828e+03
2.053128222923738122e+03
2.053132922944759230e+03
2.053857692852989203e+03
2.056443737752515517e+03
2.058565447241949641e+03
2.062215596900728087e+03
2.063690403496861563e+03
2.063793270623605622e+03
2.064122438762490674e+03
2.064499073780340041e+03
2.065210143627296020e+03
2.066051414056579688e+03
2.066116081012472023e+03
2.066157781198977318e+03
2.067866355507313529e+03
2.068036956270332666e+03
2.068720792662152689e+03
2.069341528771753929e+03
2.072469676095855903e+03
2.076916829319266071e+03
2.077363531317159413e+03
2.080394844874834689e+03
2.083396724967534283e+03
2.083407225014496817e+03
2.083822293537574296e+03
2.085387333870615294e+03
2.085533901192810390e+03
2.086402771745536938e+03
2.086699139737721453e+03
2.088936416410700986e+03
2.091255760117394857e+03
2.094567708263553413e+03
2.096029914803332758e+03
2.096141148634163983e+03
2.098832760672510631e+03
2.099614464168711947e+03
2.101232471405316119e+03
2.103215746942265014e+03
2.103471581419828453e+03
2.103769182750862910e+03
2.104169517874711346e+03
2.104907554508944486e+03
2.105795425146648995e+03
2.105865025457939737e+03
2.106710929241279246e+03
2.106770729508738441e+03
2.106897663409788947e+03
2.107250498321191117e+03
2.108869772230127182e+03
2.109571808703347870e+03
2.111212782709338626e+03
2.112259120722462285e+03
2.112709222735562435e+03
2.113540726454496962e+03
2.113556793193022713e+03
2.115891270300734959e+03
2.116264171968553455e+03
2.116304438815314825e+03
2.118410981570248168e+03
2.118880717004492908e+03
2.119402819339617054e+03
2.122586066910157115e+03
2.124047440112875847e+03
2.124530908941876532e+03
2.125409512871469360e+03
2.126218949825042728e+03
2.126467517603439319e+03
2.127199087542082907e+03
2.127708556487370515e+03
2.128221525448311695e+03
2.128417659658863613e+03
2.128523293464648759e+03
2.129113996106590548e+03
2.129400164053155549e+03
2.131997542336704100e+03
2.132244943443215561e+03
2.133322181594541235e+03
2.133977917860682282e+03
2.133983184550904298e+03
2.136535829301047215e+03
2.138237903580311468e+03
2.138352704093761986e+03
2.139346541872075704e+03
2.139670276653326255e+03
2.139860410837042309e+03
2.139967711316948680e+03
2.140184278952222485e+03
2.140415679987173462e+03
2.140680114503201366e+03
2.141472584714223558e+03
2.143267026073270699e+03
2.143648161111246282e+03
2.144250897140341294e+03
2.144719965904936998e+03
2.144725499263018719e+03
2.148310515297151596e+03
2.155403613687994948e+03
2.164113119308286514e+03
2.171997954573538664e+03
2.175376669684982062e+03
2.177285444888724669e+03
2.179341120749486890e+03
2.182047632854474614e+03
2.182075132977469821e+03
2.183016537187939321e+03
2.183574139681839824e+03
2.186372518864372978e+03
2.186711187045747465e+03
2.186958754819670958e+03
2.187503890591146956e+03
2.188884030097211053e+03
2.191758842954930969e+03
2.193094415595001465e+03
2.195661393742584096e+03
2.195789360981589653e+03
2.195882961400221575e+03
2.195911428194207019e+03
2.196003761940507047e+03
2.196074262255822305e+03
2.198449772880392175e+03
2.198633473702001993e+03
2.200267981012403652e+03
2.200760983217376179e+03
2.204519500027498452e+03
2.204861768224973730e+03
2.205337403685606205e+03
2.209000253401186910e+03
2.212946704385185967e+03
2.213282605887518912e+03
2.213499673525029721e+03
2.215024680345685738e+03
2.218364195281804768e+03
2.220322437373456978e+03
2.220323870713200904e+03
2.223378217707228032e+03
2.226442398078568203e+03
2.226877100022790728e+03
2.228075205381366686e+03
2.228877775637561626e+03
2.228924709180807440e+03
2.229034509671895194e+03
2.229144376829947305e+03
2.229507045118662518e+03
2.230211748270476619e+03
2.232620059041746572e+03
2.234302866568172703e+03
2.235646439244023895e+03
2.236306608863326346e+03
2.237737181928290738e+03
2.240556327870371206e+03
2.241326097979866063e+03
2.241791766729255869e+03
2.242845071440204720e+03
2.242885938289649857e+03
2.243476174262837958e+03
2.244214710899307192e+03
2.244445811932916058e+03
2.246430887477915348e+03
2.247032556835572905e+03
2.247572425916826887e+03
2.248195128701890553e+03
2.248208995430577033e+03
2.248346196044212320e+03
2.248571763719739920e+03
2.248939098695993835e+03
2.249108199452304234e+03
2.249506267899348131e+03
2.250499572341943804e+03
2.250523639116250251e+03
2.251189775428905705e+03
2.252238380118833447e+03
2.255306393840652163e+03
2.255514728105768882e+03
2.256608466330892043e+03
2.256677699973875406e+03
2.256854834099448453e+03
2.257334602911901129e+03
2.257561137258418967e+03
2.257651704330150551e+03
2.257899938773722624e+03
2.259929081182479877e+03
2.260186515667199274e+03
2.261881089912919379e+03
2.262978261486731753e+03
2.268276385182809463e+03
2.270542661985492941e+03
2.272747671847490892e+03
2.275068415560446738e+03
2.275189582769038225e+03
2.275200216149930384e+03
2.275200249483412790e+03
2.275896785932034163e+03
2.276191887251886783e+03
2.279336034647549241e+03
2.280565273478704512e+03
2.282141013859602026e+03
2.282408248388152970e+03
2.282505882158156965e+03
2.282747816573552427e+03
2.285789063508988875e+03
2.286051198014729380e+03
2.286422933010663201e+03
2.288728076653846983e+03
2.290980520061326388e+03
2.291078487166154900e+03
2.291538322556121329e+03
2.291948391056836499e+03
2.292889461932481481e+03
2.293784465935424123e+03
2.294800937148300363e+03
2.296556311665952308e+03
2.299607858647455942e+03
2.302591205323930808e+03
2.302971340357433746e+03
2.303486142659908182e+03
2.304864448824439933e+03
2.308091629924807876e+03
2.309805504256848508e+03
2.310640374657507436e+03
2.313555821030295647e+03
2.313771155326720418e+03
2.314893460346275788e+03
2.315122528037457414e+03
2.315349262384869689e+03
2.315766964253058632e+03
2.315858497995780453e+03
2.315920764940938625e+03
2.316589334597810648e+03
2.316623334749877813e+03
2.317286737716975040e+03
2.318188975085602578e+03
2.318292408881547544e+03
2.319042878904722784e+03
2.319644448261933121e+03
2.319871715945064352e+03
2.320378384877828466e+03
2.321664690630884252e+03
2.322243493219602897e+03
2.322901162827723965e+03
2.323144763917239743e+03
2.323184564095247879e+03
2.323293697916686597e+03
2.323700766403983835e+03
2.326012010074450245e+03
2.326292411328556682e+03
2.326371611682783623e+03
2.326948614263451418e+03
2.326956114296996020e+03
2.327156148524990840e+03
2.327517350140479721e+03
2.327713284350137201e+03
2.328484087797587108e+03
2.328550621428495106e+03
2.328711055479376228e+03
2.329267757969251306e+03
2.329528559135695104e+03
2.329758793498760951e+03
2.329879294037704767e+03
2.339563837352226528e+03
2.339993839275427490e+03
2.348214842710872745e+03
2.358257654294430267e+03
2.360112629257549543e+03
2.363886212801724923e+03
2.365186485283914408e+03
2.367699196522119564e+03
2.371516113593439059e+03
2.372186649925773963e+03
2.372738519060698309e+03
2.373156687597640939e+03
2.374111625201972402e+03
2.377602807483096512e+03
2.380731621476846612e+03
2.382382128858809210e+03
2.382382762194974930e+03
2.382583029757346594e+03
2.382762097224900117e+03
2.383079631978420821e+03
2.383134398890034845e+03
2.384578605349308418e+03
2.385415942427665868e+03
2.388428122566433558e+03
2.388994058430938367e+03
2.390308397642708314e+03
2.392616607966274387e+03
2.393185677178126753e+03
2.393292177654454463e+03
2.393955747288963721e+03
2.394604816858621234e+03
2.394786117669496434e+03
2.394803217745977236e+03
2.395228119646368668e+03
2.395780188782187906e+03
2.396319157859415554e+03
2.396477225233044919e+03
2.396715592965821543e+03
2.396753726469708909e+03
2.397061894514669802e+03
2.401969949799483402e+03
2.402036083428602069e+03
2.408314244841272284e+03
2.411187991027554745e+03
2.411229724547542901e+03
2.414574872842190871e+03
2.416068512855891186e+03
2.416887749853295645e+03
2.419597295305183707e+03
2.420924134572860112e+03
2.425061186409329366e+03
2.428440134855149608e+03
2.432390019187837424e+03
2.433256756397689514e+03
2.435148298191021240e+03
2.437287374424794962e+03
2.441452359719531159e+03
2.443265767830073855e+03
2.445830112632545479e+03
2.446671516395759227e+03
2.446811450354952740e+03
2.453264312548979888e+03
2.455155521007488005e+03
2.455305555011854722e+03
2.461890551130189579e+03
2.463160490143377501e+03
2.465355233292790217e+03
2.467549976442203842e+03
2.468464480532360994e+03
2.468595981120502529e+03
2.469258550750539598e+03
2.471196226083539841e+03
2.474854275777651765e+03
2.477215086336474542e+03
2.481395405033123097e+03
2.483048879095021221e+03
2.484822520361038187e+03
2.486964463274300215e+03
2.487088330494968432e+03
2.488654237498552448e+03
2.489975776742524431e+03
2.490938281047364853e+03
2.491088381718696382e+03
2.491330916136775159e+03
2.492279420378999475e+03
2.494701497878508235e+03
2.494861531927600481e+03
2.497790311693355761e+03
2.498146146618175862e+03
2.498152179978493223e+03
2.500101055361586077e+03
2.500848192036518867e+03
2.501687729124716952e+03
2.501940030253143959e+03
2.502658700134091305e+03
2.507352487793918044e+03
2.507661089174150675e+03
2.510443934953877033e+03
2.510676669328124262e+03
2.512878112507503374e+03
2.513292247693073932e+03
2.516383728186514873e+03
2.521028015624949603e+03
2.522162554032553089e+03
2.522705856462495831e+03
2.527479044477443495e+03
2.527717112208878007e+03
2.529536687013668143e+03
2.532289699326629943e+03
2.532317699451861699e+03
2.533262337010125520e+03
2.534641176510375772e+03
2.541066338580512820e+03
2.541838108698952965e+03
2.541926442427362872e+03
2.542526278443487627e+03
2.543746383900459932e+03
2.544749821721710305e+03
2.544948155942101494e+03
2.546078794332262532e+03
2.551199083899635752e+03
2.551696219456428480e+03
2.552046954358438597e+03
2.552050387707127811e+03
2.552181521626962876e+03
2.552268122014286746e+03
2.552406222631947458e+03
2.553972229635978692e+03
2.554740399738318047e+03
2.554743566419147555e+03
2.555093901319368342e+03
2.556634974878550111e+03
2.556737942005741843e+03
2.557103976976181457e+03
2.557386544906645213e+03
2.558326882445677256e+03
2.558478216455858274e+03
2.559052285690072949e+03
2.560102690388051542e+03
2.564589577122505034e+03
2.565841616055634404e+03
2.566450985447731455e+03
2.566897120776422980e+03
2.566968521095764117e+03
2.567300222579312958e+03
2.568024859153613306e+03
2.572346178480893286e+03
2.572399612053210149e+03
2.573830151784691679e+03
2.573864651938994939e+03
2.575613259759715675e+03
2.576270829367389979e+03
2.577461468025903741e+03
2.578315138510647103e+03
2.578507839372509807e+03
2.578699706897311899e+03
2.579638777764012048e+03
2.579654344500301249e+03
2.579971345918103452e+03
2.581588853152471984e+03
2.582101622112519181e+03
2.582526524012910158e+03
2.582596524325989321e+03
2.582988626079680671e+03
2.583239660535776238e+03
2.583314494203806134e+03
2.583454761497824165e+03
2.583898430148817170e+03
2.584596566604594500e+03
2.585009801786139633e+03
2.585059568675390892e+03
2.586154173571056162e+03
2.586442541527460435e+03
2.593602206882693736e+03
2.599439266322517597e+03
2.599495866575664422e+03
2.599879134956514918e+03
2.600869606053104690e+03
2.600893039491244963e+03
2.603336517086466301e+03
2.604386088447384282e+03
2.604487855569208932e+03
2.607725370049126468e+03
2.608342939477898199e+03
2.613475229098942691e+03
2.613664996614352731e+03
2.614855635272866493e+03
2.616860077571151123e+03
2.619280855064845582e+03
2.619954058075773446e+03
2.621154830112943273e+03
2.622516169534923392e+03
2.623192872561505737e+03
2.623738741669594674e+03
2.623801341949576909e+03
2.625037847479899028e+03
2.626009985161158966e+03
2.627220090573405287e+03
2.627355224511130473e+03
2.630642005878063628e+03
2.630781039833231716e+03
2.635062958984292891e+03
2.638439607419826189e+03
2.638794509007138004e+03
2.639777813405007691e+03
2.639921214046372825e+03
2.640757351119364102e+03
2.641008885577695310e+03
2.641583221479770145e+03
2.649030921456583201e+03
2.649414756506634603e+03
2.651937901124837481e+03
2.652650437645019792e+03
2.657455192467818051e+03
2.658245229334624128e+03
2.659336634215977483e+03
2.659342900910672142e+03
2.659778136190613623e+03
2.664934459252481702e+03
2.665043226405613950e+03
2.665204393793108466e+03
2.665938563743380655e+03
2.667595004485214304e+03
2.668079673319582525e+03
2.668257507448286106e+03
2.669794914324401816e+03
2.672110591348030084e+03
2.672224758525314428e+03
2.676153009427912366e+03
2.676495410959317269e+03
2.679668725152097068e+03
2.681162231831867302e+03
2.681173631882854352e+03
2.682617005005066858e+03
2.682954806515898326e+03
2.688532464795539454e+03
2.689714703416484099e+03
2.689764136970910840e+03
2.692613016379309101e+03
2.699179179080077120e+03
