3.327855106654596717e+00
8.130443253095755551e+00
1.340923352937067214e+01
1.518144145564405889e+01
1.968292825539696977e+01
2.101303420435094083e+01
2.204190547268699163e+01
2.494415178643722442e+01
2.500451872309751522e+01
2.589715604878827548e+01
2.882830249179553661e+01
2.886670266354189351e+01
3.377192460235027482e+01
3.673287117863986850e+01
3.683710497816318963e+01
3.733504053853395277e+01
4.519164234417775106e+01
4.909755981355547760e+01
5.404531527593014317e+01
5.674056066386015118e+01
6.011487575562423302e+01
6.291072159349392479e+01
6.366645830689102326e+01
6.371369185147834457e+01
6.481766345570375165e+01
6.649397095305849348e+01
7.135482602676755448e+01
7.143195970508446635e+01
7.414680518067667947e+01
7.991893099674858547e+01
8.121213678066504826e+01
8.129833716619984330e+01
8.473128585353842368e+01
8.555428953445650109e+01
8.569979018521418368e+01
8.731066405658098972e+01
8.942264016914833746e+01
9.045494478617351319e+01
9.462819678454933126e+01
9.491293139136999457e+01
9.726600858227190827e+01
9.985602016620603649e+01
1.077800889402653155e+02
1.117534400445761094e+02
1.130239457269654224e+02
1.162942936870655188e+02
1.207800804165992190e+02
1.212187823787119214e+02
1.224847547074922716e+02
1.229996570104141824e+02
1.245684640269685559e+02
1.246160642398624816e+02
1.251265665231050974e+02
1.310458596640556266e+02
1.322909652328418701e+02
1.351919448742602015e+02
1.365796177473513069e+02
1.375897555985680185e+02
1.401300669602158564e+02
1.545235313355817084e+02
1.572651769310385532e+02
1.574595778005045190e+02
1.594526867147667133e+02
1.608435929356524525e+02
1.612684948360438000e+02
1.619234310986066987e+02
1.628121017398896413e+02
1.662650171831970454e+02
1.719412759038327181e+02
1.720529430699353952e+02
1.721228433825674529e+02
1.746312879350229821e+02
1.762144950159822656e+02
1.778158688448597218e+02
1.829404584314656859e+02
1.832851599731575902e+02
1.834032605013671002e+02
1.836917951251834893e+02
1.856950707515834154e+02
1.865637746368975343e+02
1.875568790785983140e+02
1.917579645347937571e+02
1.924987678480672741e+02
1.934490054313775715e+02
1.960733838356854051e+02
2.117532206310718834e+02
2.128345588007349818e+02
2.167670763890828312e+02
2.184734840210616653e+02
2.202879588030419882e+02
2.279941266025301445e+02
2.298653016381047109e+02
2.308891728840779365e+02
2.396692121531673934e+02
2.490222873185169874e+02
2.525529364428248016e+02
2.557587841144446941e+02
2.625125143207828842e+02
2.695132456318438017e+02
2.697733801286394169e+02
2.719926567211126098e+02
2.734650633065120928e+02
2.753420383680274881e+02
2.758935408346451368e+02
2.813074317151630908e+02
2.836173420463327943e+02
2.861845535282924970e+02
2.869752570647468133e+02
2.950064596512999060e+02
2.950473931677100836e+02
2.968420011941688017e+02
2.978457390167611720e+02
2.980212731351780917e+02
3.000365154817663438e+02
3.044544019076131462e+02
3.082313188000304081e+02
3.090828226084165067e+02
3.093435904413780690e+02
3.204758402308265772e+02
3.209031088084696535e+02
3.247444593224023492e+02
3.249799603756905526e+02
3.252876284184152951e+02
3.263498998361349095e+02
3.279590403664159339e+02
3.314476893028761992e+02
3.359600094844151386e+02
3.373082821812873249e+02
3.382700531495145242e+02
3.382830198741754089e+02
3.399340605918567348e+02
3.406357303967706684e+02
3.414945342378064765e+02
3.471675596106475155e+02
3.505463747225380757e+02
3.507700423895677204e+02
3.511210439594367472e+02
3.526360507353673484e+02
3.547581602265899505e+02
3.636905335103329548e+02
3.648787054911480254e+02
3.650961731304477098e+02
3.678891189553469871e+02
3.689557903927458256e+02
3.730027418262371839e+02
3.746633492533727008e+02
3.769411261074907884e+02
3.791960695261519732e+02
3.843052923773628891e+02
3.858207658220473490e+02
3.865909025998493007e+02
3.869335374656312752e+02
3.872295054560270273e+02
3.917759924570452199e+02
3.973428840218650748e+02
3.995573605928699976e+02
4.008259662667614407e+02
4.009373000980399411e+02
4.025857408040926657e+02
4.056910880262200862e+02
4.074423291920521137e+02
4.095928721437779245e+02
4.110341119231158586e+02
4.141976260720639971e+02
4.145621277023126368e+02
4.239064361617860754e+02
4.312197022040048751e+02
4.392224046630898329e+02
4.413411808060706676e+02
4.426534200084481654e+02
4.437605249600209731e+02
4.456828335576258269e+02
4.464256702133268391e+02
4.470654397413892411e+02
4.485460130299812818e+02
4.489080813160133516e+02
4.489452148154278461e+02
4.551795093652352193e+02
4.602118318725061954e+02
4.604717330349248527e+02
4.609017349581262692e+02
4.633784127018367940e+02
4.634412129827136368e+02
4.652398210270626464e+02
4.654825887795182098e+02
4.698598750237788977e+02
4.807931572566700993e+02
4.839389046594890829e+02
4.843668399067805126e+02
4.847756750686460236e+02
4.872396527555550279e+02
4.888762934088314864e+02
4.915504053689080024e+02
4.948617868458655380e+02
4.975584989070219990e+02
5.017284842241207912e+02
5.055750347613108033e+02
5.058652360592481045e+02
5.068600071750698817e+02
5.082557467509062690e+02
5.104757566799926281e+02
5.105452903243181026e+02
5.145501415695146079e+02
5.174545212261396046e+02
5.191616955282140680e+02
5.195480639229293729e+02
5.199006988334369908e+02
5.203101339979859858e+02
5.216509733282789512e+02
5.237551494059601964e+02
5.285635709118246268e+02
5.287879052485026250e+02
5.321100534402813764e+02
5.351207002388572391e+02
5.351234335844156931e+02
5.352466341354352153e+02
5.362714720523985079e+02
5.405992914087499912e+02
5.406382249162151084e+02
5.464361175141966669e+02
5.476975898228504320e+02
5.487889613707214949e+02
5.504781022588075530e+02
5.510865716468788378e+02
5.548090549625062522e+02
5.583816042742145100e+02
5.591921412327078542e+02
5.644189646098921003e+02
5.650164672822475040e+02
5.665315407251429178e+02
5.665863743037217546e+02
5.695375208361801924e+02
5.747246107023212289e+02
5.750613788751975335e+02
5.755296809696981200e+02
5.759782829760890763e+02
5.769715207517195950e+02
5.781961262288183434e+02
5.799406006977193329e+02
5.815423411949033152e+02
5.841642195880298232e+02
5.843015868690772550e+02
5.880040367617712036e+02
5.894125430613740946e+02
5.908945830231924674e+02
5.911777176228571307e+02
5.933167271896660395e+02
5.957515047459761490e+02
5.961731066316081069e+02
5.967600425900367327e+02
6.004580924630513437e+02
6.009755281106372422e+02
6.013621965066943176e+02
6.033110385563043110e+02
6.045845442521113000e+02
6.049135123901016868e+02
6.097001337984643214e+02
6.100471686839255199e+02
6.103176032267884921e+02
6.151006246190498814e+02
6.180348710759221831e+02
6.215897869754307976e+02
6.227179920213745845e+02
6.249164018538536993e+02
6.258464393468182152e+02
6.261895075478715853e+02
6.281816164576613346e+02
6.288611861637315315e+02
6.347295457435462822e+02
6.388396307927387170e+02
6.458425621136392465e+02
6.497524129339424235e+02
6.519833229117797373e+02
6.552304374346339273e+02
6.575417811055475568e+02
6.595861235822874278e+02
6.630012388565319270e+02
6.669294897591303197e+02
6.699878701045297476e+02
6.708025404148431790e+02
6.818910900088405924e+02
6.823979256090171930e+02
6.833014296499765123e+02
6.857733407057011163e+02
6.877348494786303945e+02
6.902051271937165211e+02
6.905006951823232839e+02
6.905800622039621430e+02
6.907188628247537281e+02
6.955934512932193456e+02
6.957260852197632630e+02
6.983015634053629128e+02
6.992010674284319975e+02
6.998142035040417568e+02
7.020007132832973866e+02
7.050550602773241735e+02
7.104990512924662198e+02
7.117163900703977788e+02
7.138008993934520277e+02
7.157597081543053719e+02
7.168701464541201176e+02
7.178041839649748681e+02
7.187962217352383050e+02
7.208753643676230922e+02
7.214543336237537687e+02
7.268480244139259412e+02
7.276894615106216406e+02
7.293773023928931707e+02
7.311751104336642584e+02
7.352541953442072327e+02
7.378827071003349829e+02
7.408522203816061165e+02
7.411660884520607624e+02
7.428057624522373317e+02
7.470726148692448305e+02
7.470993816556272122e+02
7.482553201589432774e+02
7.498313605411825620e+02
7.504909968247665120e+02
7.524671389964776154e+02
7.525844061876265414e+02
7.531410753440192138e+02
7.536040774148150376e+02
7.550798173484564586e+02
7.554190521990317393e+02
7.585359994730408744e+02
7.589867681557891501e+02
7.593363363859142510e+02
7.625606841402765212e+02
7.650831954223126559e+02
7.682833097349565605e+02
7.683007098127792460e+02
7.683911102170986851e+02
7.687249450435222116e+02
7.690029462868942574e+02
7.692421806902133312e+02
7.730234642688275244e+02
7.768596147595028469e+02
7.789240906596236300e+02
7.828667082931442565e+02
7.839308463858793630e+02
7.840775470420040847e+02
7.844438153468208839e+02
7.866295917894633476e+02
7.884694000180818421e+02
7.904974757554012967e+02
7.925083514157926174e+02
8.001248854810569355e+02
8.007826217561430440e+02
8.039921027773464175e+02
8.065998811074098285e+02
8.066418479617749426e+02
8.070957499918706617e+02
8.112332684970936043e+02
8.177826311227225915e+02
8.229379541801185951e+02
8.235158567648119288e+02
8.237852246362375581e+02
8.261107017036966909e+02
8.295558504456006403e+02
8.303476206534922994e+02
8.320007613805660185e+02
8.326412975787241066e+02
8.344858058283637092e+02
8.359187122370968837e+02
8.379276878889904765e+02
8.390037593684313606e+02
8.429427436523684491e+02
8.432216448997658063e+02
8.435958799068807821e+02
8.439448148008398221e+02
8.463817590335073646e+02
8.469575282753256715e+02
8.469872950751256440e+02
8.471969293460570043e+02
8.484355682192539234e+02
8.496757070991598084e+02
8.499993752134455463e+02
8.506407447486640194e+02
8.506731448935749995e+02
8.528809881015786232e+02
8.539201594159820843e+02
8.557356675359172868e+02
8.571359404653626370e+02
8.585617468423408809e+02
8.592125830865661555e+02
8.611066248910799459e+02
8.622718634359910084e+02
8.666289829233884348e+02
8.684020575202047212e+02
8.690986939692734268e+02
8.692417612758144969e+02
8.694753289871224524e+02
8.713199039037269813e+02
8.721693743696855563e+02
8.734368133716923239e+02
8.747588192844185642e+02
8.765817607709331014e+02
8.770416628278641156e+02
8.785581362770210490e+02
8.792646727703681790e+02
8.804533447534196284e+02
8.814073156867608532e+02
8.815249495462163623e+02
8.821014854581305826e+02
8.832275904946819765e+02
8.838613599959089697e+02
8.852955330769741522e+02
8.856519013375126406e+02
8.865747721317571859e+02
8.907291907125664920e+02
8.934400361702683995e+02
9.000647657996462385e+02
9.010520368819237547e+02
9.017428733050516030e+02
9.054343231485472643e+02
9.065914949907130449e+02
9.092079400262050513e+02
9.097105089406320531e+02
9.114096832069260472e+02
9.213705277572161094e+02
9.222750318026479590e+02
9.233863367730054961e+02
9.274510216191434893e+02
9.356230915023979833e+02
9.382345031820449321e+02
9.400287445401971809e+02
9.440379958050729101e+02
9.449002329947977614e+02
9.463898729906077278e+02
9.538206062248700619e+02
9.552547459724527243e+02
9.561685167259970513e+02
9.603551354508227860e+02
9.615204073292161411e+02
9.631493479480540145e+02
9.643536533343597057e+02
9.678076021156221032e+02
9.679744361951277369e+02
9.690145741805213220e+02
9.765666746242701493e+02
9.786259171676510960e+02
9.793082202192797467e+02
9.797481221867595877e+02
9.834832388922237669e+02
9.836660063763256403e+02
9.845641770600977907e+02
9.857214155692283839e+02
9.857995159185353486e+02
9.868792207475599980e+02
9.896440997802627635e+02
9.900804350651237655e+02
9.960700618539776769e+02
9.966779645728478272e+02
9.968750654543896417e+02
9.984052389648207964e+02
1.001913154654119012e+03
1.002879958978191439e+03
1.004791434194010208e+03
1.007316778822052129e+03
1.010482759648699130e+03
1.011052095528410746e+03
1.011248029738067885e+03
1.013320139005662554e+03
1.015492315387478129e+03
1.015910617258350612e+03
1.016969355326933737e+03
1.017295356784988826e+03
1.017394090559913025e+03
1.020338303728028336e+03
1.020986206625800946e+03
1.022185245321884508e+03
1.023216049932200917e+03
1.025656760848381509e+03
1.025741961229443859e+03
1.025772494699339404e+03
1.026876099635258242e+03
1.030839684029220280e+03
1.034167498913010149e+03
1.036586409731689173e+03
1.043978009457591952e+03
1.045836484436364799e+03
1.051955245136109170e+03
1.060782284615409026e+03
1.061726755506260588e+03
1.063130728452254516e+03
1.069190355554187818e+03
1.071756533698192470e+03
1.075597350876406608e+03
1.079349700992281214e+03
1.080732207175597523e+03
1.080792440778328000e+03
1.084058655386608280e+03
1.086842234502947804e+03
1.088302641034676526e+03
1.088549108803680610e+03
1.089438046112823031e+03
1.093031895519796763e+03
1.094678769552175709e+03
1.094728303107049896e+03
1.096172176231498952e+03
1.098327385870763464e+03
1.101878401752828950e+03
1.104592480558325633e+03
1.107416793190180897e+03
1.108319263893185052e+03
1.110398839860841463e+03
1.110548973865655171e+03
1.112875150936245291e+03
1.113234952545472879e+03
1.115476395903754565e+03
1.117400804510751868e+03
1.118044707390634130e+03
1.118499042756001245e+03
1.118946711424884597e+03
1.118958711478555415e+03
1.120317117554082643e+03
1.121080120966647200e+03
1.122383026793947465e+03
1.123030929691720075e+03
1.125703241643745969e+03
1.127634416947674026e+03
1.128366553555518749e+03
1.131572501227586145e+03
1.132906140525676392e+03
1.137769595611014211e+03
1.139145035096057654e+03
1.140325740376810700e+03
1.141864747260082822e+03
1.146562201602975392e+03
1.146768669193076903e+03
1.147572639455533817e+03
1.149133146434965965e+03
1.150065617272147165e+03
1.150619019747262655e+03
1.150820387314553955e+03
1.151240822528301351e+03
1.151951692374362892e+03
1.151954859055192628e+03
1.152329027395342791e+03
1.154001901544008433e+03
1.154042701726488986e+03
1.155889043317661390e+03
1.156594779807430541e+03
1.157414083471800041e+03
1.158641355627492430e+03
1.160305863072070906e+03
1.162638973507003811e+03
1.163024408564211399e+03
1.163074475454804315e+03
1.163448010458788531e+03
1.163860378969790645e+03
1.165655320331073426e+03
1.165747120741654498e+03
1.166127255775157664e+03
1.168854867974516083e+03
1.169336736796361038e+03
1.169944406180854230e+03
1.171425146136858302e+03
1.171590813544479488e+03
1.171595713566394807e+03
1.173932690685288662e+03
1.174002690998367825e+03
1.177128304977806010e+03
1.177153005088278178e+03
1.177217738711135326e+03
1.177742007722617018e+03
1.178488211060042204e+03
1.180732221096470312e+03
1.180884121775852236e+03
1.181221623285341821e+03
1.182181060909799726e+03
1.182422361989028786e+03
1.182567929306751012e+03
1.182731963373733834e+03
1.184555338195519653e+03
1.184562638228169590e+03
1.186339846176805850e+03
1.186470546761369633e+03
1.186602980687018999e+03
1.186762314732980485e+03
1.187026049245877402e+03
1.188529322635996550e+03
1.189254359212086001e+03
1.190462797950211780e+03
1.192049471713342427e+03
1.192346139706869053e+03
1.193095243057264724e+03
1.194669883433242603e+03
1.195141518875984957e+03
1.197301361869305538e+03
1.197654596782496583e+03
1.198832102048937713e+03
1.198853002142414198e+03
1.199951873723829749e+03
1.200527209630376547e+03
1.200907044662537828e+03
1.202136983496823632e+03
1.203650056930773871e+03
1.210344953540643019e+03
1.210496787553060358e+03
1.210702721807443140e+03
1.211063756755520444e+03
1.211112756974675904e+03
1.212448862950465127e+03
1.214386238282123259e+03
1.214724806463050072e+03
1.215310875750935793e+03
1.215934311872613080e+03
1.216345013709493969e+03
1.218232522151453850e+03
1.222827876037697933e+03
1.223674646491580461e+03
1.223913414226145960e+03
1.224897651961523252e+03
1.225966590075726572e+03
1.227036661528332161e+03
1.227039761542196857e+03
1.227529363731963031e+03
1.227986865778159881e+03
1.228211033447425734e+03
1.228229366862756251e+03
1.229635039816353355e+03
1.229736906938624770e+03
1.231108313072295459e+03
1.232118250922618017e+03
1.233931392365301463e+03
1.234623928796032715e+03
1.235365398778954614e+03
1.235909967881229250e+03
1.237429274676391742e+03
1.237805276358074707e+03
1.238137111175553173e+03
1.238506046158963272e+03
1.238512312853658159e+03
1.239984152769856337e+03
1.240120286712054622e+03
1.240847356630571539e+03
1.240889923487620308e+03
1.241063190929232633e+03
1.241733560594155506e+03
1.243003532940826062e+03
1.243329934400670254e+03
1.244545039835279567e+03
1.246094313431136470e+03
1.248043755483430232e+03
1.248853459104863305e+03
1.249271660975288341e+03
1.251136702650097959e+03
1.252904243888832752e+03
1.253075844656324307e+03
1.253581913586405108e+03
1.254444084109165260e+03
1.254875886040417299e+03
1.256107024880070185e+03
1.256728994328520912e+03
1.256742594389347687e+03
1.257988466628229617e+03
1.258273034567638206e+03
1.258604569383774560e+03
1.259502473399687688e+03
1.259505106744798695e+03
1.259512273443518779e+03
1.259655807418813538e+03
1.259698674277204191e+03
1.259729941083713129e+03
1.260450377639228691e+03
1.260747678968921036e+03
1.262028251363000891e+03
1.262258285725172527e+03
1.262385852962388981e+03
1.262401019696889307e+03
1.263666458689951014e+03
1.264212227797592732e+03
1.264218127823980694e+03
1.264453328875927355e+03
1.265732401263298243e+03
1.267237074659678910e+03
1.267484675767085264e+03
1.268219179052181516e+03
1.268626380873408607e+03
1.270823824034897370e+03
1.271501093730681077e+03
1.271758628215847921e+03
1.271840395248220830e+03
1.272001662636162791e+03
1.272508198234997735e+03
1.272567098498431506e+03
1.273104634235915455e+03
1.274217672547358916e+03
1.277465553740308906e+03
1.277468687087656235e+03
1.277486587167715015e+03
1.277625887790742809e+03
1.280671001410139752e+03
1.280754468450116065e+03
1.280758235133629569e+03
1.281170570311148822e+03
1.281613472292046481e+03
1.281849740015430370e+03
1.281929073703586937e+03
1.282320275453252634e+03
1.282492809558252020e+03
1.285238588505528924e+03
1.285281455363919349e+03
1.285332155590678212e+03
1.285823357787600571e+03
1.286098392351037319e+03
1.286969562914050357e+03
1.288324802308747849e+03
1.288328268990919469e+03
1.290966247456054134e+03
1.293099356996475080e+03
1.294125861587559257e+03
1.297602277135971917e+03
1.297963612085390650e+03
1.297979078821233088e+03
1.298083512621650925e+03
1.299044450252817569e+03
1.299770520166862070e+03
1.300484490026788535e+03
1.300730557794003516e+03
1.300733757808315659e+03
1.301695128774753812e+03
1.302475865599964891e+03
1.302729033398935144e+03
1.302769000244355084e+03
1.303242535695595279e+03
1.304244140175312850e+03
1.305059710489651707e+03
1.305134610824646643e+03
1.305455612260338739e+03
1.306680584405743957e+03
1.306849551828124504e+03
1.307421821054289012e+03
1.309148428776613628e+03
1.309156395478911463e+03
1.309796598342245488e+03
1.310406267735683741e+03
1.312969345865823470e+03
1.313043079528933731e+03
1.313398647785894127e+03
1.315048855166515068e+03
1.315048888499997474e+03
1.315155422309807591e+03
1.315292989591749802e+03
1.316601295443201934e+03
1.317911101301362805e+03
1.318564837558558565e+03
1.319944443728904389e+03
1.320125377871473120e+03
1.321046981993385998e+03
1.321256682931282057e+03
1.322174387035751806e+03
1.322434754866924322e+03
1.323545826502904902e+03
1.323897961411176084e+03
1.324151395878005587e+03
1.326971441824111480e+03
1.328404781568116277e+03
1.328550215551908877e+03
1.329444819553062416e+03
1.329950188480012685e+03
1.329975921928439675e+03
1.330719425253789041e+03
1.330946692936920044e+03
1.331299994517075902e+03
1.332711267495719540e+03
1.334689076341551527e+03
1.334729809857067039e+03
1.335853648216814008e+03
1.336669318531600084e+03
1.337213920967357126e+03
1.338505360076705301e+03
1.338787561338862133e+03
1.339938599820262880e+03
1.348093602960518865e+03
1.348576438453354058e+03
1.351211250237658760e+03
1.351407551115622709e+03
1.352500022668413749e+03
1.352500456003685258e+03
1.353330593049840900e+03
1.355394702281654872e+03
1.357081109824182477e+03
1.357161576850741312e+03
1.357875513377185143e+03
1.358086847655720021e+03
1.358587483228166548e+03
1.359165619147236612e+03
1.359442620386136241e+03
1.361366062322143307e+03
1.361650663595034302e+03
1.362185599320889878e+03
1.362748001836258481e+03
1.366755053091294485e+03
1.368325960117241266e+03
1.368581294592568838e+03
1.369107463612548145e+03
1.369182463947990300e+03
1.370475003062258338e+03
1.370703204082896718e+03
1.371637841596435010e+03
1.373962418659868945e+03
1.374762055569611448e+03
1.375101723755458352e+03
1.376076561448793655e+03
1.376715864308102027e+03
1.378506972318906946e+03
1.378990574481837712e+03
1.379026874644191821e+03
1.381607519519566040e+03
1.381724953378127339e+03
1.385058168286069076e+03
1.385062468305301081e+03
1.387178611103170624e+03
1.387761647044156462e+03
1.388169582201996718e+03
1.390923161184159653e+03
1.391028228320743210e+03
1.391055361775431948e+03
1.391190729047534660e+03
1.391238429260875591e+03
1.391484497028090800e+03
1.391889632173407563e+03
1.392896736677724448e+03
1.393186904642179343e+03
1.393851474281161018e+03
1.394603310977115370e+03
1.394832612002673613e+03
1.394865445482855876e+03
1.394891112264318281e+03
1.395814716395176220e+03
1.396071917545519000e+03
1.396242684975949942e+03
1.397418356900858271e+03
1.400931039278142407e+03
1.400946239346125139e+03
1.401086406639695952e+03
1.401467775012048378e+03
1.402154878085145356e+03
1.403824152217709980e+03
1.406157829321844247e+03
1.406433863889753411e+03
1.407385801480667169e+03
1.407505035347278863e+03
1.407704502906072548e+03
1.407990437518260251e+03
1.409445144024495221e+03
1.412071322436853734e+03
1.412790225652178151e+03
1.413989364348709159e+03
1.414113131568929703e+03
1.415734705488152940e+03
1.420039624742082651e+03
1.420334459394076021e+03
1.423877341906431639e+03
1.423917808754087901e+03
1.424230776820517349e+03
1.425716483465401780e+03
1.425877050850212754e+03
1.426032884880520214e+03
1.426486886911063038e+03
1.427815492853308342e+03
1.430714139150957408e+03
1.431469642529977591e+03
1.432914748993275907e+03
1.434265988370083505e+03
1.435390693400373266e+03
1.436039729636548145e+03
1.439064243163810261e+03
1.440309182065184132e+03
1.442183857116412810e+03
1.444168299325246153e+03
1.444420800454568052e+03
1.445249904162768644e+03
1.445257470863277604e+03
1.450757428795400756e+03
1.450882196020094170e+03
1.453250706613355987e+03
1.453771075607394323e+03
1.453774042287329621e+03
1.454425378533791218e+03
1.455028681232087592e+03
1.456615654996560352e+03
1.457115123897122203e+03
1.457747093390298687e+03
1.458903398561921449e+03
1.458909965257957992e+03
1.459139766285752557e+03
1.459772202447682957e+03
1.462293780392211147e+03
1.462338680593029267e+03
1.463697220002486347e+03
1.464072288346661935e+03
1.464177088815386469e+03
1.464716391227438635e+03
1.466637233151817099e+03
1.466659566585037737e+03
1.467937405633559138e+03
1.468126439812355557e+03
1.468437574537251976e+03
1.471209920270016482e+03
1.471376254347285794e+03
1.471918956774544995e+03
1.471928890152305712e+03
1.471931990166170635e+03
1.472089324203187061e+03
1.472451592490113399e+03
1.474251100538487890e+03
1.474718935964234561e+03
1.479051155340265041e+03
1.480319794347638890e+03
1.480940830458582013e+03
1.481822667735969162e+03
1.484547846591111238e+03
1.484552979947403628e+03
1.485865985819876869e+03
1.486312387816428327e+03
1.486408454912758998e+03
1.488459797420806808e+03
1.489507802108051010e+03
1.490475639770078487e+03
1.491813645754365552e+03
1.492355481511081962e+03
1.493428586310587662e+03
1.494315623611232013e+03
1.495130293921545444e+03
1.495445828666120860e+03
1.499145111877985073e+03
1.500742852357278935e+03
1.501084287217693827e+03
1.501427155417852646e+03
1.504661669884352705e+03
1.504694036695781278e+03
1.504722636823696575e+03
1.505645340950529089e+03
1.506699812333362615e+03
1.506714045730355338e+03
1.506793612752888748e+03
1.506920513320456848e+03
1.507150814350487963e+03
1.507764083760027233e+03
1.508765554905815179e+03
1.509250390407595432e+03
1.510021593856834897e+03
1.511130398816010938e+03
1.513377042197549827e+03
1.515591085433283297e+03
1.515595185451620864e+03
1.518213897163917636e+03
1.518231863910941229e+03
1.519008100716025638e+03
1.519194334882299017e+03
1.519197334895716949e+03
1.519205801600251334e+03
1.519536869747633773e+03
1.522151348107663352e+03
1.522205215015251952e+03
1.523965822889643732e+03
1.524210857318903436e+03
1.524675026061584276e+03
1.525304495543579151e+03
1.527483705290185071e+03
1.527695772905332888e+03
1.528294108914748904e+03
1.528491043128878573e+03
1.529781815568578395e+03
1.529885916034172169e+03
1.530857353712300892e+03
1.531185755181089917e+03
1.532564728015269566e+03
1.532619161592059527e+03
1.533142563932998200e+03
1.533227564313165885e+03
1.534807504712848186e+03
1.536319311474466531e+03
1.536534645770891302e+03
1.537102514977376586e+03
1.539326424923905961e+03
1.539766360224868322e+03
1.540010094648313725e+03
1.540818698264826935e+03
1.541287000359327521e+03
1.543213108973928229e+03
1.544030612630247106e+03
1.544495814710882769e+03
1.545548986087901994e+03
1.548494099260042731e+03
1.548710433560940373e+03
1.549019868278233162e+03
1.551082677504232834e+03
1.551686713539142374e+03
1.552327816406501597e+03
1.553036519576205819e+03
1.553159753460707861e+03
1.553370087734769868e+03
1.553491621611668506e+03
1.553595955411639125e+03
1.555444230344792004e+03
1.555693198124977471e+03
1.555984866096141332e+03
1.556763436244995091e+03
1.556876336749947086e+03
1.557315938716085384e+03
1.558583644385951402e+03
1.559629915732110021e+03
1.561544924297065108e+03
1.564221036266086912e+03
1.564352970189500184e+03
1.564531637655264376e+03
1.564546671055835077e+03
1.566678780591783379e+03
1.572913708477756927e+03
1.573165909605736942e+03
1.575375452821343742e+03
1.577468595516344521e+03
1.577671896425616296e+03
1.578410433062085303e+03
1.579941606576988988e+03
1.580454042202211895e+03
1.580745076837209808e+03
1.581062711591177731e+03
1.581074844978777946e+03
1.581289112603765489e+03
1.581320212742862168e+03
1.581513080272136904e+03
1.581672747652922453e+03
1.582867019661020322e+03
1.583497089145698737e+03
1.584739728036785891e+03
1.585737499166025373e+03
1.586202301244871933e+03
1.586943504559934581e+03
1.588544611720952616e+03
1.589095080849615442e+03
1.589217948065810560e+03
1.589237914821779441e+03
1.590098385336936190e+03
1.591774492833396380e+03
1.592791164047167285e+03
1.592861231027211488e+03
1.593104298781008538e+03
1.594703939268800241e+03
1.595108474411433917e+03
1.595144041237174633e+03
1.596855448891516062e+03
1.597871453435638614e+03
1.598419489220084643e+03
1.599288459773258182e+03
1.599324526601235220e+03
1.603321144476274412e+03
1.604099247956374256e+03
1.607151561607973690e+03
1.608159699450245171e+03
1.609878073802412473e+03
1.614822295915650557e+03
1.615122430591348802e+03
1.615388498448014843e+03
1.615853767195615546e+03
1.620394354170245379e+03
1.620530688113338101e+03
1.620672288746652612e+03
1.622602064044319604e+03
1.624246971401235896e+03
1.624434105571534246e+03
1.627524952728809694e+03
1.629466294744875768e+03
1.629710029168321171e+03
1.632123806630707804e+03
1.633007943918381670e+03
1.633045977421821362e+03
1.636029957434462176e+03
1.636984295036110097e+03
1.637013661834120967e+03
1.637223762773806129e+03
1.638336901085696582e+03
1.638933337086614756e+03
1.639403972524884693e+03
1.640272009740550402e+03
1.640871679089262898e+03
1.642285752080429802e+03
1.643807492219809092e+03
1.644546995527268109e+03
1.644761529820114902e+03
1.645723700790131261e+03
1.646326503486191314e+03
1.646428037273638665e+03
1.647269974372570459e+03
1.649124082665146716e+03
1.651492959926715230e+03
1.652217896502357235e+03
1.652725432105664595e+03
1.652913266279094159e+03
1.653432401934283234e+03
1.654984408875698591e+03
1.657496286776843135e+03
1.660607767359735590e+03
1.662194041121077589e+03
1.662293241564755363e+03
1.663605747434992281e+03
1.665074820672150054e+03
1.666155958840918629e+03
1.666315459554292147e+03
1.667925466755116076e+03
1.668589103056590147e+03
1.677512142965255862e+03
1.678543180909949342e+03
1.678761481886309411e+03
1.679350817855472314e+03
1.680120654631932439e+03
1.682553665513674559e+03
1.684947842888398782e+03
1.685303344478394138e+03
1.685320777889699229e+03
1.688209824144411868e+03
1.693554348048016209e+03
1.695016521254313147e+03
1.695339856033774822e+03
1.695540690265347394e+03
1.696730595587248445e+03
1.696982363379956951e+03
1.699999810208946201e+03
1.700433645482625934e+03
1.703363658587230930e+03
1.703564726153180573e+03
1.703575926203273184e+03
1.705831069622828863e+03
1.705918436680248305e+03
1.706269438250117446e+03
1.707556810674610688e+03
1.707742544838647746e+03
1.707783178353716039e+03
1.709767187227278100e+03
1.710190022451759432e+03
1.710464290345100608e+03
1.712623600002702460e+03
1.712783534051347488e+03
1.713646171242861556e+03
1.713704304836199753e+03
1.715635880141916914e+03
1.717597788916635182e+03
1.718177324841967220e+03
1.724151884896767797e+03
1.724879588151450662e+03
1.725266356547955183e+03
1.725882359303052908e+03
1.726118860360813642e+03
1.728574504677118057e+03
1.729627976055479166e+03
1.731457184236688363e+03
1.732384521717577172e+03
1.733364926102476375e+03
1.733987762221470120e+03
1.734067629245345415e+03
1.734155029636247036e+03
1.735004166767381548e+03
1.737350443927869946e+03
1.737843246131948263e+03
1.738112214001585016e+03
1.738131614088352535e+03
1.738848617295179110e+03
1.739075651643933043e+03
1.739302385991345091e+03
1.739697621092383770e+03
1.739703987787525875e+03
1.740455891150444813e+03
1.740492024645386664e+03
1.742292466031268759e+03
1.742804001652466241e+03
1.743958340148626348e+03
1.744279541585212883e+03
1.744283641603550677e+03
1.744443075649959155e+03
1.745381113178704254e+03
1.745587380767911327e+03
1.746073449608541068e+03
1.746077349625983970e+03
1.746089949682338329e+03
1.746302917301511570e+03
1.746331217428084983e+03
1.751060471913204765e+03
1.752615145533213763e+03
1.755097723303312478e+03
1.757549367601726544e+03
1.759002374100358338e+03
1.761994520816191653e+03
1.762389722583748153e+03
1.763949562893531720e+03
1.768199715235847634e+03
1.769693855251784044e+03
1.770758793348097242e+03
1.774869178398631220e+03
1.775096179413902746e+03
1.775831882704366080e+03
1.781146706475135716e+03
1.784354154153911850e+03
1.785953261305984597e+03
1.796846410026043714e+03
1.804087509078825860e+03
1.813066615904919900e+03
1.818148705301442078e+03
1.822197923411737747e+03
1.825045469480838847e+03
1.829626423302678177e+03
1.835181614815168814e+03
1.835720683892844363e+03
1.836113218981807222e+03
1.840514505333409261e+03
1.840882840314136274e+03
1.840971607377817236e+03
1.841597310176299061e+03
1.841770310950052135e+03
1.843594985777652482e+03
1.844169621681068975e+03
1.845501927639862515e+03
1.847440369642957876e+03
1.847742437660636369e+03
1.847885304966282774e+03
1.848848775942113434e+03
1.850820151425838731e+03
1.853863131702360761e+03
1.854764735734822125e+03
1.855285271396272719e+03
1.857204713314389664e+03
1.860749429168278084e+03
1.861849900756849593e+03
1.864018510456046442e+03
1.864313945110723353e+03
1.865614850929078557e+03
1.870758773935487397e+03
1.875278127481816682e+03
1.876220031694522277e+03
1.877164969254127982e+03
1.880194882805541965e+03
1.880233382977735573e+03
1.880561017776429253e+03
1.888498186609079085e+03
1.889714758716914957e+03
1.889836092592918931e+03
1.890477328794207779e+03
1.891665634108952418e+03
1.892580504867416494e+03
1.896129187405712855e+03
1.899997238039062950e+03
1.901619645295346572e+03
1.903048551686189512e+03
1.905843864188340604e+03
1.906131932143403219e+03
1.906216865856606091e+03
1.907500971599822378e+03
1.915027305261661468e+03
1.918567521095423444e+03
1.921235133026428230e+03
1.924224213061879254e+03
1.928641066149770950e+03
1.933495454527890843e+03
1.937881640811957368e+03
1.940087017342262243e+03
1.944954072443701079e+03
1.947846385379690446e+03
1.949244191631436934e+03
1.950831665398145788e+03
1.951627768958752085e+03
1.952916041387270525e+03
1.955878987972505229e+03
1.958098697900249817e+03
1.960773809864798977e+03
1.961261312045172645e+03
1.963179787292299352e+03
1.963532888871560772e+03
1.965403230570074811e+03
1.967024204486614508e+03
1.972326228200135120e+03
1.976374146304616715e+03
1.977156283136089542e+03
1.977254716909671970e+03
1.977502218016630877e+03
1.978179754380273835e+03
1.980153729875627732e+03
1.981934537840365010e+03
1.986906326743563568e+03
1.992265050710678452e+03
1.993816557649857714e+03
1.998462478428930808e+03
1.999824617854489134e+03
2.001927493926356192e+03
2.002350295817355118e+03
2.003077632403731513e+03
2.004206804120665538e+03
2.012841242738549909e+03
2.013398178562801832e+03
2.013764513534583557e+03
2.014837051664888122e+03
2.017207162265305897e+03
2.019345238494607202e+03
2.019617139710696620e+03
2.023424056737290812e+03
2.027927810213848261e+03
2.028022477303917412e+03
2.028421179087127484e+03
2.032099495538550400e+03
2.036484281816355178e+03
2.040695400650758756e+03
2.041237503075334416e+03
2.042743343143599759e+03
2.042902343854736955e+03
2.043080511318265053e+03
2.044362883720395530e+03
2.044883552715775750e+03
2.049896808471103213e+03
2.052372819545165385e+03
2.052726054458356430e+03
2.053075822689375855e+03
2.055582500567263196e+03
2.058980149096720652e+03
2.059225650194734499e+03
2.064086671935855520e+03
2.068614625520648588e+03
2.068657059043767731e+03
2.068660125724150475e+03
2.070060931989314213e+03
2.070803901978945305e+03
2.074814853251424211e+03
2.075049354300239884e+03
2.075074154411159725e+03
2.079170706066490311e+03
2.083496992082650195e+03
2.089389118435429282e+03
2.090710691012884126e+03
2.097840956236624152e+03
2.103309814029650624e+03
2.112373321233229035e+03
2.118874616977210280e+03
2.120351990251489951e+03
2.121633462649595003e+03
2.122514566590369213e+03
2.123615904849483286e+03
2.126152316193687966e+03
2.127700923119896743e+03
2.128165658531778263e+03
2.131463973283627638e+03
2.135142556402910031e+03
2.135391190848270980e+03
2.138261937021135964e+03
2.138927806665931712e+03
2.153362104557260409e+03
2.155948816126435304e+03
2.157310055547968204e+03
2.158136825912399672e+03
2.159533298824849680e+03
2.161974276408889637e+03
2.163177081788486248e+03
2.166794131299223864e+03
2.171271151322880996e+03
2.172815824898164465e+03
2.174793533743549233e+03
2.177488745797996671e+03
2.177534612669805028e+03
2.179224153559679962e+03
2.181833531896899331e+03
2.183569906329572405e+03
2.183799574023437344e+03
2.186690720287542263e+03
2.191684442622172355e+03
2.193630451325776903e+03
2.195402992586874461e+03
2.196980366308410339e+03
2.197110900225562091e+03
2.197203500639721369e+03
2.198835174604117583e+03
2.200963117454763506e+03
2.204057564628139517e+03
2.205500904416870526e+03
2.207522246790741065e+03
2.217079456202422989e+03
2.222238812611191406e+03
2.228510907330061855e+03
2.231218286105592142e+03
2.234802535469629220e+03
2.235460371745162774e+03
2.238547385551959906e+03
2.244506178869576615e+03
2.244850447075996726e+03
2.246218319860531210e+03
2.249862202824615451e+03
2.250445872101767236e+03
2.251605143953325296e+03
2.251829978292239502e+03
2.251959878873225534e+03
2.253331618341720514e+03
2.254832525054587677e+03
2.255260126967054930e+03
2.258117639747399153e+03
2.259914447783697597e+03
2.267062413086602191e+03
2.270238160623597651e+03
2.270482095047937946e+03
2.270535228618913607e+03
2.270759096286837575e+03
2.270965497209973819e+03
2.272242602921882280e+03
2.274360212392978610e+03
2.282646082785210638e+03
2.292522726958910880e+03
2.295307939415888995e+03
2.296602678539996305e+03
2.297949217895783022e+03
2.301378266565678587e+03
2.302950073595650792e+03
2.304209379227947466e+03
2.307663161341797604e+03
2.307876828964101605e+03
2.308223130512949410e+03
2.311525545283136580e+03
2.312321915511601674e+03
2.313024718654918161e+03
2.313439220508795188e+03
2.313828988918717187e+03
2.315728430747382390e+03
2.324881205016878084e+03
2.325279140129992356e+03
2.326678513055413077e+03
2.333379409692117406e+03
2.333547677111366738e+03
2.334296980462657302e+03
2.335160217656854911e+03
2.336342789612623619e+03
2.341900014467541951e+03
2.343330687532953107e+03
2.343492354922684171e+03
2.344903294566503064e+03
2.349466448308730833e+03
2.349891183541710234e+03
2.354002501929751816e+03
2.354034268738496849e+03
2.354543971018161301e+03
2.355627809199006151e+03
2.357974919696554934e+03
2.358748389822598710e+03
2.361173000666771259e+03
2.361976404260027266e+03
2.362969142033421122e+03
2.365251818909454869e+03
2.366886292886374122e+03
2.368135831808322109e+03
2.370726343394492233e+03
2.371417879820751295e+03
2.372888519731582619e+03
2.375336064011658891e+03
2.376089867383075671e+03
2.376332568468566478e+03
2.377403706592609524e+03
2.378020109349496124e+03
2.378126943160648352e+03
2.381659992295690699e+03
2.382108194300292325e+03
2.384919906875793458e+03
2.385496042785918235e+03
2.388209788256590855e+03
2.390026829716717202e+03
2.390618699030544121e+03
2.392147239200336571e+03
2.392415073731570828e+03
2.396322591208104768e+03
2.398142699348613860e+03
2.399724706424206033e+03
2.400445742982405591e+03
2.404018158960183882e+03
2.404227193228431588e+03
2.408167210850323499e+03
2.413301833815137343e+03
2.415087475134825581e+03
2.416428281131636140e+03
2.416770915997418342e+03
2.419090459705007106e+03
2.419712695821316629e+03
2.420066164068884973e+03
2.421038535084521300e+03
2.421146068898804060e+03
2.421884838869650139e+03
2.421955539185859834e+03
2.422182006865412859e+03
2.422468574813766736e+03
2.422685842452171983e+03
2.423714080384342196e+03
2.423855247682385198e+03
2.424235849384642279e+03
2.424600417681855561e+03
2.426571659831651232e+03
2.427688831494914666e+03
2.428194267088829292e+03
2.428803936482267545e+03
2.431356147897138726e+03
2.431485315141511364e+03
2.432718787324933601e+03
2.435112664698315712e+03
2.442317430255261570e+03
2.444899875138687094e+03
2.445946246485292704e+03
2.447652987452095658e+03
2.449306394847028969e+03
2.451366537394435454e+03
2.452184007717271470e+03
2.454379617537227659e+03
2.455601623002697579e+03
2.456101091903259658e+03
2.457906233310162861e+03
2.459265406055785661e+03
2.459483040362497377e+03
2.461726317062312319e+03
2.462525053968029169e+03
2.462693621388620613e+03
2.462896288961726441e+03
2.464044227429262264e+03
2.464384128949486239e+03
2.465733468317795541e+03
2.466994707292072690e+03
2.468332646609394942e+03
2.469405518074524025e+03
2.469644285809088615e+03
2.475911813840867580e+03
2.484928754169507101e+03
2.485565757018528529e+03
2.485870091713011334e+03
2.485962692127171067e+03
2.487723433335491791e+03
2.490179877655374185e+03
2.496252604815898394e+03
2.498038879471752352e+03
2.498463514704284535e+03
2.499189884619670920e+03
2.501071593035689602e+03
2.501412294559490874e+03
2.505153577959202721e+03
2.505729713869327952e+03
2.506245682843687064e+03
2.506553150885517425e+03
2.508594693349733916e+03
2.509994766278284715e+03
2.510932603806135376e+03
2.512132975841515417e+03
2.514938288388392266e+03
2.518728138671987836e+03
2.519185374050325663e+03
2.520393879455416027e+03
2.520592880345455342e+03
2.523225525453403407e+03
2.525736970019276669e+03
2.527373344004693536e+03
2.531335361724981794e+03
2.531962931198479509e+03
2.532580200625909129e+03
2.535875915366129902e+03
2.535973482469169539e+03
2.537028053852450284e+03
2.538086125251385511e+03
2.538647094427009506e+03
2.539036862836931959e+03
2.542074109754477831e+03
2.542757112809237242e+03
2.549105141201057450e+03
2.549247808505809189e+03
2.551844520119709614e+03
2.552320655582578638e+03
2.562495867758303575e+03
2.563194270881940156e+03
2.573620784181619456e+03
2.574533988265962762e+03
2.579991379341036918e+03
2.583893463459936811e+03
2.583932730302225991e+03
2.585416703606024839e+03
2.588226916174816779e+03
2.594621678108988363e+03
2.594787112182232249e+03
2.594859479172563169e+03
2.595456348508752853e+03
2.597604424782779461e+03
2.598522795556897108e+03
2.600921772953090112e+03
2.604585722673590226e+03
2.613979098019183766e+03
2.614402199911524804e+03
2.619948358050280149e+03
2.621117996614870208e+03
2.623270272907682283e+03
2.627258390744704229e+03
2.632313180019125411e+03
2.637649837220879363e+03
2.638538507862162533e+03
2.640533016782685991e+03
2.640677984097725130e+03
2.642048256892993777e+03
2.643024227924730894e+03
2.648015650249074497e+03
2.651902734300885641e+03
2.653729442470913455e+03
2.657830827481194319e+03
2.664733191685637848e+03
2.669720013989407107e+03
2.671715922916192540e+03
2.674785003309448257e+03
2.677719416433732476e+03
2.678486753199011218e+03
2.681225198780156006e+03
2.681566300305747063e+03
2.683904277429112881e+03
2.685365250630043192e+03
2.685850219465752616e+03
2.687645027493106227e+03
2.688339063930546217e+03
2.691600945186111858e+03
2.693804155040059413e+03
2.694940660123125326e+03
2.695778030534966092e+03
2.699569780827059731e+03
