2.400886806959244950e+02
4.836988035856270471e+02
7.654146635714844251e+02
8.622982968875490997e+02
1.038088983118677561e+03
1.045743217352557394e+03
1.045768284131336259e+03
1.045784350869862010e+03
1.133333675771178832e+03
1.147341071753171036e+03
1.147524672574333408e+03
1.152026992711146704e+03
1.161674969195454651e+03
1.161731036112882975e+03
1.162797707550281984e+03
1.163694511561275021e+03
1.163734245072318117e+03
1.163883179071764971e+03
1.172402683842269653e+03
1.176161533987215989e+03
1.176191734122287244e+03
1.176201200831294273e+03
1.176305834632606548e+03
1.176335501431959301e+03
1.176480235412621369e+03
1.176707436428787332e+03
1.176818770260065776e+03
1.181410390796278989e+03
1.183876201824720738e+03
1.183976835608143119e+03
1.184091936122934840e+03
1.186092745071635818e+03
1.186200345552883391e+03
1.193013142690067752e+03
1.193047976179195075e+03
1.193056176215869982e+03
1.193068242936505612e+03
1.194997118230146953e+03
1.198094965418730226e+03
1.198281999588581812e+03
1.198419800204900639e+03
1.198610234389958805e+03
1.199853206615870249e+03
1.204931295994502079e+03
1.205060163237532834e+03
1.205139663593101432e+03
1.205152096982043759e+03
1.205160030350859188e+03
1.205167663718333188e+03
1.209865251395155383e+03
1.210355653588499536e+03
1.218031587919433832e+03
1.218164188512495457e+03
1.218221488768773270e+03
1.219190693103579861e+03
1.229375705323135890e+03
1.232143917704080422e+03
1.232243784817406777e+03
1.233277522774175850e+03
1.236159902332404727e+03
1.240869190061555855e+03
1.241222858310018410e+03
1.241222891643500816e+03
1.242757665174505519e+03
1.250718834114496985e+03
1.254690818546028595e+03
1.258865737218525283e+03
1.261448082101503360e+03
1.261513482394008633e+03
1.264227061197268995e+03
1.268737081368521103e+03
1.271657461096707038e+03
1.273432335701573948e+03
1.279362995560029276e+03
1.279476129399358342e+03
1.288104801324784603e+03
1.289890709312331865e+03
1.290403544939343874e+03
1.290413211649245341e+03
1.290585779087726905e+03
1.290825946828553924e+03
1.290929647292358595e+03
1.290985980877646170e+03
1.292257219896648621e+03
1.300747224535212808e+03
1.300760157926391230e+03
1.300804724792385059e+03
1.300978625570163558e+03
1.304914276505858652e+03
1.305050177113679865e+03
1.305626446357734721e+03
1.306715317894424288e+03
1.306836018434262542e+03
1.306871351925626186e+03
1.306938718893594569e+03
1.306987685779267622e+03
1.309185362275133457e+03
1.310047966133164891e+03
1.310665702229348653e+03
1.323566526595486948e+03
1.323772694184246575e+03
1.330703858517499611e+03
1.331172593947271480e+03
1.332090398052188448e+03
1.332164565050570218e+03
1.334207507521048456e+03
1.350715248019268529e+03
1.351661652252100566e+03
1.352381155470108524e+03
1.352687023504782474e+03
1.352724957007775174e+03
1.352736323725280045e+03
1.352872324333548249e+03
1.360466958300863325e+03
1.360486425054596111e+03
1.360557258704735659e+03
1.360583525488881605e+03
1.360590992188943574e+03
1.361361062299780542e+03
1.361633296850694251e+03
1.362379033519365748e+03
1.362665101465483076e+03
1.362739201796899806e+03
1.362785702004874111e+03
1.362977369528781765e+03
1.363105036766445210e+03
1.364485676274746083e+03
1.369266597657614966e+03
1.369472531911997976e+03
1.369557465625200848e+03
1.371159439456761675e+03
1.371611908147113354e+03
1.371642074948702202e+03
1.371749742096914815e+03
1.375013290026601453e+03
1.375329158106001387e+03
1.379199375415708573e+03
1.380479081139245409e+03
1.381095783897474121e+03
1.384850734024977555e+03
1.388237882507472705e+03
1.393623139926593012e+03
1.394072008600843446e+03
1.394126408844150774e+03
1.394137475560313760e+03
1.394157442316282641e+03
1.394162042336856302e+03
1.394167175693148920e+03
1.394173775722667642e+03
1.394180942421387726e+03
1.394187042448670582e+03
1.395958283703953612e+03
1.402257278543135726e+03
1.403993019639643080e+03
1.404008019706731375e+03
1.404036686501611484e+03
1.404071519990739034e+03
1.404106386813348990e+03
1.404148153666819780e+03
1.406100529065566207e+03
1.407528535452383949e+03
1.407548468874870423e+03
1.407556635578062924e+03
1.415921006321390905e+03
1.418294950272287224e+03
1.421371064030333400e+03
1.422545735950768858e+03
1.425485649099652392e+03
1.425599082940323115e+03
1.425679683300811575e+03
1.425922884388538478e+03
1.426190018916641975e+03
1.426696021179758191e+03
1.426706021224483948e+03
1.426713954593299604e+03
1.426846988521632511e+03
1.426924255533879204e+03
1.428167494427649899e+03
1.430391037705872805e+03
1.442386458022553597e+03
1.454263044474412027e+03
1.457301191395983551e+03
1.465462394563969383e+03
1.470559784028921968e+03
1.471372754331631768e+03
1.473907832336539968e+03
1.474013466142324887e+03
1.474321767521215634e+03
1.477157580204505166e+03
1.478710853818252644e+03
1.484195678349357422e+03
1.484218445117849569e+03
1.484223945142448656e+03
1.485173749390487274e+03
1.485798385517531642e+03
1.486133887018076166e+03
1.487569826773709337e+03
1.487636860406853657e+03
1.488557097855986967e+03
1.489057433427092064e+03
1.490426872885299872e+03
1.492148413918296910e+03
1.495681996389057531e+03
1.496517900127671510e+03
1.496896701821877741e+03
1.496969968816234314e+03
1.498078173772726814e+03
1.498223174421248359e+03
1.498310741479562239e+03
1.499278512474624904e+03
1.499288512519350434e+03
1.501305521540506788e+03
1.511503333817311614e+03
1.511713101422172485e+03
1.511777501710205343e+03
1.511822468577988047e+03
1.511877735491838394e+03
1.511995636019153380e+03
1.512191270227468976e+03
1.513106407653792303e+03
1.513130107759791827e+03
1.513271075056940845e+03
1.515497451681168968e+03
1.515586318745297376e+03
1.515643852335952033e+03
1.515746452794836841e+03
1.522269748637214661e+03
1.522387282496222952e+03
1.523650421478997714e+03
1.523664621542508030e+03
1.523675721592153423e+03
1.523688554982884853e+03
1.523698788361987454e+03
1.523821155575946250e+03
1.523887589206406801e+03
1.526516100962534665e+03
1.526630634808125478e+03
1.526713401844971031e+03
1.528968611931491523e+03
1.529230679770267443e+03
1.529387147136741078e+03
1.529541314492927540e+03
1.529798215641928437e+03
1.529890282720369214e+03
1.536577479295799549e+03
1.536972447728978977e+03
1.540087528327972450e+03
1.540290462568937755e+03
1.548220998038586231e+03
1.552494717152972044e+03
1.553251153869500058e+03
1.553712422599209958e+03
1.553814523055858672e+03
1.559158080288473229e+03
1.559267880779560301e+03
1.559315714326831085e+03
1.559337781092192472e+03
1.559346114462797232e+03
1.559533448633990247e+03
1.559572848810209052e+03
1.559644215796067783e+03
1.560281651980360721e+03
1.561084588904862812e+03
1.561189522707516971e+03
1.561214456152366211e+03
1.561243222947693312e+03
1.561275356424745041e+03
1.561357890127213750e+03
1.562046426540054881e+03
1.563925534944444962e+03
1.563973268491268527e+03
1.564073268938524734e+03
1.566684113948970435e+03
1.567486817539095682e+03
1.571112333754367000e+03
1.582895219787146516e+03
1.582966986774794123e+03
1.583047453801352731e+03
1.583208121186610924e+03
1.583310388310671669e+03
1.583369088573211002e+03
1.583432488856771442e+03
1.583479522400464248e+03
1.583547356037186091e+03
1.584273959286949321e+03
1.584540327144957246e+03
1.584568160602776970e+03
1.584639194253811183e+03
1.588021476047873193e+03
1.588496411505375136e+03
1.589239348161523594e+03
1.591607192085136830e+03
1.595695877038616572e+03
1.595909411326990721e+03
1.598923424807290758e+03
1.598952824938784261e+03
1.599023591921958996e+03
1.599250326269371271e+03
1.600141363587905971e+03
1.600215463919322701e+03
1.600222930619384442e+03
1.600299364294570523e+03
1.600404431431154308e+03
1.603243077460449740e+03
1.604738817483542334e+03
1.604796417741162031e+03
1.605131185905092934e+03
1.605189419498878351e+03
1.605474187439181378e+03
1.606400624916044990e+03
1.607173595039852444e+03
1.607893231591790027e+03
1.608285733347270479e+03
1.608343066937030471e+03
1.608824135755297448e+03
1.612598052634297346e+03
1.613074588098955019e+03
1.613404256240076393e+03
1.617561974835645060e+03
1.622782598185099005e+03
1.622809664972823157e+03
1.622872565254147275e+03
1.622919365463463237e+03
1.622979965734500411e+03
1.622987899103316067e+03
1.623000032490916510e+03
1.623008999197686990e+03
1.623018532573658831e+03
1.626182413390913553e+03
1.626393281000694287e+03
1.626467814667382754e+03
1.632699342538149040e+03
1.632733209356286579e+03
1.632745242743439803e+03
1.640283909793774001e+03
1.640345510069283591e+03
1.640413510373417921e+03
1.640433843797693271e+03
1.640523010863163336e+03
1.640539644270890449e+03
1.646211202970504928e+03
1.649257349927856922e+03
1.649355950368851154e+03
1.652711932045285039e+03
1.652746798867894995e+03
1.652761098931852757e+03
1.652875532776996124e+03
1.652917766299220602e+03
1.652945999758829203e+03
1.652953266457996506e+03
1.653102233790925766e+03
1.661118469643872913e+03
1.662151274263134155e+03
1.662333175076693124e+03
1.662351908493812516e+03
1.666313859547135962e+03
1.679866720162866613e+03
1.679905487002919699e+03
1.679988654041554355e+03
1.680103254554109981e+03
1.680242221842313711e+03
1.680251188549084418e+03
1.680379322455501779e+03
1.680461989491900113e+03
1.684797475549207775e+03
1.684833875712009331e+03
1.692452876454972511e+03
1.697853333942075551e+03
1.699707342234204589e+03
1.710544490703800193e+03
1.720596368994575414e+03
1.720687969404262276e+03
1.720696236107901996e+03
1.720847536784600607e+03
1.720894170326504309e+03
1.720964937309679271e+03
1.721089071198206511e+03
1.724989721977362251e+03
1.725114455868573032e+03
1.725172256127087167e+03
1.725193356221458089e+03
1.725290089987437113e+03
1.737633545194051976e+03
1.737658478638901215e+03
1.737670012023818117e+03
1.737681745409629684e+03
1.737723378929170622e+03
1.737761579100022345e+03
1.737783212530111996e+03
1.737893779691295094e+03
1.737960846657921593e+03
1.738035846993363748e+03
1.738076113840125572e+03
1.739000817975903146e+03
1.739104485106225184e+03
1.739126785205963188e+03
1.739676854332836911e+03
1.742526167076506226e+03
1.835908418065826709e+03
1.914407202488225948e+03
1.952593673278799088e+03
1.952758140681052964e+03
1.952978474999840728e+03
1.953075675434573668e+03
1.995009629652588274e+03
2.136552329374844703e+03
2.136605762947162020e+03
2.138273037070780902e+03
2.313321386648444786e+03
2.313568454420132184e+03
2.314252424145881832e+03
2.314257890836998740e+03
2.315452662847332704e+03
2.315485062992243456e+03
2.315494463034285673e+03
2.315513363118816869e+03
2.315532329870312878e+03
2.315555363306664276e+03
2.321097154759223031e+03
2.321154788350324907e+03
2.341513612739344353e+03
2.394619383590438247e+03
2.394632016980274784e+03
2.552345555693945698e+03
2.552353122394454658e+03
2.552360122425762256e+03
2.578208538033872173e+03
2.580787682902538108e+03
2.580821983055946930e+03
2.580954850316868033e+03
2.583351494369291231e+03
2.584313298671000666e+03
2.641551988006743613e+03
