5.180296725109829303e+00
9.093814228479029538e+00
4.161362634135291216e+01
4.192676107519431383e+01
4.526330933137798240e+01
4.597137916491632126e+01
6.297178853328500736e+01
7.363000286925694127e+01
7.814705640529938080e+01
7.830962379905545845e+01
8.121473679229370646e+01
8.987717553540991844e+01
9.183431762214235050e+01
9.523016614354889953e+01
9.540686693385050887e+01
9.559390110370190996e+01
9.797314507830250818e+01
1.022142973803652666e+02
1.022785643344685553e+02
1.023909981706668617e+02
1.055211121702314330e+02
1.058448469514819976e+02
1.058611136909023287e+02
1.094164295922000179e+02
1.157100577407127133e+02
1.278496453688547376e+02
1.284423480197419281e+02
1.361355157610867650e+02
1.428905459732393126e+02
1.448018878551283990e+02
1.449023549711384078e+02
1.450768557516003625e+02
1.453336569001541534e+02
1.478302347328686324e+02
1.479096350879900115e+02
1.526619896764261739e+02
1.715594075292439129e+02
1.743602200559939774e+02
1.757676930176418182e+02
1.794164093366767361e+02
1.803219467200635222e+02
1.827489575749701487e+02
1.828889582011287587e+02
1.830114920824999558e+02
1.831526593805432128e+02
1.853129357091352745e+02
1.917183310241979086e+02
1.927504023068461549e+02
1.965535193164445786e+02
2.015371082724193457e+02
2.015931085228828010e+02
2.056192931968272433e+02
2.057246936682352327e+02
2.140756310181485560e+02
2.204462595110484813e+02
2.207765609883355182e+02
2.207888610433480210e+02
2.264449196736379690e+02
2.284387285910309515e+02
2.290231312047958454e+02
2.291373317155623681e+02
2.291599984836071258e+02
2.364402310447489128e+02
2.379258043557037752e+02
2.469098778706781729e+02
2.476743812899514126e+02
2.568332555867295355e+02
2.572971576615507843e+02
2.576229257852288583e+02
2.699826477312641373e+02
2.734211631101666171e+02
2.832500404035609449e+02
2.833965077253087657e+02
2.858324852869860138e+02
2.862465204721088980e+02
2.863288208402006489e+02
2.880585619098726511e+02
2.880626952616925678e+02
2.913732434015896047e+02
3.037361653619370827e+02
3.059512419356254895e+02
3.140150113345015939e+02
3.149616489017106460e+02
3.282041414626407345e+02
3.330106296265248602e+02
3.331032300406840250e+02
3.331475302388185469e+02
3.713363677066432160e+02
3.714398015025885229e+02
3.762434896539494389e+02
3.818360146667493495e+02
3.930706315807056512e+02
3.955945095355210697e+02
3.961774788095420377e+02
3.961885455257049671e+02
3.974863179967128417e+02
4.002991972440984796e+02
4.062611905760273885e+02
4.080936987719962303e+02
4.081378989696834196e+02
4.138199577162599212e+02
4.138358577873736976e+02
4.290835926501663380e+02
4.294182274801678432e+02
4.295502280705459270e+02
4.327241089325262351e+02
4.371490620566457892e+02
4.392003378977286729e+02
4.405657440045640669e+02
4.405796107332502629e+02
4.546901738433284663e+02
4.672841301703199974e+02
4.673521638079366198e+02
4.677565322831580374e+02
4.706409118503318609e+02
4.713850151783648244e+02
4.716169828825166519e+02
4.735349914608894437e+02
4.792848171772232604e+02
4.812657593704026340e+02
4.814126933609043135e+02
4.821427966263214557e+02
4.842015058339836742e+02
4.848490420634496445e+02
4.932313795538013892e+02
4.949546539278841237e+02
5.090588836763027984e+02
5.091114172445946906e+02
5.177643226117390896e+02
5.180470905430970561e+02
5.203764009610345056e+02
5.256055243485054689e+02
5.311139823186452986e+02
5.312862497557853203e+02
5.325868889062810467e+02
5.404120239045215612e+02
5.406244915214585944e+02
5.408613259140435048e+02
5.429114350832417131e+02
5.478315904221736901e+02
5.513643728893563321e+02
5.559862268941232060e+02
5.581003030160829894e+02
5.710019273857992630e+02
5.744226093516076617e+02
5.822575110601969754e+02
6.023708343512021202e+02
6.030817375307460679e+02
6.093419655298752104e+02
6.098364010745920041e+02
6.098397677563162915e+02
6.100295019382435839e+02
6.131030490181435653e+02
6.206654828414422127e+02
6.208949172009301947e+02
6.259528398226987065e+02
6.301090250780761153e+02
6.338087416252117237e+02
6.338352084102522213e+02
6.353236484006951059e+02
6.393141329149690364e+02
6.399083022390827864e+02
6.403614375990827057e+02
6.406192720855914331e+02
6.483244398806069739e+02
6.490250763475660278e+02
6.521243902093756333e+02
6.582991844930656953e+02
6.583563847488961756e+02
6.645596791600540882e+02
6.665478547189183018e+02
6.666180883663746499e+02
6.794953126269604127e+02
6.801518155631970330e+02
6.803042162448152794e+02
6.875909155015463057e+02
6.878289498994984115e+02
7.011216760184333907e+02
7.106789187635977214e+02
7.145014691934461553e+02
7.184615202382719872e+02
7.186885879205080983e+02
7.214505336067579719e+02
7.247500150304921362e+02
7.282331972758356642e+02
7.283204976662902936e+02
7.298997380628418341e+02
7.300837388857930819e+02
7.301058389846367618e+02
7.301835393321547372e+02
7.307221417410762569e+02
7.308010420939614278e+02
7.350142276042748790e+02
7.350247276512367307e+02
7.353754625532465070e+02
7.412374554379191522e+02
7.551186508554742431e+02
7.565403238806323998e+02
7.584600658000910016e+02
7.623542498836574168e+02
7.624434836160922941e+02
7.624980505268117668e+02
7.641705580071708255e+02
7.648285609501160707e+02
7.648369276542032367e+02
7.678213743355979659e+02
7.701139179224276177e+02
7.754423084205415080e+02
7.861289562170165937e+02
7.924929846803976261e+02
7.925777517261884668e+02
7.926185852421513118e+02
7.928120194406271821e+02
7.959004999206507591e+02
7.985558784636079963e+02
8.013877244624899276e+02
8.035855676257677942e+02
8.066324479197328401e+02
8.066849814880248459e+02
8.077617196371140835e+02
8.080588542993945111e+02
8.140939479582676768e+02
8.144462828674335242e+02
8.196470727948485546e+02
8.249953633819665129e+02
8.287867470057535684e+02
8.317881270962170674e+02
8.320072614096376356e+02
8.334282677651475524e+02
8.334337011227818266e+02
8.381008553301556958e+02
8.454015546495024864e+02
8.664331820476609209e+02
8.681195562567062325e+02
8.727381435801960379e+02
8.739123154983952872e+02
8.756781233960441568e+02
8.836567257473404879e+02
8.864989384592546457e+02
8.871236412532637132e+02
8.871558747307626618e+02
8.881753126235742002e+02
8.927738665241304261e+02
8.975287211237479141e+02
8.976026547877526127e+02
8.978176890828358410e+02
9.094796745748825515e+02
9.147074312895742878e+02
9.236582713225773205e+02
9.238913390316489540e+02
9.239458059419210940e+02
9.242998741921726378e+02
9.286222601908899605e+02
9.346270870477268318e+02
9.349013549410680071e+02
9.349545551790083664e+02
9.349754219390024446e+02
9.351656894566483516e+02
9.369130972720023465e+02
9.503707574619451179e+02
9.503710574632868884e+02
9.660169941070535060e+02
9.775256789134565452e+02
9.797424888282307620e+02
9.826502018330976398e+02
9.829305364202390365e+02
9.862902181132212718e+02
9.888671296385649612e+02
9.919116099217957299e+02
9.924213455349427022e+02
9.971154331961109847e+02
1.003564862041448691e+03
1.012313234502240334e+03
1.012350434668619755e+03
1.015656916123661745e+03
1.036788077300322357e+03
1.037940582454949435e+03
1.043247506190385593e+03
1.045902884733343171e+03
1.051429476117918739e+03
1.054995658734484778e+03
1.055222859750650741e+03
1.055677728451736584e+03
1.057375702712663497e+03
1.057932171868161504e+03
1.058277940081290808e+03
1.062715859930071247e+03
1.068402618697668686e+03
1.068799420472381371e+03
1.068844954009365210e+03
1.071000996985690108e+03
1.071102430772690241e+03
1.071478365787408393e+03
1.072619037555776686e+03
1.073573608491801679e+03
1.075628584349432913e+03
1.076165953419505058e+03
1.078758831682927166e+03
1.085938163792787464e+03
1.085999830735262094e+03
1.092863528100099757e+03
1.102928873117772355e+03
1.105595485044304723e+03
1.116521833912852799e+03
1.123410664723433911e+03
1.139014801180247787e+03
1.140418774126241487e+03
1.141158710768972014e+03
1.145437963241439320e+03
1.155496808230040415e+03
1.159543759663531773e+03
1.172632484870064445e+03
1.176926470741760795e+03
1.176980204315419769e+03
1.180543453585533143e+03
1.180558853654410541e+03
1.182791896975122427e+03
1.192041071675773082e+03
1.192266906019159705e+03
1.192648641059818829e+03
1.196138456668163826e+03
1.196209023650444124e+03
1.196387157780489815e+03
1.196402324514990369e+03
1.196543091811244722e+03
1.197091094262208344e+03
1.203414489210520969e+03
1.205882633582732296e+03
1.206651203686860526e+03
1.209397649303785556e+03
1.209981918583620882e+03
1.213069865727925617e+03
1.213315166825045026e+03
1.221332102681122933e+03
1.223516979119739972e+03
1.223904347518927807e+03
1.226277191464904035e+03
1.230713844641352580e+03
1.231001179259802029e+03
1.232546352837321365e+03
1.238619179998292566e+03
1.238651646810168359e+03
1.242501664029530048e+03
1.253902315019413891e+03
1.256157658439864008e+03
1.259791441358775273e+03
1.259838308235056274e+03
1.260619411728573823e+03
1.260869646181091184e+03
1.262292652545546161e+03
1.266901373158240176e+03
1.270506655949683591e+03
1.271816561808291681e+03
1.272045962834297143e+03
1.272382264338419645e+03
1.273407768925031405e+03
1.273603469800311814e+03
1.275066509677151544e+03
1.276204614767373641e+03
1.276265415039305481e+03
1.283286913109913257e+03
1.286318893337237114e+03
1.286794195463045526e+03
1.287200063944975682e+03
1.287458031765414262e+03
1.287645399270089683e+03
1.287676532742668769e+03
1.287715732917993137e+03
1.289830175708259503e+03
1.291066314570275154e+03
1.291636450453564976e+03
1.292027285534924431e+03
1.292060485683413390e+03
1.292326620207044243e+03
1.292336153583016085e+03
1.294733730972947114e+03
1.296543505733906386e+03
1.296607739354527212e+03
1.296682339688180264e+03
1.296859940482507227e+03
1.298052779150860715e+03
1.298092812663245695e+03
1.298310013634686129e+03
1.299338918236504696e+03
1.299473285504134537e+03
1.299934187565537968e+03
1.301426727574318420e+03
1.302859867317428552e+03
1.302881000745282108e+03
1.303858838452035116e+03
1.304916609849628003e+03
1.305636713070319502e+03
1.307217553474027227e+03
1.307740722480588829e+03
1.307871156397293134e+03
1.307916856601689460e+03
1.308069390617237332e+03
1.310474068038923406e+03
1.315827591982781087e+03
1.316492928291858789e+03
1.316974063777090350e+03
1.316978197128910324e+03
1.317621700007003710e+03
1.317631966719588718e+03
1.317767367325173382e+03
1.317907934620533069e+03
1.318385036754392331e+03
1.319574075405750136e+03
1.321125782345823836e+03
1.321671551453465327e+03
1.323866427936808122e+03
1.325666402653936302e+03
1.327325543407845316e+03
1.327362443572882739e+03
1.327550077745417866e+03
1.327802345540362694e+03
1.327967379611817705e+03
1.329280918820009447e+03
1.329455519600918706e+03
1.329500153133877575e+03
1.329926755041871957e+03
1.330057022291164458e+03
1.330620191476628634e+03
1.330927659518458768e+03
1.331033526658620758e+03
1.331034193328269112e+03
1.331271361055678199e+03
1.331383828225359139e+03
1.331769429949978530e+03
1.332043197841083611e+03
1.352027853889952667e+03
1.352115054279959850e+03
1.358773317392650824e+03
1.358883517885527226e+03
1.359066752038382901e+03
1.359429820328887445e+03
1.360240357287380903e+03
1.360865093414872490e+03
1.361281228609387881e+03
1.362643234701016581e+03
1.364192741631250328e+03
1.364275175333272045e+03
1.364487076281007830e+03
1.365262479749031854e+03
1.365705781731718389e+03
1.371151972756699934e+03
1.374482587653013070e+03
1.376077361452371861e+03
1.376845164886404291e+03
1.378285671329128945e+03
1.378403638523408972e+03
1.378469005482432067e+03
1.379572477084421052e+03
1.379761511263217699e+03
1.380010279042508500e+03
1.380127679567587393e+03
1.380178513128275654e+03
1.394583377554628896e+03
1.395220147069273480e+03
1.395631082240531441e+03
1.396564786416562129e+03
1.397124255585477840e+03
1.398977263873134234e+03
1.400639771308767422e+03
1.401754909629603389e+03
1.401775043052984074e+03
1.401971177263535765e+03
1.405583060084498129e+03
1.405606960191392318e+03
1.405966695133655094e+03
1.407251767547861618e+03
1.408228638583624388e+03
1.408614240308243780e+03
1.408704840713457997e+03
1.409225443041873405e+03
1.417068111451866343e+03
1.418885852915123678e+03
1.419220321077713152e+03
1.422453768872775754e+03
1.422500202413784791e+03
1.423114938496550621e+03
1.423406773135126741e+03
1.427118856404239523e+03
1.427557958368141499e+03
1.429292799460623201e+03
1.437140301225566645e+03
1.440895784688788808e+03
1.448793553345219607e+03
1.452172968459793765e+03
1.453410607328518381e+03
1.453676241849913140e+03
1.461521643605464305e+03
1.470629517674141653e+03
1.470646984418929151e+03
1.470738651495580598e+03
1.470767018289119051e+03
1.473247562716790071e+03
1.473730131541765786e+03
1.476338643208442363e+03
1.478963754949363420e+03
1.483658442613214902e+03
1.486600989107209443e+03
1.492218914233612622e+03
1.495310161392676946e+03
1.498661676382466567e+03
1.499713081084917576e+03
1.499851581704367163e+03
1.509179756758350095e+03
1.509440357923899683e+03
1.517097558837714814e+03
1.523175986023732094e+03
1.524795626600975083e+03
1.525441796157661884e+03
1.527670772793518836e+03
1.529658348349699509e+03
1.530664119514719459e+03
1.540885365229664330e+03
1.541966070063161624e+03
1.544803316086195309e+03
1.544864583026880837e+03
1.546714891302461410e+03
1.553085453128396694e+03
1.555234929408684820e+03
1.555969832695570403e+03
1.558875512358009701e+03
1.558925979250391492e+03
1.559227413931904039e+03
1.559812783216659227e+03
1.560052817623556166e+03
1.560098017825716170e+03
1.562884896956815055e+03
1.564773438736729759e+03
1.566162244948223133e+03
1.566454179587246244e+03
1.566770514335399866e+03
1.567751218721640953e+03
1.568321121270553704e+03
1.568662356130073931e+03
1.569112358142726634e+03
1.569702727449844588e+03
1.574985417743562493e+03
1.575667720795191144e+03
1.583825523947970396e+03
1.586517735989000357e+03
1.588893013279193156e+03
1.589657883366772921e+03
1.599213226103439183e+03
1.606420058336294915e+03
1.606600892478416426e+03
1.606614125870936732e+03
1.606822760137395562e+03
1.606952360717039483e+03
1.608376700420791167e+03
1.608786968922400547e+03
1.610016474421415069e+03
1.610368675996651291e+03
1.610421209564942956e+03
1.610780477838451816e+03
1.611027545610139441e+03
1.611768982259578934e+03
1.611989183244437072e+03
1.612681086339002377e+03
1.618964514441894607e+03
1.623368567472537734e+03
1.624222671292552604e+03
1.632488308260956273e+03
1.632568975288409774e+03
1.632659409026211733e+03
1.632790276278187548e+03
1.632952043668365377e+03
1.633588246513809054e+03
1.634207382616254108e+03
1.636986095044160720e+03
1.638535635307877101e+03
1.638849870046638216e+03
1.640629044670737130e+03
1.641159347042536638e+03
1.642687753878399462e+03
1.644468461842689749e+03
1.645040431067512372e+03
1.645551800021297822e+03
1.656111247248863265e+03
1.657337052731328868e+03
1.657543553654912785e+03
1.657960188851664270e+03
1.665091254078982274e+03
1.672287152929604872e+03
1.676671739206515440e+03
1.683326302302657723e+03
1.684557807810617305e+03
1.706624706505736185e+03
1.713890272334613655e+03
1.719428530438035978e+03
1.721226205144877213e+03
1.737403977500634255e+03
1.743058202789391544e+03
1.753295848577686456e+03
1.754611187793928821e+03
1.758542472043427097e+03
1.764165097190851156e+03
1.767718013081414711e+03
1.773778573520855844e+03
1.775501647894044027e+03
1.782831047341753219e+03
1.786976965884545734e+03
1.792158289058228320e+03
1.793268560690630920e+03
1.793564695348438818e+03
1.800873061368742128e+03
1.805512315451331460e+03
1.807798725677395851e+03
1.808725929824355035e+03
1.809221032038720068e+03
1.809323999165911573e+03
1.809414399570230898e+03
1.809613467127235708e+03
1.822324857312788481e+03
1.847876704927818992e+03
1.863162306626639293e+03
1.868790865133933721e+03
1.871399643468469776e+03
1.872239113889702594e+03
1.888851054853963433e+03
1.899124600802823352e+03
1.899675703267651897e+03
1.902414482183620976e+03
1.905716163617194525e+03
1.911491122779272018e+03
1.911601423272595639e+03
1.912748095067799568e+03
1.914676437025722180e+03
1.917961718385945915e+03
1.918594454549217744e+03
1.919115990215140982e+03
1.921070898958551425e+03
1.922606839161441030e+03
1.926524423349665085e+03
1.932400882965707524e+03
1.932416983037715909e+03
1.932451783193360825e+03
1.932891851828252811e+03
1.938190408859602030e+03
1.938841878439993479e+03
1.941605057465092841e+03
1.941610024153973200e+03
1.943342198567861715e+03
1.949906527927096704e+03
1.952010637337813250e+03
1.952673106967402873e+03
1.954244713996480414e+03
1.954750749593078808e+03
1.954978950613717416e+03
1.955485519546034766e+03
1.957406161469518565e+03
1.969495382205725946e+03
1.971933393109830604e+03
1.980980866908365442e+03
1.983161376660785663e+03
1.986358057624740468e+03
1.988998502767574109e+03
1.994049858693306078e+03
1.994059992071961460e+03
1.994785028648050911e+03
2.006349880372329380e+03
2.018281800405002969e+03
2.018783635982816577e+03
2.022925987842990480e+03
2.022940254573465609e+03
2.026952705852653480e+03
2.029457883723831856e+03
2.033239467303787933e+03
2.033261067400395405e+03
2.033801903152638943e+03
2.035732778455225571e+03
2.037836221196293536e+03
2.044898852784205928e+03
2.045147087227778229e+03
2.064709474721366860e+03
2.066508782768846686e+03
2.068767659538433236e+03
2.077395798128140541e+03
2.079663041601814257e+03
2.080519845433905175e+03
2.085386500533554681e+03
2.085403967278341952e+03
2.096288682627349317e+03
2.096749151353481466e+03
2.101645306585071921e+03
2.106748762743824500e+03
2.109162706873622938e+03
2.112920590347579036e+03
2.119039817716077323e+03
2.121927130629703697e+03
2.122070997939822973e+03
2.122252965420346754e+03
2.123386170488653534e+03
2.125132344965157699e+03
2.125408746201373560e+03
2.126197116394058867e+03
2.126213949802679963e+03
2.127239421055809544e+03
2.127662956283421408e+03
2.129206429853338250e+03
2.134565287154382531e+03
2.138272503735062401e+03
2.138837139593752909e+03
2.140542313886882312e+03
2.140792648339846892e+03
2.141199216824907580e+03
2.142629656555942347e+03
2.143036725043239585e+03
2.161765375474571101e+03
2.168092470439432418e+03
2.179791056095174554e+03
2.187618257769325282e+03
2.192513779664749563e+03
2.193365450140548091e+03
2.209050820294016376e+03
2.212229701178359392e+03
2.221436442355890449e+03
2.222222279203911512e+03
2.228484107210197180e+03
2.228870808939736435e+03
2.240044192246489729e+03
2.240568727925830444e+03
2.244067743575323220e+03
2.248568363704533112e+03
2.254938392194749213e+03
2.256351231847066629e+03
2.257370503072465908e+03
2.272482403994402375e+03
2.282441781871466446e+03
2.288533575783933429e+03
2.293331130574529652e+03
2.298750154811339598e+03
2.299174990044766673e+03
2.301974502565702096e+03
2.302906873402435849e+03
2.302960473642165653e+03
2.309815270967196739e+03
2.310063638744698892e+03
2.314427258261167935e+03
2.314841393446738039e+03
2.317012136488809574e+03
2.322520027789748383e+03
2.323788333462298397e+03
2.323831066986759197e+03
2.325196173092252593e+03
2.325815175860768250e+03
2.327061514768403867e+03
2.327844784938278735e+03
2.337524328230436822e+03
2.337930230045849839e+03
2.343205820307812701e+03
2.345697264784234449e+03
2.345711231513368148e+03
2.368653900792073728e+03
2.381196123554351288e+03
2.382757730538703527e+03
2.382802464072109615e+03
2.383248499400354376e+03
2.384431171356570303e+03
2.391283335336490836e+03
2.392449873887216199e+03
2.394434182762120145e+03
2.404367360522001945e+03
2.405598266027277987e+03
2.414462739007334221e+03
2.446888317365410785e+03
2.452125074120355293e+03
2.454581218438895576e+03
2.460484678175697354e+03
2.469267484123827671e+03
2.481688939679302621e+03
2.488697104356942873e+03
2.489456974422159874e+03
2.497358776429963200e+03
2.498154613322710247e+03
2.505484846107479825e+03
2.506871618976545506e+03
2.519994611003004593e+03
2.564443143134240017e+03
2.565810949251809234e+03
2.565934349803723308e+03
2.578249204882422873e+03
2.578779840589046671e+03
2.579717344782072814e+03
2.581919287963688475e+03
2.582149388992825152e+03
2.582920959110370404e+03
2.586034806370514616e+03
2.623420640246873063e+03
2.651268864799210860e+03
2.669087744494888739e+03
2.691970546839170765e+03
2.700630485571105510e+03
