5.150663725492083245e+01
6.119874726995115566e+01
6.300805536215657554e+01
1.066017836702461778e+02
1.540339958127804607e+02
1.939171408584660128e+02
2.118754211776188754e+02
2.540199763375548514e+02
2.561281524331264450e+02
2.596472348390349794e+02
2.642513554311551616e+02
2.650817924786526305e+02
3.081251183250443546e+02
3.081775852263714341e+02
3.082171187365200353e+02
3.083456859782090191e+02
3.083552526876632101e+02
3.083600527091314802e+02
3.083799194646530850e+02
3.083859528249708433e+02
3.180464626986682219e+02
3.312019215370029883e+02
3.649039722708214413e+02
3.712373339303772468e+02
3.936322340924961622e+02
3.936418674689151658e+02
3.941100695629684765e+02
4.072859618260259253e+02
5.638160952468672349e+02
8.172889289146190777e+02
8.380365550425699439e+02
8.504242437803545727e+02
8.508542123700735829e+02
9.259952817749533551e+02
1.073713042448759097e+03
1.073880109862641575e+03
1.131484000831764433e+03
1.131507700937763957e+03
1.131539434413026811e+03
1.131631301490572696e+03
1.131689001748639384e+03
1.131833702395819046e+03
1.131951269588309970e+03
1.132121870351328880e+03
1.132258670963175291e+03
1.132981674196837048e+03
1.133034574433435637e+03
1.133388176014933379e+03
1.134288980043816764e+03
1.134439080715148293e+03
1.139185668611125948e+03
1.146542401514418771e+03
1.146579801681692516e+03
1.146629701904873173e+03
1.146660868710934665e+03
1.146740269066056271e+03
1.146762002496593141e+03
1.146767669188604259e+03
1.146774069217228771e+03
1.146780935914606971e+03
1.146788835949940221e+03
1.146917769859935788e+03
1.146982770150652414e+03
1.147120237432147178e+03
1.147184704387144848e+03
1.148036741531249618e+03
1.148045808238467544e+03
1.148053008270669807e+03
1.148059708300636203e+03
1.148949012278085092e+03
1.159939528100289181e+03
1.159949661478944336e+03
1.161328534312676993e+03
1.161454068207465752e+03
1.167981364067733693e+03
1.169359603565300404e+03
1.169910739363611583e+03
1.172413150555749098e+03
1.182441895409726158e+03
1.188110620763334964e+03
1.188792023810938417e+03
1.190262663721769741e+03
1.190267430409755661e+03
1.190274263773651455e+03
1.190383764263396870e+03
1.193118376494063341e+03
1.193394644396349804e+03
1.201148279074802304e+03
1.211070923454240301e+03
1.211121223679210289e+03
1.211294357786892988e+03
1.215746744367042993e+03
1.215967512021102266e+03
1.216370180488720280e+03
1.218656724048714523e+03
1.220527765750359549e+03
1.220745466724036078e+03
1.222437507625092394e+03
1.225390820833908037e+03
1.226061623834102193e+03
1.227074261696500344e+03
1.227290929332222049e+03
1.228240866914190519e+03
1.228260533668817743e+03
1.234524261683600798e+03
1.241103557776441676e+03
1.241202458218778020e+03
1.243351534497277498e+03
1.259842641587770686e+03
1.272535398356651285e+03
1.274093138657042573e+03
1.285269588644178384e+03
1.290737246431837548e+03
1.292302853434079907e+03
1.292660521700432582e+03
1.294129194935801252e+03
1.295811869128297758e+03
1.300130721777878762e+03
1.301892129655848294e+03
1.309843465218526262e+03
1.310415667777725730e+03
1.310604501955627939e+03
1.312939912400847788e+03
1.334210607534913152e+03
1.353580560834498783e+03
1.358859384444255966e+03
1.366775686516911719e+03
1.380331813813919553e+03
1.380337213838071420e+03
1.380433947604050445e+03
1.380462047729729420e+03
1.382009687984947959e+03
1.399283431909150067e+03
1.405093191226872705e+03
1.408317705648647234e+03
1.408330772373755281e+03
1.409719545251766249e+03
1.414770867844015584e+03
1.414976935432328219e+03
1.431861344281879838e+03
1.432272579454479455e+03
1.441507854092961225e+03
1.459487034505590600e+03
1.459609268385620226e+03
1.459621001771431565e+03
1.459627735134880140e+03
1.459634335164399090e+03
1.459643635205993860e+03
1.459648935229698282e+03
1.459854269481397750e+03
1.459906136380041289e+03
1.459957936611719788e+03
1.459970003332355418e+03
1.460077170478331482e+03
1.460621306245334608e+03
1.478565853169731099e+03
1.489521102167536128e+03
1.492613215997143470e+03
1.492621982703019512e+03
1.505369573050478948e+03
1.505475306856711086e+03
1.553732522689108691e+03
1.554565526414752185e+03
1.557130404552942764e+03
1.561813458831430353e+03
1.561943626080275408e+03
1.570913366197809864e+03
1.581320746078580896e+03
1.588785346130980543e+03
1.589245381521841409e+03
1.591628325512990386e+03
1.593175632433384635e+03
1.594988707209103268e+03
1.597973820560146578e+03
1.597979820586981759e+03
1.600901766988841700e+03
1.613946691999475888e+03
1.622337629528291700e+03
1.624691406722324473e+03
1.629707129155350913e+03
1.635335520995233310e+03
1.642659687086202894e+03
1.647260074328292148e+03
1.651152725071667419e+03
1.663874448636769785e+03
1.684986176393180358e+03
1.685182177269802196e+03
1.685191743979256444e+03
1.685197244003855531e+03
1.685515145425682704e+03
1.695445189838217857e+03
1.695478556654119302e+03
1.762050054397901249e+03
1.765836871334596935e+03
1.821479386864720027e+03
1.821486020227721383e+03
1.821492753591169958e+03
1.821500186957749293e+03
1.821504386976534079e+03
1.821510953672570622e+03
1.821519753711929070e+03
1.821527153745025998e+03
1.821535420448665946e+03
1.821541020473712251e+03
1.827016544963222486e+03
1.827494080432352803e+03
1.835264181851120156e+03
1.839945236120662685e+03
1.841005774197296660e+03
1.841477876308792702e+03
1.841505309764823323e+03
1.841512209795683930e+03
1.841516276480539091e+03
1.841524976519450547e+03
1.841529976541813085e+03
1.841536476570884815e+03
1.841542276596825786e+03
1.841550143298676403e+03
1.841557309997396715e+03
1.841668610495192752e+03
1.841757710893697777e+03
1.841872711408042505e+03
1.842024245419117960e+03
1.842168812732367996e+03
1.842661748270375710e+03
1.842708081810937756e+03
1.842827115676655239e+03
1.844984525325759023e+03
1.845603594761239265e+03
1.848927076292314950e+03
1.850176581880780532e+03
1.850378582784238006e+03
1.852384691756643406e+03
1.855181070930231726e+03
1.855244804548616457e+03
1.855253704588422352e+03
1.861718566836119862e+03
1.863384907622231367e+03
1.863497108124052829e+03
1.863566108432659348e+03
1.863844176342996434e+03
1.863917343336905333e+03
1.864218278016181785e+03
1.866593921974681052e+03
1.866609022042216793e+03
1.866623155438762296e+03
1.866630755472753663e+03
1.866637222168342987e+03
1.867031357264461803e+03
1.867697326909705225e+03
1.870343272077138181e+03
1.874358423368402100e+03
1.874531090807330884e+03
1.875255694048149053e+03
1.877543404280027744e+03
1.889370790511836049e+03
1.889423724081917044e+03
1.896217421133675316e+03
1.896224554498912767e+03
1.896232787869070307e+03
1.896238421227599019e+03
1.896251154617882776e+03
1.896254987968361092e+03
1.896259687989382201e+03
1.896266754687655066e+03
1.896271388041711134e+03
1.896288288117297498e+03
1.896292988138318378e+03
1.896478455634496186e+03
1.896558022657029596e+03
1.897469160065462802e+03
1.897488360151335883e+03
1.897499693535358347e+03
1.897506393565324515e+03
1.897512560259571956e+03
1.897519126955608499e+03
1.908856744330238598e+03
1.913608698916885942e+03
1.925300917877486427e+03
1.944195135715991682e+03
1.948360821013858640e+03
1.949276025107146779e+03
1.950691331437163171e+03
1.998459578415960323e+03
2.045011153286474610e+03
2.067136352242343492e+03
2.075607123461552419e+03
2.077817866682526528e+03
2.122878368217486695e+03
2.122918101728529564e+03
2.151008794031981779e+03
2.208860119441098504e+03
2.208872119494769322e+03
2.255809529424280299e+03
2.258130706472507427e+03
2.258136673165860429e+03
2.258154373245024544e+03
2.258166273298248143e+03
2.258473541339183612e+03
2.258642342094152355e+03
2.259662713324471497e+03
2.299732525871701910e+03
2.309084934367403093e+03
2.309091434396474597e+03
2.309097101088485942e+03
2.309106701131422142e+03
2.309119767856530416e+03
2.310869742350030720e+03
2.316064265582751432e+03
2.370107507293389062e+03
2.382388495553951088e+03
2.395404753769705621e+03
2.419256727115311605e+03
2.419416427829579334e+03
2.462913155703830398e+03
2.485598123829956876e+03
2.490365145150657554e+03
2.490617012943813279e+03
2.491159748704554659e+03
2.499347551991510954e+03
2.504534875192029176e+03
2.535209145717308274e+03
2.535943015666238807e+03
2.536503284838732725e+03
2.560258357750947198e+03
2.560265324448772844e+03
2.560274424489472949e+03
2.560278991176564432e+03
2.560285557872600748e+03
2.560290457894516294e+03
2.573995385857041128e+03
2.574871223107593323e+03
2.585883672361228491e+03
2.587998481819801782e+03
2.588007781861396325e+03
2.588015048560563628e+03
2.588020348584268049e+03
2.588027681950400165e+03
2.588033781977683248e+03
2.588039215335317294e+03
2.588046882036273473e+03
2.588055882076526359e+03
2.588062615439975161e+03
2.588074148824892291e+03
2.588085315541502496e+03
2.588098848935364458e+03
2.588108915647054801e+03
2.634353989146728509e+03
2.634414589417766365e+03
2.634423022788818344e+03
2.634455356266764284e+03
2.634533623283483394e+03
2.634574723467305830e+03
2.634670657229706649e+03
2.634748657578566508e+03
2.634834891297583454e+03
2.634944591788223534e+03
2.635635194876974765e+03
2.637733870930056582e+03
2.641858322710171706e+03
2.641955189810080356e+03
2.684807414801765844e+03
2.697975207028595378e+03
2.698209408076069394e+03
