2.456984544983256136e+00
2.495684718071383923e+00
2.499318067655023956e+00
4.201892349155714967e+00
4.212625730494541365e+00
4.237125840072296867e+00
4.771594897173968342e+00
4.784528288352429826e+00
4.794828334419811711e+00
5.426631160184131275e+00
6.409402222335096155e+00
6.439335689547101893e+00
6.512802684797950548e+00
6.695470168452505533e+00
6.802137312192392926e+00
6.808470673851948263e+00
6.823470740940370760e+00
6.851370865724835113e+00
6.898171075040709255e+00
6.914704482320392032e+00
7.117072054084410127e+00
9.250614929776663331e+00
9.373115477665439954e+00
1.104508962230575086e+01
1.107178974172314057e+01
1.120369033165399486e+01
1.125972391559985475e+01
1.127452398179376303e+01
1.129195739309875002e+01
1.130292410881450849e+01
1.133002423002092307e+01
1.134085761180700658e+01
1.135235766324146311e+01
1.136879107007388967e+01
1.140722457530266709e+01
1.152722511201003996e+01
1.429337081704466073e+01
1.431340423997830946e+01
1.513797459457005345e+01
1.535660890575440440e+01
1.538020901130685480e+01
1.547277609198362569e+01
1.548450947779501163e+01
1.548854282916767744e+01
1.699304955813636653e+01
1.699864958318271135e+01
1.723638397979298276e+01
2.025663082130546755e+01
2.104153433181894428e+01
2.140960264468639096e+01
2.141353599561179877e+01
2.159703681632682049e+01
2.212080582557208785e+01
2.213733923285176886e+01
2.259154126428917664e+01
2.263310811686531210e+01
2.295794290303568630e+01
2.302190985579720461e+01
2.304390995419355548e+01
2.315657712476880903e+01
2.325354422512485186e+01
3.042130961658591204e+01
3.247065211568848753e+01
3.252371901969908663e+01
3.253331906263566964e+01
3.253418573317856044e+01
3.413155954416578908e+01
3.491936306764969800e+01
3.728037362736725413e+01
3.732837384205020470e+01
3.925711580176187709e+01
3.930764936110865193e+01
3.994951889856341865e+01
4.017875325715692014e+01
4.018348661166037772e+01
4.019108664565184341e+01
4.019765334168832993e+01
4.032702058695536351e+01
4.160262629215473851e+01
4.161715969048929509e+01
4.164492648134408626e+01
4.166375989891066212e+01
4.168245998254756302e+01
4.237306307129848904e+01
4.376823597793379150e+01
4.377896935927262234e+01
4.640331443009802825e+01
4.748381926270066344e+01
4.749698598825605700e+01
4.804125508918883014e+01
4.805922183621251520e+01
5.142217021047181191e+01
5.270507594832088216e+01
5.272747604850625436e+01
5.393044809551525276e+01
5.393868146567267274e+01
5.431508314914479740e+01
5.439538350829148072e+01
5.559668888117954566e+01
5.573952285334373613e+01
5.575348958247717945e+01
5.575905627404110021e+01
5.576828964867108596e+01
5.582905658712040520e+01
5.600579071090442795e+01
5.617705814357178440e+01
5.634229221592135417e+01
5.669666046751471100e+01
6.060944463427070161e+01
6.137918141028365682e+01
6.138931478893895388e+01
6.313462259490043493e+01
6.314315596639962536e+01
6.315142267003946586e+01
6.318378948146803964e+01
6.322985635417069972e+01
6.326722318796208100e+01
6.327192320898311806e+01
6.337432366697341024e+01
6.339182374524323649e+01
6.340979049226692155e+01
6.343015725002475591e+01
6.344095729832842068e+01
6.358085792403976910e+01
6.375895872060296199e+01
6.404839334844464815e+01
6.465129604495194826e+01
6.559930028494019894e+01
6.560223363139304809e+01
6.561376701630992159e+01
6.562520040077953354e+01
6.711784041000716172e+01
6.828024560891257977e+01
6.916921625153727859e+01
6.918921634098850859e+01
6.996628648313358667e+01
7.078012345638650515e+01
7.227933016165061986e+01
7.228686352867724452e+01
7.229866358145348215e+01
7.284409935427090943e+01
7.285469940168005110e+01
7.321963436720014329e+01
7.349703560788867662e+01
7.652438248115635133e+01
7.655218260549355591e+01
7.659274945359713627e+01
7.898446015062233982e+01
8.027099923805504034e+01
8.028759931229957658e+01
8.030543272539358668e+01
8.031016607989704426e+01
8.157033838273655135e+01
8.159603849768137707e+01
8.397314912940717591e+01
8.663429436482284984e+01
8.820170137511564690e+01
8.821383476271606128e+01
8.850133604857747116e+01
9.181238419071083001e+01
9.182321757249690108e+01
9.183425095517750947e+01
9.185228436916604267e+01
9.185625105357385678e+01
9.188071782966919443e+01
9.189101787573657987e+01
9.191865133266169607e+01
9.223051939417118206e+01
9.294395591837893278e+01
9.540676693340324732e+01
9.542490034783904207e+01
9.577750192486419678e+01
9.667167259074622621e+01
9.769167715275889918e+01
9.991328708900138622e+01
1.003310889576375615e+02
1.004082559694368797e+02
1.004120559864326196e+02
1.006957572552982896e+02
1.023708314138035433e+02
1.032897688571226809e+02
1.057016463110112028e+02
1.058851137982438075e+02
1.060341477981378802e+02
1.060372478120028177e+02
1.083222580318057169e+02
1.090205611549953773e+02
1.090304611992737307e+02
1.090372945631695671e+02
1.090594946624604233e+02
1.090654280223309627e+02
1.094255962998651768e+02
1.100465657438434022e+02
1.104406008395150280e+02
1.104488342096724551e+02
1.114269385842847981e+02
1.114432386571875497e+02
1.114589053939243541e+02
1.118612405267182339e+02
1.122549756210480894e+02
1.129319786489721906e+02
1.145041856807332863e+02
1.145249857737625518e+02
1.147866869442318887e+02
1.150664548621721650e+02
1.150768215752043773e+02
1.150838882734771573e+02
1.170253302899903645e+02
1.170894639101639569e+02
1.173070982168757439e+02
1.173379650215954797e+02
1.173500984091958941e+02
1.176975999634109940e+02
1.181247685406068086e+02
1.182405023915646041e+02
1.189824723767227681e+02
1.193805741572494838e+02
1.208084138766551234e+02
1.208129805637464926e+02
1.223662541774937438e+02
1.227344891577732966e+02
1.232187913238348074e+02
1.232245913497756504e+02
1.239007943741217161e+02
1.239099610817868466e+02
1.239162611099639832e+02
1.239458279088693757e+02
1.239529279406245763e+02
1.271298421495050235e+02
1.272543093728564969e+02
1.281881468828167954e+02
1.310187595428492102e+02
1.311097599498523039e+02
1.313160275390593199e+02
1.326071666470658101e+02
1.334267369792947591e+02
1.336459046261978187e+02
1.337364716979294599e+02
1.337487384194595279e+02
1.337529384382443141e+02
1.337618051445676599e+02
1.337879719282663871e+02
1.337998386480074373e+02
1.344279414572232554e+02
1.344378415015016230e+02
1.345171751896581611e+02
1.345501420037702758e+02
1.347394095169437378e+02
1.348965102195831491e+02
1.349019102437349886e+02
1.353014453640057013e+02
1.353174787690490746e+02
1.360168818971585551e+02
1.361664492327713560e+02
1.369196526015046231e+02
1.371796204308881499e+02
1.380054574578118434e+02
1.382455585316738222e+02
1.382496252165288979e+02
1.387247940084076845e+02
1.387508941251415422e+02
1.387599608323594111e+02
1.391201291098936395e+02
1.406385692345133407e+02
1.407852365571557129e+02
1.429146127475456183e+02
1.429201461056271114e+02
1.429273128043471388e+02
1.429316794905439849e+02
1.429716796694464449e+02
1.429867130700173163e+02
1.435789157186681848e+02
1.436919828910324668e+02
1.439583174155579854e+02
1.442615187716386345e+02
1.442709188136807086e+02
1.447983878394744579e+02
1.455972580791213318e+02
1.468371302911678526e+02
1.487860390077428576e+02
1.488057390958523172e+02
1.488148058030701861e+02
1.496965430800100592e+02
1.502828457022728230e+02
1.502896790661686737e+02
1.507616811772176391e+02
1.524527220738014535e+02
1.551861676325833344e+02
1.553375016427642947e+02
1.553410349919006990e+02
1.574658111617168288e+02
1.574834445739163016e+02
1.578052126797041694e+02
1.578139127186154553e+02
1.578641129431380534e+02
1.578758796624318563e+02
1.579051464599954784e+02
1.579509799983212019e+02
1.585578160457539241e+02
1.596909877805781264e+02
1.609670934880137736e+02
1.625260337937722284e+02
1.632035034904501742e+02
1.633129039797483983e+02
1.639076733065455187e+02
1.639753402758555296e+02
1.642140080099734973e+02
1.645160426941694709e+02
1.652081791231116767e+02
1.657995151012196686e+02
1.663233174439473885e+02
1.663243507819023250e+02
1.663291174698882173e+02
1.663331508212608867e+02
1.663481508883493234e+02
1.669813870538576452e+02
1.677230903711564736e+02
1.678210574759850431e+02
1.684978938364970702e+02
1.685619274562234011e+02
1.686765946357437826e+02
1.696716990863896797e+02
1.696804324587833719e+02
1.717513083875284678e+02
1.726501457409490854e+02
1.728652467029970694e+02
1.783693046534576467e+02
1.786702059992513796e+02
1.790595410739019826e+02
1.799913119079523085e+02
1.801723127174859371e+02
1.803184133709271464e+02
1.833228268082907277e+02
1.848666337130310922e+02
1.858277046781274748e+02
1.864360073987866144e+02
1.864411407550790898e+02
1.864500074614024641e+02
1.864600075061280791e+02
1.898779894598606859e+02
1.901921908651394801e+02
1.902200243229590910e+02
1.922544334219381028e+02
1.945781771483115392e+02
1.953775807236771413e+02
1.954026808359384404e+02
1.954297809571448568e+02
1.957519823982041487e+02
1.957604824362209399e+02
1.979305254751616587e+02
1.987686292236154202e+02
1.992171312295592429e+02
2.000006014003287191e+02
2.001379020144113667e+02
2.002508691863284014e+02
2.004170032627032754e+02
2.005826373368418842e+02
2.011141063805258682e+02
2.013058405713983063e+02
2.027105468540053437e+02
2.046531888758856326e+02
2.048625231454751656e+02
2.051504577666080422e+02
2.064602302912865923e+02
2.069681658963829705e+02
2.070515329359121495e+02
2.093297431253016327e+02
2.093338431436391147e+02
2.103955812256400293e+02
2.116201867027387777e+02
2.120791887556444806e+02
2.121758558546587494e+02
2.122139893585457457e+02
2.126338912365742999e+02
2.129008590972657942e+02
2.129753594304716273e+02
2.131036266708188407e+02
2.148041676098919766e+02
2.148060676183898465e+02
2.151193690196433579e+02
2.152352028710483864e+02
2.153730034873673560e+02
2.154590372054900627e+02
2.167102428015589339e+02
2.168461434093800335e+02
2.171331446930051641e+02
2.172446785251781876e+02
2.176277802386164808e+02
2.176336469315221507e+02
2.227107363056814222e+02
2.236603072193433661e+02
2.238781415269496620e+02
2.238859748953180713e+02
2.251608139304218241e+02
2.269530886131112482e+02
2.269736887052460190e+02
2.313683750273293640e+02
2.316615096717195570e+02
2.318169103667555930e+02
2.321303784354211928e+02
2.321369451314577077e+02
2.321460118386755767e+02
2.321554452142000571e+02
2.321639452522168483e+02
2.321645785883827955e+02
2.323564461131849157e+02
2.324016463153446921e+02
2.325035134376162773e+02
2.336416185278384603e+02
2.341104206245752835e+02
2.369665667321404214e+02
2.386388408781224939e+02
2.389211088072441953e+02
2.410640183914960915e+02
2.416572877115843880e+02
2.421922901044047478e+02
2.424807913947387306e+02
2.435496961754596441e+02
2.435860630047784525e+02
2.435928297017094621e+02
2.436279631921787825e+02
2.478344153390436588e+02
2.482104836876916067e+02
2.482136503685213711e+02
2.487879862705958089e+02
2.490214873149388950e+02
2.500306918286479174e+02
2.501077588400000025e+02
2.501317922808239018e+02
2.501347922942415778e+02
2.543325110687127335e+02
2.570449898670532320e+02
2.573199244300427608e+02
2.575748255700986533e+02
2.584514961577108920e+02
2.584614628689540723e+02
2.612914088593381621e+02
2.625587145274152476e+02
2.626183147939798914e+02
2.642328220149303775e+02
2.648274580077978158e+02
2.650771924580787982e+02
2.652409931906843781e+02
2.653954272147302618e+02
2.658297958241285528e+02
2.662706311291160546e+02
2.665203322459146307e+02
2.671230349415274077e+02
2.677507044154717732e+02
2.677583044494633100e+02
2.719304897764017142e+02
2.719974234090985306e+02
2.723383916007595076e+02
2.723781917787674729e+02
2.723838584707786481e+02
2.723876918212567944e+02
2.733650961927383491e+02
2.745705349174463663e+02
2.747606024341978923e+02
2.752033044142008293e+02
2.763365428159898443e+02
2.774451811077538537e+02
2.813086983874950420e+02
2.817644004256412700e+02
2.818688675595415134e+02
2.826207375889780451e+02
2.844506457733182287e+02
2.844700791935683242e+02
2.844789792333741048e+02
2.847821472559723475e+02
2.863168874534947577e+02
2.877209937334183110e+02
2.877285604339273846e+02
2.877328604531593896e+02
2.880719286363225251e+02
2.890971998885573839e+02
2.902244715969934532e+02
2.950583598834257941e+02
2.952333606661240992e+02
2.952474273957047330e+02
2.952514274135949677e+02
2.952694274941011372e+02
2.952785275348014125e+02
2.953042943167110366e+02
2.953182610458445652e+02
2.953648612542658611e+02
2.954020614206451683e+02
2.954969951785736839e+02
2.975021041465066105e+02
2.994158127056474541e+02
2.994344461223195140e+02
3.005367843859064010e+02
3.010145531894138458e+02
3.021629916591858205e+02
3.021691583534333176e+02
3.040713335276572025e+02
3.041712006409837272e+02
3.067343787715707890e+02
3.085862870543073200e+02
3.115846337978707083e+02
3.121559696865274418e+02
3.152697836131892473e+02
3.165797561387623773e+02
3.165851228294317252e+02
3.165910895227846709e+02
3.186754988453917576e+02
3.191374009112679460e+02
3.191719343990537254e+02
3.193073016711560967e+02
3.240894897263569874e+02
3.245954586559906829e+02
3.258718643647681006e+02
3.264656336870926339e+02
3.279484736524892128e+02
3.282240415516446888e+02
3.316423568402014439e+02
3.321390590617227758e+02
3.332197305617374923e+02
3.341241346067220661e+02
3.345797699779034247e+02
3.356133079337781169e+02
3.358761091091672597e+02
3.364504116777592913e+02
3.366490792329748274e+02
3.378196511350728315e+02
3.383956537112682099e+02
3.397953599715124824e+02
3.400438944164263830e+02
3.403423957514860376e+02
3.403571291507150818e+02
3.410508322533309524e+02
3.410831990647595262e+02
3.410917991032235363e+02
3.425648723582714297e+02
3.447739489051244846e+02
3.447778489225674434e+02
3.448097490652421584e+02
3.448132157474137216e+02
3.457310531858129821e+02
3.457731867075902983e+02
3.458864872143315097e+02
3.459113539922158225e+02
3.468697582787187343e+02
3.468971917347492990e+02
3.469050917700825494e+02
3.469086917861837946e+02
3.469243918564029627e+02
3.470234256326689888e+02
3.482480644432501435e+02
3.484835988300208101e+02
3.489956011199722639e+02
3.490435346676903805e+02
3.496029038361588164e+02
3.496453373592778462e+02
3.530081857330898742e+02
3.550022946518246840e+02
3.553331627983128556e+02
3.556011639969592579e+02
3.556112640421321771e+02
3.635945664144494458e+02
3.636072664712509663e+02
3.646798712685204009e+02
3.650561729515453067e+02
3.650823064017615707e+02
3.653038073924339528e+02
3.655720752589397193e+02
3.657623427765857400e+02
3.661804113130812652e+02
3.676786513473552418e+02
3.693346587539169832e+02
3.698750945043715888e+02
3.698883278968918376e+02
3.699044613023824581e+02
3.699081613189309792e+02
3.730994755922163222e+02
3.731045756150263628e+02
3.731105756418617716e+02
3.748805168913306716e+02
3.760068552622590232e+02
3.765228575701007117e+02
3.773039277301360812e+02
3.773162277851485555e+02
3.773212278075113773e+02
3.773386612188162985e+02
3.773430279050131730e+02
3.786536337667522503e+02
3.786580004529490679e+02
3.792443030752118602e+02
3.799595062739877562e+02
3.802281074753177563e+02
3.802334408325047548e+02
3.802621076273849212e+02
3.802821410503185007e+02
3.804501418017088099e+02
3.832451876360004803e+02
3.834869887174658629e+02
3.846229271313308118e+02
3.850238622578631293e+02
3.867905034925725545e+02
3.868113369190842832e+02
3.868257703169715569e+02
3.887771457112455664e+02
3.889354130857695964e+02
3.908854551407468421e+02
3.922054610445279081e+02
3.930715982516957752e+02
3.939628355711249696e+02
3.940254358511073747e+02
3.947424057244514870e+02
3.955791761336084278e+02
3.955853094943735186e+02
3.961884788587401545e+02
3.968545485044309089e+02
3.982633548053754566e+02
3.990616583758213096e+02
4.002838305087034314e+02
4.009558335142647252e+02
4.033177774114900558e+02
4.038803465942706907e+02
4.040317472714164637e+02
4.040382139670056745e+02
4.074136623971720610e+02
4.078253975720079438e+02
4.079072646048282991e+02
4.079252646853344686e+02
4.079370980715930841e+02
4.079735982348416314e+02
4.092113704374957024e+02
4.092207704795378049e+02
4.101943748340236198e+02
4.110226452051638262e+02
4.118272154703043384e+02
4.118371488480651124e+02
4.118552822625009071e+02
4.123053176086359599e+02
4.123215176810914500e+02
4.143399267085094948e+02
4.148588623628040182e+02
4.180030764254317432e+02
4.182572108953920065e+02
4.189647140597292037e+02
4.189913141786993265e+02
4.193152489608444284e+02
4.210323899741620721e+02
4.210431233555009385e+02
4.227639643853671032e+02
4.232952667616389704e+02
4.233064668117316387e+02
4.253531759657230964e+02
4.253732427221392527e+02
4.253831427664175635e+02
4.276488195664176146e+02
4.279239207968192318e+02
4.284543565025482508e+02
4.342083155707019841e+02
4.342179156136385814e+02
4.343962830780610602e+02
4.344146164933914065e+02
4.344249165394587635e+02
4.344371499275064252e+02
4.345218836398148028e+02
4.349410521812301909e+02
4.350337192623542251e+02
4.352577202642079328e+02
4.376722977301723745e+02
4.387799026839813905e+02
4.391891045141535415e+02
4.401465087961838663e+02
4.405801107354865280e+02
4.412494137289719447e+02
4.419155833751099181e+02
4.441661267740918788e+02
4.442955273528413045e+02
4.443033273877273359e+02
4.445477284808213199e+02
4.446518289464149802e+02
4.450164972440757083e+02
4.467155715099224267e+02
4.467228048756073235e+02
4.470360729433783717e+02
4.478467765692839180e+02
4.520435286727649782e+02
4.520557953942950462e+02
4.520733288060473001e+02
4.521484624754190804e+02
4.530025996289162435e+02
4.536307357716144679e+02
4.536493025213217152e+02
4.536851693484042585e+02
4.537001360820102036e+02
4.573817192147100172e+02
4.576046535451263821e+02
4.620341400228548423e+02
4.620574401270655471e+02
4.622023074416572399e+02
4.625203421974142088e+02
4.637307476110025846e+02
4.663325592477129931e+02
4.663767594454001824e+02
4.680654003312498617e+02
4.681096005289370510e+02
4.690545714220252194e+02
4.690653381368464352e+02
4.700689759589915298e+02
4.710316802647264467e+02
4.713059148245851588e+02
4.713425149882809251e+02
4.713658150924916299e+02
4.717880503142894781e+02
4.735071913365522960e+02
4.746708965412720431e+02
4.746741965560314611e+02
4.765961051518473255e+02
4.812650593672718742e+02
4.812739927405600611e+02
4.822128302728831954e+02
4.822305970190123503e+02
4.845134405624580154e+02
4.858700799634172540e+02
4.858814133474396613e+02
4.891516613070924677e+02
4.907097016088256396e+02
4.907153349673544085e+02
4.908161020847061877e+02
4.908206021048326875e+02
4.909536026996833584e+02
4.912461040079076042e+02
4.914127047530362802e+02
4.914199714522035833e+02
4.914277048201247453e+02
4.921945415831672790e+02
4.935166808298231444e+02
4.938413822820638757e+02
4.941692504151343996e+02
4.950912545388359831e+02
4.986034035804014479e+02
4.986315037060804229e+02
4.989393050827348475e+02
4.989433384341075453e+02
5.004218783802720054e+02
5.013090156813636895e+02
5.027388887431968669e+02
5.035549590597718179e+02
5.035607924191950815e+02
5.035649924379798676e+02
5.061302039109945099e+02
5.061375372771266257e+02
5.068754405774296856e+02
5.075317768462542176e+02
5.092262510915271037e+02
5.092497178631499537e+02
5.096029861098234619e+02
5.096216861934603344e+02
5.101605886037237383e+02
5.104923900877196274e+02
5.105568570427173540e+02
5.117039288397101586e+02
5.137527380030940094e+02
5.145261414621730864e+02
5.157306468493734428e+02
5.160214481499942849e+02
5.160314148612374083e+02
5.174081543520952664e+02
5.174181543968207961e+02
5.174418878363029535e+02
5.174556212310594674e+02
5.174634545994279051e+02
5.174722213053039468e+02
5.201021997346581429e+02
5.211335710141755726e+02
5.211373043642064431e+02
5.224608436171239418e+02
5.241609178874432473e+02
5.279668682430472018e+02
5.286571046634915092e+02
5.311012489283613149e+02
5.311045156096384972e+02
5.311133156489969451e+02
5.329362571355115961e+02
5.342146295197517247e+02
5.353589346377038964e+02
5.359449705921072109e+02
5.359528039604756486e+02
5.369452417325280749e+02
5.369717751845333851e+02
5.369788418828060230e+02
5.378478457694619692e+02
5.378693791991044009e+02
5.379056460279761041e+02
5.379661129650836529e+02
5.379864463893590028e+02
5.382804477042921008e+02
5.390974513583747694e+02
5.393630858797695282e+02
5.419265306782159541e+02
5.423940661026208545e+02
5.431153359951969151e+02
5.437969723771773261e+02
5.463300837066226450e+02
5.463383504102624784e+02
5.463481171206111640e+02
5.463579838314071822e+02
5.491565630148351147e+02
5.492925302896211406e+02
5.501963009984397104e+02
5.520003424004229373e+02
5.532949481906010760e+02
5.533080149157091228e+02
5.533155149492533837e+02
5.535962828716661761e+02
5.551940233509600375e+02
5.552006233804789872e+02
5.575434005253134728e+02
5.593257084967597166e+02
5.601438454892446543e+02
5.601524121942262582e+02
5.614743181065052795e+02
5.659738382307954225e+02
5.660757386865493572e+02
5.664442403346882884e+02
5.691142189429449445e+02
5.697585218246163095e+02
5.698123887322050223e+02
5.711786948430656139e+02
5.711865948783988642e+02
5.796924995880767710e+02
5.812738733275029972e+02
5.839370519053462658e+02
5.843391870372456651e+02
5.843442870600557626e+02
5.843556204440779993e+02
5.852556244693832923e+02
5.852668245194760175e+02
5.853681583060290450e+02
5.853724916587434564e+02
5.856404595239074524e+02
5.874095007693510979e+02
5.886935398456023449e+02
5.894904434097866215e+02
5.897660113089420975e+02
5.897772446925171153e+02
5.899372454081269552e+02
5.904194142313136808e+02
5.916590531089832439e+02
5.916722865015035495e+02
5.916770198560069502e+02
5.925413903886067146e+02
5.939446633314697692e+02
5.940314970531704830e+02
5.948388673308342049e+02
5.954259032897101633e+02
5.978112806250758240e+02
5.990410527919494825e+02
5.990618195514963418e+02
5.990648195649140462e+02
5.990750529440165337e+02
5.990793196297661325e+02
6.002675582775460725e+02
6.005517262151656723e+02
6.005717263046168455e+02
6.012057291402207966e+02
6.045610774804886205e+02
6.049263457808328894e+02
6.053077808201502421e+02
6.053207475448111836e+02
6.053381142891512354e+02
6.053498810084450952e+02
6.057360160687834423e+02
6.060040172674299583e+02
6.060079172848728604e+02
6.098067009417568443e+02
6.098292343758720335e+02
6.116623759080067657e+02
6.116742426277477307e+02
6.120480442995913108e+02
6.124176459526499912e+02
6.131115823896427628e+02
6.149797240783171901e+02
6.162492297562339445e+02
6.170664334112111646e+02
6.174548018148716437e+02
6.174808352646406320e+02
6.217803878279009950e+02
6.217949212262356014e+02
6.218061212763282128e+02
6.224815576305786635e+02
6.230521935161046940e+02
6.237696633916849578e+02
6.263144414399770312e+02
6.268109436606036979e+02
6.269090107658796569e+02
6.270526780751042679e+02
6.271924120334034569e+02
6.290052201412628392e+02
6.317986659683984954e+02
6.318116993600241358e+02
6.361432853998888959e+02
6.361961189695225585e+02
6.366495543308643619e+02
6.366563210277953431e+02
6.366593543746953401e+02
6.385576961984412492e+02
6.385688629150515681e+02
6.385727295990120638e+02
6.388518308473039724e+02
6.400319027918912980e+02
6.400381694865860709e+02
6.400754029864477843e+02
6.400797363391621957e+02
6.400832030213337021e+02
6.400882697106612795e+02
6.400895697164756939e+02
6.401042697822223317e+02
6.413757421356017403e+02
6.441098876975144094e+02
6.441307544575084876e+02
6.477595706875395081e+02
6.483032064523063127e+02
6.483132064970319561e+02
6.538537312772585892e+02
6.553721714018782905e+02
6.593088556755285481e+02
6.609950632171616007e+02
6.633378403619962000e+02
6.647643800755874963e+02
6.650394479725067640e+02
6.650492480163377422e+02
6.650803148219520153e+02
6.650840815054654058e+02
6.666271884070748683e+02
6.683902296256831050e+02
6.683956629833173793e+02
6.704552388615225027e+02
6.718313450162142999e+02
6.727676492038735887e+02
6.755559950081990337e+02
6.761518976733984800e+02
6.761778311227202494e+02
6.767163001977121439e+02
6.780483394886464339e+02
6.789775103110680448e+02
6.789824769999484033e+02
6.808484186787833323e+02
6.808604520659364425e+02
6.808686187691289433e+02
6.827830939983655298e+02
6.827884606890348778e+02
6.827919940381711967e+02
6.828034607561232860e+02
6.828421275957290391e+02
6.837611650394953813e+02
6.855461730230175590e+02
6.866153111381154304e+02
6.866227111712124724e+02
6.866369112347227883e+02
6.866470779468604633e+02
6.874439815110446261e+02
6.895202907974239679e+02
6.895290241698177169e+02
6.920230019909034809e+02
6.953013499867840892e+02
6.953116833663337957e+02
6.953169500565560384e+02
6.953292167780861064e+02
6.953378168165502302e+02
6.953422168362294542e+02
6.960121864993632244e+02
6.962976544427971248e+02
6.978525280637004471e+02
6.978585280905358559e+02
6.992799344478346484e+02
6.994999687652805278e+02
6.995180688462338594e+02
6.995299355659749381e+02
6.999171706312332617e+02
7.008512414755704185e+02
7.016832451967414954e+02
7.018387458922248925e+02
7.040453557613789144e+02
7.040538557993957056e+02
7.040585558204167000e+02
7.044846910596576208e+02
7.057368966601990223e+02
7.063614994537609846e+02
7.065956005007875547e+02
7.066260673037181732e+02
7.067446678341640336e+02
7.069916022719219200e+02
7.069945356183746981e+02
7.069976356322396214e+02
7.086037761491030551e+02
7.086077095000283634e+02
7.087707102290559078e+02
7.087912436542258092e+02
7.095585804195046649e+02
7.095775138375184952e+02
7.120614582803963231e+02
7.122473591118454124e+02
7.122507924605346261e+02
7.122543258096709451e+02
7.156633743901153366e+02
7.200775274659312117e+02
7.200809274811379055e+02
7.207824639521221570e+02
7.229146068215527521e+02
7.232338082491944533e+02
7.252693506865756490e+02
7.263939890499007106e+02
7.267426239425180938e+02
7.267482906345293259e+02
7.288055998359299110e+02
7.288263999289591766e+02
7.305870744703156561e+02
7.305977078512072467e+02
7.306097412383603569e+02
7.306220079598905386e+02
7.306335413448074405e+02
7.306797082179572271e+02
7.353627958299273359e+02
7.357914310803496392e+02
7.357987644464817549e+02
7.373763715023947043e+02
7.423139269191492531e+02
7.423363936862994024e+02
7.423518604221417263e+02
7.434244318859286977e+02
7.459233763958948202e+02
7.459324097696303397e+02
7.475476169937115856e+02
7.478338849407234648e+02
7.478461516622536465e+02
7.478616517315782630e+02
7.568229918115430337e+02
7.568936587942707774e+02
7.568977254791258247e+02
7.569088255287713309e+02
7.617224137244105577e+02
7.627755184344651980e+02
7.655258974023156497e+02
7.655359974474885121e+02
7.655485975038428705e+02
7.655526308552153978e+02
7.656880314608002891e+02
7.656981315059732651e+02
7.665272018806914502e+02
7.675517064628306798e+02
7.675593731637869723e+02
7.675625065111343019e+02
7.687468451414712263e+02
7.687635452161630383e+02
7.689164792335000129e+02
7.700368175775930695e+02
7.700992178566809798e+02
7.743478701922878145e+02
7.748842392578874296e+02
7.748923392941152315e+02
7.748991726580110253e+02
7.751143069535413588e+02
7.784648552723409693e+02
7.784726553072268871e+02
7.784793553371930557e+02
7.784887220457527519e+02
7.785078554646610201e+02
7.785142554932854182e+02
7.785482223118700631e+02
7.785622890414508674e+02
7.796039937005181173e+02
7.812590677695720842e+02
7.829206418676977819e+02
7.830678758595412319e+02
7.885523337223396538e+02
7.885691337974786848e+02
7.918755819190382681e+02
7.923199172396797394e+02
7.947842282614128635e+02
7.948461618717467445e+02
7.954340978346481279e+02
7.954892980815335477e+02
7.961025674910729322e+02
8.019870604763784740e+02
8.054222425070390727e+02
8.055663098180526731e+02
8.075606520711643270e+02
8.112832020537567814e+02
8.114177026553162477e+02
8.114263360272627779e+02
8.114352360670685584e+02
8.123103066475246123e+02
8.123240067087988336e+02
8.123358067615749860e+02
8.123500068250853019e+02
8.123713069203508894e+02
8.142756154374496873e+02
8.151595193907467092e+02
8.151690194332360306e+02
8.162221908102553698e+02
8.164937253580382048e+02
8.188051690293991669e+02
8.239908588892785701e+02
8.261758686618252341e+02
8.293182160494375239e+02
8.295336170128273352e+02
8.306289885785887463e+02
8.346318398148400775e+02
8.350662417577207179e+02
8.352649093129363109e+02
8.352836093965731834e+02
8.356070108429995571e+02
8.371576177781532806e+02
8.371638844728480535e+02
8.385733241099585484e+02
8.404199657024729504e+02
8.404304990829172084e+02
8.404541658554344394e+02
8.407593338869777426e+02
8.408874677933953308e+02
8.409126012391391214e+02
8.436922470045532236e+02
8.442856496585712875e+02
8.442919163532660605e+02
8.460756576644562301e+02
8.462093582624377177e+02
8.467344272774972751e+02
8.484785684115740878e+02
8.485035685233881395e+02
8.485145019056213869e+02
8.488996036280049111e+02
8.500752422194304927e+02
8.511822471705560247e+02
8.513347478526217174e+02
8.525755867356583622e+02
8.526069202091318857e+02
8.527474541710091671e+02
8.539730929860629658e+02
8.565093709963381343e+02
8.622793634695351557e+02
8.623290970253040086e+02
8.623539638031883214e+02
8.623692305381360939e+02
8.639654043437562905e+02
8.639756377228587780e+02
8.639790710715478781e+02
8.639900711207460517e+02
8.640088712048302568e+02
8.640232712692351242e+02
8.644442731521834276e+02
8.644493065080287124e+02
8.644888066846948504e+02
8.669949845603459835e+02
8.679674222429471229e+02
8.680261891724512680e+02
8.713363039770769092e+02
8.745823851619761626e+02
8.746056519327044043e+02
8.756464232542639365e+02
8.756925901274139505e+02
8.756990901564855676e+02
8.757143235579509337e+02
8.795399740016644046e+02
8.823363198417703188e+02
8.823993867905065827e+02
8.824167202013643418e+02
8.882684797069344995e+02
8.895714188677171705e+02
8.895770522262459963e+02
8.896108857109010160e+02
8.896146523944144064e+02
8.896716526493502215e+02
8.896807860235329599e+02
8.896918194062136536e+02
8.897003861111951437e+02
8.897065194719602914e+02
8.936585038140407278e+02
8.936619371627298278e+02
8.958042467442980978e+02
8.958075134255752801e+02
8.958123134470436071e+02
8.958157134622501871e+02
8.958210801529196488e+02
8.961969485006729883e+02
8.969057516708246567e+02
8.969421185001434651e+02
8.969689186200080258e+02
8.999537319697094517e+02
9.009541031105775346e+02
9.014537053450692383e+02
9.025896437589342440e+02
9.027429111110955091e+02
9.071426641225064031e+02
9.077018999570451570e+02
9.077104999955091671e+02
9.117506513985871379e+02
9.117884515676499859e+02
9.118278850773513113e+02
9.145471972395876037e+02
9.150746662653813246e+02
9.150828996355387517e+02
9.150916663414149070e+02
9.151093664205792493e+02
9.174673102999142884e+02
9.174746769995288105e+02
9.269986195957567361e+02
9.304169015508310849e+02
9.346289203892598607e+02
9.352454231465940211e+02
9.352497231658260262e+02
9.358366591242546519e+02
9.362891611480887377e+02
9.362976611861055289e+02
9.363067945602882673e+02
9.363144612612445599e+02
9.383135368688597282e+02
9.399058106570369091e+02
9.419754865804148949e+02
9.424730888059614244e+02
9.425156889964924858e+02
9.431457584811711286e+02
9.439320953314286271e+02
9.464351065262499105e+02
9.478712796162602672e+02
9.492334190418185926e+02
9.529574690311197855e+02
9.554428801472239456e+02
9.555539139771607324e+02
9.560622829175285915e+02
9.560787829913258520e+02
9.566647856122468738e+02
9.578708910066031876e+02
9.580112249675860312e+02
9.584147601057469501e+02
9.584179601200592060e+02
9.635491830696663555e+02
9.635640164693427323e+02
9.655046251487954123e+02
9.657410928730738533e+02
9.657486595735829269e+02
9.657630596379877943e+02
9.657811263854587196e+02
9.657849597359368090e+02
9.658213932322205437e+02
9.658269599237844432e+02
9.658816601684335410e+02
9.659006269199297776e+02
9.666102300936594247e+02
9.676339346722205619e+02
9.676451347223132871e+02
9.676521347536211124e+02
9.714891185813570473e+02
9.715120520172611123e+02
9.715188187141920935e+02
9.715350854536123961e+02
9.715395521402565464e+02
9.715506521899019390e+02
9.738929626659826226e+02
9.755460700595739354e+02
9.767582088142480643e+02
9.767775089005685913e+02
9.771988774518234777e+02
9.816685307758665431e+02
9.824885344433668024e+02
9.828896695707937852e+02
9.828899362386530356e+02
9.847260777842055859e+02
9.851292795875423280e+02
9.851403796371877206e+02
9.851477463368022427e+02
9.851527796926475276e+02
9.851652797485544397e+02
9.973820010550134612e+02
1.001536752970646830e+03
1.001923221365809468e+03
1.002898759062275644e+03
1.004205231572194748e+03
1.005795138683120058e+03
1.006025006377879549e+03
1.010112991328228418e+03
1.014193642912444943e+03
1.017258956622187611e+03
1.019059831343340988e+03
1.019070298056820548e+03
1.019075131411771281e+03
1.019086464795793631e+03
1.019095031500775235e+03
1.019099731521796230e+03
1.021248241131094460e+03
1.023225416640760500e+03
1.023235550019415882e+03
1.023241283378391813e+03
1.023244616726633694e+03
1.023253750100816433e+03
1.023294783617673943e+03
1.023768119068019587e+03
1.023788019157023541e+03
1.025077024922155260e+03
1.028291572632686439e+03
1.028302806016261684e+03
1.028848641790867987e+03
1.029102609593416219e+03
1.032270323761149029e+03
1.032785526065412796e+03
1.032795059441384637e+03
1.034462066897144496e+03
1.035825006326280800e+03
1.035895106639807409e+03
1.036802244030350266e+03
1.037928515734314033e+03
1.038434884665736490e+03
1.042219568259557263e+03
1.042955104882608794e+03
1.042960771574619912e+03
1.042995471729817837e+03
1.045790650898039075e+03
1.047715992842543983e+03
1.049575567826236920e+03
1.049718168464024075e+03
1.051283508798407183e+03
1.054680790659557715e+03
1.054690157368117298e+03
1.055535627816185524e+03
1.055546361197524448e+03
1.055678328454420125e+03
1.058525907857003631e+03
1.062734060011471911e+03
1.064535634735756275e+03
1.065698706604309791e+03
1.065867107357489203e+03
1.066361976237477393e+03
1.066697177736680032e+03
1.067109212912857856e+03
1.071603666347820536e+03
1.078843098726481685e+03
1.078974032645422312e+03
1.078977899329383035e+03
1.079010999477424548e+03
1.079866569970665978e+03
1.080006603930306937e+03
1.081227609391304441e+03
1.081801011955871218e+03
1.082116980035718143e+03
1.082237813909486022e+03
1.082243747269356618e+03
1.083576486563421440e+03
1.083870287877460214e+03
1.084634457961909220e+03
1.084749891811525231e+03
1.084768425227750186e+03
1.084792125333749709e+03
1.085397228040096707e+03
1.085403161399967303e+03
1.086823501085828639e+03
1.086837534481926923e+03
1.087000168542647771e+03
1.087210369482780152e+03
1.088391641432734787e+03
1.088497075237624813e+03
1.089054577731078098e+03
1.089070711136568661e+03
1.089470346257286565e+03
1.090040982142812709e+03
1.090044348824536883e+03
1.090050748853161167e+03
1.090064482247917795e+03
1.090194449495868412e+03
1.090271283172843596e+03
1.092031691046340484e+03
1.092697027355418186e+03
1.095485206492331599e+03
1.095489973180317520e+03
1.097633416100288059e+03
1.097657649542006538e+03
1.097663516234912095e+03
1.097667449585837630e+03
1.101487200003163025e+03
1.103260141266049686e+03
1.104868648460164422e+03
1.106025786968847797e+03
1.108424864365487565e+03
1.108693698901194693e+03
1.108857632967729842e+03
1.109229667965005092e+03
1.110856608574897564e+03
1.111705312370760566e+03
1.111824546237372260e+03
1.111981180271257927e+03
1.113007884863236768e+03
1.113699054621188907e+03
1.114450624649283554e+03
1.114457991348898076e+03
1.115765863865078927e+03
1.115781030599579253e+03
1.115784630615680499e+03
1.115806664047559252e+03
1.116221132567953646e+03
1.116253866047688689e+03
1.118311508583913565e+03
1.118684043583425137e+03
1.118965178174144739e+03
1.121720823832217320e+03
1.121818024266950260e+03
1.121841824373397230e+03
1.121848091068091890e+03
1.121853457758761351e+03
1.121862524465979277e+03
1.121912824690949037e+03
1.121925958083022124e+03
1.121963424917260681e+03
1.122857762250554970e+03
1.123661699179529478e+03
1.123678099252879520e+03
1.125348973392599873e+03
1.125900509192699928e+03
1.128748155262248247e+03
1.130568130068827713e+03
1.130587563489077866e+03
1.131771468784143281e+03
1.139735904405411702e+03
1.139741871098764705e+03
1.143348753897364077e+03
1.145443896601309916e+03
1.145593630604334976e+03
1.146616535179317907e+03
1.147264704744949768e+03
1.147455238930455153e+03
1.148293442679356076e+03
1.148918345474259922e+03
1.149282347102272297e+03
1.149305680539965351e+03
1.149324480624049556e+03
1.149334247334398015e+03
1.151156655485194051e+03
1.152754729299312203e+03
1.153006997094256803e+03
1.154867505415457572e+03
1.154874438779800585e+03
1.156135644420595099e+03
1.156989148237926429e+03
1.157010414999709383e+03
1.158341387619206216e+03
1.158353887675113356e+03
1.159491692763993797e+03
1.159495526114471886e+03
1.159510959516831690e+03
1.159967461558556124e+03
1.161610668907869012e+03
1.161636335689331418e+03
1.161693835946503668e+03
1.161707569341260296e+03
1.161716636048478222e+03
1.161721436069946321e+03
1.161762236252426874e+03
1.161770136287760124e+03
1.161798036412544661e+03
1.164321114363782044e+03
1.164847416717691203e+03
1.165448852740971915e+03
1.167624929140230506e+03
1.169169169380242238e+03
1.169179369425862205e+03
1.169185369452697614e+03
1.174210891929555146e+03
1.175082229159980443e+03
1.176491502129678793e+03
1.176970137603729199e+03
1.181544891397838455e+03
1.183185532069005149e+03
1.183599867255469690e+03
1.183824368259559833e+03
1.185506175781513775e+03
1.185746910191541701e+03
1.185779610337794338e+03
1.185787477039645182e+03
1.185793843734787288e+03
1.185839110603911649e+03
1.186699314451209148e+03
1.188988191354972741e+03
1.188993991380913485e+03
1.192495507041587416e+03
1.194292348411368266e+03
1.195104652044429940e+03
1.197098427628340232e+03
1.197125961084818300e+03
1.197129294433060068e+03
1.197163927921293180e+03
1.197201528089461362e+03
1.197465195935393467e+03
1.197470962627852032e+03
1.197499562755767329e+03
1.197906964577888630e+03
1.197911964600251622e+03
1.197922831315519943e+03
1.197967164847136928e+03
1.199865673338294982e+03
1.202289517512371731e+03
1.207281973174669929e+03
1.207850875719110036e+03
1.211886927103850439e+03
1.211904660516497188e+03
1.214168503974964324e+03
1.214178470686207220e+03
1.214306937927449098e+03
1.214312504619013225e+03
1.214322037994984612e+03
1.214346504771080163e+03
1.214353104800598885e+03
1.214587839183791630e+03
1.214591005864621366e+03
1.214605972598227254e+03
1.214800373467693362e+03
1.214806206827116739e+03
1.217372151636744547e+03
1.217432118571615774e+03
1.217440851944009410e+03
1.220324631508499806e+03
1.221074701529885715e+03
1.221134835132168973e+03
1.222002505679528213e+03
1.222189439848932352e+03
1.229633973144915899e+03
1.230224942454717166e+03
1.230720044669082426e+03
1.230979745830606817e+03
1.230986879195844267e+03
1.231375714268258662e+03
1.231477048054811576e+03
1.235562699661390980e+03
1.238370745553825827e+03
1.238380112262385410e+03
1.240903456881482271e+03
1.243384367977459988e+03
1.244191104918957535e+03
1.244205771651221994e+03
1.244217638370962959e+03
1.244926774875938690e+03
1.245368543518433853e+03
1.245398276984751192e+03
1.246364981308376628e+03
1.246854050162423846e+03
1.246970850684818970e+03
1.247761020885554672e+03
1.248558124450633386e+03
1.249282827691898774e+03
1.249297361090233380e+03
1.251769305479440391e+03
1.251953639637215929e+03
1.251960373000664504e+03
1.251981306427623394e+03
1.252018573260967514e+03
1.252059106775588589e+03
1.252101906967014202e+03
1.256191891926308017e+03
1.256728127657978121e+03
1.259656140753637828e+03
1.259835474889050602e+03
1.260383410673049411e+03
1.260717778835191439e+03
1.261193314295376922e+03
1.262218785548506276e+03
1.262362352857283668e+03
1.264770763629000840e+03
1.264781497010339535e+03
1.264883797467882687e+03
1.265334799485007807e+03
1.265348099544492698e+03
1.267644243147423595e+03
1.267665409908759557e+03
1.268236345795627130e+03
1.268926782216966103e+03
1.271158125530074813e+03
1.271166825568986042e+03
1.272450831311755110e+03
1.273963338076503987e+03
1.273966738091710795e+03
1.274071238559093672e+03
1.275199376938072419e+03
1.275223243711484201e+03
1.275334544209280239e+03
1.275529578414912294e+03
1.275534211768968362e+03
1.275545245151649169e+03
1.275782279545128631e+03
1.276248748298096189e+03
1.278909193530380890e+03
1.280908235804513652e+03
1.281396304654088453e+03
1.281409771380985603e+03
1.281572538775636303e+03
1.281590072187388387e+03
1.281597705554862387e+03
1.281601738906235141e+03
1.281612072285784961e+03
1.281624205673385177e+03
1.281647039108842137e+03
1.281815373195056509e+03
1.281822106558505084e+03
1.281843539987700524e+03
1.281851173355174296e+03
1.281895440219826241e+03
1.281909406948959713e+03
1.281962407186005521e+03
1.281982073940632517e+03
1.282027640811098991e+03
1.282053240925596356e+03
1.283083712201088701e+03
1.284201983869271771e+03
1.284224117301597744e+03
1.284235517352584793e+03
1.284240650708877411e+03
1.284360984580408967e+03
1.284590418939897063e+03
1.285778957589018773e+03
1.286803928839911805e+03
1.287230630748353633e+03
1.287717832927385643e+03
1.290523778810428212e+03
1.290781246628630470e+03
1.290795346691693339e+03
1.294973765379844053e+03
1.295505334423975455e+03
1.297407309597304902e+03
1.297543210205125888e+03
1.297731411046862149e+03
1.298083212620309041e+03
1.299125983950813861e+03
1.299128583962442463e+03
1.299144450700073776e+03
1.299487252233268009e+03
1.301445827659744282e+03
1.301456894375907268e+03
1.302475132263351725e+03
1.303435436558352421e+03
1.304227840102410255e+03
1.305019243641995445e+03
1.305946081120647705e+03
1.306062614975183351e+03
1.306066814993968364e+03
1.306132048619061607e+03
1.307300720512661883e+03
1.307536988236045772e+03
1.307570321718464356e+03
1.310481834740327031e+03
1.314612853216478470e+03
1.316540695172164533e+03
1.317358298828930856e+03
1.317762767304599492e+03
1.318733971648351144e+03
1.320800114222593038e+03
1.321446050444902767e+03
1.322932723760777435e+03
1.324474797324432075e+03
1.324483930698614813e+03
1.326575706720836479e+03
1.326882274758641415e+03
1.327875845869095883e+03
1.329357152494301317e+03
1.329716620768704615e+03
1.329957221844802916e+03
1.332640233844685326e+03
1.332709834155975614e+03
1.332713100837252568e+03
1.332718534194886615e+03
1.332723567550732014e+03
1.335887915036740651e+03
1.341167438649628593e+03
1.341333506059038655e+03
1.342114976220863127e+03
1.346890997581816691e+03
1.348765472632150704e+03
1.348783372712209257e+03
1.348789139404667822e+03
1.348951306796634753e+03
1.352402555565821331e+03
1.355600203200766146e+03
1.356064538610858790e+03
1.357440878099927659e+03
1.359049885296278944e+03
1.359785855254601756e+03
1.360364457842425736e+03
1.360366591185300649e+03
1.360682225930323511e+03
1.361129027928663845e+03
1.363060736568310858e+03
1.363070503278659544e+03
1.363083703337697443e+03
1.363421338181116653e+03
1.363428138211529813e+03
1.363454838330947496e+03
1.364298508770965100e+03
1.364306275472368498e+03
1.365089045640007271e+03
1.368591061302917296e+03
1.368655161589608724e+03
1.371135772684244330e+03
1.371136639354787349e+03
1.375327824766704452e+03
1.375345958181140304e+03
1.375350158199925090e+03
1.375360358245545058e+03
1.375464858712927708e+03
1.378279304633987294e+03
1.379267842388596364e+03
1.379387142922173098e+03
1.381305018166616264e+03
1.388979285823429791e+03
1.390512626014690568e+03
1.390555892874870096e+03
1.390557959550779970e+03
1.393719640358195193e+03
1.396105851030621352e+03
1.396419552433663739e+03
1.396590619865436793e+03
1.396736220516641424e+03
1.396738787194787847e+03
1.397081522061017040e+03
1.398587595463659454e+03
1.398741462818504260e+03
1.400291536417939369e+03
1.401901910287069768e+03
1.401973510607305116e+03
1.401982843982382519e+03
1.402248911839048560e+03
1.402252045186395890e+03
1.402305345424783582e+03
1.402751614087405187e+03
1.405213325097509824e+03
1.405392059230238829e+03
1.405949528390209480e+03
1.407115200270391824e+03
1.407704802907414205e+03
1.409940679574131764e+03
1.409952846295214613e+03
1.409978646410606871e+03
1.410002346516606622e+03
1.410019879928358932e+03
1.410281747766240187e+03
1.410785683353446302e+03
1.411092584726075529e+03
1.411395886082603283e+03
1.411539320057450823e+03
1.412847625908903183e+03
1.417240745557312948e+03
1.419504389014885192e+03
1.419511089044851360e+03
1.419968957759355135e+03
1.420022491332119444e+03
1.422500502415126675e+03
1.427773225997601457e+03
1.427778592688270692e+03
1.429154498842068051e+03
1.430157436661082329e+03
1.430160803342806503e+03
1.430285603900982323e+03
1.431338875278448995e+03
1.432467746994041136e+03
1.435811128614120435e+03
1.435848462114429594e+03
1.438410873574920970e+03
1.439102943336898306e+03
1.439108110026673330e+03
1.440678983719137705e+03
1.440688783762968797e+03
1.442923727092178524e+03
1.442950693879455457e+03
1.442954727230827984e+03
1.442963393936257035e+03
1.442979160673440902e+03
1.442992827401232717e+03
1.446153574871139881e+03
1.447754382030816487e+03
1.449671657272575885e+03
1.450992363179487938e+03
1.459381434033288315e+03
1.462549414868880376e+03
1.463056850471740518e+03
1.465554361641962714e+03
1.469361878671240447e+03
1.474446334745014383e+03
1.479206689369230844e+03
1.483487908517161031e+03
1.483934243846747449e+03
1.484880481412167683e+03
1.487823127906609216e+03
1.488762165439826958e+03
1.491008308819129525e+03
1.491944746340718439e+03
1.493864354926247415e+03
1.498632309584455697e+03
1.498648409656463855e+03
1.499472080007030172e+03
1.499712847750540732e+03
1.500210283308675116e+03
1.501348788400686317e+03
1.501370455164258601e+03
1.502800261559126739e+03
1.502806361586409366e+03
1.503389564194807235e+03
1.503433064389363835e+03
1.503627065257040613e+03
1.505693174497799873e+03
1.507219714658647263e+03
1.510003693776775890e+03
1.511943102450861488e+03
1.514621181095345946e+03
1.514647581213421518e+03
1.518948767117320585e+03
1.522063781049349245e+03
1.522067347731968084e+03
1.522074181095863878e+03
1.522123881318150325e+03
1.522146681420124651e+03
1.524661559334686899e+03
1.524664592681587237e+03
1.526692968420248462e+03
1.527478171932103578e+03
1.528076541275002000e+03
1.528079574621902111e+03
1.528083041304073504e+03
1.528770544378959585e+03
1.530036650041669645e+03
1.530642519418111988e+03
1.533555365779271369e+03
1.533563799150323348e+03
1.533566532495881802e+03
1.533581999231724012e+03
1.533596565963541025e+03
1.541404567551818445e+03
1.541723935646872178e+03
1.544280047079186488e+03
1.547981896969196669e+03
1.549874538767448939e+03
1.549878138783550185e+03
1.550909010060831179e+03
1.553797522979825089e+03
1.554239458289732511e+03
1.558285009716962122e+03
1.558911712519916364e+03
1.559877183504692084e+03
1.564457470656882833e+03
1.564785805458707273e+03
1.565328841220790537e+03
1.565873476990029758e+03
1.565877277007025441e+03
1.565880610355267208e+03
1.565923543880622674e+03
1.565938743948605634e+03
1.567088615758121705e+03
1.567558517859778249e+03
1.567612084766025191e+03
1.567694351800634422e+03
1.567937619555326137e+03
1.567943486248231920e+03
1.567946819596473688e+03
1.573582678136418053e+03
1.573627845005095423e+03
1.573637745049373734e+03
1.576807592559981458e+03
1.576818725943109257e+03
1.576836826024062702e+03
1.576844992727255203e+03
1.578710434403853696e+03
1.579647305260714120e+03
1.579668305354637823e+03
1.579676405390865739e+03
1.582666518764271586e+03
1.583546022697889384e+03
1.585028062659707984e+03
1.588544078385233888e+03
1.588561511796538980e+03
1.588563978474237729e+03
1.588571878509571206e+03
1.588812379585222288e+03
1.588815512932569391e+03
1.588821179624580736e+03
1.588826112979978689e+03
1.589205614677315680e+03
1.589657716699360662e+03
1.594978707164377738e+03
1.596870548959051803e+03
1.598582689950006852e+03
1.600482965115732895e+03
1.600488931809085670e+03
1.600515698595468166e+03
1.603957480655647714e+03
1.603964480686955540e+03
1.604683617236656801e+03
1.605233219694776608e+03
1.606481758612251951e+03
1.606531825502844868e+03
1.608508667677686844e+03
1.611060279089874484e+03
1.611640015016100961e+03
1.611662881785040099e+03
1.611670581819478912e+03
1.611850649291504624e+03
1.611854282641088503e+03
1.611862082675974307e+03
1.612074716960323258e+03
1.612258417781932849e+03
1.612273984518222505e+03
1.613219088745240015e+03
1.615624466170057076e+03
1.615629266191525403e+03
1.615798633615695053e+03
1.615832800435174022e+03
1.615852900525072528e+03
1.615856267206796929e+03
1.615883433994968073e+03
1.617693142088962531e+03
1.621814827190036567e+03
1.621822993893229295e+03
1.621832460602236097e+03
1.621860194059608602e+03
1.621863160739543900e+03
1.621864860747147077e+03
1.621881760822733213e+03
1.623190300008562417e+03
1.623676935518393293e+03
1.624508772572152338e+03
1.628057421776966294e+03
1.628070721836451185e+03
1.629465961410051477e+03
1.629655762258943469e+03
1.632134006676327772e+03
1.632342207607515093e+03
1.632350740979014290e+03
1.632671775748188793e+03
1.636543859732911869e+03
1.636900561328274307e+03
1.638535668641359734e+03
1.639158404759905807e+03
1.641739616304481615e+03
1.641745049662115662e+03
1.641760783065817350e+03
1.644818930076840161e+03
1.645105564692158396e+03
1.648102078094188755e+03
1.653447402001371529e+03
1.653587102626188425e+03
1.653818103659350072e+03
1.653825537025929407e+03
1.654093838225917807e+03
1.657615887311761526e+03
1.657623054010481610e+03
1.657635720733800781e+03
1.657751287917346417e+03
1.657932855396081095e+03
1.658139522987077271e+03
1.658182256511537844e+03
1.658195323236645891e+03
1.658230223392738480e+03
1.658272956917199053e+03
1.658291456999941602e+03
1.658316123776931590e+03
1.658320757130987658e+03
1.658445391021751220e+03
1.661823106128721975e+03
1.662494742465976742e+03
1.663834648458761649e+03
1.665137454285614695e+03
1.667755832663087403e+03
1.677252575137661552e+03
1.679617185713480467e+03
1.679873686860692260e+03
1.679878686883055025e+03
1.679889653598770792e+03
1.679914053707901303e+03
1.679940287158564843e+03
1.680031920901733884e+03
1.683488269693730444e+03
1.683586036797664747e+03
1.683711037356734778e+03
1.683720937401013316e+03
1.683730270776090265e+03
1.683739537484202629e+03
1.686261982099274064e+03
1.686270282136396418e+03
1.689910398416967382e+03
1.690951003071114883e+03
1.690971869831108734e+03
1.690990436580816095e+03
1.692429709684691261e+03
1.692490443289658288e+03
1.692981812153992450e+03
1.692987678846898234e+03
1.692991412196929105e+03
1.693166646314004311e+03
1.697485198962243203e+03
1.698123168482255096e+03
1.698290435897032012e+03
1.699766009163261288e+03
1.702756122536667363e+03
1.703748560308719789e+03
1.704160562151414979e+03
1.704176595556458551e+03
1.705606235283914884e+03
1.705625268702375706e+03
1.708264913841631596e+03
1.708504348245844994e+03
1.713698738144635854e+03
1.713711171533578181e+03
1.714671275827684440e+03
1.714689742576944354e+03
1.715887414600248576e+03
1.715897347978009520e+03
1.718286591997335563e+03
1.720810436618668518e+03
1.720901437025671612e+03
1.722145609256950138e+03
1.722173909383523551e+03
1.722182009419751466e+03
1.722185676102817524e+03
1.724253818686004252e+03
1.724268618752198108e+03
1.724416186078865849e+03
1.724582586823099973e+03
1.724618186982323323e+03
1.724816187867890449e+03
1.725025588804444624e+03
1.725270789901116814e+03
1.725283756625777642e+03
1.726010059874198987e+03
1.726493328702305462e+03
1.726536095560248896e+03
1.726715229694767004e+03
1.727156898336814947e+03
1.727242798721007830e+03
1.727249232083114975e+03
1.727271198848028689e+03
1.729199840807293185e+03
1.732078920350762246e+03
1.732100020445133396e+03
1.732103553794269828e+03
1.732117887191709769e+03
1.732138287282949932e+03
1.732220420983629765e+03
1.732231054364521242e+03
1.732236787723497400e+03
1.732245987764644951e+03
1.741823330599707788e+03
1.745386346535444090e+03
1.752060143050942315e+03
1.752065276407234705e+03
1.752075143118030610e+03
1.752082876485951829e+03
1.752091509857898245e+03
1.752102776574955669e+03
1.753406415738869327e+03
1.755915460294008426e+03
1.757515200782247121e+03
1.762862324697480744e+03
1.764262097624689659e+03
1.764954900723280161e+03
1.765267235453543663e+03
1.766934409576715552e+03
1.766948842974602940e+03
1.766956009673323024e+03
1.769441420789426957e+03
1.772131766155441483e+03
1.772136499509945224e+03
1.774728977771578002e+03
1.775499847885993404e+03
1.777078988282097498e+03
1.778222326729059432e+03
1.778288760359519983e+03
1.778301860418110437e+03
1.778343327270239342e+03
1.779339031723568723e+03
1.779343631744142613e+03
1.781166939898963847e+03
1.781273540375739003e+03
1.781276973724427990e+03
1.781280607074011641e+03
1.781763175898987583e+03
1.782652113208129549e+03
1.782681513339623052e+03
1.782888447598478479e+03
1.782969481294238221e+03
1.783019414850901512e+03
1.783023081533967570e+03
1.783032381575562340e+03
1.785211857990027738e+03
1.788180704601650632e+03
1.789188275774720978e+03
1.789401210060411586e+03
1.789406476750633828e+03
1.789446510263018808e+03
1.795234502816721943e+03
1.795586504391063499e+03
1.796872776810636879e+03
1.797330712192105239e+03
1.797337212221176969e+03
1.798021215280408796e+03
1.800478526270834209e+03
1.800488559649042145e+03
1.801120429141771410e+03
1.801296863264213698e+03
1.801303929962486336e+03
1.801371363597419304e+03
1.801395630372620190e+03
1.805169780585996705e+03
1.805177913955707027e+03
1.805187880666950150e+03
1.805230247523104254e+03
1.808549062366641238e+03
1.811596809331149188e+03
1.813758785667344455e+03
1.813818552601321244e+03
1.813910953014586084e+03
1.813944053162627824e+03
1.813948353181859829e+03
1.813962019909651417e+03
1.813970919949457311e+03
1.813981086661595100e+03
1.813994720055904281e+03
1.814012886803822539e+03
1.814020020169059990e+03
1.814838657163781136e+03
1.817616969589898645e+03
1.820247681355866234e+03
1.820280748170425568e+03
1.820292614890166533e+03
1.820297614912529298e+03
1.820787250435777878e+03
1.820794983803699097e+03
1.820803983843951983e+03
1.820866384123040007e+03
1.820883317532108549e+03
1.820955617855474884e+03
1.820966784572085089e+03
1.820974184605182018e+03
1.821003384735780855e+03
1.821223819055015838e+03
1.821242252470793119e+03
1.821254952527594696e+03
1.821266652579923630e+03
1.821272352605417382e+03
1.821401486516307386e+03
1.821494020263501852e+03
1.821520920383813746e+03
1.821597320725517420e+03
1.821765854812626458e+03
1.821783054889554478e+03
1.822317990615410054e+03
1.822334657356619346e+03
1.822342524058470190e+03
1.822346857411184601e+03
1.822853359676536911e+03
1.822894126525535285e+03
1.822929726684758407e+03
1.822947293429992897e+03
1.823155627695109843e+03
1.823158727708974993e+03
1.823188127840468042e+03
1.823212861284422843e+03
1.823610796397537570e+03
1.823680096707485973e+03
1.823693496767418310e+03
1.823785597179341266e+03
1.823821130671599576e+03
1.824146098791699842e+03
1.824151765483710733e+03
1.824153065489525261e+03
1.824788701665767576e+03
1.824794935026979829e+03
1.824836968548309869e+03
1.824871335368683731e+03
1.824875135385679414e+03
1.825901706643728630e+03
1.826070007396460596e+03
1.826099840863225381e+03
1.826720876974168505e+03
1.826737243714035912e+03
1.826761343821824767e+03
1.826778077229998871e+03
1.826791643957343467e+03
1.826806744024878981e+03
1.826820777420977265e+03
1.826828910790687360e+03
1.827269612761745293e+03
1.827814148530537295e+03
1.827832048610596303e+03
1.827855715383113647e+03
1.827862915415315911e+03
1.827871582120744733e+03
1.827883682174862770e+03
1.827892615548151070e+03
1.827939115756125148e+03
1.828748819377558220e+03
1.828768986134421539e+03
1.829288655125329115e+03
1.830598060981701337e+03
1.830628827785973499e+03
1.830637561158367362e+03
1.830648927875872232e+03
1.830657794582195493e+03
1.830695394750363903e+03
1.830921895763399107e+03
1.830935429157261069e+03
1.830952395899812018e+03
1.830996462763569752e+03
1.831030196247777440e+03
1.831079429801309971e+03
1.831773099570443264e+03
1.835388115738752958e+03
1.835544083102990044e+03
1.835549749795001162e+03
1.835554749817364154e+03
1.835589283305149820e+03
1.835612383408466030e+03
1.835625283466162045e+03
1.835711350517767414e+03
1.837393158039720902e+03
1.837402558081763118e+03
1.837417191480544943e+03
1.837777726426385698e+03
1.837785493127789323e+03
1.839793335441280760e+03
1.839875335808030513e+03
1.839883835846047532e+03
1.839952936155101497e+03
1.840013003090419943e+03
1.840153937054086327e+03
1.840179637169031139e+03
1.840223304030999543e+03
1.840288570989575419e+03
1.842314813385361731e+03
1.842343780181583725e+03
1.842596147976975772e+03
1.842795282200945167e+03
1.842988449731561559e+03
1.842994283090984936e+03
1.843029049913147674e+03
1.843061483391541060e+03
1.843104050248589829e+03
1.843117583642451791e+03
1.843218484093733196e+03
1.843302717803805308e+03
1.844495156470369920e+03
1.844509856536116786e+03
1.844515789895987155e+03
1.847958971962428222e+03
1.849989181042622477e+03
1.849994981068563220e+03
1.850226815438785707e+03
1.852195724244811800e+03
1.852216891006147534e+03
1.852221991028957746e+03
1.852821693711152875e+03
1.854359267254680844e+03
1.862877638686783484e+03
1.864083244078903590e+03
1.864087177429828898e+03
1.864352178615057710e+03
1.864365912009814110e+03
1.864374645382207746e+03
1.864384078757732368e+03
1.864395278807824980e+03
1.864422645596890789e+03
1.864435178986280107e+03
1.864469145804865093e+03
1.867501826035319482e+03
1.869379467766483458e+03
1.870237638271353262e+03
1.870541806298424035e+03
1.870629506690667540e+03
1.870637440059483197e+03
1.872737016116590894e+03
1.872753516190388154e+03
1.874166555843599781e+03
1.874175489216888082e+03
1.874228889455722765e+03
1.874237489494187002e+03
1.874261089599739307e+03
1.875430028161198834e+03
1.876010464090555843e+03
1.876233431754454841e+03
1.876240565119692292e+03
1.876264131891762418e+03
1.876268531911441414e+03
1.876277731952589193e+03
1.876287831997762169e+03
1.876317132128807998e+03
1.876355532300554387e+03
1.876407432532680332e+03
1.876416499239898030e+03
1.877620171290038115e+03
1.877626537985179993e+03
1.877638071370096895e+03
1.877704271666180603e+03
1.877799672092862693e+03
1.879138111412421495e+03
1.880372083598079826e+03
1.880383816983891165e+03
1.880669051592948335e+03
1.882685393944456337e+03
1.882694393984709222e+03
1.887013613302596696e+03
1.888597420386239492e+03
1.888610887113136641e+03
1.889594091510559110e+03
1.893605376117862306e+03
1.893688509823014556e+03
1.894060944822078909e+03
1.894720047769944131e+03
1.894729547812433566e+03
1.894747181224632868e+03
1.894858348388499508e+03
1.895560218194307708e+03
1.895566651556414627e+03
1.895601518379024583e+03
1.895604618392889506e+03
1.895930086515225867e+03
1.896251454619224887e+03
1.896260387992512960e+03
1.896266921355067097e+03
1.896295388149052769e+03
1.896313554896970800e+03
1.896468422256288250e+03
1.897262125806160157e+03
1.897293525946598720e+03
1.897297892632795310e+03
1.897511626922064352e+03
1.898040262619742634e+03
1.898153829794343210e+03
1.899672803254681639e+03
1.900752774751565539e+03
1.901348310748458289e+03
1.901365977494140225e+03
1.901388144259948604e+03
1.901391444274708192e+03
1.901408344350294556e+03
1.901468277951683149e+03
1.901587278483918226e+03
1.901809412810756385e+03
1.901816912844300532e+03
1.901829412900207672e+03
1.901845346304803797e+03
1.904087556333180828e+03
1.904130289857641856e+03
1.904862193131109507e+03
1.904879426541519933e+03
1.904882326554490646e+03
1.905050793974634644e+03
1.905147694408025700e+03
1.905154027769685399e+03
1.905164427816200032e+03
1.905179594550700358e+03
1.905197727965136437e+03
1.905240261488702572e+03
1.905287595033737261e+03
1.905557829575705682e+03
1.905561662926183999e+03
1.905569696295446647e+03
1.906840668646590075e+03
1.906851968697129905e+03
1.908347608719775280e+03
1.908551909633519472e+03
1.908561543009938532e+03
1.908574643068528985e+03
1.908587476459260188e+03
1.908652976752213135e+03
1.908659410114319826e+03
1.908669476826010396e+03
1.908701810303956563e+03
1.908743910492251189e+03
1.908753477201705664e+03
1.908766443926366492e+03
1.908966078152571981e+03
1.909005344994861161e+03
1.909086178689726694e+03
1.909130645555273304e+03
1.909219179284577422e+03
1.909298979641487676e+03
1.909548280756497206e+03
1.909660581258765887e+03
1.912285526332274912e+03
1.912289226348823377e+03
1.912473060504362593e+03
1.912784428563635856e+03
1.913455231563830012e+03
1.913876433447672980e+03
1.915072672131233503e+03
1.917050480977065263e+03
1.918578154476314921e+03
1.918599387904615696e+03
1.918777922036450491e+03
1.919215457326678461e+03
1.919220657349935891e+03
1.920672730511059626e+03
1.920701630640316807e+03
1.921470634079716547e+03
1.921497867534852730e+03
1.922141470413393108e+03
1.922149737117033055e+03
1.925226684212139617e+03
1.927207559738354348e+03
1.928164030682876728e+03
1.928197530832707571e+03
1.929545636862167839e+03
1.929550036881847063e+03
1.929568870299413675e+03
1.930335907063350760e+03
1.930340007081688100e+03
1.935389029663650945e+03
1.936034365883277133e+03
1.936073199390294803e+03
1.938388276411239531e+03
1.938822811688050024e+03
1.938825978368879760e+03
1.938837178418972599e+03
1.938842911777948302e+03
1.940895987627081922e+03
1.941255189233625970e+03
1.941271355972599167e+03
1.943564666229524164e+03
1.943710066879834585e+03
1.943719466921876574e+03
1.943727566958104489e+03
1.944323802958127999e+03
1.945107906465063252e+03
1.947022415027782245e+03
1.948145886719222744e+03
1.950043328538943115e+03
1.950051261907758771e+03
1.950054195254211663e+03
1.950103995476945329e+03
1.952077337636133279e+03
1.952679340328615126e+03
1.953866112303168620e+03
1.954057746493593868e+03
1.954291247537936897e+03
1.954346581118752056e+03
1.954439781535594648e+03
1.954455648273225961e+03
1.955019517461820897e+03
1.955304018734264901e+03
1.955505519635485825e+03
1.955509319652481508e+03
1.955871654606373113e+03
1.955876721295700690e+03
1.955885521335059366e+03
1.955918254814794409e+03
1.955925321513067047e+03
1.956162122572169665e+03
1.956245989613935080e+03
1.958407465947894252e+03
1.958569966674685475e+03
1.958575133364460498e+03
1.958601666816465695e+03
1.958622500242977594e+03
1.966307334613717785e+03
1.966327868038887573e+03
1.968452744209150978e+03
1.972370628398716917e+03
1.973382399590572277e+03
1.973386632942839469e+03
1.974216869989442330e+03
1.974431170947912051e+03
1.974453604381580135e+03
1.974460204411099085e+03
1.974492537889045252e+03
1.974549438143533962e+03
1.974553404827941677e+03
1.974558571517716473e+03
1.974812605987229745e+03
1.980964900170287137e+03
1.982124538690151667e+03
1.982724074704934537e+03
1.986063589641053568e+03
1.991522047387565408e+03
1.991717848263292808e+03
1.992077883206897468e+03
1.992105483330340121e+03
1.992164383593773891e+03
1.992168283611217021e+03
1.992192683720347304e+03
1.992232083896566337e+03
1.992256817340521138e+03
1.993833757726785734e+03
1.993839424418796852e+03
1.993866891208309880e+03
2.002659097198482186e+03
2.002673230595027690e+03
2.002726930835204257e+03
2.002736330877246473e+03
2.002761064321200820e+03
2.005499043233591919e+03
2.007597685953191785e+03
2.007611686015807436e+03
2.007759086675063145e+03
2.007777153422534184e+03
2.007784453455183666e+03
2.007809220232620874e+03
2.007890587263204907e+03
2.008079654775483959e+03
2.008085154800083046e+03
2.010724866606303294e+03
2.010730833299656297e+03
2.011122035049322449e+03
2.011147535163372595e+03
2.011282835768510267e+03
2.011289635798923655e+03
2.011919105280918757e+03
2.012783875815307283e+03
2.013067243749349018e+03
2.013155544144276064e+03
2.013163177511750064e+03
2.013261311283990608e+03
2.013299578121807144e+03
2.013413811966056301e+03
2.013709946623863971e+03
2.014693284355216292e+03
2.014818284914286323e+03
2.014990152349637128e+03
2.015003519076087287e+03
2.015061452668530819e+03
2.016958127818155845e+03
2.016963494508825079e+03
2.017075561676716916e+03
2.020715444622910809e+03
2.022440719005938718e+03
2.023860292021704481e+03
2.027091773141304429e+03
2.028040610718353037e+03
2.028691146961236882e+03
2.028694446975996016e+03
2.029708051509384404e+03
2.029711184856731734e+03
2.029733118288163496e+03
2.029743685002090160e+03
2.029760518410711484e+03
2.030307620857649908e+03
2.030324154264929575e+03
2.032143662402755126e+03
2.032812365393556775e+03
2.032871265656990772e+03
2.033148166895442955e+03
2.033247900674839912e+03
2.033407034719906960e+03
2.037826787820768914e+03
2.040859234716846686e+03
2.040868734759336121e+03
2.040882901489364031e+03
2.043848748087569220e+03
2.045943357455796331e+03
2.045952657497391328e+03
2.045966157557770657e+03
2.045984924308372456e+03
2.048600936008593180e+03
2.050731578871314923e+03
2.053931926518335786e+03
2.053947259920248598e+03
2.053970426690529166e+03
2.054029160286550905e+03
2.054039226998241702e+03
2.055410033129228850e+03
2.055426099867754601e+03
2.057303474931059100e+03
2.057331908391562138e+03
2.057352241815837715e+03
2.057355575164079255e+03
2.060988624746377809e+03
2.063066100704641485e+03
2.063407502231574199e+03
2.063416002269590990e+03
2.066243714916653062e+03
2.066277648401755414e+03
2.066508416100540217e+03
2.068002956118265502e+03
2.068029956239024614e+03
2.071776839663782539e+03
2.071794573076429060e+03
2.071809206475211340e+03
2.073195379341593707e+03
2.075765090834735020e+03
2.080623879232533909e+03
2.081257148731524467e+03
2.082376853739451690e+03
2.082383187101111162e+03
2.082388587125262802e+03
2.082398387169094349e+03
2.082433687326975814e+03
2.084289462293672841e+03
2.086635972788538311e+03
2.089646752921043571e+03
2.089659186309985671e+03
2.092956167722538339e+03
2.092959067735508597e+03
2.092974134469562159e+03
2.093395136352510235e+03
2.105345789802303443e+03
2.105926792400861359e+03
2.105935692440667026e+03
2.109570742031910413e+03
2.115252167442321024e+03
2.116402239252731306e+03
2.116413439302823917e+03
2.117410577095897679e+03
2.119107518018869541e+03
2.121924863952899614e+03
2.122080364648382783e+03
2.124124473790745469e+03
2.126149682848576958e+03
2.126814919157206987e+03
2.126852619325822616e+03
2.126873719420193538e+03
2.128106558267450055e+03
2.128132891718560586e+03
2.128149025124051605e+03
2.128197825342312626e+03
2.128209158726334863e+03
2.130678303103018607e+03
2.130685103133431767e+03
2.134224252295756287e+03
2.136615929659299582e+03
2.136973497925204811e+03
2.137582267314618093e+03
2.137649067613385341e+03
2.137674734394847292e+03
2.137723034610872219e+03
2.137731567982371416e+03
2.137740768023518740e+03
2.137763468125046074e+03
2.137779701530983857e+03
2.137881301985396021e+03
2.138565238377663718e+03
2.138571571739323190e+03
2.140629714277783933e+03
2.141760186000532485e+03
2.144344564225937575e+03
2.145893004484734320e+03
2.149223119378811134e+03
2.149445587040473583e+03
2.149460120438808644e+03
2.151555996479367423e+03
2.151911831404187069e+03
2.151919531438625654e+03
2.152004965154065303e+03
2.152569034343554449e+03
2.153656239206123246e+03
2.153770306382960371e+03
2.155819482214650634e+03
2.155916882650277785e+03
2.158888529274424400e+03
2.159963934084216817e+03
2.164734522087535879e+03
2.165003156622348342e+03
2.165065790235812983e+03
2.165076490283669500e+03
2.166841564844705317e+03
2.166852664894350710e+03
2.166872731650766582e+03
2.166890631730825589e+03
2.168848973822925018e+03
2.169951478753924221e+03
2.172919458695003868e+03
2.173072192711446405e+03
2.174382631905773451e+03
2.174393165286217936e+03
2.174413932045764795e+03
2.178398449866685951e+03
2.184526310607130199e+03
2.184532643968789671e+03
2.184541210673771275e+03
2.184557710747568763e+03
2.187093422088642910e+03
2.187608824393800660e+03
2.187609591063896914e+03
2.189290231913965272e+03
2.189993068390764620e+03
2.190032735234842676e+03
2.190042635279120987e+03
2.190073135415534125e+03
2.190493637296246106e+03
2.190972139436366433e+03
2.192878781297235037e+03
2.193082548875260272e+03
2.193337216680939491e+03
2.193348483397996915e+03
2.193387683573321283e+03
2.195799194358903151e+03
2.197426434970137507e+03
2.197429368316590626e+03
2.197442101706874382e+03
2.197464568474024418e+03
2.198253205334568975e+03
2.198585973489554817e+03
2.201844388062949292e+03
2.201848188079944975e+03
2.201856121448760859e+03
2.205124069398126267e+03
2.205962539814886895e+03
2.205987539926700720e+03
2.205994139956219897e+03
2.206020473407330428e+03
2.206039173490967642e+03
2.206049806871858891e+03
2.206080240341307217e+03
2.206094540405265434e+03
2.206107907131714910e+03
2.206197874200763181e+03
2.209216987703873201e+03
2.209223687733839142e+03
2.209233787779012346e+03
2.209257787886353981e+03
2.211109529501678480e+03
2.211138962966654162e+03
2.211144362990805803e+03
2.211153829699812832e+03
2.211158529720833940e+03
2.218909731055069642e+03
2.220452971290608730e+03
2.221798677309334835e+03
2.221815710718850823e+03
2.221895344408349047e+03
2.223241217094486728e+03
2.225198859183455625e+03
2.225235492680634252e+03
2.225264292809443759e+03
2.227277135145297962e+03
2.227284835179736547e+03
2.227292501880692726e+03
2.227301301920051174e+03
2.227339335423490866e+03
2.227356135498630010e+03
2.227371602234472448e+03
2.228018671795184673e+03
2.229293844165112205e+03
2.230934751504138603e+03
2.232086289987775217e+03
2.232093856688284632e+03
2.232408058093563341e+03
2.232787426456970934e+03
2.233789964274195881e+03
2.233805831011827195e+03
2.237157012666792980e+03
2.237491480829382454e+03
2.237499514198645102e+03
2.237525747649308414e+03
2.237602681326730817e+03
2.237800448877921099e+03
2.237826648995102005e+03
2.237859649142696981e+03
2.239646357133822221e+03
2.239972858594113404e+03
2.243048072348134610e+03
2.245029881211857173e+03
2.247468558785610185e+03
2.248456529871018120e+03
2.252282513649555767e+03
2.254337222839328206e+03
2.254432023263326755e+03
2.254559257165718918e+03
2.254573257228335024e+03
2.259309478411280452e+03
2.259428412276550262e+03
2.259526679382720431e+03
2.259993514803994913e+03
2.260398283281005661e+03
2.260401216627458325e+03
2.260406483317680340e+03
2.260520650494964229e+03
2.262342491976559359e+03
2.262611093177889416e+03
2.262641393313407661e+03
2.262657793386757930e+03
2.262662026739024896e+03
2.262697626898248018e+03
2.262715960313578307e+03
2.263683531307746307e+03
2.263798365154679232e+03
2.265473372646219104e+03
2.265489572718674935e+03
2.265495106076756656e+03
2.268828454318628246e+03
2.274219511763689297e+03
2.275061948864857186e+03
2.275878485850185825e+03
2.278129862586228683e+03
2.278881032612534000e+03
2.280756574334305697e+03
2.281991679858366297e+03
2.282274147788382379e+03
2.282277581137071593e+03
2.288208507663386172e+03
2.288218307707217264e+03
2.289047611416312520e+03
2.289411513043877676e+03
2.290689318758916670e+03
2.290729318937819244e+03
2.290798452580355843e+03
2.290812919311725182e+03
2.291452322171481228e+03
2.292338692802476999e+03
2.292347592842282666e+03
2.292366192925472660e+03
2.292832061675756449e+03
2.293555164909865653e+03
2.293581365027046559e+03
2.293955333366302057e+03
2.294882570846743420e+03
2.298569620670560198e+03
2.299032156072602447e+03
2.299205623515109437e+03
2.299216623564307611e+03
2.299271090474579523e+03
2.300371728730563063e+03
2.302249403795209219e+03
2.303320975254523546e+03
2.303385975545239944e+03
2.306539622983392292e+03
2.306555623054953230e+03
2.306587723198522326e+03
2.306601789928103244e+03
2.309070667636927737e+03
2.311612679006179405e+03
2.315904064866246699e+03
2.315909698224775639e+03
2.316112732466187936e+03
2.316126499194426742e+03
2.316191166150319077e+03
2.318201808476333554e+03
2.318295008893176600e+03
2.321398156105463841e+03
2.322304693493323157e+03
2.324934038586511633e+03
2.324946705309831032e+03
2.324953405339796973e+03
2.326543879119923531e+03
2.326640146217148867e+03
2.326689213103269140e+03
2.327096648258872847e+03
2.329507292373912151e+03
2.329510792389565722e+03
2.330182528727268163e+03
2.331052165950089602e+03
2.333593343982280658e+03
2.334277380374994664e+03
2.335111084103769372e+03
2.340967243629018867e+03
2.340975343665246783e+03
2.340985043708630656e+03
2.341361578726032349e+03
2.341596279775742460e+03
2.342010448294794969e+03
2.343179120188395245e+03
2.347492706147754234e+03
2.348513244045485408e+03
2.348573577648663104e+03
2.350349018922731375e+03
2.352669395967379842e+03
2.352681329354086301e+03
2.353971735125479427e+03
2.353983935180044682e+03
2.356348445755415923e+03
2.356503546449110672e+03
2.356510813148277975e+03
2.356518713183610998e+03
2.356559680033503355e+03
2.356656647133859678e+03
2.359202825188413044e+03
2.359210858557676147e+03
2.359229991976584643e+03
2.359259325441113106e+03
2.359268958817531711e+03
2.362620073805532229e+03
2.363794512391591070e+03
2.371028844747442690e+03
2.371155545314115898e+03
2.371764381370493538e+03
2.375946800076534601e+03
2.375959833468160014e+03
2.375963233483366821e+03
2.375991066941187000e+03
2.386454447072421317e+03
2.387479884992068037e+03
2.387489451701522739e+03
2.387547851962719960e+03
2.387580952110762155e+03
2.387604918884620929e+03
2.389680628168316616e+03
2.389686928196493682e+03
2.389739695099162418e+03
2.389830228837412051e+03
2.393220110665465199e+03
2.393433911621698826e+03
2.395048452176131832e+03
2.395991456393757289e+03
2.396580059026307026e+03
2.396584425712504071e+03
2.396596559100104059e+03
2.396607059147066138e+03
2.396632659261563731e+03
2.397478163043114364e+03
2.397657063843255855e+03
2.399981507572759710e+03
2.401208213059251193e+03
2.401318913554363462e+03
2.402619152703070085e+03
2.404624061670108404e+03
2.404633128377326557e+03
2.404672661887474987e+03
2.405004263370576609e+03
2.405011763404120757e+03
2.405017563430061728e+03
2.405024463460922561e+03
2.405211997633010014e+03
2.405220164336202743e+03
2.406770004601261007e+03
2.406787604679977903e+03
2.406795004713075286e+03
2.410028019172866152e+03
2.410470321151080043e+03
2.410591488359671985e+03
2.410639888576143676e+03
2.410649021950326642e+03
2.413272533684091741e+03
2.419238993702664629e+03
2.419919330078830171e+03
2.423312245253784567e+03
2.424878385591744973e+03
2.425386287863359030e+03
2.425415321326545836e+03
2.428523301893784264e+03
2.433035888743182568e+03
2.433041422101264288e+03
2.433045422119154409e+03
2.436888772642032109e+03
2.436899272688994188e+03
2.436951206254602312e+03
2.436998673133567081e+03
2.437002839818869234e+03
2.437028306599437201e+03
2.439506551016821049e+03
2.439526517772790157e+03
2.439532251131765861e+03
2.439553517893549270e+03
2.439567017953928826e+03
2.441251458820993776e+03
2.441264258878242345e+03
2.441288758987820074e+03
2.441313359097845478e+03
2.441336259200266795e+03
2.443034466795570552e+03
2.443044233505919237e+03
2.443182167456167917e+03
2.443204834224212846e+03
2.443224600979287061e+03
2.443382201684162737e+03
2.443404935119172478e+03
2.443425701878718883e+03
2.449100427259163553e+03
2.449105193947149473e+03
2.449115927328487942e+03
2.449152360824772131e+03
2.449165794218186420e+03
2.450447833285492834e+03
2.450650234190739411e+03
2.450690734371878079e+03
2.461070514129206458e+03
2.461073747477001234e+03
2.462628887765763920e+03
2.462657254559302146e+03
2.462678887989391569e+03
2.462682721339870113e+03
2.462724021524586988e+03
2.463791859633870445e+03
2.472507031946172901e+03
2.473370002472510805e+03
2.473425969389491911e+03
2.473432636085975901e+03
2.473508103090171971e+03
2.473651170396712587e+03
2.480934902973508542e+03
2.480940669665967107e+03
2.480949636372737586e+03
2.481672672939881977e+03
2.483250146661865529e+03
2.483269413414703649e+03
2.483278846790227817e+03
2.483931883044293045e+03
2.484649386253355715e+03
2.484664519654373635e+03
2.488006034599437953e+03
2.488814838216845601e+03
2.494737898041309109e+03
2.494743398065908423e+03
2.495504801471316568e+03
2.495949603460712297e+03
2.495982970276613287e+03
2.496559606188974612e+03
2.500177255702395087e+03
2.500905792294138791e+03
2.502272565073753412e+03
2.502276765092537971e+03
2.502288798479691195e+03
2.502299131859240788e+03
2.509123495714824458e+03
2.509141029126576541e+03
2.509823165510792933e+03
2.509840898923439909e+03
2.513645849274571447e+03
2.513947450623496024e+03
2.513961284018699644e+03
2.513991417486806313e+03
2.514010950907503684e+03
2.514092884607288852e+03
2.514307218899241434e+03
2.514316652274765602e+03
2.515927226144790893e+03
2.516233627515183343e+03
2.516316561219441155e+03
2.516355361392976647e+03
2.516563962325953071e+03
2.516576595715789608e+03
2.516592962455657471e+03
2.518581338015415895e+03
2.518629938232782479e+03
2.520658780640197620e+03
2.520672914036743350e+03
2.523478493251478994e+03
2.523481693265791364e+03
2.523504660035177949e+03
2.523543860210501862e+03
2.523567926984808764e+03
2.523811661408254167e+03
2.524800832499029639e+03
2.527419310876949567e+03
2.527630145153247668e+03
2.530565724949416108e+03
2.531223727892362149e+03
2.531244661319321040e+03
2.532007231396613861e+03
2.532026998151688076e+03
2.538940129070952480e+03
2.540471702587645268e+03
2.541546474061271965e+03
2.546630530133256798e+03
2.549680310440191988e+03
2.549700810531879597e+03
2.549716743936475723e+03
2.549732110671870942e+03
2.549740444042475701e+03
2.551620719118750458e+03
2.551630985831335238e+03
2.551729886273671582e+03
2.552456789524776468e+03
2.552493089687130578e+03
2.558835984722657940e+03
2.559215453086512753e+03
2.559220886444146799e+03
2.559228619812068246e+03
2.560445625255175401e+03
2.564281642411920984e+03
2.569454532214551818e+03
2.569814933826462948e+03
2.574167686627663443e+03
2.576333062979065744e+03
2.577061066235090038e+03
2.577072566286524761e+03
2.577087033017894555e+03
2.577093166378659589e+03
2.578624006558738984e+03
2.578957941385609956e+03
2.578962641406631064e+03
2.579079741930367618e+03
2.579120808780707648e+03
2.579388609978459499e+03
2.580801649631671353e+03
2.580804882979466129e+03
2.580812749681316745e+03
2.581013550579407365e+03
2.581323151964111730e+03
2.582420956874089825e+03
2.583678529165300915e+03
2.585932772580831170e+03
2.586937177073071780e+03
2.587195411561369838e+03
2.588648151392142609e+03
2.589528821997644627e+03
2.589548722086648922e+03
2.591396163682741189e+03
2.591965699563347243e+03
2.591971932924559496e+03
2.592135233654928925e+03
2.592506168647284085e+03
2.595602949164430356e+03
2.595607249183662134e+03
2.596223285272242720e+03
2.598800330131515693e+03
2.598815396865568800e+03
2.598841996984539037e+03
2.598851663694440504e+03
2.598860497067281358e+03
2.598919430664197989e+03
2.598925264023620912e+03
2.598986264296447644e+03
2.598993897663920961e+03
2.599004097709541384e+03
2.599286832307416717e+03
2.600567504701944017e+03
2.600583038104750813e+03
2.600610004892027973e+03
2.601047806850115194e+03
2.602557980271094948e+03
2.602576113685530800e+03
2.602599213788847010e+03
2.602605980485777764e+03
2.602673447454193592e+03
2.602695247551695502e+03
2.602950448693093222e+03
2.604431621984368576e+03
2.604515922361405501e+03
2.604520055713225247e+03
2.604541155807596169e+03
2.604549189176859272e+03
2.604558822553278333e+03
2.604591789367390447e+03
2.604597356058954119e+03
2.604860090567378847e+03
2.606424597564700889e+03
2.606427964246425290e+03
2.612774159296712696e+03
2.612811459463538995e+03
2.612868126383650633e+03
2.613205227891351115e+03
2.615036902750259287e+03
2.615039736096265187e+03
2.615059402850892184e+03
2.615075402922453122e+03
2.615113003090621532e+03
2.615166003327667113e+03
2.615879639852769287e+03
2.617140078823468230e+03
2.619510022756473973e+03
2.620188959126378450e+03
2.620195792490274016e+03
2.620390993363318103e+03
2.620396026719163274e+03
2.620449526958445404e+03
2.621028862882883004e+03
2.623321273135782576e+03
2.623336539870730576e+03
2.623374406706758236e+03
2.623381140070206584e+03
2.623413806882977042e+03
2.623522774037003728e+03
2.624401544634008587e+03
2.624410011338542972e+03
2.633445718417784065e+03
2.634645490450480793e+03
2.635313260103774610e+03
2.636191697365954951e+03
2.637291068949606597e+03
2.637304402342574122e+03
2.637767904415606154e+03
2.639427111836480435e+03
2.639434545203059315e+03
2.640661584024374861e+03
2.640680350774976887e+03
2.640690550820596854e+03
2.640756984451057633e+03
2.642503825597209925e+03
2.642522325679952701e+03
2.647495081254141041e+03
2.648480952330156924e+03
2.650334660620944305e+03
2.650354594043430552e+03
2.658135628844430812e+03
2.658139295527497325e+03
2.658762764982656790e+03
2.658775131704634077e+03
2.658844798682889632e+03
2.658849532037392692e+03
2.658854798727614707e+03
2.661362743277833943e+03
2.661366709962242112e+03
2.661371143315403970e+03
2.661390910070478185e+03
2.661459810378637485e+03
2.662791116332958609e+03
2.665938797077757499e+03
2.665992097316145191e+03
2.666009130725661180e+03
2.666017964098502489e+03
2.666110697846591393e+03
2.669091811179744127e+03
2.669099444547217900e+03
2.669114211279929350e+03
2.669157611474038276e+03
2.671592522364278466e+03
2.671595422377248724e+03
2.674916237229730996e+03
2.676282410006661848e+03
2.677452081904734769e+03
2.677468715312461427e+03
2.677472048660703422e+03
2.677478748690669818e+03
2.677744249878134724e+03
2.677750749907206227e+03
2.680086893689039243e+03
2.681480099920212069e+03
2.681502000018161198e+03
2.681511833395475151e+03
2.681516466749530991e+03
2.681526200126397271e+03
2.681579033696030820e+03
2.684640280720918327e+03
2.684877515115292681e+03
2.688361997366449941e+03
2.688485797920153345e+03
2.688638098601324145e+03
2.691742512485944189e+03
2.691823046179467838e+03
2.692535416032238118e+03
2.696091898605420738e+03
2.696100765311743999e+03
2.696114665373912430e+03
2.699445613605049857e+03
