2.756252550138476920e+00
3.109987465565877240e+00
3.435622255314301654e+00
3.514855943023586171e+00
3.523489314970033259e+00
6.455702429414690968e+00
6.485235894837671822e+00
6.653569981052180893e+00
7.760841600037046817e+00
7.765008285339385807e+00
8.084943049594210507e+00
9.250314928434894668e+00
9.324681927711047535e+00
9.328515278189199122e+00
9.332315295184933746e+00
9.487782657185817925e+00
9.653850066595854429e+00
9.821117481372965585e+00
9.833917538621751220e+00
1.028961957676800054e+01
1.110945657685628873e+01
1.111708994433017317e+01
1.117402353230133905e+01
1.135369100253821095e+01
1.214556121087719731e+01
1.391370245229549951e+01
1.399523615029167800e+01
1.447847164491578376e+01
1.490857356856445826e+01
1.491244025252503036e+01
1.491570693380206514e+01
1.509854108486871382e+01
1.512634120920592373e+01
1.524107505569113918e+01
1.564907688049620660e+01
1.565574357697994934e+01
1.591734474700202284e+01
1.598287837343721662e+01
1.750738519185713571e+01
1.751191854546607729e+01
1.780438652020788126e+01
1.780835320461570959e+01
1.791848703052714242e+01
1.811138789328424537e+01
1.813138798273547536e+01
1.813465466401250836e+01
2.028319760679318406e+01
2.038759807372859711e+01
2.069409944456867834e+01
2.082253335232798719e+01
2.091726710936197264e+01
2.093940054168799847e+01
2.094686724174979275e+01
2.108500119289294616e+01
2.109790125058898980e+01
2.117226824986514444e+01
2.125366861393164442e+01
2.131513555551175543e+01
2.155726997180129700e+01
2.157687005946350212e+01
2.174180413047130145e+01
2.181260444712864910e+01
2.184220457951647276e+01
2.196663846938553277e+01
2.222227294605465531e+01
2.223203965640333735e+01
2.234084014301802057e+01
2.270497510496006299e+01
2.378367992951208976e+01
2.393954729330199882e+01
2.394344731074498966e+01
2.460011691439366999e+01
2.461075029528523572e+01
2.461611698595465114e+01
2.462215034627243782e+01
2.476271764163215749e+01
2.779943122345948936e+01
2.858880142061707019e+01
2.894956970083482162e+01
2.940790508409214610e+01
2.981260689413776532e+01
2.987424050312996826e+01
2.998924101747453008e+01
3.018657523339332371e+01
3.032920920466300174e+01
3.049990996812923782e+01
3.050580999451735309e+01
3.240348514861477724e+01
3.246505209064214625e+01
3.263088616567524980e+01
3.278285351202217157e+01
3.306588811123948091e+01
3.312102169116003125e+01
3.402145905173676965e+01
3.464846185603279594e+01
3.465292854267690359e+01
3.485996280197954178e+01
3.568086647350523322e+01
3.572329999662425593e+01
3.638053626947404950e+01
3.716133976165002650e+01
3.717160647423499142e+01
3.721030664732311521e+01
3.728520698231796615e+01
3.737600738842654380e+01
3.743697432777037193e+01
3.745600774623145668e+01
3.821294446499563691e+01
3.839097859459398876e+01
4.118589109495597000e+01
4.175722698361273189e+01
4.183142731547679460e+01
4.209772850651989984e+01
4.210592854319490641e+01
4.247903021190758466e+01
4.248263022800880151e+01
4.248596357625067554e+01
4.253269711860171043e+01
4.409043741899309055e+01
4.435193858856790428e+01
4.438247205846344912e+01
4.665341554868564344e+01
4.668781570254176216e+01
4.686278315175758991e+01
4.746315250360105864e+01
4.750995271291694166e+01
4.758271970503699322e+01
4.758631972113821007e+01
4.759421975647144620e+01
4.773558705540921210e+01
4.790235446795004748e+01
4.822778925680395901e+01
4.856415742789120316e+01
4.986239656765288686e+01
4.988923002099996040e+01
5.169277142074693643e+01
5.201890621273163617e+01
5.205680638224171730e+01
5.252190846243004074e+01
5.295927708524600064e+01
5.326291177659807374e+01
5.331714535249331988e+01
5.332687872935958495e+01
5.411418225060720744e+01
5.435144997846361292e+01
5.485538556566974933e+01
5.495035265708066419e+01
5.498461947700710084e+01
5.526795407756617351e+01
5.571142272766476111e+01
5.572302277954646854e+01
5.588939019029827904e+01
5.596779054094709949e+01
5.597172389187250019e+01
5.626569187332314925e+01
5.639842580031447028e+01
5.663622686388958272e+01
5.713842911000993752e+01
5.795359942255960561e+01
5.807823331332318162e+01
5.863853581929935643e+01
5.872653621288475989e+01
5.873270290713222153e+01
5.912853801085446293e+01
5.914677142573749791e+01
6.108614676634073959e+01
6.116228044018507859e+01
6.148768189555657671e+01
6.304272218387203708e+01
6.364922489648054693e+01
6.376475874654381926e+01
6.376982543587146068e+01
6.419079398533740743e+01
6.510556474335419352e+01
6.516583167956723344e+01
6.518763177706907186e+01
6.541986614908024933e+01
6.545833298779145082e+01
6.713234047485929068e+01
6.884221478900968805e+01
6.891698179007485692e+01
6.954248458766204521e+01
6.987098605689848796e+01
7.063645614716185150e+01
7.150882671554202830e+01
7.152256011029854221e+01
7.153432682959234512e+01
7.184049486560823539e+01
7.214259621676904999e+01
7.215029625120776302e+01
7.221202986064723461e+01
7.221639654684408072e+01
7.252793127352938996e+01
7.275866563883172944e+01
7.347396883805492962e+01
7.484217495741349069e+01
7.484597497440923064e+01
7.510904281765773760e+01
7.538654405879351827e+01
7.622254779785488665e+01
7.668104984852431016e+01
7.694801770921580442e+01
7.767582096434601624e+01
7.768375433316167289e+01
7.955099601781080310e+01
8.012359857879950198e+01
8.012816526589085697e+01
8.056523388736503932e+01
8.073523464770049429e+01
8.074433468840079797e+01
8.097040236616452091e+01
8.098143574884511509e+01
8.257267619906730260e+01
8.375871483700758802e+01
8.408211628343396171e+01
8.426051708133891793e+01
8.426511710191269344e+01
8.533985524205691320e+01
8.549908928757110971e+01
8.550222263491845354e+01
8.568132343595421219e+01
8.571122356968379563e+01
8.678809505270278635e+01
8.698829594810959520e+01
8.702892946317801659e+01
8.704482953429173619e+01
8.763759885214373924e+01
8.767173233814050093e+01
8.787383324204516555e+01
8.844066911057541347e+01
9.041911129257339041e+01
9.042457798369007094e+01
9.089081340228062800e+01
9.102741401323251580e+01
9.211881889458607020e+01
9.212261891158181015e+01
9.241658689303244500e+01
9.255825419331198134e+01
9.276672179235862359e+01
9.329725749853488992e+01
9.355572532120960716e+01
9.370379265011352743e+01
9.437462898379015996e+01
9.723514177755217247e+01
1.004381227696840568e+02
1.006723571506403658e+02
1.031202680990235194e+02
1.035712367826663041e+02
1.039588051827487050e+02
1.041231392510729705e+02
1.041590727451203406e+02
1.041662394438403538e+02
1.042190730134740306e+02
1.043411402260913547e+02
1.044947409130767966e+02
1.045798079602093509e+02
1.045963747009714666e+02
1.046086747559839694e+02
1.047415420169049582e+02
1.047485087147304625e+02
1.065076832493781467e+02
1.067368842744892135e+02
1.068753182269741444e+02
1.078856227456029728e+02
1.083216246956397555e+02
1.095875970244201199e+02
1.098787649933476018e+02
1.099973988572757975e+02
1.105836014790913140e+02
1.112144709673479213e+02
1.117880735328091504e+02
1.117990402485249035e+02
1.120795081695959823e+02
1.121639418805625894e+02
1.121677085640758946e+02
1.122665090059649629e+02
1.123317759645408103e+02
1.131533129722324560e+02
1.145468525382292313e+02
1.146152195106700304e+02
1.146190195276657562e+02
1.147288200187529981e+02
1.147345867112114490e+02
1.149824878199594309e+02
1.163486605968904399e+02
1.163762940538155561e+02
1.194170409870155538e+02
1.195286748196358246e+02
1.199944435694725371e+02
1.200349437506112622e+02
1.201283441683485051e+02
1.205671794643908896e+02
1.223276540048528744e+02
1.223347873700904955e+02
1.223381207183323625e+02
1.226921223016191078e+02
1.226978889940775588e+02
1.229026232430932879e+02
1.229335900482602852e+02
1.230495572335949817e+02
1.235837262893548854e+02
1.242947294693460663e+02
1.247279647403421023e+02
1.247322980930565421e+02
1.263367386023165295e+02
1.268815077054856033e+02
1.288379497890872187e+02
1.291342844477895824e+02
1.297912540527800616e+02
1.301410889507644413e+02
1.304371236081250629e+02
1.319120302047059567e+02
1.332273027539835653e+02
1.334037035429434184e+02
1.335795043292197306e+02
1.339510726577411219e+02
1.370579865535422641e+02
1.371249201862390521e+02
1.376539225522240599e+02
1.376585892397626765e+02
1.386196268713766244e+02
1.387992276746486766e+02
1.389959952213663712e+02
1.404524017352048304e+02
1.408996370688167303e+02
1.409035704197421524e+02
1.409070037684312808e+02
1.418402412757080242e+02
1.418871081519887412e+02
1.433845148492022474e+02
1.433881815322683053e+02
1.436422160017813212e+02
1.437973166954756152e+02
1.438045833946428615e+02
1.438078167424374953e+02
1.446313204255918379e+02
1.458365924828877382e+02
1.459747931009956972e+02
1.466252293434320961e+02
1.466691295397775434e+02
1.467845967228759889e+02
1.469996643514415098e+02
1.472522321477281082e+02
1.472579988401865592e+02
1.505379135097408323e+02
1.506017804620550748e+02
1.506045471410958498e+02
1.528902573640295088e+02
1.529209575013371420e+02
1.552095010702764171e+02
1.555596693030850304e+02
1.565054735332336691e+02
1.565972406103323920e+02
1.570494426328246504e+02
1.570544093217050658e+02
1.570583426726304594e+02
1.571925099393657774e+02
1.576736120911150749e+02
1.576767787719448677e+02
1.580232136547225537e+02
1.583208149857568401e+02
1.583528817958436434e+02
1.585598827216638540e+02
1.588466506709120551e+02
1.589815846077430308e+02
1.592315190589185647e+02
1.598167216762614942e+02
1.609500267450153785e+02
1.609601601236707040e+02
1.615056292299705376e+02
1.617664637298969694e+02
1.623676997522833290e+02
1.624993003408724235e+02
1.627681015430969182e+02
1.627800015963204032e+02
1.639473068171413956e+02
1.641728411591863903e+02
1.655119471483934319e+02
1.656821479096233816e+02
1.657231480929984286e+02
1.657265814416875571e+02
1.661798168021347806e+02
1.662732505533544440e+02
1.669937871093173669e+02
1.669971871245240891e+02
1.670792208247565611e+02
1.670847208493556479e+02
1.689750293038385394e+02
1.690092294568001421e+02
1.695299984526277228e+02
1.698427331846800996e+02
1.698780333425615368e+02
1.727762796384214994e+02
1.732247149774004811e+02
1.732319483430853211e+02
1.735464497497059142e+02
1.742101860516273746e+02
1.763990958416170827e+02
1.769937651679669557e+02
1.769969318487967485e+02
1.773546001151495659e+02
1.786301391533840786e+02
1.789794073821673805e+02
1.802738131714509109e+02
1.805978812875256665e+02
1.806017813049686254e+02
1.806245814069430651e+02
1.808462823985099135e+02
1.833285601672667440e+02
1.858741048856543330e+02
1.858776049013083025e+02
1.859108383832797529e+02
1.859899054035769552e+02
1.859991721116893473e+02
1.861047392505094251e+02
1.883058824285468233e+02
1.894878877151144252e+02
1.897194554174772634e+02
1.899216896553116101e+02
1.899452564273816222e+02
1.899623231703800172e+02
1.900918904165415597e+02
1.900981571112362758e+02
1.901240905605580167e+02
1.901338239374242960e+02
1.901519906853424970e+02
1.901583573804844605e+02
1.901703907676376275e+02
1.902017575745936426e+02
1.902446244329841250e+02
1.904070584928105063e+02
1.904121585156205754e+02
1.905811259380010370e+02
1.905932259921190166e+02
1.913910962272933602e+02
1.936652063983453615e+02
1.939582743757706851e+02
1.956607819903065604e+02
1.960478503881526535e+02
1.972741558728547488e+02
1.972837559157913461e+02
1.977160578492796787e+02
1.981370930657104452e+02
1.992074978531402110e+02
1.994946991376598646e+02
1.995014658345908742e+02
1.995050991841744974e+02
2.000160348026885799e+02
2.000362682265167109e+02
2.006786044327253649e+02
2.009421389447277022e+02
2.009721390789045472e+02
2.010016392108450987e+02
2.025811462752559180e+02
2.027713804594195039e+02
2.028113139713571513e+02
2.040438861507539627e+02
2.042829538866609767e+02
2.043064539917661477e+02
2.048584564606200900e+02
2.048999899797138085e+02
2.051293243387545431e+02
2.060429950918515374e+02
2.085177728270641637e+02
2.096113777182573585e+02
2.096251444464962788e+02
2.097743117803200334e+02
2.120305218713131694e+02
2.120352552258165986e+02
2.123084564477204026e+02
2.125636909226005002e+02
2.125737243008085215e+02
2.132185271847161516e+02
2.132478606492446147e+02
2.132516939997227610e+02
2.134951950887914904e+02
2.135201285336406727e+02
2.136400957368656464e+02
2.150352353100185212e+02
2.150449686868848005e+02
2.159086058828712567e+02
2.162482407352355267e+02
2.166326091210057712e+02
2.167923765022386533e+02
2.172638119440865125e+02
2.191181535710396133e+02
2.196544893031567369e+02
2.196626893398317293e+02
2.209399283856696456e+02
2.227787032763332036e+02
2.228651703297273627e+02
2.233684059138026896e+02
2.235599734372630394e+02
2.250332466932053990e+02
2.261966518965833757e+02
2.271717229242956080e+02
2.272767900608793923e+02
2.275560579765833893e+02
2.296589673819328539e+02
2.296853341665260473e+02
2.297116009506719934e+02
2.297171676422359212e+02
2.297217343293272904e+02
2.318586772202262694e+02
2.319744110711840221e+02
2.323068458913458585e+02
2.323878129201409308e+02
2.325293468864907709e+02
2.325720470774691648e+02
2.325970471892831881e+02
2.331260495552681959e+02
2.372591347073294799e+02
2.373321350338264608e+02
2.417882549640075069e+02
2.418389551907663702e+02
2.419653890895805546e+02
2.449360357092539857e+02
2.455467051071648257e+02
2.456270054663115161e+02
2.456406721941031890e+02
2.457337392770162694e+02
2.457600727281270281e+02
2.457649727500425740e+02
2.457777728072913703e+02
2.463199752323141922e+02
2.464234423617418770e+02
2.481478167407444175e+02
2.485572852387759042e+02
2.485616852584551850e+02
2.508652622279652746e+02
2.511139300068089142e+02
2.512616973343710640e+02
2.517648662514815499e+02
2.517698662738443431e+02
2.521077344516404537e+02
2.521386012563602037e+02
2.522451017326879708e+02
2.546738459286803788e+02
2.547488462641224771e+02
2.558337177829219797e+02
2.561510525355481036e+02
2.595278009715287908e+02
2.597649686989379347e+02
2.597687353824512684e+02
2.600056364420010482e+02
2.600093031250671061e+02
2.618438779969458778e+02
2.618479446818009819e+02
2.620787790475505403e+02
2.620920457735532523e+02
2.623508802645345668e+02
2.624010138220922954e+02
2.624745808177904109e+02
2.628792826278360053e+02
2.628869826622747041e+02
2.634133850166310822e+02
2.641901551574343898e+02
2.650693590897104173e+02
2.653946605446346325e+02
2.659194628918348826e+02
2.662630644286070378e+02
2.662666644447082263e+02
2.663709982446788445e+02
2.663800649518966566e+02
2.665939992420599651e+02
2.665991659318349321e+02
2.667950334745273153e+02
2.669413674623454540e+02
2.674966699459587858e+02
2.720986571952041118e+02
2.723382916003122887e+02
2.730448614271417682e+02
2.740415992184261995e+02
2.744787345068651803e+02
2.749357698843082289e+02
2.749430032499930689e+02
2.749478699384261517e+02
2.749523699585527083e+02
2.753647718030370584e+02
2.754073386600857702e+02
2.754544388707433882e+02
2.756567731090249822e+02
2.758756074211038936e+02
2.776628487479480896e+02
2.790522216286424850e+02
2.796819911119793005e+02
2.797948249499666531e+02
2.806336620350335807e+02
2.806391620596327243e+02
2.807064956941184732e+02
2.825687706898872875e+02
2.840418772784175303e+02
2.840767441010275434e+02
2.840808774528474032e+02
2.841066109012746779e+02
2.843936121848998368e+02
2.844437790759399718e+02
2.867989229427518012e+02
2.873231919542333799e+02
2.887182981939038200e+02
2.887729984385529178e+02
2.891121666221633859e+02
2.892583339425694362e+02
2.894712348947777514e+02
2.899283702726680190e+02
2.903863389876187284e+02
2.904132724414130848e+02
2.917152115977232256e+02
2.917420450510703063e+02
2.920400463838935821e+02
2.949814262060033911e+02
2.953452611666036773e+02
2.954850617918677358e+02
2.955037285420222588e+02
2.957533629918560223e+02
2.960468309710703920e+02
2.978819391786678352e+02
2.979543395024813321e+02
2.979585061877836552e+02
2.980139064355635696e+02
2.980260398231640124e+02
2.985071086414308752e+02
2.985884756720149653e+02
2.989586106607923739e+02
2.989636106831551956e+02
2.992321118840378631e+02
2.992886121367376404e+02
2.995385799213955238e+02
2.995438466116177096e+02
3.001057157912675848e+02
3.001526160010307080e+02
3.008830192677896207e+02
3.026255270612278991e+02
3.027050274167965540e+02
3.027123607829286129e+02
3.027574943181235767e+02
3.027615943364610871e+02
3.028664281386679136e+02
3.028733948364934463e+02
3.045231022148780653e+02
3.053617392990505550e+02
3.065384112284311868e+02
3.068220791638144078e+02
3.071278805315236582e+02
3.082292187906380150e+02
3.085174534131126620e+02
3.086480873307115758e+02
3.092646567550105487e+02
3.093048236013250971e+02
3.095769248183091236e+02
3.098240259234790415e+02
3.098310926217517931e+02
3.098352926405365224e+02
3.117297677803217653e+02
3.117913347223491201e+02
3.143932463595067475e+02
3.148462817190595047e+02
3.179456955813164427e+02
3.185102981065246013e+02
3.185855317763436574e+02
3.186915655839176225e+02
3.188574329924331323e+02
3.190968673966467009e+02
3.193009683094965681e+02
3.193047349930098449e+02
3.193087016774176732e+02
3.194322688967438921e+02
3.208777086948666124e+02
3.213834109566408870e+02
3.230070182182916483e+02
3.231653855932629540e+02
3.233420530500821997e+02
3.243691576438499737e+02
3.259046978449505332e+02
3.261307988561966340e+02
3.261922991312592330e+02
3.262461993723302953e+02
3.264272001818638955e+02
3.264580336531012108e+02
3.281916080732513024e+02
3.281954747572118549e+02
3.282017747853889773e+02
3.290445452213813269e+02
3.290479119031056712e+02
3.293480132453213400e+02
3.293792133848652384e+02
3.298114153179063237e+02
3.298464821414107746e+02
3.298502154914417019e+02
3.310935210521773229e+02
3.315003562050977166e+02
3.337853664249006442e+02
3.339033336191804437e+02
3.343443355915800907e+02
3.343589356568794528e+02
3.344903029110915895e+02
3.344961362705148531e+02
3.345005696236765971e+02
3.355629743753258936e+02
3.361300769117154346e+02
3.361358769376563487e+02
3.364568783733485020e+02
3.374270160456628105e+02
3.382305529728483293e+02
3.384346872191805460e+02
3.386912216998749727e+02
3.397763598865338395e+02
3.399068938036854775e+02
3.399110271555053941e+02
3.400619278304149020e+02
3.401320614774239175e+02
3.404590296064690733e+02
3.404737630056981175e+02
3.431302082200927543e+02
3.433413424977329100e+02
3.435260099903325681e+02
3.435401767203605914e+02
3.435595768071282237e+02
3.435649101643152221e+02
3.446027481394219762e+02
3.446081148300913810e+02
3.451940507840475334e+02
3.458205202526248740e+02
3.463889227948287726e+02
3.466895241392807065e+02
3.467881912472401496e+02
3.470710258455629287e+02
3.472688933972004293e+02
3.472736600851862931e+02
3.478272292277138718e+02
3.490117678589453476e+02
3.493937695674638348e+02
3.493975029174946485e+02
3.495613703170650979e+02
3.507487089608196698e+02
3.513484449764972055e+02
3.527371511875433043e+02
3.528086181738490268e+02
3.549364943575300799e+02
3.554738634276022253e+02
3.559806990277787122e+02
3.585743772947789694e+02
3.606836533952703689e+02
3.607149535352615430e+02
3.607284535956411560e+02
3.609403878768593472e+02
3.611108553059486326e+02
3.626662622625706831e+02
3.628601631298003554e+02
3.630043637747436946e+02
3.648959055680761026e+02
3.649100056311392564e+02
3.652401404410141481e+02
3.652445404606934289e+02
3.653370075409229116e+02
3.659495436138493005e+02
3.678512187858369202e+02
3.681249200099770178e+02
3.681291200287617471e+02
3.694379925494150143e+02
3.694423592356118888e+02
3.700309285346791057e+02
3.718852701616322065e+02
3.718896368478290810e+02
3.718946035367094396e+02
3.720252374543083533e+02
3.724875061884910679e+02
3.724923062099594517e+02
3.726191401105626255e+02
3.734495104910952250e+02
3.735769110608995334e+02
3.735807444113776796e+02
3.744093814508245259e+02
3.749178503916396039e+02
3.755477198754236383e+02
3.758364878336169568e+02
3.771467270270493373e+02
3.786270003142996643e+02
3.786384670322516968e+02
3.787230007436655796e+02
3.787286341021943485e+02
3.787332341227680672e+02
3.791907028354825115e+02
3.804017749187192976e+02
3.807775099325430688e+02
3.808037767166889580e+02
3.821182492623885878e+02
3.822092496693916814e+02
3.830331533543350702e+02
3.832383209386222234e+02
3.839152906330639325e+02
3.850352956423327555e+02
3.852744300452046105e+02
3.852919967904392706e+02
3.865050022156563045e+02
3.868881372625770041e+02
3.875059066922430588e+02
3.884314774985634813e+02
3.884483109071849185e+02
3.905473869620561800e+02
3.910335558031331971e+02
3.920201935492447092e+02
3.921087606120312330e+02
3.922437945493094844e+02
3.922481612355063021e+02
3.922557612694977820e+02
3.941796698742587068e+02
3.944322710040277684e+02
3.964960802345000275e+02
3.979568867680177959e+02
3.984380555867319913e+02
3.984937558358536194e+02
4.005781651584607062e+02
4.019866381245810771e+02
4.020309383227155422e+02
4.027183747306366968e+02
4.041315477177781190e+02
4.052022525065496552e+02
4.086148677696128289e+02
4.109059446832159210e+02
4.111333790337588425e+02
4.112279127898983120e+02
4.112309461367983658e+02
4.114122469476737933e+02
4.123189176694627918e+02
4.126382524310341182e+02
4.141282924286330740e+02
4.145765611001999673e+02
4.147119283723023386e+02
4.159592672844106573e+02
4.159644673076679169e+02
4.159681673242164379e+02
4.160901678698689352e+02
4.161378347497276877e+02
4.161457681185433444e+02
4.161519014793084352e+02
4.162552352748064095e+02
4.185202787386405134e+02
4.185945124039869825e+02
4.191699483109812263e+02
4.196295503665704700e+02
4.199457851142768163e+02
4.203966537974723678e+02
4.204181205601500437e+02
4.230497656636251236e+02
4.250772747317434437e+02
4.251664751306959147e+02
4.263095135763160783e+02
4.268172491805179334e+02
4.284703232406268398e+02
4.299647299244226133e+02
4.313897696313051711e+02
4.314559365939063014e+02
4.321191728935914398e+02
4.341838154611241976e+02
4.342254823141475981e+02
4.363991587026720254e+02
4.366076263017186534e+02
4.366165263415244340e+02
4.366276263911698265e+02
4.369549945220040854e+02
4.439337590681510051e+02
4.441211599063090603e+02
4.441244599210684783e+02
4.443882944344126145e+02
4.445449284682981670e+02
4.446413288994530717e+02
4.450245972803033965e+02
4.450462640438756239e+02
4.470217395459383170e+02
4.472175404216658876e+02
4.473532410285924357e+02
4.473661077528061014e+02
4.474820749381407268e+02
4.477342093991559295e+02
4.477409094291220981e+02
4.477443761112936613e+02
4.514152925296194212e+02
4.516217601197209888e+02
4.516496935779878186e+02
4.522619629830547865e+02
4.522970631400417005e+02
4.523278299443141464e+02
4.523324632983703282e+02
4.526951315870859389e+02
4.527049982978819571e+02
4.527087316479127708e+02
4.530949000417335810e+02
4.532207339378642246e+02
4.535507687472919542e+02
4.538051698851116385e+02
4.538258033107287588e+02
4.554813107150542919e+02
4.570812845376701716e+02
4.570851845551131305e+02
4.584680574067359089e+02
4.601428982308642617e+02
4.605379999979733157e+02
4.607920011340038400e+02
4.607977678264622909e+02
4.615968047335213100e+02
4.616850051280012508e+02
4.618831060140157092e+02
4.620421067251529621e+02
4.626288760161696132e+02
4.634767464749719466e+02
4.634860131830844239e+02
4.642709500270802891e+02
4.649782531905229916e+02
4.657547566634669352e+02
4.658485237495108322e+02
4.658566571192209835e+02
4.663029924488075153e+02
4.666110271598388977e+02
4.666149605107643197e+02
4.669479286666448843e+02
4.679867666462241118e+02
4.682189010177880277e+02
4.686756030604068428e+02
4.701546096753252186e+02
4.710764471316147706e+02
4.740124602630551749e+02
4.741462608614838246e+02
4.745083958144808207e+02
4.745993295545190449e+02
4.781025785562786723e+02
4.781870122672453363e+02
4.787716148819047248e+02
4.787807815895698695e+02
4.802561881883870569e+02
4.865814164782326543e+02
4.865881831751636355e+02
4.875926876678515782e+02
4.885333918751901479e+02
4.890241274033584773e+02
4.891302945448620676e+02
4.894303958870777933e+02
4.894458292894376541e+02
4.894499293077751645e+02
4.902906664013399336e+02
4.904180669711442988e+02
4.905523009048444578e+02
4.907909019719976413e+02
4.907943353206867414e+02
4.910404030879016659e+02
4.910441697714150564e+02
4.915188718945399273e+02
4.916454391272837370e+02
4.916492058107971275e+02
4.936977149728392078e+02
4.940701499719035041e+02
4.942578841448856792e+02
4.946758193474515224e+02
4.947109861714033059e+02
4.974238983050152001e+02
4.985833034905029422e+02
4.997428753434028295e+02
4.999086760849535267e+02
4.999157094497438152e+02
4.999589763099233437e+02
5.017533176685227545e+02
5.028209557769117737e+02
5.031571239471044805e+02
5.032027908180181726e+02
5.032422243277194980e+02
5.055865681462277053e+02
5.056009015436677601e+02
5.060893703950315512e+02
5.061072371416080387e+02
5.063073047030851512e+02
5.072053087194453269e+02
5.072094087377828373e+02
5.073857761932601989e+02
5.074629765385419660e+02
5.074670432233970701e+02
5.093536516613314689e+02
5.093574183448447457e+02
5.098848207036736540e+02
5.109728922367853556e+02
5.109847589565264343e+02
5.130050346589598576e+02
5.136604375902766151e+02
5.136651042778153169e+02
5.136689042948110000e+02
5.159641145602339520e+02
5.164065832058601018e+02
5.166998511841799200e+02
5.171112530241916829e+02
5.206379687975741035e+02
5.209388034764029953e+02
5.210463706241682758e+02
5.211042375496471095e+02
5.213265052104151209e+02
5.213305385617876482e+02
5.213410386087497272e+02
5.223145429627882095e+02
5.234491147038741019e+02
5.237060158528751117e+02
5.237366826567002818e+02
5.240286172957233930e+02
5.241335844318598447e+02
5.244863193428147952e+02
5.246387533579155615e+02
5.251587556836474278e+02
5.263414276398634684e+02
5.263752611245184880e+02
5.265791953699560963e+02
5.279426014678464298e+02
5.280706020403342791e+02
5.280862354435886346e+02
5.300784110203430828e+02
5.321714203814142365e+02
5.323957880515745273e+02
5.324142548008346694e+02
5.325590887819438422e+02
5.327845564570241095e+02
5.357739364938167910e+02
5.358177366897150478e+02
5.360771045164150337e+02
5.364665395915128556e+02
5.371632760410287801e+02
5.382110807273787714e+02
5.384248816836123979e+02
5.384283816992664242e+02
5.385590156168652811e+02
5.386672827677612077e+02
5.386842828437949038e+02
5.387559498309950641e+02
5.413081279123839522e+02
5.413143946070786114e+02
5.425875003010966111e+02
5.426098004008347289e+02
5.426136337513128183e+02
5.436301716311540986e+02
5.437462721504184628e+02
5.437887390070198990e+02
5.437942390316189858e+02
5.438659393523015524e+02
5.440035733012084620e+02
5.443655749202756624e+02
5.443716416140758838e+02
5.443754749645540869e+02
5.443814749913893820e+02
5.463041835907833956e+02
5.467845857394017912e+02
5.471817875159032383e+02
5.475242223807906612e+02
5.475366224362504681e+02
5.480091912165005397e+02
5.492441634066315146e+02
5.492501634334669234e+02
5.495731982115867140e+02
5.500462336605907012e+02
5.502271678031594320e+02
5.515507070560769307e+02
5.522883436885206265e+02
5.523411772581544028e+02
5.531666809502537490e+02
5.575170004072379015e+02
5.587383058695770615e+02
5.590388405470642965e+02
5.592581415278970098e+02
5.596206431492004185e+02
5.596362765524548877e+02
5.604198800571540460e+02
5.604701469486413998e+02
5.615688851961270984e+02
5.620086871631597205e+02
5.620215205538909231e+02
5.626733568025888417e+02
5.630178250099038451e+02
5.630762919380662197e+02
5.631855590934347902e+02
5.631891257760536291e+02
5.632794595134082556e+02
5.636739279443513624e+02
5.639632292382633523e+02
5.641856302329611026e+02
5.642817973297391063e+02
5.642972973990637229e+02
5.661287722570775713e+02
5.664280735957152046e+02
5.664353736283649141e+02
5.668689755676676896e+02
5.699051558137762186e+02
5.699117225098127619e+02
5.700349563943146904e+02
5.700404230854313710e+02
5.716494969487475828e+02
5.726941682877501307e+02
5.758773491913252656e+02
5.761664171508602976e+02
5.764232182994140885e+02
5.764274849851636873e+02
5.764306183325111306e+02
5.764345183499540326e+02
5.768975204207499701e+02
5.773391223958332148e+02
5.773464557619652169e+02
5.850878237188875346e+02
5.853633249510781980e+02
5.856194594299836353e+02
5.858067602676943579e+02
5.862822623943973213e+02
5.864103963008149094e+02
5.865271634897277409e+02
5.879588365596114272e+02
5.889098741464998739e+02
5.889508409963923441e+02
5.892073088101219582e+02
5.896053105902014977e+02
5.904955145716755851e+02
5.916397530226629442e+02
5.919840545625658024e+02
5.941379975294981932e+02
5.942696314515698077e+02
5.946003995976107035e+02
5.953863031125968064e+02
5.962683737243606856e+02
5.962989738612211568e+02
5.965675417290686937e+02
6.013270630162248835e+02
6.032617383358070811e+02
6.035693730450493604e+02
6.045570441291158659e+02
6.045617441501369740e+02
6.055262817974048630e+02
6.056080154962955930e+02
6.057380160777285028e+02
6.075365574551127565e+02
6.106981715955630534e+02
6.107124383260381819e+02
6.120610776912169513e+02
6.120649110416950407e+02
6.120679777220776714e+02
6.147524230617040075e+02
6.151214913790440733e+02
6.151265580683716507e+02
6.152791254174020423e+02
6.153799925352011542e+02
6.158137278084335549e+02
6.160926290558309120e+02
6.169910997409449465e+02
6.181081380702784145e+02
6.217270209225487179e+02
6.223069235161869983e+02
6.235339623375023166e+02
6.235514290822897010e+02
6.237172298238403982e+02
6.239262974255706240e+02
6.255332712794943291e+02
6.269858111093723210e+02
6.274673465963930994e+02
6.293033881414983171e+02
6.360464182999800187e+02
6.362941860747984038e+02
6.363087861400978227e+02
6.369509890123767946e+02
6.388474308276246347e+02
6.453292264843910289e+02
6.556637060391124123e+02
6.559509739905969354e+02
6.560162742826551039e+02
6.566137102880458087e+02
6.567776110210986644e+02
6.578224156940308376e+02
6.583667514619284020e+02
6.587441531498730001e+02
6.591098881189712984e+02
6.591248881860597066e+02
6.599217250832790569e+02
6.656862175318769914e+02
6.680610614867982804e+02
6.680741282119065545e+02
6.680776615610428735e+02
6.686584308252241726e+02
6.705538059690346699e+02
6.719235454285844753e+02
6.719419788443619836e+02
6.722928804137837915e+02
6.763930320852153955e+02
6.784526746303853315e+02
6.785978752798013147e+02
6.789941103853125242e+02
6.800698818634117515e+02
6.800758818902470466e+02
6.851108710761116072e+02
6.861836758742755364e+02
6.862136093414874267e+02
6.865450108236943834e+02
6.962245207823704050e+02
6.962280541315067239e+02
6.994557019006284690e+02
7.024382152400430641e+02
7.024439485990189951e+02
7.044564242665665006e+02
7.066898342555851968e+02
7.099401821262341628e+02
7.100486159445422345e+02
7.121160251911157957e+02
7.121653587450954319e+02
7.121697587647746559e+02
7.121729587790869118e+02
7.130223292445981542e+02
7.135619649914747242e+02
7.162184435393518243e+02
7.199900604080644371e+02
7.205926297697475320e+02
7.230063405651692392e+02
7.253850178705686176e+02
7.309256093177601770e+02
7.321306813741615542e+02
7.324646828679971122e+02
7.325316165006937581e+02
7.355289299063022099e+02
7.384011094189107780e+02
7.397219153262698228e+02
7.420880259087975901e+02
7.439417008661022237e+02
7.439457008839925720e+02
7.469893144966805494e+02
7.469976145338026754e+02
7.480938194366246989e+02
7.487232555851371671e+02
7.487668891136232787e+02
7.487703891292773051e+02
7.492018243922226475e+02
7.503986297449843050e+02
7.523373717494215498e+02
7.525687727843721859e+02
7.537220779425773571e+02
7.540593461176899837e+02
7.540632461351328857e+02
7.597538049197262353e+02
7.610162772328526444e+02
7.657670318141326788e+02
7.660232996269677415e+02
7.664959017407003330e+02
7.667512362160276780e+02
7.671852048236368091e+02
7.684810106191820296e+02
7.764559796208947091e+02
7.780214866226896220e+02
7.793302924763779629e+02
7.793640592940681699e+02
7.793672593083803122e+02
7.793720259963662329e+02
7.836206449984907749e+02
7.841574807328441921e+02
7.841625140886893632e+02
7.871189939783348564e+02
7.871234939984614130e+02
7.888720351522174496e+02
7.888870352193059716e+02
7.889063019721438650e+02
7.913257794600239095e+02
8.101142968257797747e+02
8.224630187226167664e+02
8.257570001217517301e+02
8.257839669090284360e+02
8.261767353323682528e+02
8.262001354370261197e+02
8.278595095253120917e+02
8.312226579004659470e+02
8.371195509412311822e+02
8.372958517297437311e+02
8.374086522342486205e+02
8.387865250635086340e+02
8.410290684267100687e+02
8.461778581215519353e+02
8.468855946202661471e+02
8.480145996697880264e+02
8.483821013134543136e+02
8.486035689706442326e+02
8.492201383949432056e+02
8.495158397174797074e+02
8.497012072132101821e+02
8.499045414559642495e+02
8.506051779229233034e+02
8.510650466463719113e+02
8.521535181812724886e+02
8.521575181991628369e+02
8.521617182179475094e+02
8.521838516502735956e+02
8.521898516771088907e+02
8.521987183834323787e+02
8.522076517567205656e+02
8.523279856282521223e+02
8.528897214739723722e+02
8.570388400310770294e+02
8.585737468960114711e+02
8.590866158565058868e+02
8.591760829233177219e+02
8.613448259564440832e+02
8.617295276770385044e+02
8.617380277150552956e+02
8.631763674814228580e+02
8.631909675467222769e+02
8.633242348094322551e+02
8.646895409158203165e+02
8.655614781489291545e+02
8.655655448337842017e+02
8.669865178558115986e+02
8.684238242842242244e+02
8.790997720328427931e+02
8.792952729072286502e+02
8.815521496678700260e+02
8.815621830460780757e+02
8.815676164037124636e+02
8.851906326078023994e+02
8.851978993069698163e+02
8.863687712104094771e+02
8.940758390139229732e+02
8.971845862512572012e+02
8.999355985552737138e+02
9.051510552149529758e+02
9.071250307103068735e+02
9.096106751607879914e+02
9.102932115467937138e+02
9.103006782468554547e+02
9.130489572053136271e+02
9.133151917293919269e+02
9.162086046703011561e+02
9.184572813942677385e+02
9.265110507484181426e+02
9.269739861522492674e+02
9.271450202505396874e+02
9.277459562715843049e+02
9.311333047549741195e+02
9.372803655812916759e+02
9.392571744226511328e+02
9.403205458452905532e+02
9.403238458600500280e+02
9.405323467925791192e+02
9.414115507248551467e+02
9.438913618159128873e+02
9.450565336938591372e+02
9.544260422660411223e+02
9.552398792392940550e+02
9.553407463570930531e+02
9.556417143698516838e+02
9.561899168217097440e+02
9.561936835052231345e+02
9.573176885323822489e+02
9.588016618361809833e+02
9.594662648086452919e+02
9.670231652738624462e+02
9.680512698721028073e+02
9.753910360328444540e+02
9.753943693810863351e+02
9.756916373772965017e+02
9.788889850108995461e+02
9.788945183689810392e+02
9.788993517239317725e+02
9.840936749557577059e+02
9.848470116584205698e+02
9.897145667620958420e+02
9.948027561859005345e+02
9.948068562042381018e+02
9.991706757216016968e+02
1.002631924535513804e+03
1.002794491929269839e+03
1.010890494805644835e+03
1.022185745324120830e+03
1.022189678675046366e+03
1.022193378691594717e+03
1.022886881793316093e+03
1.024365188405103709e+03
1.024378221796729349e+03
1.026859899562802639e+03
1.042159434657274005e+03
1.047475891768682004e+03
1.047706259465677931e+03
1.050707139553905108e+03
1.050711539573584332e+03
1.055679295125410135e+03
1.063850531671604131e+03
1.064018765757371511e+03
1.064068299312245699e+03
1.064499567907779010e+03
1.065593739468173453e+03
1.066262442458975102e+03
1.076192886873299358e+03
1.076207420271633964e+03
1.085366761237165747e+03
1.086017264146567186e+03
1.087306503246075636e+03
1.087676438233958606e+03
1.088822176691654704e+03
1.090266449817892635e+03
1.091035586591222227e+03
1.092309758956677570e+03
1.092325959029133173e+03
1.094083566890107022e+03
1.098981822131089757e+03
1.107444793315412653e+03
1.111679912257157412e+03
1.114244790395347991e+03
1.121053654181606817e+03
1.134230346448242244e+03
1.134236979811243600e+03
1.147306704932797402e+03
1.147312804960080030e+03
1.149951750096204933e+03
1.162440439285718185e+03
1.163503244039156243e+03
1.163508944064649768e+03
1.163513010749505156e+03
1.168969801821895771e+03
1.194825284128278554e+03
1.198977036030494219e+03
1.198996002781990683e+03
1.205043429829358502e+03
1.244450139410833344e+03
1.273670603433902897e+03
1.286115559094482933e+03
1.305701346692729430e+03
1.317898867913315144e+03
1.331720529731270290e+03
1.371128405984630035e+03
1.371134806013254547e+03
1.389254620388208195e+03
1.397043221889717870e+03
1.419412888605646003e+03
1.419425788663342018e+03
1.419430188683021242e+03
1.422828337214714793e+03
1.442854026780441018e+03
1.470766418286435282e+03
1.472511459424537634e+03
1.480881496859876734e+03
1.529029345536458550e+03
1.529033812223102586e+03
1.543221709012392239e+03
1.594560705294847139e+03
1.608512567695129974e+03
1.621690059965343380e+03
1.621707993378884566e+03
1.639348172275315846e+03
1.650775190049793082e+03
1.650779490069024860e+03
1.650783423419950395e+03
1.650801523500903613e+03
1.683481569663764503e+03
1.683486203017820571e+03
1.683499403076858471e+03
1.700298344877488262e+03
1.700304144903429233e+03
1.706082670748125338e+03
1.725029022153133837e+03
1.725040022202332239e+03
1.772900602927429190e+03
1.790477081538958146e+03
1.832365568886953497e+03
1.846438131827074358e+03
1.930941043103179936e+03
1.974095102778166847e+03
2.008706257577990755e+03
2.041200702910743985e+03
2.041209902951891536e+03
2.096804418267331585e+03
2.096823718353652566e+03
2.187607024385750265e+03
2.205120002713271333e+03
2.245254515549876487e+03
2.245539850159380876e+03
2.245546416855417192e+03
2.248457796543350014e+03
2.263627597724248062e+03
2.276467688485418876e+03
2.288793910281623539e+03
2.323839900359600051e+03
2.323846367055189148e+03
2.416160046598612553e+03
2.473318535575656824e+03
2.531783330395207486e+03
2.551552285479344846e+03
2.551556418831164592e+03
2.558293948965047548e+03
2.597558357910076666e+03
2.597643658291586689e+03
