2.516551478065499392e+00
3.375088651241915372e+00
3.794523860516602731e+00
3.799190548055222827e+00
4.055858362679325424e+00
4.060358382805852706e+00
4.463426852212950990e+00
6.298835061152219694e+00
7.660774485816064683e+00
7.844475307425602395e+00
8.513178298227437324e+00
8.906446723803433940e+00
1.006248522756687791e+01
1.016701902843196770e+01
1.063562112427425888e+01
1.072748820182023621e+01
1.081385525476712672e+01
1.222726157628546773e+01
1.248382939046231499e+01
1.248872941237786449e+01
1.264476344357986903e+01
1.304663190761989355e+01
1.351730067937214486e+01
1.368660143657679740e+01
1.392966919037406548e+01
1.453870524764639960e+01
1.580244423310471369e+01
1.622187944237940016e+01
1.630297980510413325e+01
1.646951388326803212e+01
1.702918305307825264e+01
1.805352096780535476e+01
1.847105616858218013e+01
1.872709064704032400e+01
1.874975741508504967e+01
1.909919231128043648e+01
1.931432660681082325e+01
1.997936291454659852e+01
2.073339962034034301e+01
2.159027011939582508e+01
2.178630432950028606e+01
2.224173969978718191e+01
2.280814223304598443e+01
2.281470892908247450e+01
2.291004268879999728e+01
2.297534298085825810e+01
2.307931011252222930e+01
2.308371013220149948e+01
2.311307693021238663e+01
2.320127732469230963e+01
2.336997807921342130e+01
2.338997816866464774e+01
2.343731171369922350e+01
2.347347854212353013e+01
2.352997879482325061e+01
2.359684576055519400e+01
2.361024582048751697e+01
2.369131284972983309e+01
2.369907955113339071e+01
2.371624629457902955e+01
2.402404767123344342e+01
2.408878129409058744e+01
2.416234828978868876e+01
2.417061499342852926e+01
2.424458199091565902e+01
2.430238224942970859e+01
2.431688231428184821e+01
2.458298350443044811e+01
2.485575139106279252e+01
2.490011825616210217e+01
2.491045163571190102e+01
2.510485250517784905e+01
2.532222014403028609e+01
2.559718804050226382e+01
2.560242139724200072e+01
2.605809010190583308e+01
2.606225678720817029e+01
2.628372444439811062e+01
2.629059114177636758e+01
2.697832755103928903e+01
2.769639742930323933e+01
2.789063163135708834e+01
2.807879913961073370e+01
2.854623456356836897e+01
2.913543719880157212e+01
2.933913810986233983e+01
2.955020572053764027e+01
3.002867452717587327e+01
3.108897926943276602e+01
3.224588444373909368e+01
3.365529074736719650e+01
3.389369181362584271e+01
3.446302769333749438e+01
3.496052991843680502e+01
3.529606475246359309e+01
3.529966476856480995e+01
3.531129815392894500e+01
3.534543163992570669e+01
3.550239900863543596e+01
3.594440098550759188e+01
3.595533436774093161e+01
3.635663616257983932e+01
3.661317064327425896e+01
3.673590452553997210e+01
3.674103788183245456e+01
3.722467337824558342e+01
3.778757589585041643e+01
3.779380925706271910e+01
3.837717853287264802e+01
3.849594573073052572e+01
3.901944807211643962e+01
3.925178244457488574e+01
4.039055420444542932e+01
4.039608756252693667e+01
4.090272316180897860e+01
4.173126020080855625e+01
4.203426155599467506e+01
4.281619838657288568e+01
4.303013267673619424e+01
4.305449945238427034e+01
4.367983558255936316e+01
4.371120238951537118e+01
4.419167120509872859e+01
4.420830461282566404e+01
4.443963898081154440e+01
4.496420799363485798e+01
4.603701279179877304e+01
4.604131281103078521e+01
4.647151473512671771e+01
4.678591614130003506e+01
4.742881901670978806e+01
4.759221974752632178e+01
4.802148833411453666e+01
4.814092220162078917e+01
4.881722522641408801e+01
4.894595913551516730e+01
4.986082989397920784e+01
5.023053154748517102e+01
5.031249858075279491e+01
5.049443272779414116e+01
5.068570024991272760e+01
5.069200027808985709e+01
5.078233401544457593e+01
5.092120130320093807e+01
5.156710419202838125e+01
5.217604024885346092e+01
5.308294430501943140e+01
5.324901171442946435e+01
5.345301262683199894e+01
5.406668203816054330e+01
5.448665058315392429e+01
5.466211803460603846e+01
5.483021878644362346e+01
5.548882173207258717e+01
5.593262371699535151e+01
5.593709040363945917e+01
5.645512605390870675e+01
5.664889358720869694e+01
5.670999386048219293e+01
5.696022831299948308e+01
5.707512882689679401e+01
5.741783035964360238e+01
5.751403078990401241e+01
5.759563115486503193e+01
5.799643294746765321e+01
5.841103480179162943e+01
5.856393548564627594e+01
5.934977233366746674e+01
5.957900669226096824e+01
5.958357337935233744e+01
5.978504094709104777e+01
5.984984123691302926e+01
6.056024441422067639e+01
6.056497776872413397e+01
6.133718122243607951e+01
6.196255068609357863e+01
6.231678560375726050e+01
6.256435337768105853e+01
6.265698712532266512e+01
6.318378948146803964e+01
6.372732524578759694e+01
6.407376012856529712e+01
6.410086024977171348e+01
6.522843195954956741e+01
6.548389976880660868e+01
6.569970073398536670e+01
6.597810197914647290e+01
6.611526925929948106e+01
6.632617020256269313e+01
6.647140418546102580e+01
6.649360428475188201e+01
6.734404142170056673e+01
6.737080820808277792e+01
6.767250955745456054e+01
6.793211071853151850e+01
6.802947782067657556e+01
6.816131174364259948e+01
6.823981209473866727e+01
6.858114695470631261e+01
6.863958054938632358e+01
6.924388325215520013e+01
6.928815011680724467e+01
6.955601798152403603e+01
6.979208570401338818e+01
7.003442012119744220e+01
7.005482021243768997e+01
7.032398808296881043e+01
7.046652205379123757e+01
7.064635619144019074e+01
7.065312288837120036e+01
7.071968985276137687e+01
7.072365653716920519e+01
7.083249035726630893e+01
7.084055706001163344e+01
7.103465792813580038e+01
7.105192467202870432e+01
7.105649135912005931e+01
7.124552553791660614e+01
7.137079276484612933e+01
7.137572612024411001e+01
7.149675999490645495e+01
7.171129428775330439e+01
7.187602835786658773e+01
7.205272914816819707e+01
7.215062958603195398e+01
7.225616339136961130e+01
7.317493416727664624e+01
7.321583435020440334e+01
7.326016788182130313e+01
7.346183545045451524e+01
7.348910223907303418e+01
7.349720227530077921e+01
7.362293617098416121e+01
7.379537027553617179e+01
7.393753757805200166e+01
7.394553761383249935e+01
7.406540481661019726e+01
7.412373841084293247e+01
7.424733896365154351e+01
7.429183916268051746e+01
7.429750585469169266e+01
7.440053964884795334e+01
7.442327308385750939e+01
7.446557327304685714e+01
7.449067338530814197e+01
7.454730697193754452e+01
7.465814080097977978e+01
7.466317415682499359e+01
7.478464136675879104e+01
7.479037472573480727e+01
7.494217540466964067e+01
7.508594271434157008e+01
7.533767717356769822e+01
7.548921118464318170e+01
7.549344453691034573e+01
7.567257867142851069e+01
7.567734535941438878e+01
7.616774755275852726e+01
7.617321424387519357e+01
7.622598114654401513e+01
7.760402064321610283e+01
7.806798938500220686e+01
7.815815645494481601e+01
7.865462534208914747e+01
7.880979270274826831e+01
7.881442605680447855e+01
7.892265987421804141e+01
7.970636337936443283e+01
8.021683232912464234e+01
8.062653416153305841e+01
8.115973654630280976e+01
8.121120344315731643e+01
8.147433795337065021e+01
8.156593836305727052e+01
8.186363969453881850e+01
8.266060992568786503e+01
8.290214433929386928e+01
8.303517826762696075e+01
8.322711245939392199e+01
8.323277915140511141e+01
8.358384738823902183e+01
8.420681684116236454e+01
8.452018490938070272e+01
8.473918588887165981e+01
8.474368590899818798e+01
8.501762046751518653e+01
8.546978915652505293e+01
8.573059032296907844e+01
8.573855702526714140e+01
8.629222616824199577e+01
8.656219404235116599e+01
8.666352782890405138e+01
8.675552824037971789e+01
8.698429593021934636e+01
8.737106432672371170e+01
8.741046450294263082e+01
8.744799800414610047e+01
8.753063170706208496e+01
8.759719867145226146e+01
8.760263202908652147e+01
8.847086924564678156e+01
8.884920427109918251e+01
8.888483776380479640e+01
8.890303784520540376e+01
8.896927147477138931e+01
9.027654398826855697e+01
9.028014400436977382e+01
9.050717835312363491e+01
9.151744953827004281e+01
9.162998337491562495e+01
9.169358365937053179e+01
9.201068507761976889e+01
9.201601843480675313e+01
9.347612496519371916e+01
9.367835920302806585e+01
9.392252696174514881e+01
9.420522822613826008e+01
9.445866269296774931e+01
9.446652939481857914e+01
9.497076498336646466e+01
9.601366964780079627e+01
9.634423779294718315e+01
9.658203885652230269e+01
9.674937293826424423e+01
9.729100869408594576e+01
9.760244342032399345e+01
9.778737758078301567e+01
9.795314498885129240e+01
9.814754585831722977e+01
9.822754621612214976e+01
9.831167992574698644e+01
9.845191388628252582e+01
9.889958255516584984e+01
9.914058363305315424e+01
9.956885221516881757e+01
9.957631891523060119e+01
1.000772544890190403e+02
1.005248898244199580e+02
1.006573237500695228e+02
1.008483579378111727e+02
1.010648255726382985e+02
1.025808990200062993e+02
1.026870328280274833e+02
1.026912661802946616e+02
1.032898688575699424e+02
1.035229032331591696e+02
1.050833102121440419e+02
1.050964102707345944e+02
1.055503789677950692e+02
1.067811178056588517e+02
1.069004850062002703e+02
1.073689204346304678e+02
1.083934250167696689e+02
1.084017583873743433e+02
1.086501594983586045e+02
1.091614951186616906e+02
1.091666951419190070e+02
1.092580288837462916e+02
1.097761645344627937e+02
1.104461008641141291e+02
1.105800681299549382e+02
1.106310683580555718e+02
1.120321412910789860e+02
1.121304083972493544e+02
1.129134118992649576e+02
1.130168790286926424e+02
1.132300466487603217e+02
1.136945153927827050e+02
1.140180835066211813e+02
1.155116235198741066e+02
1.158397583208039237e+02
1.160917594478894017e+02
1.161453263541362873e+02
1.174990324086427051e+02
1.180135680432579903e+02
1.181135351570317198e+02
1.181255018772200316e+02
1.183450028589472680e+02
1.187789047995916718e+02
1.187877048389502193e+02
1.191018395772641867e+02
1.191063062639082801e+02
1.201649443320442572e+02
1.207440135886221668e+02
1.212453824976820584e+02
1.219012187642702685e+02
1.223136872757194453e+02
1.224078876970347238e+02
1.229511901269773659e+02
1.231750911283838690e+02
1.231895911932360121e+02
1.239788280564639109e+02
1.241590955293843166e+02
1.244009966112969323e+02
1.245217304846175210e+02
1.246421643565963393e+02
1.258815365664065808e+02
1.258876032602067738e+02
1.263734720999419494e+02
1.273092429518825526e+02
1.276637778708879836e+02
1.281897802234553296e+02
1.282010136070304043e+02
1.288984500596771738e+02
1.296829535684016435e+02
1.305939243094227038e+02
1.316731291362110028e+02
1.322213315880691766e+02
1.323402987868215916e+02
1.328109675585738501e+02
1.330937354899317882e+02
1.333771367574557019e+02
1.339459059679662403e+02
1.341914070659800586e+02
1.341965404222725340e+02
1.342385739436025460e+02
1.342744407706850609e+02
1.342819408042292935e+02
1.343112742687577565e+02
1.343224409853680186e+02
1.343519744507910048e+02
1.343667745169849468e+02
1.344027413445147374e+02
1.344115747173556770e+02
1.344301414670629242e+02
1.347837430485606376e+02
1.349648438585415136e+02
1.362198161381236901e+02
1.363425500203894103e+02
1.365469842680633690e+02
1.366936515907057412e+02
1.366986516130685345e+02
1.370356197868393053e+02
1.370693199375646429e+02
1.370778199755814057e+02
1.394091637359463220e+02
1.394122304163288391e+02
1.399318327402717728e+02
1.400254664923859309e+02
1.403240344944103697e+02
1.423121767197921770e+02
1.425885446225257454e+02
1.425932113100643619e+02
1.427686787615164690e+02
1.446317537608632904e+02
1.452403564828641720e+02
1.452458898409456935e+02
1.457261919891169555e+02
1.464799286935688940e+02
1.473455992319829306e+02
1.496841763580327154e+02
1.497251765414077340e+02
1.498207769689845748e+02
1.503353792705647152e+02
1.506497473432555978e+02
1.513828839555728223e+02
1.525647225747283358e+02
1.529317242161584147e+02
1.529552576547460205e+02
1.530380246915916871e+02
1.530934916063364426e+02
1.558787707302793990e+02
1.570726094031056448e+02
1.583513484556524133e+02
1.594297866123450547e+02
1.608611930143695190e+02
1.634076710702647972e+02
1.635948719075283009e+02
1.644953759350698874e+02
1.651355787984037420e+02
1.663154174086141381e+02
1.667820861624761335e+02
1.677470904784979382e+02
1.677518904999662084e+02
1.691473967414257231e+02
1.696460989718921155e+02
1.697847662587539617e+02
1.710630386425468430e+02
1.717825085270723662e+02
1.738728845430323986e+02
1.747887553059690049e+02
1.782264706812934776e+02
1.801366458912979169e+02
1.836280948402813351e+02
1.841792973055572133e+02
1.847066663309036869e+02
1.895963882003873664e+02
1.910926282257161972e+02
1.924171341496238483e+02
1.952072466285175096e+02
1.966058528838419477e+02
1.971159218318131252e+02
1.977077911456398454e+02
1.977250245560502719e+02
1.977815914757148335e+02
2.004196032743319336e+02
2.012588403611879073e+02
2.028332474027886576e+02
2.028389474282822391e+02
2.047005557544026146e+02
2.051148576073848346e+02
2.052037580049955352e+02
2.052128580456958673e+02
2.075933353591459536e+02
2.145250330281176616e+02
2.258366169529788294e+02
2.275844914370865695e+02
2.281750940785813384e+02
2.304147707622947792e+02
2.336587519378016680e+02
2.383247394732909470e+02
2.389082754165129643e+02
2.419968558969838170e+02
2.424447912337265052e+02
2.426313920683064680e+02
2.426623922069558716e+02
2.426849589745533535e+02
2.427103924216388293e+02
2.427611259818801273e+02
2.427744927083300013e+02
2.428175929010974130e+02
2.428600264242164428e+02
2.428975265919374920e+02
2.429261600533351668e+02
2.429434601307104913e+02
2.429610935429099641e+02
2.429950270280122311e+02
2.430356938765630730e+02
2.431239609380078264e+02
2.433978288295599839e+02
2.457010724642459252e+02
2.463794421649491539e+02
2.463836088502515338e+02
2.513244642817655006e+02
2.585434299022217033e+02
2.600569700049258586e+02
2.624826141870533434e+02
2.677013375280097307e+02
2.754060053207890064e+02
2.816494332447791180e+02
2.822929361228723906e+02
2.844600791488427376e+02
2.875334928948130369e+02
2.903135053285338358e+02
3.002598498139716980e+02
3.082979190979029909e+02
3.097390255433112998e+02
3.128783062505410157e+02
3.143948463666628186e+02
3.191270675317181258e+02
3.227215169413753415e+02
3.245829919335660634e+02
3.311265545332543070e+02
3.328626289645857810e+02
3.329427626563203830e+02
3.329465626733161230e+02
3.329619960756759269e+02
3.399436273013109258e+02
3.402486286654421974e+02
3.405479966710446433e+02
3.419413695696293303e+02
3.439998454429146477e+02
3.440257122252715476e+02
3.486032993653863628e+02
3.489696676706504945e+02
3.490097345165177671e+02
3.525775171402400474e+02
3.549570944496648508e+02
3.560528326837328450e+02
3.748625501443069652e+02
3.844305262708099917e+02
3.920558937089151641e+02
3.920856605087150797e+02
3.933825329756975862e+02
3.933864996601054145e+02
3.936330340960742546e+02
3.954249421104570956e+02
3.966481809147766739e+02
3.985449227313663414e+02
3.990834918068055117e+02
3.996118275031421945e+02
4.112301461332203303e+02
4.122850175178430163e+02
4.162673353289244460e+02
4.196473171126996249e+02
4.222202286201529660e+02
4.274121851747271421e+02
4.383867009253702918e+02
4.441684267843787666e+02
4.504024213328443693e+02
4.504104547021073017e+02
4.530356331099931708e+02
4.536586692298813546e+02
4.555284109257119098e+02
4.559130459793414616e+02
4.620380067068154517e+02
4.660560246775672795e+02
4.660678247303434887e+02
4.663432926290517457e+02
4.663585593639995182e+02
4.663632593850205694e+02
4.663684260747955364e+02
4.746239296645441073e+02
4.852986107408308385e+02
4.866604501650473935e+02
4.866668168601893854e+02
4.866715502146928429e+02
4.914417715497054360e+02
4.985814701489699701e+02
5.056240683139487828e+02
5.123559650893026856e+02
5.134787367776121982e+02
5.135918706169413781e+02
5.170349193494528208e+02
5.200827329809255843e+02
5.223946433210403484e+02
5.224935437633766924e+02
5.246018531928780249e+02
5.248920211573329198e+02
5.248985878533693494e+02
5.328721235153381031e+02
5.328782568761031371e+02
5.378386123948320119e+02
5.475441224697946154e+02
5.522951770524165340e+02
5.588326062913397436e+02
5.588403396592607351e+02
5.626778568227153983e+02
5.626851235218825877e+02
5.626893902076321865e+02
5.630487251481059729e+02
5.675387118964243882e+02
5.675423119125256335e+02
5.675476452697125751e+02
5.738097732773395592e+02
5.746390769864348158e+02
5.769334539147973828e+02
5.779378584070381066e+02
5.823036445998643558e+02
5.856797263661967463e+02
5.889738077657788153e+02
6.122585785745478688e+02
6.138397856465620634e+02
6.236156627029105266e+02
6.333908730896107500e+02
6.334127065205949521e+02
6.337433079992238163e+02
6.337476080184559351e+02
6.337694747829225435e+02
6.339173754444143469e+02
6.339373422003831138e+02
6.341391431029461501e+02
6.346151452318853217e+02
6.552555708803776042e+02
6.960122864998104433e+02
6.974600929751849208e+02
6.998800704653011735e+02
7.020397134577273164e+02
7.049464264581216639e+02
7.077720724292737486e+02
7.110222202990280493e+02
7.205918964331343659e+02
7.253647511132580803e+02
7.462619779103042674e+02
7.511513331114812217e+02
7.519837368344414017e+02
7.526199730133673711e+02
7.526252397035895001e+02
7.559842880604059019e+02
7.634938549805883667e+02
7.681653092071943547e+02
7.681709092322406605e+02
7.814872021232457655e+02
7.933727219483923818e+02
7.954594312812863564e+02
7.954697646608360628e+02
7.954752980189176697e+02
8.228380870667921272e+02
8.231179216516973156e+02
8.273078403912824115e+02
8.462182249687610920e+02
8.602813545333575576e+02
8.745908518665105476e+02
8.806954791697090741e+02
8.883419133687029898e+02
8.957630465600285561e+02
8.999414652481793837e+02
9.010593702480558704e+02
9.086342707937790237e+02
9.229808349593816956e+02
9.377990012342445425e+02
9.428365904317375907e+02
9.439145285861940238e+02
9.671411324681422457e+02
9.671487658356161319e+02
9.701702460159781367e+02
9.701853127500314713e+02
9.714477183961929541e+02
1.007330945552079925e+03
1.022402679627701900e+03
1.022417613027825382e+03
1.028274472556205865e+03
1.029258510290688491e+03
1.032661192175990891e+03
1.042222601606457602e+03
1.047739226279789818e+03
1.049120199122914755e+03
1.083932721490030417e+03
1.108228330153146771e+03
1.109231334639125862e+03
1.117644638934644718e+03
1.126954147238473070e+03
1.126965547289460119e+03
1.129958227341012616e+03
1.162091104389970042e+03
1.171205978489955442e+03
1.185444775506898395e+03
1.195421620128749282e+03
1.195447920246377635e+03
1.195773088367372338e+03
1.195779355062066998e+03
1.195795188466215905e+03
1.198774835126142307e+03
1.203077387702820261e+03
1.203081821055982118e+03
1.203086754411380070e+03
1.203174521470588616e+03
1.203275321921422574e+03
1.203492056224109319e+03
1.225558921585745566e+03
1.229697940097677474e+03
1.247038784321988487e+03
1.250563100084636744e+03
1.260396177396815801e+03
1.262267185764978194e+03
1.294784864534977487e+03
1.301791229204566889e+03
1.301797995901497870e+03
1.309861531965997074e+03
1.309867765327209327e+03
1.339943266507801354e+03
1.349989344772636059e+03
1.419297188088170515e+03
1.428629063158701911e+03
1.428636229857421995e+03
1.438411240243227667e+03
1.438424340301818120e+03
1.442981294016315587e+03
1.442989127384684025e+03
1.442993594071328289e+03
1.513106940989511031e+03
1.536734646665403716e+03
1.580627476311236478e+03
1.582664285420949454e+03
1.610133108276398161e+03
1.615791066915185866e+03
1.618736613422598111e+03
1.620414720928003135e+03
1.623524668170704672e+03
1.655662545242024862e+03
1.657669620885420500e+03
1.657676387582351481e+03
1.673614658866930313e+03
1.675415333587189025e+03
1.675420566943929089e+03
1.675425200297985157e+03
1.675431466992680043e+03
1.717311154301316947e+03
1.724031317690859396e+03
1.725075189026283851e+03
1.725241089768281654e+03
1.725244289782594024e+03
1.725263123200160635e+03
1.725549924482890901e+03
1.916125076838157156e+03
2.005338075846991842e+03
2.112944123786166983e+03
2.112947623801820555e+03
2.348523110756280857e+03
2.422712242570247781e+03
2.598247394325153891e+03
