3.154687665489373849e+00
4.634160949161607590e+00
5.937466778250933608e+00
8.881813280296004365e+00
1.075802167171577928e+01
1.242682913552631163e+01
1.277856404200858975e+01
1.287636447942509932e+01
1.300903173945158287e+01
1.431320423908379702e+01
1.464930574231169658e+01
1.608771217564407507e+01
1.723091728867631645e+01
1.851345635821878233e+01
1.878465757117744417e+01
1.976889530655483540e+01
2.660602588590466411e+01
2.877113556944744133e+01
2.926800445838080122e+01
3.219388421116590138e+01
3.366062410455418785e+01
3.700877241261957096e+01
3.799217681093648480e+01
3.844124548608141367e+01
3.848081232971242827e+01
3.879741374572537893e+01
3.885394733190751992e+01
4.142755884249164211e+01
4.267089773670970487e+01
4.292966556072619255e+01
4.376756930828541670e+01
4.512237536771165480e+01
4.892222569603304549e+01
4.960716209277279631e+01
5.042266574014664826e+01
5.121593595474721639e+01
5.153843739714828587e+01
5.179517187873722150e+01
5.315257794979212491e+01
5.375774732310389226e+01
5.394254814963324662e+01
5.409621550358352238e+01
5.940790592700571437e+01
6.282552121243169552e+01
6.654687118965699710e+01
7.039555506972179444e+01
7.356160256333372160e+01
7.426160569412674306e+01
7.575594571095771812e+01
7.804308927363541670e+01
7.873185902085332089e+01
8.328991274027077907e+01
8.351958043413573307e+01
8.459515191134039469e+01
8.500482041026639024e+01
8.643059345376208569e+01
8.645039354231879258e+01
8.655299400120361497e+01
8.657172741832292218e+01
8.821696811006343353e+01
8.943734023489498952e+01
8.969277471066959606e+01
8.996930928081525281e+01
9.048117823683703875e+01
9.064207895647217583e+01
9.534963334453757966e+01
9.565923472924261262e+01
9.600236959726085217e+01
9.816894595403005042e+01
9.912515023069329345e+01
9.992162045960607486e+01
1.000220209086512284e+02
1.001579215164723422e+02
1.017839287888572386e+02
1.019127960318879929e+02
1.022722309728089982e+02
1.022788310023278910e+02
1.022941310707580982e+02
1.075533212593708043e+02
1.075574879446731273e+02
1.076797884916674093e+02
1.088638271206625774e+02
1.090961614931210164e+02
1.094210296127738076e+02
1.133786473133829560e+02
1.158551583896813781e+02
1.178058671143069773e+02
1.180145680477305490e+02
1.181587020257090757e+02
1.182448690777614502e+02
1.184001031053853978e+02
1.185972039869272692e+02
1.186742709982793400e+02
1.217647848207304548e+02
1.217903849352280474e+02
1.219962191891636110e+02
1.237080268452942846e+02
1.263021384475659090e+02
1.280317461833082007e+02
1.280844130855297749e+02
1.321417312320532744e+02
1.323411654573644682e+02
1.330363018997243501e+02
1.331256689660889094e+02
1.359663816712941866e+02
1.360291486186886516e+02
1.368483856160933954e+02
1.400387998853534270e+02
1.401957005870982869e+02
1.402736342689932485e+02
1.431806139372469602e+02
1.448163212530157296e+02
1.452453898387094000e+02
1.452988900779914445e+02
1.453249235277604612e+02
1.478152013322977893e+02
1.479034350602601364e+02
1.487861056747076987e+02
1.489023395279017450e+02
1.495847425799776715e+02
1.500388446109678284e+02
1.520308868537926514e+02
1.522775546236911453e+02
1.523308548620786667e+02
1.566569075438618768e+02
1.611874611402838866e+02
1.613850953575444578e+02
1.646950768282403885e+02
1.650686118322245193e+02
1.667277192526512124e+02
1.684297601984332005e+02
1.685097272227557141e+02
1.705515696883140606e+02
1.713804733956202426e+02
1.715627075440033593e+02
1.717551084045241794e+02
1.723435777031441773e+02
1.742046526935458530e+02
1.758148932287466835e+02
1.758480933772357560e+02
1.758526267308446904e+02
1.764963962767972987e+02
1.776396680567943918e+02
1.778767024502738821e+02
1.778934358584480719e+02
1.794130759884348549e+02
1.794323427412728620e+02
1.794584095245243134e+02
1.794657095571739944e+02
1.817665198476433659e+02
1.819562873630531215e+02
1.819780874605549741e+02
1.821514882360970944e+02
1.851356349161501385e+02
1.868428092182246019e+02
1.869318096162825782e+02
1.870365100845597510e+02
1.871850774156999648e+02
1.911597618593075083e+02
1.916245639381540684e+02
1.934818055780775978e+02
1.940744082285174841e+02
1.945067768289706294e+02
1.946046439333519800e+02
1.949895789883233022e+02
1.950682126733490804e+02
1.962853181169035963e+02
1.966266196433888069e+02
1.985966617878172542e+02
1.989794968333962117e+02
2.015727084316425248e+02
2.017903760718367323e+02
2.065668641015440414e+02
2.066700312296299842e+02
2.067767983738171154e+02
2.092600428135641266e+02
2.106793158279881482e+02
2.109032834963594780e+02
2.111367178737377515e+02
2.113403854513160809e+02
2.113599188720134521e+02
2.141031978081088312e+02
2.144765661446808735e+02
2.146121000841953332e+02
2.157238383898243228e+02
2.180561154876969567e+02
2.185354176313956600e+02
2.185507510333082735e+02
2.185921178849899036e+02
2.186020179292682428e+02
2.202086251148854785e+02
2.204418594913692004e+02
2.204484595208881217e+02
2.205893268175896083e+02
2.206439270617914588e+02
2.208083277970805511e+02
2.215330310383458254e+02
2.215392310660757289e+02
2.215440644210264338e+02
2.215632978403820346e+02
2.222339008396817235e+02
2.259967843360007578e+02
2.289994644322785859e+02
2.294451997591816053e+02
2.294552331373896834e+02
2.302028031475941816e+02
2.308012058239749535e+02
2.308609727579517141e+02
2.310715403663907352e+02
2.322851791277736879e+02
2.340208202238337662e+02
2.342613546329671976e+02
2.343791551598349656e+02
2.343871218621330001e+02
2.344923889996113076e+02
2.361281296488624832e+02
2.364131975905073375e+02
2.374610356103396214e+02
2.379280710325082566e+02
2.392403769018506239e+02
2.397221457232483033e+02
2.397338791090596715e+02
2.413605863845753845e+02
2.416219208867381099e+02
2.435759296261231839e+02
2.436164964742267216e+02
2.436371965668087682e+02
2.437301636492745729e+02
2.442415326030600511e+02
2.443878665908782466e+02
2.468977111495953523e+02
2.469032111741944391e+02
2.496610901755892087e+02
2.498149241969515799e+02
2.498199575527968079e+02
2.515638320190142849e+02
2.529104713752479370e+02
2.543541444988024693e+02
2.565460543022098818e+02
2.572057572527586444e+02
2.573107243888952098e+02
2.573537245812153174e+02
2.577410596469208031e+02
2.577712264485097649e+02
2.578771602556363973e+02
2.602645042664647690e+02
2.615941435466648954e+02
2.646384238290012831e+02
2.651530927975462077e+02
2.682294065564869925e+02
2.685654080592676110e+02
2.688648760653173326e+02
2.692628778453968152e+02
2.696541795955101293e+02
2.696968131195235969e+02
2.698518804797355415e+02
2.698676805504019853e+02
2.698727139062472133e+02
2.699961811251260997e+02
2.709104518809066349e+02
2.711676863647318214e+02
2.728538939063649877e+02
2.731506285668563123e+02
2.733273626906403706e+02
2.765936772993678119e+02
2.766457775323882515e+02
2.768978786599210480e+02
2.769098453801093456e+02
2.771749798992677825e+02
2.788879542272831031e+02
2.789334544307846500e+02
2.812821982689721381e+02
2.816750333592767106e+02
2.857186514445261309e+02
2.877361271344364013e+02
2.880672619487839370e+02
2.909060746454913442e+02
2.915387441417985315e+02
2.928536833562519632e+02
2.932903186424547357e+02
2.940058218425725158e+02
2.948237255006804389e+02
2.963607323750073874e+02
2.963708990871451192e+02
2.965557665806392720e+02
2.966779671271863208e+02
2.969957685485663319e+02
2.972228362308026135e+02
3.016155892109056822e+02
3.032587965602186273e+02
3.036540316612573065e+02
3.056362738602510376e+02
3.059879420997684747e+02
3.076638495953342272e+02
3.080149178321681234e+02
3.080200511884606271e+02
3.103030613993183238e+02
3.108443638203158912e+02
3.112143321416811546e+02
3.112846991230671279e+02
3.136202429022167735e+02
3.141305118510824741e+02
3.164271221227670594e+02
3.170419582059802224e+02
3.173736596895288926e+02
3.173915597695877295e+02
3.173980931321418097e+02
3.175287937167055361e+02
3.175334937377265874e+02
3.203959732069512825e+02
3.223562153075486663e+02
3.223884487850476148e+02
3.246335921598776508e+02
3.254747625887139861e+02
3.275221050788713910e+02
3.278925067355081637e+02
3.304553515312710488e+02
3.304984517240384321e+02
3.328154620869632936e+02
3.351347724601750429e+02
3.376820505196483850e+02
3.411046324939547389e+02
3.422245375027762861e+02
3.422433375868604344e+02
3.501711730444330897e+02
3.520150812913890945e+02
3.521830153758145912e+02
3.540079235377919531e+02
3.540079902047568225e+02
3.540953905956586709e+02
3.548467606228589375e+02
3.550471615191602837e+02
3.561351330518247096e+02
3.570798372770534570e+02
3.571967377998959137e+02
3.592051134491058519e+02
3.600552505847127804e+02
3.603373851799047429e+02
3.621713933825824370e+02
3.622374936782187547e+02
3.640702352085645543e+02
3.642490693417409489e+02
3.647270381461428883e+02
3.675933842993281360e+02
3.687131559742200579e+02
3.699134946761179776e+02
3.705838643410407371e+02
3.705851310133726315e+02
3.706361645749557283e+02
3.707015982009436357e+02
3.708401988208406692e+02
3.711947004063636655e+02
3.712240338708921286e+02
3.741897804686500422e+02
3.749711506300271253e+02
3.828399191567537514e+02
3.828511858738112892e+02
3.876210405405172423e+02
3.878214081033361822e+02
3.900781848635304527e+02
3.901181850424328559e+02
3.902730857352325984e+02
3.949276398862522797e+02
3.954531422365833464e+02
3.960092113902923074e+02
3.960812117123167582e+02
3.962020455860845800e+02
3.997154946334643455e+02
3.998538619189844212e+02
4.000601295081914941e+02
4.003012972534908158e+02
4.037280459130995496e+02
4.038947133251931518e+02
4.039153800842927353e+02
4.040813808267379841e+02
4.043364819676883712e+02
4.058859555644398824e+02
4.067469927487977088e+02
4.078900978613826851e+02
4.081279989254050520e+02
4.102120415797055557e+02
4.132118216630129268e+02
4.133210888183814973e+02
4.138030909741560777e+02
4.177478086170692109e+02
4.180489099637574668e+02
4.180731767389582956e+02
4.182565108922611898e+02
4.192907488512666987e+02
4.215164588058466961e+02
4.219806275485272522e+02
4.226727639774694580e+02
4.227210975269766209e+02
4.227344309199440886e+02
4.243634715392290673e+02
4.279222207892159417e+02
4.281288550467295408e+02
4.281498551406533011e+02
4.284585898548154432e+02
4.290867593309961308e+02
4.291213261522643165e+02
4.294306275356275933e+02
4.326300751786230876e+02
4.328083426425984044e+02
4.334347454442108756e+02
4.370883284516789331e+02
4.371288619663000645e+02
4.371341619900045998e+02
4.389447700880243701e+02
4.393318051523881422e+02
4.397386403053084791e+02
4.398520408124969663e+02
4.404936436820923973e+02
4.406091108651908144e+02
4.418575831157013454e+02
4.421834512398267520e+02
4.421838512416157414e+02
4.421864512532443996e+02
4.421967846327942198e+02
4.423170851708433133e+02
4.424807859030016743e+02
4.425089526956454620e+02
4.432965562182348549e+02
4.458830344530326215e+02
4.464752704351658963e+02
4.465122039336858393e+02
4.482046781700136648e+02
4.502949875190088278e+02
4.503225876424515377e+02
4.504042213408949920e+02
4.505345219236697289e+02
4.509346570466239541e+02
4.546365736035991745e+02
4.547140739502226552e+02
4.547556074693164305e+02
4.549892751810716049e+02
4.593816281593856274e+02
4.611100025562784595e+02
4.612689366004508429e+02
4.639292484988060892e+02
4.671933630976938616e+02
4.673194636616838693e+02
4.673347303966316417e+02
4.673352970658327195e+02
4.705190113051265826e+02
4.709175797544071429e+02
4.712165477582205995e+02
4.715190491111704887e+02
4.725707204814809188e+02
4.732313234360549927e+02
4.735306247746926260e+02
4.755901339859328800e+02
4.759321688490313704e+02
4.759428022299229042e+02
4.760114025367406043e+02
4.774526089825961890e+02
4.774718424019517897e+02
4.794223844591653005e+02
4.813725931815546346e+02
4.821266632208307783e+02
4.821614967099583851e+02
4.843038062915267119e+02
4.928773113035497886e+02
4.932361795752697162e+02
4.942709508699938965e+02
4.947815864871661233e+02
4.952818220578237742e+02
4.962365596612606282e+02
4.967761954081371982e+02
5.006984796173825316e+02
5.082997469476989636e+02
5.087144488024702014e+02
5.088635828028114929e+02
5.089295164310357791e+02
5.115444614598191038e+02
5.115565615139370834e+02
5.120220302624319402e+02
5.120842638741077053e+02
5.145459082172474155e+02
5.149756768060718741e+02
5.149872101909886624e+02
5.151285108229616299e+02
5.167902182550170664e+02
5.176870555994925098e+02
5.183327584874255081e+02
5.189227277927543582e+02
5.191833956252686448e+02
5.193473963587687194e+02
5.196537310621966981e+02
5.196689644636620642e+02
5.197857316525748956e+02
5.197912316771739825e+02
5.198890321145904636e+02
5.202380670089968362e+02
5.253742899809668643e+02
5.255446574096089307e+02
5.257254582182480362e+02
5.260796264689469126e+02
5.292119071448686327e+02
5.298816768071078513e+02
5.317379851095237200e+02
5.318157521240065080e+02
5.319812195307331422e+02
5.339386949522896657e+02
5.348977992419233942e+02
5.349210660126516359e+02
5.372672098392104090e+02
5.375188442979892898e+02
5.403644903585925476e+02
5.424068661598695371e+02
5.429014350385160697e+02
5.452955457462754794e+02
5.478332237628121675e+02
5.482179588168889950e+02
5.488348615760121447e+02
5.513333394172244653e+02
5.513700395813675641e+02
5.513873063252603970e+02
5.517883414522399335e+02
5.520696093768890478e+02
5.552059900711483351e+02
5.552680570154120687e+02
5.555712917049751240e+02
5.558364595576159672e+02
5.559040265264786740e+02
5.565008625291858380e+02
5.569279311059343627e+02
5.569322644586487741e+02
5.578774686861138434e+02
5.580170693104834072e+02
5.581034030299479127e+02
5.603630464696301487e+02
5.609407157199464109e+02
5.654196690855843599e+02
5.655100694899037990e+02
5.690793187868525820e+02
5.690985855396905890e+02
5.691242523211529942e+02
5.713247954965069084e+02
5.713678290223094791e+02
5.719389649100716042e+02
5.721334991134673373e+02
5.723096999015326674e+02
5.730043363416561988e+02
5.799014005223948516e+02
5.842439532779753790e+02
5.845582880171838269e+02
5.866545973930144555e+02
5.884366720300837414e+02
5.906794487276621339e+02
5.913933519206236724e+02
5.924241565309399675e+02
5.924334232390524448e+02
5.928336916959362952e+02
5.928497917679446800e+02
5.929165253997468881e+02
5.930835928136294797e+02
5.932865603880770777e+02
5.955949707125379291e+02
5.975206793253495334e+02
5.975496461215712998e+02
5.977065468233162164e+02
5.983119161975224642e+02
5.983159495488951052e+02
5.985255171528616529e+02
6.026787690617861699e+02
6.026912024507283832e+02
6.027205025817744399e+02
6.027262026072679646e+02
6.027372693234310645e+02
6.028315364117112267e+02
6.028795699598764486e+02
6.030759041713226907e+02
6.047961451985053145e+02
6.066385867722349303e+02
6.068220542594676772e+02
6.070047550766046243e+02
6.070951221474417707e+02
6.070992554992616306e+02
6.089649971772018944e+02
6.093393655182464954e+02
6.093465655504489860e+02
6.093535322482744050e+02
6.098578011703048105e+02
6.099155347618540191e+02
6.099967351250260208e+02
6.110310064175139360e+02
6.130179819710110678e+02
6.130274820135003893e+02
6.209351507142096125e+02
6.210066177005153349e+02
6.210860847226016404e+02
6.211429516436079439e+02
6.244876999364664698e+02
6.246816341371786621e+02
6.248353014911289165e+02
6.258282725989000710e+02
6.259944733422397576e+02
6.281543830025252646e+02
6.284761177748306409e+02
6.286094183710230254e+02
6.287480856578849853e+02
6.301465585792797128e+02
6.316652653717587782e+02
6.318716662948954763e+02
6.322940681841054129e+02
6.341117096469155285e+02
6.341484431445408063e+02
6.357367835817926789e+02
6.372326236053323782e+02
6.373245573498433032e+02
6.374603246237346639e+02
6.374651579786855109e+02
6.376236586875864987e+02
6.379273267124208360e+02
6.381119608715381446e+02
6.399099355797212638e+02
6.401181698443908772e+02
6.406052720229756687e+02
6.419626447605480735e+02
6.420970453616603209e+02
6.421062120693255793e+02
6.423698799152574566e+02
6.436052521071775345e+02
6.436270188711969240e+02
6.436926191645968629e+02
6.438122196995152535e+02
6.438195863991298893e+02
6.462269971663743036e+02
6.462355972048383137e+02
6.469854672253297849e+02
6.473800356567199970e+02
6.474493359666685137e+02
6.476946703972703290e+02
6.477518706531008092e+02
6.489561427059240941e+02
6.490189429868009938e+02
6.491301101506674058e+02
6.503799824074395701e+02
6.525706588719974661e+02
6.529218937762434507e+02
6.529977607822283971e+02
6.547191684812956964e+02
6.547795354179560263e+02
6.575147809847885583e+02
6.578866159811691432e+02
6.604793942441440322e+02
6.620394678883047845e+02
6.628169380322387951e+02
6.657603845302586478e+02
6.658211848021903734e+02
6.658801183991066637e+02
6.662287866252063395e+02
6.668062225411458712e+02
6.668241892881694639e+02
6.711733420732689410e+02
6.741719221512092872e+02
6.798699476358643778e+02
6.802718494333867056e+02
6.804395501834353581e+02
6.808855521781977131e+02
6.825373595659747252e+02
6.826906935851008029e+02
6.874053146714389868e+02
6.882088182651420993e+02
6.896090245276225232e+02
6.913461322969091043e+02
6.918914680692793127e+02
6.923395367399515408e+02
6.924757373491145245e+02
6.938120766592807058e+02
6.946767138597398343e+02
6.949064815540519930e+02
7.008543414894353418e+02
7.011297760546611926e+02
7.016066448541432692e+02
7.016907118968033501e+02
7.017368787699532504e+02
7.033088191338549677e+02
7.048212258981568539e+02
7.075472380903593148e+02
7.090118779743553432e+02
7.092971125834121722e+02
7.096049806270315230e+02
7.105511848589691226e+02
7.148794042171094816e+02
7.151076719047129018e+02
7.152954394111775400e+02
7.171731478093062151e+02
7.173269484971860948e+02
7.185769207544055917e+02
7.186961546210171718e+02
7.214499669375569511e+02
7.223947711632330311e+02
7.226945058371420600e+02
7.242761795779100567e+02
7.259736205031183545e+02
7.272615595968126172e+02
7.279889628501537118e+02
7.281704636619236908e+02
7.294859695455783140e+02
7.295707699248514473e+02
7.304382071378337287e+02
7.305424409373570143e+02
7.349454606300449768e+02
7.352275952252369962e+02
7.353899626180985933e+02
7.355282965701362627e+02
7.355352299344793892e+02
7.355981968827683204e+02
7.379722075006291107e+02
7.392787800109954333e+02
7.392796133480560457e+02
7.403936849974542156e+02
7.411107548712457174e+02
7.413425559079854565e+02
7.434344985976190401e+02
7.462937113855667803e+02
7.464947122845516105e+02
7.465614792498363386e+02
7.534133765618976213e+02
7.554662524101365761e+02
7.567334580777664996e+02
7.579849970086595476e+02
7.582242980789435478e+02
7.598036051424597872e+02
7.598516386906251228e+02
7.603486409134882251e+02
7.603533076010266996e+02
7.638709566671913080e+02
7.639118901836014857e+02
7.649355614286803302e+02
7.672127049466322433e+02
7.677279072508960098e+02
7.690450131417067041e+02
7.692768808454112559e+02
7.709007881084037308e+02
7.723579279588554982e+02
7.726913294500074016e+02
7.727075961894277043e+02
7.736301669823305929e+02
7.773179501427600826e+02
7.774174172542975612e+02
7.774556840921143248e+02
7.825070066843640006e+02
7.825761069934179659e+02
7.825905403913052396e+02
7.826104404803091938e+02
7.828083080319466944e+02
7.829230752119143517e+02
7.829409752919731318e+02
7.848792172941741683e+02
7.852146187942712459e+02
7.856048538729471602e+02
7.860934560582406903e+02
7.899861401350981396e+02
7.915613805137593317e+02
7.922151834379201318e+02
7.925298848454351628e+02
7.925778517266356857e+02
7.931223541619453954e+02
7.954997647950128794e+02
7.957147990900961076e+02
7.972556393149012592e+02
7.972647726890839976e+02
7.978065751123177733e+02
7.983183107344098062e+02
7.985388783875744139e+02
7.986521122273508126e+02
7.989649469598505220e+02
8.010280561871919645e+02
8.068587822653558987e+02
8.073301177067565959e+02
8.077785530457356344e+02
8.094042603167787320e+02
8.106675326334831198e+02
8.139975808605951215e+02
8.142444152979057890e+02
8.153734536809099609e+02
8.159687563434258664e+02
8.162810910736892538e+02
8.173666959291018657e+02
8.196347060728712677e+02
8.201630751026902999e+02
8.202800422924975692e+02
8.212838134485723458e+02
8.250288301983149495e+02
8.250847304483310154e+02
8.251454640532980420e+02
8.267843380498965189e+02
8.272633068587711023e+02
8.273021736992712931e+02
8.311427242096259533e+02
8.319621612079251918e+02
8.324570967548781937e+02
8.324621301107234785e+02
8.327207646008102984e+02
8.332399335894816659e+02
8.332812337741986539e+02
8.334920347170144623e+02
8.351960090047767835e+02
8.352563759414369997e+02
8.365334816533452340e+02
8.365386483431201441e+02
8.422222737633703673e+02
8.427754095706264934e+02
8.444390170111796579e+02
8.454096213522479957e+02
8.485898689093702387e+02
8.535711578550581180e+02
8.547231630074488749e+02
8.570207399501235841e+02
8.573298746660747156e+02
8.611867585828146048e+02
8.631039004906444916e+02
8.644631732367148516e+02
8.645606403393071560e+02
8.713795041702916251e+02
8.727144101407138805e+02
8.727570769982097545e+02
8.729111776874315183e+02
8.748107861835093217e+02
8.748697197804256120e+02
8.768642953679142238e+02
8.768770620916805001e+02
8.804245112911274873e+02
8.805134783557030005e+02
8.823316864877141370e+02
8.829511892584660018e+02
8.830269895974861356e+02
8.830566563968387754e+02
8.831140566535638072e+02
8.834319580753910941e+02
8.835643586675581673e+02
8.876189768020059319e+02
8.877488107160266964e+02
8.882933131513364060e+02
8.887175483820794852e+02
8.905978567918366480e+02
8.907952576747203466e+02
8.912727264768860778e+02
8.925505988588898845e+02
8.954790786233036215e+02
8.976082548127990322e+02
8.984099583984515220e+02
9.009185362848367049e+02
9.010159033869817904e+02
9.013103380371862841e+02
9.022650423071406749e+02
9.026004104737554599e+02
9.044445187216059594e+02
9.045813860004171829e+02
9.046439862803995311e+02
9.068069292875851488e+02
9.079857012263581737e+02
9.142892960861140637e+02
9.146967312417179983e+02
9.152776671733113290e+02
9.155421350228212987e+02
9.161853045660905082e+02
9.171218754216091611e+02
9.180080460517106076e+02
9.197026202974308262e+02
9.197977873897362997e+02
9.200233550652637859e+02
9.208166586133468172e+02
9.236809047571396150e+02
9.236865381156684407e+02
9.237968719424743540e+02
9.244965750719255766e+02
9.245261085373485912e+02
9.245354419124257674e+02
9.248422432846075480e+02
9.252545117951623297e+02
9.256708469905720449e+02
9.257663140842192888e+02
9.259468815584814365e+02
9.287651608300188855e+02
9.302906676529113383e+02
9.324766774299306462e+02
9.349391551101308551e+02
9.349927220163776838e+02
9.366688628463203941e+02
9.438981951798087948e+02
9.459987712413889085e+02
9.468585750868973037e+02
9.483992486442903100e+02
9.484141820444139057e+02
9.502253234781522906e+02
9.508151927830338082e+02
9.509160599008329200e+02
9.544429423416274858e+02
9.617074081655850932e+02
9.640330185669740786e+02
9.679512360913643079e+02
9.692632086258824984e+02
9.716971528451322229e+02
9.819196985658915082e+02
9.847515778982558459e+02
9.919674435048470968e+02
9.927370802804127834e+02
9.938952521270510942e+02
9.956413932700730811e+02
9.957378603681927416e+02
9.975584351774556353e+02
9.975794686048618587e+02
9.976617023059889107e+02
1.003725129424918009e+03
1.004769734096955631e+03
1.004919734767839827e+03
1.006139373556058217e+03
1.007038910912609708e+03
1.009391854769581869e+03
1.011645731516805768e+03
1.012060666705953736e+03
1.012315301178150321e+03
1.012359801377179451e+03
1.012364568065165258e+03
1.014454977414607697e+03
1.014981479769411294e+03
1.015086180237688495e+03
1.016724954233839640e+03
1.017096422561913869e+03
1.017487057642378772e+03
1.017864125995499307e+03
1.018368761585836296e+03
1.019732734352927650e+03
1.020150736222458363e+03
1.020178136345006465e+03
1.020254036684473931e+03
1.022575613734490048e+03
1.023403117435534682e+03
1.023523817975372936e+03
1.023569051511015005e+03
1.025882961860075056e+03
1.026442797697297465e+03
1.026450331064323791e+03
1.026644098597623952e+03
1.027129734102982184e+03
1.028140871958671596e+03
1.031374453087663824e+03
1.033727463611600797e+03
1.035793539518877651e+03
1.036775577244415217e+03
1.037077378594234460e+03
1.037346679798695277e+03
1.037823748599071678e+03
1.038440451357300390e+03
1.038446651385030464e+03
1.038580785318283233e+03
1.042625370074522834e+03
1.043062238695102451e+03
1.043351739989909220e+03
1.043690274837353627e+03
1.044757646277883168e+03
1.044917013657327061e+03
1.045150448034705505e+03
1.046148519165286416e+03
1.046160985887710922e+03
1.046192319361184673e+03
1.051522043198595384e+03
1.052500847576338629e+03
1.053302584495473411e+03
1.053606452521202527e+03
1.054493423154881839e+03
1.055211459699663465e+03
1.055226159765410330e+03
1.055831895807923047e+03
1.056694699666849147e+03
1.056992667666190073e+03
1.057695937478260021e+03
1.058221806496897671e+03
1.058347173724274398e+03
1.061801789175185149e+03
1.062851660537445014e+03
1.068070850547155487e+03
1.068342685096279865e+03
1.068396152002079589e+03
1.068404452039201942e+03
1.068432152163091587e+03
1.068440618867625972e+03
1.068663419864112711e+03
1.068823987248923686e+03
1.069700091167334904e+03
1.070760162575214963e+03
1.072449003461958910e+03
1.072863538649318116e+03
1.075608884261323283e+03
1.075857218705342802e+03
1.075904752251271930e+03
1.077102324274129160e+03
1.077240391558307465e+03
1.077518226134267479e+03
1.077539592896497879e+03
1.078235396008506086e+03
1.078340796479913934e+03
1.078845632071145474e+03
1.079188666938716551e+03
1.080587206527076205e+03
1.080879574501370598e+03
1.080914574657910407e+03
1.080956508178793001e+03
1.081445677033287666e+03
1.086002597414302954e+03
1.086032130879725855e+03
1.087683671599643503e+03
1.095154571680220442e+03
1.095173271763857201e+03
1.095304539017622119e+03
1.099705092032611219e+03
1.102090669368871431e+03
1.102972506646258580e+03
1.103181407580576433e+03
1.103638909626773284e+03
1.104090078311310663e+03
1.106130954105879027e+03
1.115349595336633683e+03
1.116958935867809259e+03
1.119906715718543410e+03
1.121551889743319180e+03
1.123406798039473415e+03
1.124725737271817252e+03
1.125479873978058095e+03
1.126392411392752820e+03
1.126393744732049754e+03
1.126399711425402529e+03
1.128029518714783308e+03
1.129207890651767229e+03
1.132093803559132311e+03
1.134161312806153092e+03
1.136733924312264662e+03
1.136837358108209855e+03
1.137082259203540161e+03
1.137280426756519319e+03
1.137462494237490546e+03
1.138951334229722306e+03
1.139622637232152783e+03
1.139709537620818537e+03
1.140527641279820955e+03
1.142375116209395628e+03
1.142844551642298484e+03
1.145764031366459449e+03
1.145773531408948656e+03
1.148061874976993295e+03
1.149069512817028681e+03
1.149097046273506521e+03
1.153380398764311622e+03
1.153438932359438468e+03
1.154841771967030354e+03
1.162059137580330344e+03
1.163128775697664423e+03
1.163359943398238329e+03
1.163371710117532302e+03
1.164379647958909345e+03
1.164950517178812333e+03
1.166952226131538282e+03
1.169465404038497354e+03
1.170371974759839077e+03
1.172164016108151600e+03
1.172257916528125179e+03
1.172281649967607336e+03
1.173212887465938820e+03
1.175310696848478301e+03
1.176411868440180569e+03
1.176886337228928596e+03
1.180049084707781049e+03
1.180083651529049121e+03
1.180816588140472049e+03
1.181072455951518123e+03
1.181171589728231311e+03
1.181938959826992459e+03
1.184663438679003775e+03
1.184706972207042554e+03
1.184712405564676828e+03
1.186499346890179368e+03
1.187352950707957689e+03
1.189057925000192654e+03
1.189547160521651904e+03
1.190629698696682226e+03
1.192143238799386381e+03
1.192240405900636915e+03
1.192632640988257890e+03
1.192997409286366064e+03
1.193687612373327966e+03
1.193838179713413183e+03
1.196207723644629823e+03
1.198073031987298691e+03
1.199526338487272369e+03
1.199673572479115819e+03
1.201910282482893990e+03
1.202632619046907621e+03
1.203030887494846183e+03
1.203220188341502080e+03
1.204858562335864235e+03
1.205241630715820293e+03
1.205291564272483583e+03
1.205937700495687977e+03
1.205960967266416219e+03
1.206702903918092034e+03
1.206754137480569625e+03
1.206942738324094535e+03
1.207127105815352479e+03
1.207502574161316716e+03
1.207582274517779979e+03
1.207743708573133972e+03
1.209665650502432072e+03
1.209858151363400339e+03
1.210150819339036389e+03
1.210396153769638431e+03
1.210927622813322159e+03
1.212911898354743471e+03
1.213025732197203297e+03
1.214357204818936452e+03
1.214472305333728400e+03
1.214819273552224786e+03
1.214831240272413197e+03
1.215044307892033430e+03
1.215132241618654007e+03
1.217500185542714689e+03
1.217860453820696193e+03
1.217966054292998706e+03
1.218035721271253806e+03
1.218167588527702264e+03
1.218176721901885003e+03
1.218288389067987737e+03
1.218506890045242471e+03
1.218791357984203842e+03
1.219031759059407477e+03
1.221335269361952669e+03
1.222106039475920625e+03
1.222164539737565519e+03
1.222213839958062863e+03
1.222763309082252817e+03
1.222767175766213541e+03
1.223176577597280129e+03
1.223293744787981950e+03
1.223850413944374395e+03
1.223900214167108061e+03
1.224175782066263537e+03
1.224202048850409483e+03
1.224485650118827834e+03
1.225352787330468118e+03
1.225503221336623938e+03
1.225590955062350076e+03
1.226180324364995158e+03
1.226274091451039112e+03
1.227590497338719160e+03
1.227882165309882794e+03
1.228062732784144828e+03
1.229715440175947151e+03
1.230924312249344212e+03
1.231117446446478425e+03
1.231154446611963294e+03
1.231328947392425107e+03
1.232463119131721896e+03
1.232765753818601524e+03
1.233268756068299808e+03
1.233334689696524038e+03
1.233416456728897174e+03
1.233803391792813500e+03
1.233908458929397284e+03
1.233918758975464698e+03
1.235102630937047707e+03
1.240229987202694474e+03
1.242441063758492874e+03
1.242605297826369679e+03
1.243027733049062135e+03
1.246308281054782356e+03
1.247035017638475210e+03
1.249433695033325876e+03
1.249893763757668921e+03
1.251824305725431259e+03
1.253411046155526947e+03
1.254709085294394072e+03
1.256148458398716684e+03
1.256165525141714852e+03
1.256174491848485559e+03
1.256569326947735135e+03
1.256945961965584274e+03
1.257233996587164484e+03
1.258405235158910727e+03
1.258588435978283997e+03
1.258847570470607252e+03
1.258931970848091396e+03
1.259098304925360708e+03
1.259158671862021038e+03
1.259417306352107744e+03
1.259462173219443457e+03
1.259754474526773038e+03
1.260792679170186375e+03
1.261040146943662876e+03
1.261637216280746998e+03
1.261678183130639582e+03
1.262086918292057817e+03
1.262366752876963119e+03
1.262815821552107991e+03
1.263062289321111848e+03
1.265428399903639502e+03
1.265998235785587440e+03
1.266273070348129750e+03
1.266278503705763796e+03
1.266566004991625505e+03
1.266929906619190660e+03
1.267173574375671251e+03
1.267532409313908829e+03
1.270038720523489474e+03
1.270047687230260181e+03
1.270071720671083995e+03
1.270163621082112513e+03
1.270622656468500509e+03
1.270629323164984271e+03
1.270808390632537566e+03
1.270815457330810432e+03
1.270846957471695987e+03
1.271788228348235634e+03
1.271834461888350688e+03
1.271959462447420719e+03
1.272096329726231943e+03
1.273570202984857815e+03
1.273701536905587545e+03
1.273976238134200230e+03
1.274406240057401419e+03
1.274428640157586869e+03
1.275064409667759264e+03
1.275539211791331354e+03
1.275981147101238548e+03
1.275992713819638084e+03
1.276655150115745073e+03
1.276796417414235520e+03
1.276887517821685833e+03
1.276927851335412470e+03
1.277132985586217274e+03
1.277159685705634729e+03
1.281468971645761258e+03
1.283179212628218238e+03
1.283194679364060676e+03
1.284207883895659734e+03
1.286220692898031530e+03
1.286907495969786623e+03
1.287001263055830577e+03
1.287110030208962826e+03
1.289568874539579383e+03
1.290736279760847310e+03
1.290847546925161168e+03
1.290972214149407137e+03
1.290989180891958313e+03
1.291018614356933995e+03
1.291083614647650393e+03
1.291131448194921404e+03
1.291228448628759679e+03
1.291234548656042534e+03
1.292080052437593167e+03
1.292096985846661937e+03
1.292390920494629881e+03
1.294009061065164133e+03
1.294677697389001196e+03
1.294887331659932443e+03
1.295237466559258564e+03
1.295275866731005181e+03
1.295312333560771094e+03
1.295327333627859389e+03
1.295537967903263279e+03
1.295723935401677409e+03
1.295756135545693951e+03
1.296247571076992926e+03
1.296256071115009718e+03
1.296305604669883905e+03
1.296413871820779832e+03
1.296548472422786745e+03
1.297080874803978304e+03
1.297085041489280911e+03
1.297321075878287729e+03
1.297483876606420608e+03
1.297504910033826945e+03
1.297549576900267994e+03
1.298310413636475005e+03
1.298561048090781469e+03
1.298977683287532955e+03
1.299636286233162082e+03
1.301218026640894777e+03
1.301520594660809365e+03
1.301605761708389309e+03
1.301725095575448222e+03
1.301906796388112525e+03
1.302009430180479967e+03
1.302229797832750137e+03
1.302720866695742643e+03
1.302860233985735022e+03
1.303060234880247435e+03
1.303089335010399054e+03
1.303317002695318706e+03
1.304501674660479921e+03
1.304886543048486374e+03
1.305374645231543582e+03
1.305558846055389267e+03
1.305721146781286279e+03
1.306344816237340410e+03
1.306354416280276837e+03
1.306686251097755303e+03
1.307158986545417292e+03
1.307213286788277401e+03
1.307311787228824869e+03
1.307434721111985027e+03
1.307557854996039623e+03
1.307992356939367710e+03
1.308123324191790743e+03
1.308128124213259298e+03
1.310464334662057354e+03
1.312697844651523383e+03
1.314516152783981624e+03
1.314731053745135114e+03
1.314934721322713585e+03
1.315086622002095510e+03
1.315441856924231843e+03
1.315838558698496854e+03
1.316483294915439728e+03
1.316486928265023153e+03
1.316950997007256547e+03
1.316979663802136884e+03
1.317167831310390511e+03
1.317252831690558196e+03
1.317559233060950874e+03
1.318482937192256031e+03
1.321104215582698771e+03
1.321168949205555919e+03
1.321972152797917261e+03
1.323025257507971901e+03
1.323426792637187646e+03
1.323603926762760693e+03
1.324054228776755053e+03
1.324064928824611570e+03
1.324125029093412422e+03
1.324594097858008581e+03
1.324617364628736823e+03
1.325300701018320524e+03
1.325383368054718858e+03
1.325568868884379071e+03
1.325917203775654798e+03
1.326409505977496565e+03
1.326466672899844752e+03
1.326915408240165561e+03
1.327327043414554055e+03
1.327554777766438747e+03
1.327730745220127119e+03
1.327995613071426305e+03
1.328131047010493603e+03
1.328177647218914899e+03
1.328369248075857740e+03
1.328632415919553523e+03
1.328921783880430212e+03
1.328955184029813836e+03
1.329182218378567768e+03
1.329474019683661027e+03
1.329750420919877115e+03
1.329916888331076279e+03
1.329923888362384332e+03
1.330021788800248032e+03
1.330221856361725031e+03
1.330245723135136814e+03
1.330338023547954208e+03
1.330507290971676639e+03
1.330722358600242160e+03
1.331123293726774364e+03
1.331282594439253444e+03
1.331383661557946880e+03
1.331767029939244594e+03
1.331899797199718250e+03
1.331911463918565005e+03
1.332007531014895449e+03
1.332012997706012357e+03
1.332130331564126209e+03
1.332833001373512616e+03
1.334455408629796239e+03
1.335868248282113655e+03
1.335948248639918575e+03
1.336451750891853180e+03
1.336764252289528713e+03
1.338609393875334035e+03
1.338729394412041529e+03
1.339554831437176063e+03
1.342899946398341399e+03
1.345434091065741768e+03
1.346017527008516709e+03
1.346311194988625402e+03
1.346435662211976933e+03
1.347161832126468653e+03
1.351901686658997733e+03
1.352107987581687212e+03
1.352163121161607705e+03
1.352372922099951211e+03
1.352415788958341636e+03
1.353329459711438631e+03
1.353390959986501002e+03
1.354064396331806392e+03
1.355116801038729818e+03
1.355194001384011926e+03
1.356035371813742586e+03
1.356197372538297486e+03
1.356211239266983739e+03
1.357048709679271496e+03
1.358552249737250122e+03
1.358779550753863077e+03
1.359270286282031748e+03
1.359465487155075607e+03
1.359716554944653353e+03
1.359809088691847592e+03
1.359818188732547924e+03
1.359960589369440868e+03
1.360291324181999244e+03
1.360526125232156573e+03
1.360561992059239174e+03
1.360626892349508353e+03
1.360713626070761848e+03
1.360734826165580216e+03
1.360832693269961510e+03
1.360963227187113262e+03
1.361367562328852273e+03
1.361429929274457663e+03
1.361514796320695723e+03
1.361533663071744741e+03
1.361628996831462246e+03
1.361667663671067885e+03
1.361687163758282850e+03
1.361732663961784510e+03
1.361801997605215547e+03
1.361818031010258892e+03
1.361992098455449195e+03
1.362037931993774919e+03
1.362186532658397482e+03
1.363013903025512718e+03
1.363182703780481006e+03
1.363241904045256433e+03
1.363750472986518844e+03
1.364009040809640737e+03
1.364175608221287121e+03
1.364774277565527427e+03
1.364970711777420775e+03
1.365151045917305964e+03
1.365671681579203778e+03
1.365877949168411078e+03
1.370476469735484670e+03
1.371090439148155156e+03
1.371107372557223698e+03
1.371492174278265338e+03
1.371535274471032608e+03
1.371722308640884194e+03
1.371817742401048918e+03
1.372151110558718528e+03
1.372493145421817189e+03
1.373530516728169687e+03
1.373895718361549370e+03
1.373914118443844472e+03
1.374079585850570766e+03
1.374484087659722036e+03
1.374996289950567871e+03
1.375022723402126076e+03
1.375628226110261949e+03
1.376016627847404834e+03
1.377168132997559269e+03
1.377479534390314939e+03
1.378313771454808148e+03
1.378520372378839284e+03
1.378862007240148614e+03
1.378877940644744740e+03
1.379721111082526249e+03
1.380295280317188599e+03
1.380332847151874375e+03
1.380593081649117494e+03
1.380874782909038004e+03
1.381102483927440062e+03
1.381123850689670462e+03
1.381368785118483174e+03
1.381417785337638634e+03
1.381666853118271547e+03
1.381678719838012512e+03
1.381793387017532950e+03
1.381797920371141799e+03
1.386735842456203045e+03
1.386743809158501108e+03
1.386946910066878218e+03
1.386958043450006016e+03
1.387124177526381118e+03
1.390247424828567318e+03
1.390434758999760334e+03
1.391306762899833984e+03
1.391477963665536663e+03
1.391883598813089975e+03
1.393309838525339501e+03
1.394041108462641205e+03
1.394560410785242311e+03
1.394575110850989176e+03
1.394865078814549406e+03
1.395113979927770060e+03
1.395137146698050856e+03
1.395227080433616720e+03
1.395371714413831569e+03
1.396072350880790509e+03
1.396565853087999585e+03
1.396658653503053301e+03
1.396662186852189507e+03
1.396885654518324827e+03
1.397175955816709120e+03
1.397300289706131025e+03
1.398188360344730427e+03
1.398357894436311881e+03
1.398469094933660926e+03
1.398800063080596146e+03
1.399043030833946204e+03
1.399717233849347167e+03
1.399799734218333697e+03
1.399882534588661656e+03
1.400031001919354594e+03
1.401294307569541388e+03
1.402325712182541338e+03
1.402356712321190798e+03
1.402680847104230224e+03
1.402857514561049584e+03
1.402902514762314922e+03
1.403411083703577106e+03
1.403761985272998800e+03
1.403910752605033622e+03
1.404197820555623593e+03
1.404764556423706608e+03
1.404843723444451143e+03
1.405021657573602170e+03
1.405284792083815319e+03
1.405486892987720012e+03
1.406032762095808948e+03
1.406113195788885378e+03
1.406225429624189246e+03
1.407145167071086462e+03
1.407712702942747455e+03
1.407781436583494724e+03
1.407852070232740061e+03
1.407862036943983185e+03
1.407949737336226917e+03
1.408038637733837504e+03
1.408071371213572775e+03
1.408400239351115715e+03
1.408608073613996567e+03
1.408883741513599261e+03
1.408905208276276880e+03
1.408935841746619644e+03
1.409093675785872392e+03
1.409309110082744382e+03
1.409879112632104352e+03
1.410359814782064859e+03
1.410499182072057465e+03
1.410819216836759324e+03
1.410851616981670531e+03
1.410891517160125659e+03
1.411580486908238072e+03
1.415045935740934965e+03
1.418107382766717137e+03
1.419225054432216439e+03
1.419887524061805834e+03
1.419911557502629876e+03
1.421150796378510449e+03
1.421354663956983131e+03
1.422218467820381875e+03
1.422241034587979357e+03
1.422517669158572289e+03
1.422530935884575001e+03
1.422810803802962482e+03
1.423427706562085632e+03
1.423460973377539631e+03
1.423919142093384608e+03
1.424167476537404127e+03
1.424978280163757063e+03
1.425178414392198874e+03
1.425386615323386195e+03
1.425603116291695869e+03
1.425943517814155712e+03
1.426036984898857781e+03
1.426196785613572956e+03
1.426566653934491114e+03
1.427513024833840973e+03
1.428267828209730169e+03
1.428491462543277294e+03
1.428819597344207295e+03
1.429124298706996569e+03
1.429128198724439699e+03
1.429229532510992613e+03
1.429727068069574216e+03
1.429749101501453197e+03
1.429776201622659528e+03
1.429933535659675954e+03
1.429943102369129974e+03
1.430216270257551287e+03
1.430686639027961746e+03
1.430978073664748536e+03
1.431334608592699169e+03
1.431548776217239492e+03
1.433667185691913573e+03
1.440542283107738513e+03
1.446920644968559600e+03
1.447536881058034169e+03
1.448718353008883014e+03
1.449005020957684110e+03
1.452171235118708182e+03
1.453384673879196498e+03
1.453560307998060807e+03
1.454267944496327800e+03
1.455205082021047474e+03
1.456204253156548475e+03
1.457329258188180120e+03
1.457437458672111234e+03
1.457715559915930498e+03
1.457827527083374889e+03
1.457957927666597016e+03
1.457961261014838783e+03
1.458267029049065968e+03
1.458484396687918206e+03
1.458809664809360129e+03
1.458833698250183943e+03
1.458965098837878486e+03
1.459262900169807381e+03
1.459303800352735152e+03
1.459468534422848279e+03
1.459776869135221432e+03
1.460270404675912914e+03
1.460684339860588580e+03
1.460966574456227818e+03
1.461114308450307590e+03
1.461609677332532101e+03
1.463352518460794727e+03
1.463525219233205917e+03
1.463619519654968371e+03
1.463997588012561437e+03
1.464146622012455509e+03
1.469391445470145754e+03
1.469837947467144431e+03
1.470747251534044608e+03
1.470751484886311800e+03
1.473261196111099252e+03
1.473266996137039996e+03
1.474451868103095649e+03
1.475698873680379847e+03
1.475874507799244157e+03
1.475934741401974634e+03
1.476364843325623497e+03
1.476413643543884518e+03
1.476437843652120364e+03
1.476660977983431167e+03
1.476695511471216832e+03
1.477178480297981650e+03
1.478477019439085097e+03
1.479213156064820168e+03
1.479325289899676591e+03
1.479964592758985191e+03
1.480541628673135619e+03
1.482438570490619668e+03
1.482875972446918240e+03
1.483611675737381574e+03
1.484120944681774745e+03
1.484137578089501631e+03
1.484431679404881834e+03
1.485489217468098104e+03
1.486583955697693455e+03
1.486589489055775175e+03
1.486613022494362667e+03
1.486712589606347592e+03
1.488748732046412215e+03
1.492202847495086644e+03
1.492229747615398537e+03
1.492471782031240764e+03
1.493025617841627763e+03
1.494523791208936927e+03
1.494823725883740508e+03
1.495324594790564106e+03
1.495466962093974416e+03
1.495628096147986525e+03
1.495689163087777615e+03
1.495902097373468223e+03
1.496744401140706714e+03
1.497897672965429592e+03
1.497976906653138712e+03
1.498252407885329376e+03
1.498528209118861923e+03
1.501182520990381818e+03
1.501248654619500485e+03
1.501259221333427377e+03
1.501341821702860898e+03
1.508396419921510414e+03
1.509200590184861767e+03
1.509826426317272990e+03
1.515870286682022424e+03
1.515888486763423089e+03
1.516181388073436437e+03
1.516499389495710830e+03
1.517116825590552708e+03
1.517120092271829662e+03
1.520186539319974599e+03
1.520484173984491463e+03
1.520491807351965008e+03
1.521913113708816581e+03
1.522056447683217129e+03
1.524552558847177806e+03
1.524621025820065825e+03
1.524683492766118661e+03
1.524841060137511704e+03
1.524929860534675072e+03
1.525318862274501726e+03
1.526419300529590600e+03
1.527112070294698697e+03
1.527272537679062452e+03
1.527282537723787982e+03
1.527475538586992343e+03
1.527818973456352523e+03
1.528040241112647891e+03
1.529119445939436218e+03
1.529649448309893842e+03
1.529840182496293664e+03
1.529887316040433916e+03
1.529933482913583703e+03
1.530159483924382585e+03
1.530352918122858455e+03
1.530364151506433473e+03
1.531178788483264498e+03
1.531510589967260330e+03
1.532269326694075062e+03
1.532304093516237799e+03
1.532642061694481072e+03
1.535011672292662752e+03
1.537518816839303781e+03
1.538736222284200267e+03
1.539874760709693874e+03
1.540414629790947401e+03
1.540865631808072521e+03
1.541089332808584459e+03
1.541570468293816475e+03
1.541967436735940964e+03
1.544687415567825383e+03
1.546043154964759424e+03
1.546476090234413732e+03
1.546590257411697849e+03
1.547880963184432858e+03
1.547966963569073187e+03
1.548125097609667591e+03
1.548328298518491920e+03
1.551634279971297701e+03
1.551903714509688371e+03
1.552887718910688591e+03
1.555258529514237352e+03
1.555709631531809691e+03
1.555762431767961061e+03
1.556376167846254475e+03
1.556379467861013836e+03
1.556942837047372677e+03
1.558540377525771873e+03
1.558867512322229004e+03
1.559250714036114687e+03
1.559867683462202649e+03
1.560091784464503917e+03
1.560342318918362707e+03
1.560570553272483721e+03
1.560590186693628311e+03
1.560814321029411985e+03
1.561218922839010020e+03
1.561352523436544516e+03
1.561800425439804485e+03
1.561951559449091064e+03
1.562187993839886985e+03
1.562290494298324575e+03
1.562317594419530906e+03
1.562529628701196316e+03
1.562902963704286094e+03
1.562916530431630463e+03
1.562956930612321912e+03
1.562984364068352534e+03
1.563146164792012996e+03
1.563238031869558881e+03
1.563420966021072900e+03
1.563642267010850674e+03
1.563971901818489414e+03
1.564131869200616620e+03
1.564151469288279031e+03
1.564363436902979629e+03
1.564673304955544154e+03
1.564682571663656290e+03
1.564791172149376507e+03
1.565750143105080497e+03
1.566014777622002612e+03
1.566192945085530937e+03
1.566316612305304261e+03
1.566321778995079057e+03
1.566584946838774840e+03
1.566589280191489252e+03
1.567020782121399634e+03
1.567032448840245934e+03
1.567122149241434727e+03
1.567205749615341119e+03
1.567344816903991841e+03
1.567753318731033232e+03
1.567946886263438728e+03
1.567959752987652337e+03
1.567994886478121543e+03
1.568068520140784585e+03
1.568699556296453238e+03
1.569274425534246348e+03
1.569338625821384767e+03
1.570091262520916871e+03
1.574647816233625690e+03
1.574930417497571398e+03
1.575096384906534240e+03
1.575760354542832829e+03
1.576746925621979244e+03
1.578037964729538544e+03
1.583090820661979478e+03
1.583094554012010349e+03
1.585923033329167765e+03
1.586684136733234482e+03
1.587091738556250675e+03
1.587190372330727541e+03
1.588466811372987195e+03
1.588575711860049296e+03
1.588756712669582839e+03
1.588774146080887931e+03
1.589046847300555328e+03
1.589654516685048748e+03
1.592554596322441512e+03
1.592720797065781198e+03
1.592805230776747976e+03
1.595154541284136485e+03
1.595473342709989083e+03
1.595569243138907723e+03
1.596859748910748294e+03
1.597386451266446556e+03
1.599989029573252537e+03
1.600002629634079312e+03
1.602156339266634632e+03
1.602767675334194109e+03
1.603685646106523109e+03
1.604785584359375662e+03
1.604998051976312581e+03
1.605049618873614463e+03
1.605218886297336667e+03
1.605405587132363962e+03
1.605746488657059899e+03
1.606424125021150076e+03
1.606428058372075384e+03
1.606605092497201213e+03
1.606695992903757087e+03
1.606814826768579906e+03
1.607375829277686762e+03
1.607900531624439736e+03
1.608045765607338126e+03
1.608079465758063407e+03
1.608101965858696076e+03
1.608298933406308151e+03
1.608331433551666578e+03
1.608520667731357435e+03
1.608992169840170391e+03
1.609179070676091897e+03
1.609294204524366251e+03
1.609525038890115866e+03
1.609617339302933260e+03
1.609824406895718312e+03
1.609847773666894000e+03
1.610401276142456709e+03
1.610502676595974435e+03
1.610719310898213507e+03
1.611037412320935346e+03
1.611045579024127846e+03
1.611225179827399870e+03
1.611673948501203085e+03
1.611952816415118150e+03
1.611962349791089991e+03
1.612006916657083821e+03
1.612065616919622926e+03
1.612092450372970006e+03
1.612548785747282182e+03
1.612611152692887799e+03
1.613151155108070952e+03
1.613231788802041592e+03
1.613675724120894301e+03
1.613868858318028060e+03
1.614017092314344154e+03
1.614221993230772114e+03
1.616740637828847866e+03
1.616956972129745282e+03
1.616960705479776152e+03
1.617674775340149836e+03
1.617793975873279123e+03
1.617812275955127006e+03
1.618787413649804193e+03
1.619031081406285011e+03
1.619405383080364800e+03
1.619409683099596805e+03
1.619773718061091586e+03
1.619832018321841815e+03
1.620604821778237238e+03
1.621265824734600301e+03
1.621566859414323972e+03
1.621812827181091507e+03
1.621860094059161383e+03
1.623021099251805254e+03
1.623479934637298584e+03
1.624732006903910360e+03
1.625519077090781138e+03
1.625843345207750417e+03
1.627761620453982459e+03
1.627783520551931588e+03
1.628259389346941134e+03
1.628561757365961512e+03
1.631109835429012719e+03
1.632147040067953640e+03
1.632484008241724268e+03
1.633579146473108949e+03
1.633692346979402828e+03
1.634184149179008273e+03
1.634441383662833687e+03
1.634490117214129896e+03
1.635073219822080546e+03
1.635114986675550881e+03
1.635462588230213441e+03
1.635655389092523137e+03
1.635694755935259764e+03
1.635788489687821084e+03
1.636074557633938412e+03
1.636327958767285509e+03
1.636743593959564578e+03
1.637410663609728090e+03
1.637659864724290401e+03
1.637943599326638378e+03
1.638029833045655550e+03
1.638824403266070476e+03
1.638852736726126295e+03
1.639189004896766392e+03
1.639309105433921104e+03
1.639357872318699492e+03
1.639583506661191905e+03
1.640346876742062705e+03
1.640801545442254110e+03
1.641652815916263080e+03
1.641719782882442587e+03
1.641935983849410150e+03
1.641950717248639194e+03
1.642097717906105800e+03
1.642268218668677719e+03
1.642670753802365880e+03
1.642941355012640997e+03
1.643318623366656084e+03
1.643339956795404078e+03
1.643713491799388294e+03
1.643783892114256560e+03
1.643986493020397347e+03
1.644049426635203872e+03
1.644104293547265115e+03
1.644818963410322340e+03
1.644841930179708925e+03
1.645009364261898099e+03
1.645134298154003318e+03
1.645265732075180495e+03
1.645925601693141289e+03
1.648846014754809858e+03
1.650496355469360196e+03
1.652001928869766289e+03
1.652014995594874563e+03
1.652056595780933094e+03
1.652158162901862852e+03
1.652293030171729242e+03
1.652325330316192776e+03
1.654195705348189449e+03
1.655645578499473686e+03
1.655732178886797556e+03
1.655798145848504191e+03
1.657397753002813488e+03
1.657434053165167370e+03
1.659576462747182859e+03
1.661700272246009035e+03
1.661820972785847061e+03
1.661825739473832982e+03
1.662477375721636463e+03
1.662589309555598675e+03
1.671073614168669110e+03
1.671450382520447874e+03
1.671558616337861622e+03
1.672278852892482746e+03
1.673231223818667786e+03
1.673798926357740811e+03
1.673954693721083686e+03
1.674155361285244226e+03
1.674246061690905663e+03
1.674271961806744912e+03
1.676371837865194038e+03
1.676408304694960179e+03
1.676712672722925618e+03
1.677005540699456333e+03
1.678589514450511160e+03
1.681700728365544364e+03
1.682949067282125498e+03
1.682962634009469639e+03
1.683019434263511130e+03
1.683726904094366091e+03
1.684258239804120421e+03
1.685300277798011621e+03
1.688856060368063481e+03
1.689238328744441105e+03
1.690827769186612613e+03
1.692417376296196380e+03
1.695677957545947947e+03
1.697431298721172197e+03
1.698271602479465628e+03
1.699225573412806853e+03
1.702421621040595710e+03
1.702481221307160240e+03
1.702562955006050970e+03
1.703167057707925323e+03
1.705332900728081313e+03
1.705881069846457194e+03
1.705886736538468085e+03
1.705917203341399045e+03
1.706248504823158328e+03
1.707296376176473359e+03
1.707489543707089751e+03
1.710848158728634644e+03
1.710861458788119762e+03
1.715717680507772457e+03
1.717316587658950994e+03
1.717827489943982755e+03
1.718888128021063721e+03
1.719341463381958192e+03
1.719464030596811881e+03
1.721992275237824288e+03
1.722003008619162983e+03
1.723021879842773387e+03
1.723888617052624795e+03
1.723986417490041276e+03
1.724251852010541597e+03
1.724560653391668666e+03
1.726159627209812015e+03
1.727714367496785371e+03
1.728378770468355469e+03
1.729197074128252325e+03
1.729256774395264301e+03
1.729658076190103202e+03
1.731921586313746047e+03
1.733200325366292645e+03
1.735587436042744230e+03
1.735636736263241346e+03
1.735743170072604471e+03
1.737396277466195670e+03
1.741126794151086187e+03
1.742746334727881958e+03
1.746995320398312970e+03
1.748081591923374162e+03
1.749474098151415774e+03
1.752153343467784907e+03
1.752322444224095079e+03
1.752777079590803851e+03
1.755562192047334747e+03
1.755580325461770599e+03
1.756904631384783670e+03
1.757392200232122377e+03
1.757497834037907069e+03
1.758379071312610677e+03
1.758399604737780692e+03
1.759863411284715994e+03
1.760218379538992849e+03
1.760881315837336388e+03
1.762110288000631954e+03
1.767642779411595484e+03
1.768085281390704040e+03
1.768307149049683176e+03
1.768412882855915313e+03
1.770894760622883041e+03
1.773356938301741366e+03
1.773360638318289830e+03
1.775559314818628309e+03
1.780294335996206883e+03
1.783686884502853673e+03
1.784034752725375483e+03
1.784114653082733184e+03
1.784496288122945089e+03
1.785757193762397719e+03
1.787044732854303220e+03
1.787839203074270927e+03
1.789790878469886593e+03
1.789817345254926977e+03
1.792395523452602447e+03
1.793056659742895135e+03
1.793447261489877746e+03
1.793575928732014063e+03
1.793675462510516127e+03
1.793723762726540826e+03
1.794856234458234212e+03
1.794880167898611035e+03
1.795256602915565509e+03
1.795284069705078537e+03
1.795602237794765188e+03
1.797800680960726595e+03
1.797842181146337907e+03
1.799969557327782695e+03
1.800331458946402790e+03
1.800738794101559506e+03
1.800953728396195402e+03
1.801427997184048763e+03
1.801442497248900963e+03
1.801458197319120018e+03
1.805795116716171833e+03
1.806449819644357831e+03
1.807754758814085790e+03
1.807950826357672668e+03
1.808672496252037718e+03
1.809203565293932570e+03
1.809793567932744054e+03
1.810098335962498368e+03
1.811011373379429187e+03
1.811268741197184227e+03
1.811344674870133986e+03
1.811817810319585305e+03
1.812124711692214532e+03
1.814821823755159812e+03
1.815706327711140375e+03
1.816359597299582447e+03
1.816402430824490466e+03
1.816650998602886602e+03
1.816771699142725083e+03
1.818231205670428380e+03
1.821490753582224897e+03
1.822483724689996052e+03
1.823127860904255158e+03
1.823926164474700954e+03
1.826547742866485578e+03
1.826735910374739206e+03
1.826799277324817240e+03
1.828275017258458547e+03
1.829596756503325423e+03
1.830140292267645009e+03
1.835311415395707627e+03
1.835720850560256622e+03
1.835902284705061675e+03
1.835954918273800786e+03
1.838536096484893733e+03
1.839373833565041195e+03
1.840294737683822859e+03
1.840935640550287644e+03
1.842971982991246705e+03
1.843065483409431181e+03
1.843368651432029537e+03
1.845601028083093297e+03
1.846510232149546255e+03
1.849430211875943087e+03
1.850558650256263718e+03
1.851967156555866495e+03
1.855016136859224162e+03
1.855056603706880423e+03
1.857288213687848611e+03
1.861542099380195168e+03
1.862455603465879904e+03
1.863368540882363959e+03
1.863497841460665995e+03
1.867279858375893355e+03
1.867337191965653574e+03
1.867736893753336517e+03
1.867847994250237889e+03
1.868758231654645670e+03
1.868993332706145111e+03
1.869130633320227844e+03
1.869155833432936106e+03
1.869737069365871321e+03
1.869814536379012452e+03
1.870946941443741025e+03
1.871202809254787098e+03
1.871957279295852231e+03
1.872628115629528793e+03
1.873043950822702300e+03
1.873470119395425627e+03
1.873646720185279946e+03
1.874588291063161478e+03
1.877541537605012309e+03
1.879624513587875299e+03
1.880081982300589743e+03
1.880190282784968076e+03
1.881048953292074202e+03
1.883030062152665778e+03
1.883032695497776785e+03
1.883048662235855545e+03
1.884112366993319029e+03
1.885814574606513133e+03
1.886072942428740589e+03
1.886089409169055443e+03
1.887010379954801920e+03
1.887048246790829808e+03
1.887342248105762792e+03
1.887678716277297326e+03
1.888872988285394968e+03
1.888893921712353858e+03
1.888949588627993080e+03
1.888963788691503623e+03
1.889650558429776311e+03
1.889717092060684308e+03
1.890080193684671030e+03
1.890102660451821521e+03
1.890195927535629153e+03
1.890552929132333475e+03
1.890727996581996649e+03
1.891018131212968910e+03
1.892340903795790837e+03
1.892373070606324745e+03
1.892600871625174477e+03
1.896023420265998311e+03
1.896086987216971011e+03
1.896295721483876832e+03
1.896460888889261469e+03
1.896612289566407526e+03
1.897860828483882642e+03
1.898494364650732905e+03
1.898588765072942579e+03
1.899079400600663575e+03
1.899109034066533923e+03
1.899919904359851444e+03
1.899940371118056646e+03
1.900288139340131011e+03
1.900331239532898508e+03
1.900413073232236457e+03
1.902429415583744685e+03
1.903036018296800194e+03
1.903502353715837899e+03
1.903665721113172140e+03
1.903949755716862001e+03
1.903966789126378217e+03
1.904091723018483435e+03
1.904265057127060572e+03
1.905322128521522927e+03
1.905540696165742474e+03
1.907072903018601210e+03
1.907637338876397280e+03
1.908213374786075065e+03
1.908375708845454255e+03
1.909946849205777880e+03
1.910409217940407871e+03
1.911027187370968477e+03
1.911074187581178876e+03
1.911092887664815635e+03
1.912048391938348232e+03
1.912167892472819176e+03
1.912401493517609651e+03
1.912600694408543859e+03
1.912759795120128501e+03
1.913541031947575675e+03
1.913572032086225363e+03
1.913796799758174529e+03
1.914086034385121820e+03
1.914101834455788321e+03
1.914176634790335811e+03
1.914581869936100247e+03
1.917678250451456961e+03
1.918058952154161034e+03
1.918562021070824358e+03
1.918583287832607539e+03
1.918602821253304910e+03
1.919211823977094809e+03
1.920228495190865715e+03
1.920666830484671664e+03
1.922077770128491011e+03
1.924200012953643409e+03
1.926947358574593864e+03
1.929241335501167441e+03
1.930736742189435745e+03
1.930910509633284391e+03
1.930929676385675293e+03
1.932217582145887263e+03
1.932336749345533917e+03
1.933277053551083554e+03
1.933425054213022804e+03
1.933589288280899609e+03
1.934074557117951372e+03
1.934277091357127574e+03
1.934408991947058212e+03
1.935354162841040761e+03
1.935493063462279679e+03
1.935500730163236085e+03
1.935856265086714075e+03
1.936170466491993011e+03
1.936699502191460169e+03
1.936723268964424733e+03
1.936942103276503758e+03
1.937648639769850661e+03
1.937697773322935973e+03
1.937843407307623238e+03
1.937863107395732868e+03
1.938028841470318639e+03
1.939147713141185250e+03
1.941454956793761312e+03
1.943340365226328686e+03
1.943400932163883454e+03
1.943714466899514036e+03
1.944722104739549422e+03
1.946113777630530649e+03
1.946132577714614627e+03
1.947278516173205389e+03
1.948050486292540427e+03
1.948175153516786395e+03
1.948470854839322556e+03
1.949057990798645960e+03
1.949129657785846348e+03
1.949697626992778623e+03
1.949909227939172752e+03
1.950188829189700982e+03
1.950331629828382574e+03
1.951482401641924071e+03
1.952042570813970542e+03
1.952048337506428879e+03
1.952062604236904008e+03
1.952516872935306310e+03
1.952734140573711556e+03
1.952888007928556135e+03
1.952940674830777880e+03
1.953084075472143013e+03
1.953133009024333887e+03
1.953356676691363418e+03
1.953381376801835813e+03
1.953428043677221922e+03
1.953599877779090320e+03
1.953771078544792999e+03
1.953975846127291106e+03
1.954004079586899707e+03
1.954033546385357795e+03
1.954272880789124201e+03
1.954595282231078045e+03
1.955220218359464070e+03
1.956276156415524156e+03
1.956617524608974236e+03
1.956727225099614316e+03
1.957162627046967373e+03
1.957197227201718079e+03
1.957338594500655745e+03
1.957438594947911952e+03
1.958163698190966215e+03
1.959845305712025720e+03
1.959943139482924607e+03
1.960533375456112708e+03
1.963120053691804969e+03
1.963400254945016741e+03
1.963403854961117986e+03
1.968457510897136672e+03
1.969413615173352810e+03
1.969781916820597189e+03
1.970138551748994814e+03
1.971136322878234523e+03
1.971297090263939936e+03
1.971901559634120986e+03
1.972309894793750118e+03
1.973240165621091592e+03
1.973479400024410779e+03
1.973584167159652679e+03
1.973622333997022224e+03
1.973810768173135330e+03
1.974282070281053393e+03
1.975268674693682442e+03
1.975273474715150769e+03
1.975355608415830375e+03
1.976039744808992282e+03
1.977780419260897361e+03
1.978112087410963568e+03
1.980667265505770274e+03
1.980797666088992401e+03
1.980976133553861928e+03
1.982187672305852630e+03
1.984517649393438433e+03
1.986052956260161864e+03
1.988447533636675189e+03
1.991192079245102605e+03
1.991701548190390213e+03
1.992413718042266055e+03
1.992890120172994330e+03
1.993297555328598264e+03
1.993419089205496675e+03
1.993655223594950940e+03
1.994119225670219521e+03
1.994496960692988296e+03
1.994942029350243047e+03
1.995173630386088462e+03
1.997042572078340754e+03
1.997637974741303879e+03
1.999485083002572082e+03
2.000906456026388469e+03
2.001337557954509748e+03
2.003177432850093282e+03
2.003728268647062350e+03
2.003878802653665389e+03
2.005040474515957612e+03
2.005357109265452891e+03
2.005480643151296590e+03
2.006572614701851307e+03
2.008987925504429086e+03
2.010317531451146806e+03
2.012610441706282700e+03
2.013374578457249299e+03
2.013488778968015822e+03
2.013842847218267480e+03
2.016871960766103484e+03
2.020647110983952416e+03
2.020868045305423720e+03
2.023832558564332203e+03
2.024760962716658241e+03
2.024849963114716047e+03
2.024986263724326363e+03
2.025700033583358163e+03
2.028475779331329477e+03
2.028795480761207273e+03
2.029191382531894305e+03
2.029412283519883204e+03
2.029459317063576009e+03
2.029895119012718169e+03
2.030013052873515790e+03
2.030329687623011068e+03
2.031132091211794432e+03
2.031217824928575283e+03
2.031851861097661640e+03
2.032775198560660101e+03
2.033116900088934244e+03
2.033155300260680633e+03
2.033249900683784972e+03
2.033406568051152817e+03
2.033518501885115029e+03
2.033801469817367433e+03
2.033810936526374235e+03
2.034486172879730248e+03
2.035754945221033950e+03
2.036187247154522083e+03
2.037456686165474139e+03
2.037733687404373541e+03
2.040100997992268276e+03
2.042256140964567976e+03
2.042343641355916816e+03
2.045142887208993443e+03
2.047294496832156483e+03
2.047709998690505927e+03
2.048309601372253383e+03
2.049127371696431965e+03
2.049431073054749049e+03
2.052431253139845467e+03
2.052575820453095275e+03
2.056372270766210022e+03
2.059324317302693998e+03
2.060858724165392232e+03
2.060982491385612775e+03
2.062107096415455544e+03
2.063351835315935205e+03
2.063837170819951552e+03
2.064225339222717139e+03
2.064787341736296639e+03
2.065005976047480999e+03
2.066278848407122041e+03
2.066735983785012650e+03
2.066949984742140714e+03
2.067175385750256282e+03
2.067340719823052950e+03
2.067385586690388664e+03
2.067516953944600573e+03
2.067566154164650470e+03
2.068241890520243032e+03
2.068393957867036988e+03
2.072947811567669760e+03
2.073141812435346310e+03
2.073184912628114034e+03
2.073208812735007996e+03
2.076721295111397467e+03
2.076875995803302885e+03
2.080157043811259882e+03
2.082929789545813037e+03
2.083768559963915322e+03
2.083865627064718865e+03
2.085055299052242844e+03
2.085488000987520081e+03
2.085671835143059070e+03
2.085738202106554581e+03
2.086460972005839722e+03
2.086500072180716870e+03
2.086504438866913461e+03
2.087001207755399719e+03
2.089223251026913658e+03
2.089247184467290481e+03
2.090018787918319049e+03
2.091323093751880606e+03
2.091345060516794547e+03
2.091512361265054096e+03
2.091523427981217537e+03
2.094403374195229389e+03
2.094572741619398585e+03
2.095739213503159135e+03
2.096344816211742454e+03
2.096358449606051636e+03
2.096717951213937340e+03
2.096761451408493940e+03
2.096795718228420355e+03
2.097094186229997376e+03
2.097296620468726360e+03
2.099327862886876119e+03
2.099898398771954362e+03
2.101100004146183892e+03
2.103717049184359894e+03
2.103994250424153961e+03
2.104297385113269684e+03
2.104582919723668510e+03
2.105942992473317190e+03
2.106286560676606769e+03
2.106826096423036233e+03
2.107585833154323609e+03
2.108004001691265785e+03
2.108509503952146133e+03
2.109103773276706761e+03
2.109789776344884103e+03
2.110891714606681944e+03
2.111262282930730635e+03
2.111386683487117352e+03
2.113026157486399370e+03
2.113057724294249510e+03
2.113564059892190471e+03
2.113938228232339952e+03
2.115882303593964025e+03
2.117456877302976864e+03
2.118325247853467317e+03
2.118762116474046707e+03
2.118974284089641969e+03
2.119030917676271201e+03
2.120017255421041227e+03
2.120189756192557979e+03
2.120402423810389337e+03
2.120425257245846296e+03
2.121350628051271997e+03
2.121813263453761465e+03
2.121986264227514312e+03
2.122062797903147839e+03
2.122073464617521950e+03
2.122223398621441447e+03
2.122406066105095761e+03
2.124460741961385793e+03
2.124880810506826037e+03
2.124988910990310160e+03
2.125004244392222517e+03
2.125284712313293312e+03
2.125845714822400623e+03
2.126022482279666747e+03
2.126212383129006412e+03
2.126352717089989255e+03
2.126537351249106450e+03
2.126578118098104369e+03
2.126932453016215732e+03
2.127217254290001165e+03
2.127310854708632633e+03
2.127482055474335539e+03
2.128099458235694783e+03
2.128191391980205481e+03
2.128290392422989498e+03
2.128448093128311939e+03
2.128460593184219306e+03
2.128917128559425691e+03
2.129174729711558030e+03
2.129226429942789309e+03
2.129495031144119366e+03
2.130309901455326781e+03
2.131727107793840787e+03
2.132032642493691128e+03
2.133987884571925406e+03
2.134269752499258175e+03
2.134374986303253991e+03
2.134763688041738533e+03
2.134918288733196732e+03
2.134943588846352668e+03
2.134951288880791253e+03
2.135955760039997131e+03
2.136272694790833611e+03
2.136395495340064372e+03
2.136691596664390090e+03
2.137352899622094810e+03
2.137614200790775158e+03
2.137679467749351261e+03
2.137697734497716283e+03
2.137801368294556596e+03
2.138401037643268864e+03
2.138437671140447037e+03
2.138552404986932288e+03
2.138686205585360767e+03
2.139060907261229659e+03
2.139511775944425608e+03
2.139780710480579728e+03
2.140224045796748214e+03
2.140390346540535120e+03
2.140625247591140123e+03
2.140796448356842575e+03
2.141693852370519380e+03
2.142020653832152220e+03
2.142202821313570439e+03
2.142889091049607032e+03
2.143116025397913290e+03
2.143167192293426069e+03
2.143268892748285907e+03
2.143297426209236619e+03
2.143330393023348734e+03
2.143551894014020490e+03
2.144194963556842595e+03
2.144232430391081380e+03
2.152846868919514691e+03
2.155301813232688346e+03
2.163324949116495645e+03
2.163330349140647741e+03
2.163428716247265129e+03
2.166514363381283147e+03
2.167934736400627116e+03
2.168858607199344533e+03
2.170286480252232195e+03
2.170890582954106776e+03
2.170949849885847016e+03
2.173191193243681482e+03
2.173624261847265188e+03
2.178271015963398895e+03
2.179479788036348964e+03
2.179731622496022283e+03
2.180146291017310887e+03
2.180383892079991710e+03
2.180403292166759456e+03
2.180763227109916897e+03
2.183465239194777496e+03
2.185768916164734947e+03
2.187294356320662700e+03
2.187470590442210323e+03
2.187613424414374549e+03
2.187927325818312056e+03
2.187947759243034398e+03
2.187958425957408053e+03
2.188032426288377792e+03
2.191056339812956594e+03
2.191102840020930671e+03
2.191139906853380126e+03
2.191237140621595699e+03
2.191516008535510537e+03
2.191610908959956760e+03
2.192829081074948590e+03
2.195803961046889071e+03
2.196489264111935427e+03
2.198902308237708439e+03
2.199414310527660291e+03
2.199822979022113486e+03
2.199916412773333377e+03
2.200287981101854712e+03
2.204127464940771915e+03
2.205144036154095375e+03
2.205149769513071533e+03
2.205408104001816355e+03
2.207591613767654053e+03
2.208980086644323364e+03
2.208995886714990320e+03
2.209060320336505356e+03
2.212174967600227774e+03
2.212316801567918901e+03
2.212557002642228326e+03
2.212618969586044841e+03
2.212661769777470909e+03
2.212904737530820967e+03
2.215133714166677692e+03
2.215858617408837290e+03
2.217135489786368908e+03
2.218942864536593788e+03
2.220303503955443375e+03
2.220649272168572679e+03
2.222128445450902746e+03
2.222216545844935354e+03
2.224313855225238967e+03
2.225325693084058912e+03
2.226887200067963931e+03
2.228161839102172962e+03
2.228747508388269580e+03
2.228851208852074251e+03
2.228855375537376403e+03
2.229583112125541902e+03
2.230012914047848881e+03
2.230096381087825193e+03
2.230192414850673686e+03
2.231233152838750811e+03
2.231317553216234955e+03
2.231358186731303704e+03
2.231666188108852566e+03
2.232128556843482329e+03
2.232402058066727932e+03
2.232797993170897371e+03
2.234537834285742065e+03
2.234654068138936054e+03
2.239447289576817639e+03
2.239652023825833567e+03
2.239972525259289341e+03
2.240127559286018823e+03
2.240419460591559982e+03
2.240926029523876878e+03
2.241354898108676025e+03
2.241487732036114721e+03
2.243030738937276510e+03
2.243416507329308388e+03
2.243435640748216883e+03
2.244013609999874916e+03
2.245999485548452412e+03
2.247153124041481988e+03
2.247304991387381506e+03
2.247695259799540054e+03
2.248083828204094516e+03
2.248560330335270464e+03
2.248592430478839560e+03
2.249162299694270132e+03
2.250255937918945619e+03
2.254445089988435029e+03
2.254961025629311735e+03
2.255141893104915653e+03
2.255330793949782674e+03
2.255549528261413798e+03
2.255696695586292662e+03
2.255801729389394495e+03
2.255811796101084383e+03
2.256613266352359915e+03
2.256640799808837983e+03
2.256829300651916128e+03
2.257824538436491366e+03
2.257828638454829161e+03
2.263278596163323982e+03
2.268244151705310287e+03
2.270507061826269364e+03
2.272341670031630656e+03
2.272720171724495231e+03
2.272727971759381489e+03
2.274345145658925048e+03
2.275949286166843194e+03
2.276278454305728246e+03
2.281261576592949041e+03
2.281392610512337342e+03
2.281946512989688927e+03
2.281996879881623499e+03
2.282018813313055034e+03
2.282062946843777354e+03
2.282288747853681798e+03
2.282393981657677614e+03
2.282426115134729571e+03
2.283895555040193813e+03
2.285490228839104475e+03
2.285751863342609340e+03
2.285939730849521311e+03
2.285974897673472697e+03
2.287424870825204380e+03
2.288551975866228531e+03
2.288721943293081949e+03
2.289511413490686664e+03
2.289861381722600527e+03
2.290945553238268985e+03
2.291477555617671896e+03
2.291523955825199209e+03
2.291824490502685876e+03
2.292092458367850213e+03
2.292149058620997039e+03
2.292999029089191936e+03
2.293327230557086295e+03
2.293950866679658247e+03
2.294326801694376627e+03
2.294416968764318881e+03
2.294438135525655071e+03
2.294602336260049924e+03
2.294643903112625594e+03
2.294900804261626945e+03
2.294954271167426668e+03
2.295038071542227044e+03
2.295060638309824299e+03
2.295077438384963443e+03
2.296625178640629201e+03
2.297313048383821751e+03
2.299174190041188012e+03
2.299190523447573469e+03
2.300079494090198295e+03
2.301593567528621406e+03
2.301755034917457124e+03
2.302377704369038838e+03
2.302543571777554462e+03
2.302932840185239911e+03
2.302992940454041218e+03
2.303165307891628345e+03
2.303472942600870738e+03
2.303511876108335855e+03
2.303533809539767390e+03
2.303787577341421184e+03
2.306662190198246208e+03
2.308651565762477730e+03
2.309149467989365803e+03
2.309305502020567474e+03
2.310053938701315474e+03
2.310219639442418156e+03
2.312034014223951544e+03
2.314394824782774776e+03
2.314441858326467354e+03
2.314625259146735061e+03
2.314833493411404561e+03
2.314846226801688772e+03
2.314860693533059020e+03
2.315225395164201473e+03
2.315517996472873165e+03
2.315648397056095291e+03
2.315762997568650917e+03
2.315792097698802536e+03
2.316020898722124457e+03
2.316044665495088793e+03
2.316251766421356479e+03
2.316500267532787802e+03
2.316975036322877713e+03
2.317534605492240644e+03
2.317547172215112369e+03
2.318480243054977109e+03
2.318572943469583606e+03
2.319905916098025500e+03
2.320312251248709345e+03
2.320316784602318876e+03
2.320828553557893429e+03
2.320934687365914215e+03
2.321194921863157106e+03
2.321212755276251301e+03
2.321244888753302803e+03
2.321362122610969436e+03
2.321537323394562463e+03
2.322639661658149180e+03
2.323313631339173298e+03
2.323788366795780803e+03
2.323821733611681793e+03
2.324475636536289585e+03
2.324802004662651143e+03
2.325493574422392157e+03
2.325550674677775532e+03
2.325593208201341895e+03
2.326308111398775964e+03
2.326621846135300984e+03
2.326686146422886395e+03
2.327186315326579461e+03
2.327250082278446371e+03
2.327599050505888044e+03
2.327740551138755563e+03
2.328403887438887978e+03
2.328408754127321117e+03
2.328472421078740354e+03
2.328528454662686727e+03
2.328621355078187207e+03
2.328759922364602517e+03
2.329396525211834614e+03
2.330119195110672536e+03
2.330128961821021221e+03
2.332667939843372096e+03
2.337527461577784834e+03
2.337930363379779919e+03
2.338060030626388652e+03
2.343011319437899601e+03
2.345470630437269847e+03
2.351819258831773368e+03
2.353320065544193767e+03
2.353321065548666411e+03
2.353917001547347809e+03
2.360341330280424245e+03
2.362558340196093468e+03
2.362777707843890767e+03
2.364548582430867100e+03
2.365189918632603167e+03
2.365372986118046811e+03
2.365384986171717628e+03
2.365390419529351675e+03
2.367871863961048348e+03
2.368757534588913586e+03
2.371248245728722395e+03
2.371254112421627724e+03
2.371696981069042977e+03
2.372094616180816047e+03
2.372366084061633956e+03
2.372475384550485160e+03
2.373064853853577461e+03
2.373089553964050083e+03
2.373305754931017418e+03
2.374136625313786226e+03
2.376357868581721959e+03
2.377470573558341584e+03
2.378178043389196318e+03
2.378917713364067367e+03
2.379060647336678812e+03
2.379338781913980711e+03
2.381030589480660183e+03
2.381197956895884545e+03
2.381749859364290842e+03
2.382219528131570769e+03
2.383025265068596127e+03
2.383064531910885307e+03
2.383154465646451172e+03
2.383171799057308817e+03
2.383224732627389585e+03
2.383529433990179314e+03
2.384107603242731784e+03
2.384405904576896774e+03
2.384426704669926039e+03
2.384454204792921701e+03
2.384469238193491947e+03
2.387656752449781834e+03
2.387852519992026828e+03
2.388595956650411608e+03
2.390549765388901960e+03
2.392371140201743401e+03
2.392650274783517489e+03
2.392926309351426880e+03
2.392976242908090171e+03
2.393765979773554591e+03
2.393946913916122867e+03
2.394393282579191691e+03
2.394661817113556936e+03
2.394819417818432612e+03
2.395276519862840814e+03
2.395572254518859609e+03
2.395687788368923066e+03
2.395712421812429966e+03
2.395816122276235092e+03
2.395938889491982991e+03
2.396104556899603722e+03
2.396239157501610862e+03
2.396839660187384197e+03
2.396960127392845607e+03
2.397153028255602294e+03
2.399978407558895015e+03
2.400711777505589453e+03
2.402562519116440853e+03
2.402572819162508495e+03
2.405020763444374097e+03
2.408090243839419145e+03
2.408269644641796731e+03
2.410943323266601510e+03
2.411235591240449139e+03
2.411293824834234329e+03
2.417480752505524833e+03
2.422494341595676360e+03
2.426869594497509297e+03
2.428426534794322833e+03
2.428808036500604885e+03
2.432720887334325653e+03
2.433130689167181572e+03
2.433175289366657580e+03
2.439253383217851024e+03
2.442572564729694932e+03
2.446675816414991004e+03
2.446698783184377589e+03
2.449838263892501800e+03
2.450868935168888584e+03
2.453883681985802014e+03
2.454361250788414509e+03
2.454369150823747987e+03
2.456808395066702360e+03
2.457121729801438050e+03
2.461233314857339792e+03
2.461247581587814693e+03
2.463961160391075282e+03
2.465233399414550149e+03
2.467616410072663712e+03
2.468284879729088971e+03
2.468615581208165167e+03
2.468948816031904698e+03
2.469649452498863866e+03
2.471287126490095034e+03
2.474864075821482402e+03
2.478438825143030499e+03
2.478911093921938573e+03
2.478950927433429115e+03
2.478969127514829779e+03
2.479051327882474652e+03
2.481300937943948611e+03
2.481479505409265585e+03
2.483351980450654537e+03
2.487092130511964115e+03
2.487122530647930034e+03
2.488507170174120802e+03
2.489156339744225534e+03
2.489725442289559851e+03
2.489776175849801348e+03
2.489780842537340050e+03
2.490536245915912787e+03
2.491152715339764200e+03
2.491192482184289929e+03
2.492076252803657553e+03
2.494310196128395091e+03
2.494496263627256212e+03
2.494795931634200315e+03
2.494813131711128335e+03
2.494834231805499257e+03
2.496996474809554456e+03
2.497343843029839718e+03
2.497442843472623281e+03
2.499556152924487378e+03
2.499928187921762856e+03
2.500574524145861687e+03
2.502752533887100071e+03
2.503079602016592617e+03
2.503161402382448159e+03
2.504752209497398781e+03
2.505324778724905173e+03
2.505507779543384004e+03
2.505601046627191408e+03
2.507643955764187012e+03
2.508038990864331936e+03
2.508390992438673038e+03
2.508673660369583558e+03
2.510343034502595856e+03
2.513178513851060870e+03
2.514464219601433342e+03
2.514603086889189399e+03
2.515234056377893467e+03
2.517047731156295868e+03
2.519600742574745254e+03
2.519605742597108019e+03
2.519773643348050882e+03
2.519876777142654646e+03
2.522530155676666709e+03
2.524088762647601015e+03
2.527638411856887160e+03
2.528098247246853589e+03
2.528734883427568548e+03
2.530708958923369664e+03
2.532348599590063714e+03
2.533617771933156291e+03
2.534465642391959136e+03
2.534741676959868073e+03
2.535725014691220622e+03
2.537937691254174297e+03
2.539959666964211465e+03
2.540814470787356640e+03
2.540951538067062756e+03
2.541463573690496560e+03
2.541563107468999078e+03
2.543767550661795667e+03
2.543957618178547364e+03
2.544051485265038536e+03
2.544192952564423649e+03
2.544735454990787730e+03
2.544847355491267535e+03
2.546792597524776738e+03
2.546861497832936038e+03
2.547051598683170141e+03
2.547080732146803712e+03
2.550927249350511374e+03
2.550991982973368977e+03
2.551175317126671416e+03
2.551324817795319177e+03
2.551569352222343241e+03
2.552232988523817767e+03
2.553307726663961603e+03
2.553704595105638873e+03
2.553813095590911416e+03
2.554337297935428523e+03
2.554793533309293707e+03
2.556688741785691946e+03
2.557221944170461484e+03
2.557613245920575082e+03
2.557618579277761910e+03
2.557623779301019113e+03
2.557645779399415460e+03
2.563307404721268995e+03
2.563755073390152575e+03
2.563773373472000912e+03
2.563967007671370993e+03
2.564807711431453299e+03
2.564824344839179957e+03
2.565793082505233087e+03
2.565836649366754500e+03
2.566219017743579570e+03
2.567775291370744071e+03
2.567952858831588856e+03
2.568054692620377864e+03
2.568107926191800743e+03
2.568572161601445714e+03
2.570900105346604050e+03
2.573140115365141810e+03
2.575633759851403283e+03
2.576121995368390344e+03
2.576724198061766856e+03
2.577470734734016332e+03
2.578026137218077110e+03
2.578188637944868333e+03
2.578485205937947285e+03
2.578500906008166567e+03
2.578569272980607366e+03
2.578616973193948979e+03
2.578713373625103486e+03
2.579021175001757911e+03
2.579024841684823969e+03
2.579200042468416996e+03
2.579248109350064624e+03
2.579425043474743234e+03
2.579795211797003049e+03
2.579807811853357180e+03
2.579828945281210963e+03
2.580060412983126298e+03
2.580406014528844025e+03
2.580592148694669504e+03
2.580765016134493180e+03
2.580911183454898946e+03
2.580925450185374302e+03
2.581171951287860793e+03
2.581292151825462497e+03
2.581528219547952176e+03
2.581554019663344206e+03
2.582413456840546132e+03
2.582519557315084512e+03
2.582791091862867233e+03
2.582919759105003777e+03
2.583073293125024065e+03
2.583208560396679331e+03
2.583379161159698469e+03
2.583484828298965567e+03
2.583549228586999106e+03
2.583732762741196439e+03
2.583745562798445008e+03
2.583759462860613439e+03
2.583815829779383876e+03
2.583988563885277472e+03
2.584365232236608790e+03
2.584512832896758482e+03
2.585627604549288208e+03
2.585726638325554177e+03
2.585780805234484433e+03
2.586003406230076507e+03
2.586128106787804882e+03
2.586285874160092590e+03
2.586551075346216294e+03
2.586741909533062881e+03
2.587241378433624959e+03
2.589050519858418738e+03
2.596220785261061337e+03
2.597449157421673135e+03
2.597504957671241755e+03
2.599388399428346474e+03
2.600858206002117640e+03
2.603230816613716797e+03
2.604255154528443654e+03
2.604260521219113343e+03
2.604346621604200664e+03
2.604369021704386341e+03
2.604813023690203408e+03
2.606458531049803241e+03
2.606611431733657810e+03
2.607663569772722440e+03
2.609215343379760725e+03
2.609821812758886608e+03
2.610494115765789957e+03
2.610507982494475982e+03
2.610599616237645023e+03
2.612749359185792855e+03
2.613007193672301128e+03
2.615270203793708333e+03
2.615848006377954334e+03
2.620552960754390824e+03
2.622183334712972737e+03
2.623612407771227481e+03
2.625131047896742075e+03
2.626001218455282469e+03
2.626837322194791341e+03
2.627019556343174372e+03
2.627028023047708757e+03
2.630034103159192910e+03
2.630146770329768515e+03
2.630590038978972643e+03
2.630678939376583457e+03
2.636496065393920162e+03
2.636768499945728763e+03
2.639283244526361159e+03
2.639826613623268713e+03
2.640004714419831998e+03
2.640768484502491447e+03
2.641211953152590468e+03
2.641296286863109799e+03
2.641611688273755590e+03
2.644172499727090781e+03
2.645683706486026040e+03
2.645715506628253024e+03
2.648086583899661036e+03
2.649589490621473487e+03
2.651554366076127280e+03
2.651640833129521525e+03
2.653087972935247763e+03
2.658426896813806252e+03
2.659692969143033679e+03
2.659767769477581169e+03
2.659771502827612039e+03
2.660549606307712111e+03
2.660696306963836832e+03
2.662624948923101329e+03
2.662993283903827887e+03
2.664766191833232369e+03
2.665340661069236376e+03
2.665343494415241821e+03
2.665516628522925203e+03
2.665613462289350991e+03
2.665824163231719922e+03
2.665893363541220879e+03
2.669229045126861820e+03
2.674297434462109777e+03
2.674881003738814343e+03
2.678729920953255714e+03
2.678817254677192977e+03
2.680291161269301028e+03
2.681030331241936437e+03
2.683912477465788015e+03
2.686841523899403001e+03
2.688601431770664021e+03
2.689505769148683612e+03
2.689753603590466810e+03
2.691192543359517913e+03
2.692579016227241937e+03
2.693577820694436468e+03
2.693611987513915210e+03
2.697253870469054618e+03
2.697333270824175997e+03
2.698766443900768536e+03
2.700468351512621211e+03
