5.373397588761443799e+00
5.957000198948300351e+00
5.963066892748506653e+00
7.531640574925964060e+00
8.620612112062955745e+00
8.749979357329987550e+00
8.944346893313513291e+00
1.003431843492306541e+01
1.003775178361219211e+01
1.074572161670327297e+01
1.074942163325174960e+01
1.248666273646790614e+01
1.248996275122735788e+01
1.266603020536300939e+01
1.267199689871595858e+01
1.267879692912937628e+01
1.356100087482308147e+01
1.690224915202778888e+01
1.698778286791420911e+01
1.818105487153935940e+01
1.818435488629881291e+01
1.915612589925160236e+01
1.915885924480993907e+01
1.969172829475551012e+01
2.349064528556916898e+01
2.572175526430099879e+01
2.573045530321228469e+01
2.590945610380078179e+01
2.633759135198675594e+01
2.700719434681389330e+01
2.701089436336237526e+01
2.727319553651523876e+01
2.750459657146595305e+01
2.751122993446728060e+01
2.854320121666826893e+01
2.854770123679479710e+01
2.869930191483511095e+01
2.877043556631664956e+01
2.877570225653880343e+01
2.901096997545009160e+01
2.901526999468210732e+01
3.208138370800273975e+01
3.377599128720535759e+01
3.378025797295495636e+01
3.402949242099968075e+01
3.403315910406574574e+01
3.404075913805721143e+01
3.404405915281666495e+01
3.445416098701411300e+01
3.785847621295502563e+01
3.814764417293737608e+01
3.836684515332284207e+01
3.857241273939905568e+01
3.918644881903420440e+01
3.972198454757327113e+01
3.994931889766890976e+01
4.021805343292857771e+01
4.022592013477939332e+01
4.023148682634332118e+01
4.023632018129404031e+01
4.024092020186781582e+01
4.024378688135583104e+01
4.044318777318457592e+01
4.045025447145734887e+01
4.068102217024210887e+01
4.068562219081589859e+01
4.084865625332582795e+01
4.158325953886946280e+01
4.158785955944324542e+01
4.215999545167806417e+01
4.217016216381577465e+01
4.228662935138676460e+01
4.282746510363040926e+01
4.293509891836043835e+01
4.293963227196937993e+01
4.319403340978901440e+01
4.339070095605943322e+01
4.368010225041871308e+01
4.370890237922848343e+01
4.380670281664498589e+01
4.518894233210183131e+01
4.519407568839431377e+01
4.519817570673181706e+01
4.552537717015392360e+01
4.553037719251672399e+01
4.564467770373050115e+01
4.567641117899311354e+01
4.570454463815450907e+01
4.582607851505314756e+01
4.583611189326118307e+01
4.598344588555189461e+01
4.599367926465444611e+01
4.639318105144273829e+01
4.684251639444700999e+01
4.714488441346717451e+01
4.728238502844437363e+01
4.736738540861209401e+01
5.033876536489874098e+01
5.034529872745280699e+01
5.053846625806925630e+01
5.082700088188565246e+01
5.121640262350108230e+01
5.122983601691581867e+01
5.330791197786334124e+01
5.384368104077933737e+01
5.384788105956409510e+01
5.405981534078228634e+01
5.406321535598899430e+01
5.458591769379685843e+01
5.459368439520041960e+01
6.291605495068092324e+01
6.494646403176966487e+01
6.765270946889785364e+01
7.795322220503456379e+01
7.795618888496983345e+01
8.312664534338392741e+01
8.774759934412550422e+01
8.775173269594542091e+01
9.113104781007228894e+01
9.156128306765064906e+01
9.585416893442723563e+01
9.645667162914551795e+01
9.774261071389469180e+01
9.774601072910139976e+01
9.775017741440373698e+01
9.775297742692691827e+01
9.775944412251614324e+01
9.776217746807446929e+01
1.017932288304520654e+02
1.058401135969785400e+02
1.058448469514819976e+02
1.075087210598945546e+02
1.075120210746540153e+02
1.075186877711377491e+02
1.088271602900019701e+02
1.140729837521647880e+02
1.281262466059652354e+02
1.281310132939511277e+02
1.281342466417457331e+02
1.281370133207864797e+02
1.281400133342041840e+02
1.281433133489636305e+02
1.281493467092814171e+02
1.281521133883221637e+02
1.296521867641291692e+02
1.296552534445116862e+02
1.323017986146279554e+02
1.327072670947692075e+02
1.327107671104231770e+02
1.327154004644793588e+02
1.327195671497817386e+02
1.327242671708027615e+02
1.327272338507380312e+02
1.327308672003216543e+02
1.331810692138688239e+02
1.331840692272864999e+02
1.331876359099053104e+02
1.348559433714795546e+02
1.356730136925270926e+02
1.358060476208601983e+02
1.392180962147222374e+02
1.392248629116532470e+02
1.396534314951106523e+02
1.398034654994773121e+02
1.403471345977265514e+02
1.403501346111441990e+02
1.431719472318180806e+02
1.434822819531363223e+02
1.444107194389447670e+02
1.472939323342339435e+02
1.477765011592096585e+02
1.477805011770998931e+02
1.477853345320506264e+02
1.477880345441265604e+02
1.483954705942427665e+02
1.484030372947518117e+02
1.495814758987006599e+02
1.521547207409781493e+02
1.521576207539486063e+02
1.522458211484285187e+02
1.548548994843061735e+02
1.557734702593186853e+02
1.557808036254507726e+02
1.565157069123362135e+02
1.565188069262011368e+02
1.616654966116506955e+02
1.658518153351346314e+02
1.680456918140047833e+02
1.692245304197426208e+02
1.697165992872076856e+02
1.705054694821290013e+02
1.710985721348051811e+02
1.713348731916714485e+02
1.714333402987363399e+02
1.719846760979418718e+02
1.719932094694410694e+02
1.747375884104562829e+02
1.815504188811228516e+02
1.815541522311537506e+02
1.815588855856571797e+02
1.815655856156233767e+02
1.815689522973476642e+02
1.815723856460367927e+02
1.830847924103387072e+02
1.837170285713744704e+02
1.837201285852393937e+02
1.839450962580833107e+02
1.839508962840241679e+02
1.847844000119041254e+02
1.848124668041006942e+02
1.850605679137431991e+02
1.850676012785335161e+02
1.852610021435268948e+02
1.855494034334136586e+02
1.855531034499620944e+02
1.867385420852188815e+02
1.873339447481819491e+02
1.917355977680907984e+02
1.930028034357206650e+02
1.930061367839625177e+02
1.932777379987102222e+02
1.932816713496356158e+02
1.932861047027973029e+02
1.932885047135314665e+02
1.932927713992810368e+02
1.932957380792163349e+02
1.938052403579863778e+02
2.000167014723369334e+02
2.007937049475171705e+02
2.007969049618293695e+02
2.008015049824031450e+02
2.008043716618911674e+02
2.012971738659694267e+02
2.013026405570861073e+02
2.013115739303743226e+02
2.013143072759326628e+02
2.014850413728813123e+02
2.023265451365417675e+02
2.025649795362828343e+02
2.055992931073760133e+02
2.056026931225827070e+02
2.056073931436037583e+02
2.056106598248807984e+02
2.056135931713336618e+02
2.106067155032801850e+02
2.110696175736288751e+02
2.112393849995874007e+02
2.112462183634832229e+02
2.112499517135140934e+02
2.112537850639922681e+02
2.112563184086560852e+02
2.182501496888562826e+02
2.182532830362036691e+02
2.202000584099038463e+02
2.202090584501569026e+02
2.306007049272263885e+02
2.315088089887594265e+02
2.315133756758507957e+02
2.378531040305485647e+02
2.378562040444134880e+02
2.380997718004470300e+02
2.400293137637367522e+02
2.400348137883358675e+02
2.472900129041811965e+02
2.474520136287361538e+02
2.494320224844078098e+02
2.494372891746299672e+02
2.496545234795527222e+02
2.496578901612770096e+02
2.501823591736530830e+02
2.505757275996763269e+02
2.530571053644078745e+02
2.530609053814035860e+02
2.553754824001119061e+02
2.553788490818361936e+02
2.553851491100133160e+02
2.553898157975519325e+02
2.553928824779344779e+02
2.553958158243873129e+02
2.557429173768133808e+02
2.558758179712168044e+02
2.563856202513285893e+02
2.577615597386082982e+02
2.577647597529204972e+02
2.585623633202355336e+02
2.585686633484127128e+02
2.585763300493689485e+02
2.585789633944800698e+02
2.588242644915993651e+02
2.594505006257997479e+02
2.615626767392616330e+02
2.678589715663678135e+02
2.695714792256292753e+02
2.695750459082480575e+02
2.698619805249083470e+02
2.727335933683157805e+02
2.727366600486983543e+02
2.733699962146539519e+02
2.733742962338859570e+02
2.737040310419718594e+02
2.792894226895340921e+02
2.792937227087661540e+02
2.795951907237609930e+02
2.797969582928414525e+02
2.798007583098371924e+02
2.798174917180113539e+02
2.844491124331269702e+02
2.844524457813688514e+02
2.854225501202006967e+02
2.893382676334094867e+02
2.902209715813394837e+02
2.908654411304229370e+02
2.946323579781146691e+02
2.946388580071862293e+02
2.947810919766669713e+02
2.951664937003921523e+02
2.974123037448705986e+02
2.974153704252531156e+02
2.974185704395652579e+02
2.974214371190533370e+02
2.974243371320237657e+02
3.011984873454003377e+02
3.012017206931948863e+02
3.012071207173467542e+02
3.012128207428403357e+02
3.012154874214338633e+02
3.054635064208748645e+02
3.054726397950575461e+02
3.054763731450884734e+02
3.054797398268127608e+02
3.054841398464920417e+02
3.054875731951811986e+02
3.064369441079485910e+02
3.075449823970290595e+02
3.193625352515238660e+02
3.193652352635998000e+02
3.193686352788064937e+02
3.193711352899879330e+02
3.200253715494200719e+02
3.200303049048180242e+02
3.200411716200865158e+02
3.200437716317151740e+02
3.200466716446856026e+02
3.204750735607309480e+02
3.204785069094200480e+02
3.228362841213429988e+02
3.280517407810223176e+02
3.280593408150138544e+02
3.308918868170265455e+02
3.328405621992246211e+02
3.329639960846211011e+02
3.329691627743960112e+02
3.329744961315829528e+02
3.329773628110710320e+02
3.329848628446152361e+02
3.329877295241032016e+02
3.331829303971471745e+02
3.369982807947932884e+02
3.370025141470604808e+02
3.370099475136398155e+02
3.371803149422818819e+02
3.372277484877637335e+02
3.382578197614668056e+02
3.416128347669104528e+02
3.419767030609932021e+02
3.421678039156996647e+02
3.421720372679668571e+02
3.492148021003577583e+02
3.492180687816347699e+02
3.492215354638063332e+02
3.492263021517921402e+02
3.492287688294911732e+02
3.501004727282229396e+02
3.501062394206814474e+02
3.501979731642977072e+02
3.540599571038475801e+02
3.540652571275521154e+02
3.635794996803962249e+02
3.635897330594987693e+02
3.635941330791780501e+02
3.635968330912539273e+02
3.671138488212525317e+02
3.672406160548909497e+02
3.707947319508215287e+02
3.708618322509304335e+02
3.755068196924959238e+02
3.758719546589104539e+02
3.758785546884294035e+02
3.761114890635714119e+02
3.767971254634419438e+02
3.768092255175599234e+02
3.852445632449574191e+02
3.852478965931993002e+02
3.854319640831154175e+02
3.903474860679912126e+02
3.903501527465846834e+02
3.903547527671584589e+02
3.903658861502863147e+02
3.903735195177602009e+02
3.903759528619767707e+02
3.903815862205055396e+02
3.903845862339232440e+02
3.904792533239923387e+02
3.927343300765832623e+02
4.024694736174161562e+02
4.024749069750504304e+02
4.034641113993081944e+02
4.039786803674059001e+02
4.039824137174367706e+02
4.039886137451666173e+02
4.042294148221594696e+02
4.049394513311605124e+02
4.059799226513782742e+02
4.070018272218887887e+02
4.070065272429097831e+02
4.070119939340264636e+02
4.070147272795848608e+02
4.076118632836336815e+02
4.076158299680415098e+02
4.076202299877207338e+02
4.076226633319373605e+02
4.076256966788374143e+02
4.083851000753006133e+02
4.085099673004411329e+02
4.172317396422626530e+02
4.172373730007914219e+02
4.180312098845931246e+02
4.180344765658701931e+02
4.221006280852346322e+02
4.221092281236986992e+02
4.241037037107400351e+02
4.241082370643489980e+02
4.279990211327086627e+02
4.280028878166692152e+02
4.281600551862734392e+02
4.283431893386818388e+02
4.304294653363043608e+02
4.332579779869444110e+02
4.332611780012566101e+02
4.367382935528000303e+02
4.367408602309462822e+02
4.386497354351363356e+02
4.432511560151805838e+02
4.447438293578906041e+02
4.456783668709816766e+02
4.456826668902136817e+02
4.461936691756926052e+02
4.499924861660589954e+02
4.506167889582791304e+02
4.506203556408979694e+02
4.506257889985321867e+02
4.506285223440904701e+02
4.506328890302873447e+02
4.508507566713760752e+02
4.508587567071565445e+02
4.508682900831283291e+02
4.508710567621690757e+02
4.508740901090691864e+02
4.511760914597827536e+02
4.535992356307287992e+02
4.536034023160311222e+02
4.539492371961252388e+02
4.539535038818748944e+02
4.539607372475597344e+02
4.539632372587411169e+02
4.541119712572934191e+02
4.543292722291810719e+02
4.548999414481894519e+02
4.549030414620543752e+02
4.565931823546128498e+02
4.565971823725031413e+02
4.566009823894988813e+02
4.566041824038110803e+02
4.566070490832990458e+02
4.566099824297519376e+02
4.566135157788883134e+02
4.583923904016454571e+02
4.584269905563960492e+02
4.587671587444790475e+02
4.631267115760930437e+02
4.631308115944305541e+02
4.632677788736890534e+02
4.633875460760195324e+02
4.639710153522767087e+02
4.707867458359137345e+02
4.711739142342070750e+02
4.711785142547809073e+02
4.720617848719119820e+02
4.720649848862241811e+02
4.731742565141541377e+02
4.733622573549956769e+02
4.754102998482839553e+02
4.755389004234554022e+02
4.755423671056269086e+02
4.791272164723475839e+02
4.791299164844235179e+02
4.815072271170438398e+02
4.816610611384061826e+02
4.824905648483958771e+02
4.824986648846236221e+02
4.828592331639468966e+02
4.834934026669629361e+02
4.835023027067687167e+02
4.835087027353931148e+02
4.835114027474690488e+02
4.839205045771938671e+02
4.839354046438350565e+02
4.840005049349988440e+02
4.841426055705497902e+02
4.843934066922682291e+02
4.844154734576294459e+02
4.998257090472133086e+02
4.998346424205015524e+02
5.064804388107679642e+02
5.104209897683787176e+02
5.152033444909916398e+02
5.172577870129043731e+02
5.188633941940489649e+02
5.189858280749729147e+02
5.189924281044918644e+02
5.203387341259013965e+02
5.203490008384862904e+02
5.235533485033972738e+02
5.247838540068840985e+02
5.252207892944287551e+02
5.256578912493853295e+02
5.256689912990307221e+02
5.258274253409668972e+02
5.258311920244802877e+02
5.338867613866813144e+02
5.338921280773506624e+02
5.347069650550762390e+02
5.347152650921984787e+02
5.347191984431239007e+02
5.347217984547525020e+02
5.373114767038624677e+02
5.375195109676377569e+02
5.398237212733137085e+02
5.403154234724721618e+02
5.407994589706743227e+02
5.426336671742465114e+02
5.426376005251720471e+02
5.440642735726929686e+02
5.440701069321162322e+02
5.447195431700799872e+02
5.453062791276141752e+02
5.453088458057604839e+02
5.453129124906156449e+02
5.453200458558532091e+02
5.453227458679291431e+02
5.453275792228797627e+02
5.453313792398755595e+02
5.453355459251778257e+02
5.453817461318102460e+02
5.454021128895681159e+02
5.454342130331372118e+02
5.454542131225886124e+02
5.454699131928076667e+02
5.454792465678850704e+02
5.454828132505037956e+02
5.460554824784572929e+02
5.469195196762327669e+02
5.469239863628769172e+02
5.469287863843452442e+02
5.469315530633858771e+02
5.475711559240363613e+02
5.475772559513188753e+02
5.479921244735021446e+02
5.481504251815086945e+02
5.512484723709864056e+02
5.514485065989811119e+02
5.514529399521428559e+02
5.548667885540554607e+02
5.563366951282736181e+02
5.563398951425857604e+02
5.624399890921754377e+02
5.627074569551031118e+02
5.627107236363802940e+02
5.645921987180221322e+02
5.717255972891094871e+02
5.723801335498833396e+02
5.723886669213825371e+02
5.723926669392727717e+02
5.723956002857256635e+02
5.723982669643191912e+02
5.733443711958095719e+02
5.733472045418151311e+02
5.733522378976603022e+02
5.733555712459021834e+02
5.738826069364245086e+02
5.738894069668380098e+02
5.739954741078943243e+02
5.741201746656226987e+02
5.743618090796760498e+02
5.743678757734761575e+02
5.744936430026418748e+02
5.744987430254520859e+02
5.746454103480944013e+02
5.748830447442574041e+02
5.752698131407618121e+02
5.752796465180753103e+02
5.752857798788403443e+02
5.753606135468703542e+02
5.767431530636689558e+02
5.785572945108251588e+02
5.795345655483770315e+02
5.802738688549416111e+02
5.812658399582402353e+02
5.818600759493185706e+02
5.821852440703131606e+02
5.821900107582990813e+02
5.835454834873736445e+02
5.835579502097982640e+02
5.844200873990758964e+02
5.883559050021831354e+02
5.883599383535558900e+02
5.895997772321200046e+02
5.896032439142915109e+02
5.898223782277120790e+02
5.903221471296159280e+02
5.904823478461202058e+02
5.904896478787699152e+02
5.924585566847961218e+02
5.936512953527026184e+02
5.936546953679093122e+02
5.951188352496690186e+02
5.951221019309459734e+02
5.975101126114227554e+02
5.977496803495660060e+02
5.981948156737855697e+02
5.997257558543122968e+02
6.009411612902633806e+02
6.009627280533883322e+02
6.016209309972283563e+02
6.016260976870031527e+02
6.026885024386524492e+02
6.057970496750921257e+02
6.058019496970076716e+02
6.067329538609624251e+02
6.123493789806565246e+02
6.133714502185790707e+02
6.142313207310522785e+02
6.142358207511788351e+02
6.142403874382700906e+02
6.142457207954571459e+02
6.142487541423572566e+02
6.142518874897046999e+02
6.248869683888779036e+02
6.248908017393561067e+02
6.251677363112908097e+02
6.251753363452821759e+02
6.251846030533946532e+02
6.251894030748629802e+02
6.251924030882805710e+02
6.251959031039345973e+02
6.258937395583703847e+02
6.259164396598976055e+02
6.259206730121646842e+02
6.259247063635373252e+02
6.259274397090956654e+02
6.259304063890309635e+02
6.278000147509318367e+02
6.306502608321088701e+02
6.306717609282688954e+02
6.314697311638906285e+02
6.314726978438258129e+02
6.316531653176407417e+02
6.343123105441112557e+02
6.349232799433639229e+02
6.381085941898138572e+02
6.393282329780322470e+02
6.393330996664653867e+02
6.399364356982440540e+02
6.400137027104906338e+02
6.406148053989473965e+02
6.406253054459092482e+02
6.409052400312616555e+02
6.409101733866596078e+02
6.417198103411276406e+02
6.421039453925209273e+02
6.437892529301287823e+02
6.437930862806069854e+02
6.453862600728094776e+02
6.482208060837672292e+02
6.484974739878425680e+02
6.485041740178087366e+02
6.487330083746132914e+02
6.487400417394035230e+02
6.487486417778676469e+02
6.488716423279927312e+02
6.490339763873718084e+02
6.549562695417399709e+02
6.550539699787092331e+02
6.551672038184856319e+02
6.605557612523653006e+02
6.639640098292315997e+02
6.640646769461362737e+02
6.643951784243178054e+02
6.662694201402748604e+02
6.667151221336954450e+02
6.690318991622434623e+02
6.692723669044120243e+02
6.712735425214195857e+02
6.739779879504972087e+02
6.739815879665983402e+02
6.792290447693997066e+02
6.793824787889730032e+02
6.794901459371853889e+02
6.796931801785977996e+02
6.796962801924628366e+02
6.797053135661983561e+02
6.798477808700558853e+02
6.800272816728806902e+02
6.805664507510033445e+02
6.805698507662100383e+02
6.839132990532543772e+02
6.839170324032852477e+02
6.846574357147698038e+02
6.848541699280050352e+02
6.871703136203871054e+02
6.875990822047389202e+02
6.902730608308858109e+02
6.910495309703474049e+02
6.915247664291910041e+02
6.918871680500471939e+02
6.919151015083141374e+02
6.923278033541403147e+02
6.924247037875314845e+02
6.926249713499030349e+02
6.927728053444300258e+02
6.949951486172858495e+02
6.964372217336841686e+02
6.972077918467576865e+02
7.093168126715216886e+02
7.107543857677935648e+02
7.107581191178244353e+02
7.107640191442126252e+02
7.107664858219116013e+02
7.151054385613908835e+02
7.151103052498240231e+02
7.152545392282497687e+02
7.194872914927429974e+02
7.265624231365625292e+02
7.282419639817118195e+02
7.282451973295064818e+02
7.296213701511630916e+02
7.296258701712896482e+02
7.299287381925461204e+02
7.305605410183104595e+02
7.355882968384898959e+02
7.358136978466052369e+02
7.394243806622005195e+02
7.394356140457755373e+02
7.394415474056461335e+02
7.451154727825124837e+02
7.451245728232128158e+02
7.472017487801349489e+02
7.504095964606999587e+02
7.504156298210177738e+02
7.522736381310369325e+02
7.527435402326934764e+02
7.528941075727789212e+02
7.533073427543237131e+02
7.544908480476001387e+02
7.544991814182048984e+02
7.549374500450461483e+02
7.567500248185285727e+02
7.606402422176871596e+02
7.616395466871176723e+02
7.672339383749330182e+02
7.672373383901397119e+02
7.694019147379638071e+02
7.694114481139356485e+02
7.694146814617300834e+02
7.699517171969781657e+02
7.705441865134882846e+02
7.710033219003237264e+02
7.710691221946182168e+02
7.725717289150891247e+02
7.728515301665117931e+02
7.728552635165426636e+02
7.728596302027395950e+02
7.728623968817802279e+02
7.728658635639518479e+02
7.728701969166662593e+02
7.731291980750596622e+02
7.731373647782521630e+02
7.731413981296249176e+02
7.731441648086656642e+02
7.747514386639312534e+02
7.773605503332913713e+02
7.773640503489452840e+02
7.786572561328617894e+02
7.786634894940740423e+02
7.786716228637842505e+02
7.786757562156042241e+02
7.786784895611624506e+02
7.790681913041196367e+02
7.826689740754364948e+02
7.826726074250200327e+02
7.826807407947302409e+02
7.826843741443140061e+02
7.826874408246965231e+02
7.826904075046315938e+02
7.828104080413389738e+02
7.835295112575579424e+02
7.835329779397295624e+02
7.836267450257734026e+02
7.840670469950422330e+02
7.845447491315848083e+02
7.846908164515435828e+02
7.846960831417657118e+02
7.850500513915700367e+02
7.853868528979287476e+02
7.853933195935179583e+02
7.854001196239314595e+02
7.855152868056881061e+02
7.859039885441726483e+02
7.864147908287570772e+02
7.864295908949510476e+02
7.865239579836784287e+02
7.893511706285040646e+02
7.893589706633900960e+02
7.898713729551305960e+02
7.898770729806241206e+02
7.898805396627957407e+02
7.898831063409419357e+02
7.903691418480892708e+02
7.919024153723853487e+02
7.919075153951953325e+02
7.922699170160515223e+02
7.922757503754748996e+02
7.924787512834047902e+02
7.932362546713701477e+02
7.934716223907287258e+02
7.941228586367431035e+02
7.941260586510552457e+02
7.942390258229722804e+02
7.942439591783703463e+02
7.944083599136594103e+02
7.944130266011979984e+02
7.957086657293310736e+02
7.957132657499048491e+02
7.972361725611685870e+02
7.972412725839787981e+02
7.972454059357985443e+02
7.972480726143921856e+02
7.973964066111553848e+02
7.973995399585027144e+02
7.976998413016129916e+02
7.980345427985793094e+02
7.987210792024751527e+02
7.987247458855410969e+02
7.987296459074567565e+02
7.987322125856029515e+02
7.988518131205213422e+02
8.003062862923794683e+02
8.005614874337773017e+02
8.009758559537242490e+02
8.009823559827958661e+02
8.014096578939214623e+02
8.014173245948777549e+02
8.015082583349159222e+02
8.025988632126915263e+02
8.031741991192385512e+02
8.031781991371286722e+02
8.031839658295871232e+02
8.031864658407686193e+02
8.031891658528445532e+02
8.031919991988501124e+02
8.031950325457502231e+02
8.031982992270272916e+02
8.032062659293253546e+02
8.032091326088133201e+02
8.034670004288044538e+02
8.036218011211569774e+02
8.036284344841583334e+02
8.036324011685661617e+02
8.036354011819838661e+02
8.036383011949542379e+02
8.037215349005538201e+02
8.039967694648851193e+02
8.040051695024546916e+02
8.041478368072067724e+02
8.042976374771964174e+02
8.043844711988971312e+02
8.061943792937861417e+02
8.062877797115233989e+02
8.074471848970111978e+02
8.074769850302933492e+02
8.077395528713055910e+02
8.077495195825488281e+02
8.081027211622575805e+02
8.086098567637758379e+02
8.088561245318853707e+02
8.088612578881777608e+02
8.088643912355252041e+02
8.109598672742953340e+02
8.109641339600449328e+02
8.160818235157901199e+02
8.162832244165639395e+02
8.162864577643586017e+02
8.162935577961137597e+02
8.170681612605599184e+02
8.170736612851588916e+02
8.170830613272009941e+02
8.170855946718648966e+02
8.170884280178704557e+02
8.170913280308409412e+02
8.172431287097757604e+02
8.174506629713147277e+02
8.174539296525916825e+02
8.174592296762962178e+02
8.174616630205127876e+02
8.179011983196859319e+02
8.179055650058828633e+02
8.179106650286928470e+02
8.179131650398743432e+02
8.183709004204480379e+02
8.183739337673482623e+02
8.186745017783177900e+02
8.214367807993918404e+02
8.214428474931920618e+02
8.216848485755518823e+02
8.216910819367642489e+02
8.233277559235231138e+02
8.234602898496199259e+02
8.235362235225696850e+02
8.237113576391976721e+02
8.237147243209218459e+02
8.266798375825138692e+02
8.266908042982296365e+02
8.327236312802982638e+02
8.327454647112824659e+02
8.327528647443795080e+02
8.328773986346957372e+02
8.345952063176617912e+02
8.395308950594009048e+02
8.424877082838705746e+02
8.539178594056951397e+02
8.539214260883139787e+02
8.690427937192572472e+02
8.690465937362530440e+02
8.737638815011846418e+02
8.737683815213111984e+02
8.764195933789660558e+02
8.764235267298914778e+02
8.764300934259280211e+02
8.764326267705918099e+02
8.764357267844567332e+02
8.764388934652865828e+02
8.768233618515040462e+02
8.768347285690086892e+02
8.836261589439625368e+02
8.836290256234505023e+02
8.836392256690706972e+02
8.839130268936579569e+02
8.839193602553175424e+02
8.839289936317366028e+02
8.926124991357413592e+02
9.010423035050574754e+02
9.010467368582191057e+02
9.078096337722224689e+02
9.078135004561830783e+02
1.023467284389190695e+03
1.023472184411106241e+03
1.023477051099539381e+03
1.023479651111168096e+03
1.026964766698491985e+03
1.026968633382452708e+03
1.044975380585042330e+03
1.044978613932836652e+03
1.045588749995028820e+03
1.045858684535655811e+03
1.045863384556676920e+03
1.045870651255844223e+03
1.045873151267025378e+03
1.045876817950091436e+03
1.045879817963509140e+03
1.046220086152039585e+03
1.052239779742035125e+03
1.052243846426890286e+03
1.052248813115770417e+03
1.052251313126952027e+03
1.053476285272357245e+03
1.053478918617468253e+03
1.053485885315293899e+03
1.053489085329606041e+03
1.053491752008199683e+03
1.053496718697080041e+03
1.053790520011118588e+03
1.055423127313022405e+03
1.055634161590215172e+03
1.055638528276412217e+03
1.064733468953911142e+03
1.064736735635188325e+03
1.064740302317806936e+03
1.064742968996400577e+03
1.067977383462453417e+03
1.067979950140599385e+03
1.067983650157147849e+03
1.067986450169671116e+03
1.067990550188008683e+03
1.068152384245151552e+03
1.068648119795682533e+03
1.068651353143477081e+03
1.068658786510056643e+03
1.068662119858298411e+03
1.068664886537339271e+03
1.068672819906154928e+03
1.068680619941040732e+03
1.068683553287493623e+03
1.068842053996394725e+03
1.072040868303224215e+03
1.072044201651465983e+03
1.072204869036724176e+03
1.072392303208364865e+03
1.072541237207811491e+03
1.073208873527176138e+03
1.073684775655667863e+03
1.092928628391263373e+03
1.122041625267014979e+03
1.122045658618387733e+03
1.125574974403398755e+03
1.125579507757007832e+03
1.142570917085123483e+03
1.142573517096751857e+03
1.142576950445441298e+03
1.144793060357084414e+03
1.145579297206894580e+03
1.145582330553794918e+03
1.145612764023243244e+03
1.145936232136634317e+03
1.146521734755319130e+03
1.146524701435254201e+03
1.146630435241486566e+03
1.146652235338988248e+03
1.146807402699647355e+03
1.146900936451314465e+03
1.146906203141536480e+03
1.146912803171055430e+03
1.146915303182236812e+03
1.146921003207730564e+03
1.146923803220253603e+03
1.147283804830375630e+03
1.149275613738823495e+03
1.150633253144255377e+03
1.150637153161698507e+03
1.169364170252391887e+03
1.169813972264149925e+03
1.170109206917932397e+03
1.192157938865133019e+03
1.198839835416858932e+03
1.198843035431171074e+03
1.199163270196767598e+03
1.200033907424062136e+03
1.205558698800587081e+03
1.205563932157326917e+03
1.205568732178795017e+03
1.205571798859177534e+03
1.210614521412963086e+03
1.212950998529620620e+03
1.212954431878309833e+03
1.217546619083723954e+03
1.217549285762317595e+03
1.217554419118609985e+03
1.217556785795861742e+03
1.217567485843718259e+03
1.217571119193301683e+03
1.218233055487172578e+03
1.218276689015658803e+03
1.218464089853816859e+03
1.222213706624133010e+03
1.228113499677868731e+03
1.228223700170744905e+03
1.232325818517639391e+03
1.232329785202047105e+03
1.236513437246937656e+03
1.238053610802094227e+03
1.238058810825351429e+03
1.238065477521835192e+03
1.238068210867393645e+03
1.240855556667246447e+03
1.243064499880169933e+03
1.243329534398881151e+03
1.246109080163847921e+03
1.246123146893428611e+03
1.246915783771863516e+03
1.246918917119210846e+03
1.246923717140679173e+03
1.246927783825534107e+03
1.246931283841188133e+03
1.246935150525148629e+03
1.246938283872496186e+03
1.251195502913084738e+03
1.251806605646266917e+03
1.258893870677686891e+03
1.271512827116492190e+03
1.272452164651051589e+03
1.272456298002871563e+03
1.272462531364084043e+03
1.272465898045808217e+03
1.272468964726190734e+03
1.272475264754367799e+03
1.272671732299743780e+03
1.274254539378913933e+03
1.274259272733417674e+03
1.274262306080317558e+03
1.274264939425428565e+03
1.274268072772775895e+03
1.276199681411975689e+03
1.276203414762006560e+03
1.276590049824581229e+03
1.280672701417743156e+03
1.280675801431607852e+03
1.280681768124961081e+03
1.280685268140614880e+03
1.280688001486173334e+03
1.280806268681794791e+03
1.286955796185811323e+03
1.286968129574306204e+03
1.287312731115550832e+03
1.287316231131204859e+03
1.287319764480341519e+03
1.287322597826346964e+03
1.287330464528197581e+03
1.287389098123772101e+03
1.287394364813994343e+03
1.287401398178784802e+03
1.287540832135742221e+03
1.288007800890945873e+03
1.288011034238740649e+03
1.288023500961165382e+03
1.288028967652282063e+03
1.288031967665699540e+03
1.288335169021780303e+03
1.288339702375389152e+03
1.288579270113532402e+03
1.290089343534065165e+03
1.290263944314974424e+03
1.294843831465375843e+03
1.294846698144863922e+03
1.294853864843584006e+03
1.295181832977101976e+03
1.295185066324896297e+03
1.295188066338314229e+03
1.295190499682530799e+03
1.295568268038781980e+03
1.296285871248292096e+03
1.296386271697337406e+03
1.296389505045131955e+03
1.296393105061232973e+03
1.296395638405896989e+03
1.296400805095671785e+03
1.296403505107747606e+03
1.296687673045367092e+03
1.296703406449068780e+03
1.296708973140632907e+03
1.296711906487085571e+03
1.296715506503186816e+03
1.297461976508471480e+03
1.297858411614877241e+03
1.297866911652894260e+03
1.297871078338196412e+03
1.297874245019026148e+03
1.297877511700303103e+03
1.297881411717746460e+03
1.298744182243189925e+03
1.298751215607980157e+03
1.298754715623634183e+03
1.298759415644655292e+03
1.298762782326379465e+03
1.298765882340244616e+03
1.299048116935883854e+03
1.300011154576442777e+03
1.300015987931393511e+03
1.300020687952414619e+03
1.300023687965832096e+03
1.304279773668018606e+03
1.304283473684567070e+03
1.304288807041754126e+03
1.307176053288415915e+03
1.307180219973718067e+03
1.307418854374353714e+03
1.307422754391796616e+03
1.309809331732529472e+03
1.310014899318605558e+03
1.310018932669978312e+03
1.318272702918641016e+03
1.321714518312302971e+03
1.322222220583022590e+03
1.326254805285591374e+03
1.326632840309702033e+03
1.326636840327592154e+03
1.327524810965744336e+03
1.328107813573247768e+03
1.328142413727998246e+03
1.328148780423140352e+03
1.329195618438500105e+03
1.329238018628136615e+03
1.329430019486868559e+03
1.329533319948884127e+03
1.329673687243349150e+03
1.330472990818267590e+03
1.330476390833474397e+03
1.330480257517435120e+03
1.330482890862546128e+03
1.330505957632379705e+03
1.330728858629313663e+03
1.330903026074951413e+03
1.331098226947995272e+03
1.331105993649399124e+03
1.331333161332082454e+03
1.331336428013359409e+03
1.334194274128528150e+03
1.334197607476769917e+03
1.334217274231396914e+03
1.334353608174489636e+03
1.334360374871420618e+03
1.334364708224135029e+03
1.334367574903622881e+03
1.334372108257231957e+03
1.335832714789855117e+03
1.335835881470684853e+03
1.343344648387289453e+03
1.343350148411888540e+03
1.343355948437829511e+03
1.343359748454825194e+03
1.343363581805303284e+03
1.343368015158465141e+03
1.346343828467913454e+03
1.346349261825547501e+03
1.346354061847015828e+03
1.346356595191679844e+03
1.346736296889911273e+03
1.354524365055702219e+03
1.355392135603508677e+03
1.355495702733383496e+03
1.355873037754363395e+03
1.355876104434745912e+03
1.359227619424535533e+03
1.359233152782617026e+03
1.359344686614790135e+03
1.359349353302328836e+03
1.360919293657285380e+03
1.360924260346165738e+03
1.361106127826242300e+03
1.361112027852630263e+03
1.361115394534354664e+03
1.361118294547325149e+03
1.361450929368381367e+03
1.361500762924597439e+03
1.361752930719095048e+03
1.361758030741905031e+03
1.363738606266777879e+03
1.363741639613677989e+03
1.363745039628884570e+03
1.364006374131047323e+03
1.364042474292506995e+03
1.364046407643432076e+03
1.364258475258580120e+03
1.364261075270208721e+03
1.364847411225953920e+03
1.364995778556199639e+03
1.365000411910255934e+03
1.365452380598371064e+03
1.365574681145365503e+03
1.366773553174036806e+03
1.366778719863811830e+03
1.370146201591679983e+03
1.370714937468708058e+03
1.374547754611141727e+03
1.375832260356146890e+03
1.375961960936238029e+03
1.376084728151986155e+03
1.380849116127575599e+03
1.380852882811088875e+03
1.380859582841055044e+03
1.380861982851789207e+03
1.380912083075864530e+03
1.380928249814837727e+03
1.380938116525633404e+03
1.381026116919218794e+03
1.381977054505659908e+03
1.385070968343317872e+03
1.389952623510056355e+03
1.391243762618062647e+03
1.391534430584753864e+03
1.394698844737727313e+03
1.394703111423476912e+03
1.394706911440472595e+03
1.394709411451653978e+03
1.399086797696362055e+03
1.399266031831327382e+03
1.399666066953834388e+03
1.399668900299840061e+03
1.399676433666866615e+03
1.399679200345907475e+03
1.400330803260228549e+03
1.400732738391233397e+03
1.400741138428802969e+03
1.400747738458321692e+03
1.400750505137362552e+03
1.402349445622023268e+03
1.402359879002020534e+03
1.402849681192681146e+03
1.402859214568652988e+03
1.402922048183012294e+03
1.403077648878942682e+03
1.403238916266884416e+03
1.403325816655549943e+03
1.403331616681490686e+03
1.403336783371265938e+03
1.403341683393181256e+03
1.403344483405704523e+03
1.403489084052436965e+03
1.404793956555199884e+03
1.404797023235582401e+03
1.404801089920437335e+03
1.404803923266443235e+03
1.404809456624524501e+03
1.407081700120561209e+03
1.407086033473275393e+03
1.407106833566304886e+03
1.407692036183647815e+03
1.407695702866713873e+03
1.407866603631074668e+03
1.408000904231739696e+03
1.408233905273846403e+03
1.408239671966304741e+03
1.409909846102894562e+03
1.409912612781935195e+03
1.409916512799378324e+03
1.409919212811454372e+03
1.410180880648440962e+03
1.414759201125169284e+03
1.422295334830839465e+03
1.422400868636176938e+03
1.428074160676877455e+03
1.429552467288664957e+03
1.429555467302082889e+03
1.442573692193299621e+03
1.447899182678443140e+03
1.448728953056292312e+03
1.448733086408112285e+03
1.448738819767088216e+03
1.448741553112646670e+03
1.448744886460888438e+03
1.448747819807341330e+03
1.456033219058257828e+03
1.456036985741771332e+03
1.456041052426626266e+03
1.456044685776210144e+03
1.457090190452272964e+03
1.458244095613161790e+03
1.458249695638208095e+03
1.458253195653862122e+03
1.458256562335586295e+03
1.458259695682933625e+03
1.458262962364210580e+03
1.464215188985790974e+03
1.470824585213256114e+03
1.472044057334062245e+03
1.472047590683198678e+03
1.472052657372526255e+03
1.472055190717190271e+03
1.474717669291902666e+03
1.474719835968259986e+03
1.475348205445334997e+03
1.475352072129295493e+03
1.475899974579811897e+03
1.478965121622142533e+03
1.479059288709975363e+03
1.484381412513394480e+03
1.484576080050719838e+03
1.492367881566541655e+03
1.494307090239733043e+03
1.494309623584396832e+03
1.494313723602734171e+03
1.494316356947845179e+03
1.494321356970207944e+03
1.494324390317108282e+03
1.494947959772715194e+03
1.494952659793736075e+03
1.494957926483958090e+03
1.494960326494692481e+03
1.495271761220930330e+03
1.495460628732314717e+03
1.495466795426562385e+03
1.500640918568042480e+03
1.506200210098870912e+03
1.508310852872141595e+03
1.508314252887348175e+03
1.508318319572203336e+03
1.508321219585173822e+03
1.508598620825862326e+03
1.508601320837938147e+03
1.508605354189310901e+03
1.508609254206753803e+03
1.508749488167289201e+03
1.508753154850355486e+03
1.508756854866903950e+03
1.508759588212462177e+03
1.508764454900895316e+03
1.508795521706509589e+03
1.509462391355778436e+03
1.509788726148657588e+03
1.509795259511211498e+03
1.511278599478844399e+03
1.511382033274789819e+03
1.511395800003028853e+03
1.511402066697723285e+03
1.511404633375869707e+03
1.511407800056699443e+03
1.511410600069222482e+03
1.511518567218776752e+03
1.519567369884046911e+03
1.519743270670770471e+03
1.519749904033771827e+03
1.519755670726230164e+03
1.519758304071341399e+03
1.520210106092044498e+03
1.520212939438050171e+03
1.520218739463990914e+03
1.520221372809101922e+03
1.520225739495298967e+03
1.520228706175234265e+03
1.523362253523488107e+03
1.523369053553901267e+03
1.526495300869505400e+03
1.530018083291962512e+03
1.530026183328190200e+03
1.530176950669170083e+03
1.530250617665315303e+03
1.531376922702761249e+03
1.531387289415793475e+03
1.531391489434578261e+03
1.531394089446206863e+03
1.532597161493663179e+03
1.535755508952836408e+03
1.535758242298394634e+03
1.535762142315837536e+03
1.535764908994878397e+03
1.536403845185880527e+03
1.536407778536805836e+03
1.544023245930632584e+03
1.546152422120128222e+03
1.546155555467475324e+03
1.546161988829582242e+03
1.546164655508175656e+03
1.546170155532774743e+03
1.546172722210920938e+03
1.548748233730002994e+03
1.550001139333675383e+03
1.550005972688625889e+03
1.550628875474584447e+03
1.550636508842058447e+03
1.553489021600039905e+03
1.554319258646642766e+03
1.555602231051456783e+03
1.555990066119398307e+03
1.555993699468982186e+03
1.556882803445536410e+03
1.556888470137547529e+03
1.558901112472507066e+03
1.558909679177488670e+03
1.558913279193589915e+03
1.558922945903491609e+03
1.558926179251286158e+03
1.561111189023832821e+03
1.561256023004942108e+03
1.561260389691139153e+03
1.561264356375546868e+03
1.561268656394778645e+03
1.561271023072030630e+03
1.561565891057506633e+03
1.561568524402617641e+03
1.561573124423191302e+03
1.561577424442423307e+03
1.561611591261902504e+03
1.561682924914278601e+03
1.561898025876326528e+03
1.562125593560799189e+03
1.562129160243417800e+03
1.562137326946610528e+03
1.562140193626098608e+03
1.562209627269976863e+03
1.566754980932592616e+03
1.566760780958533587e+03
1.568304654530238849e+03
1.568308121212410242e+03
1.568658122777806739e+03
1.568802123421855640e+03
1.568808590117444965e+03
1.569025657754955546e+03
1.569031191113037039e+03
1.569034424460831588e+03
1.580986377916438641e+03
1.580989811265127855e+03
1.580993344614264061e+03
1.580995944625892889e+03
1.580998644637968710e+03
1.581005511335347137e+03
1.585324663986269570e+03
1.585328497336747887e+03
1.585331664017577623e+03
1.588791879493534680e+03
1.600637999142462377e+03
1.600796166516539188e+03
1.600818999951996148e+03
1.603770846487585231e+03
1.605473754103910096e+03
1.605481254137454243e+03
1.605485387489274217e+03
1.605488454169656734e+03
1.605493254191125061e+03
1.605495887536236069e+03
1.606464325200947087e+03
1.606944194013846754e+03
1.606949060702279894e+03
1.606953027386687836e+03
1.606955394063939593e+03
1.606959594082724152e+03
1.606962660763106669e+03
1.607195528471283978e+03
1.607204195176712801e+03
1.607206895188788621e+03
1.607217861904504389e+03
1.607225395271531170e+03
1.607229728624245581e+03
1.607234861980537971e+03
1.607306095632466850e+03
1.607313062330292269e+03
1.607316362345051857e+03
1.607326195722365355e+03
1.607328829067476363e+03
1.607924865066605435e+03
1.609709706382715467e+03
1.609716773080988332e+03
1.609872007108612252e+03
1.609883407159599301e+03
1.609917207310772028e+03
1.610283508949071347e+03
1.610534710072578719e+03
1.610775611150018676e+03
1.610921645136495272e+03
1.610925878488762464e+03
1.610990612111619612e+03
1.610997745476857062e+03
1.611002878833149680e+03
1.611058512415306495e+03
1.611068479126549619e+03
1.611077812501626795e+03
1.611081112516386156e+03
1.611112612657271939e+03
1.611137779436498249e+03
1.611492181021573970e+03
1.611547547935871307e+03
1.611557947982385940e+03
1.611586281442441987e+03
1.611604748191701901e+03
1.611616381577066022e+03
1.611653515076480289e+03
1.611661748446637830e+03
1.611689881905799211e+03
1.611710348664004414e+03
1.611719782039528809e+03
1.611735582110195310e+03
1.611741015467829584e+03
1.611743948814282476e+03
1.611761548892999599e+03
1.612138450578707989e+03
1.622318562776348244e+03
1.622322362793343927e+03
1.635914990253600308e+03
1.636922094757916739e+03
1.636926361443666337e+03
1.636929994793249989e+03
1.636932828139255662e+03
1.636935861486155773e+03
1.636999761771952535e+03
1.637115228955050952e+03
1.637267996304975668e+03
1.637374963450057521e+03
1.638246034012623340e+03
1.638298834248774710e+03
1.638552135381674361e+03
1.638632435740821165e+03
1.638684469306876736e+03
1.638691402671219748e+03
1.639037337551761084e+03
1.639040204231249163e+03
1.639046504259426456e+03
1.639048937603643026e+03
1.639232738425699836e+03
1.639400372508783448e+03
1.639405972533829754e+03
1.639409139214659490e+03
1.639412039227629975e+03
1.639414639239258804e+03
1.639908274780397505e+03
1.640284809797799198e+03
1.641056246581415508e+03
1.641119046862292407e+03
1.641362881286185257e+03
1.641368981313467657e+03
1.641377848019791372e+03
1.641380314697490121e+03
1.641383048043048575e+03
1.641387014727456517e+03
1.641417814865211312e+03
1.642628286945764557e+03
1.644030026548436354e+03
1.644033393230160527e+03
1.644037026579744179e+03
1.644039659924855414e+03
1.644044793281147804e+03
1.644048493297696268e+03
1.645114198064105040e+03
1.650927590731411328e+03
1.650933890759588394e+03
1.663629214206615188e+03
1.671199314730870128e+03
1.671473049288492803e+03
1.677135641281336802e+03
1.677139574632261883e+03
1.677143507983187419e+03
1.677146274662228279e+03
1.683557836671538325e+03
1.683561036685850468e+03
1.684041638835363756e+03
1.695189255360206971e+03
1.695992392285603501e+03
1.695998892314675231e+03
1.696002092328987374e+03
1.696004592340168983e+03
1.700391011958612353e+03
1.732139887290106117e+03
1.732142587302182164e+03
1.732147287323203045e+03
1.748960195852966535e+03
1.751423373536297504e+03
1.755088323261270261e+03
1.755092856614879338e+03
1.755095856628297042e+03
1.755100556649317923e+03
1.755105023335962187e+03
1.755109923357877506e+03
1.755314290938586964e+03
1.755317957621652795e+03
1.755454691566534621e+03
1.758339704469874277e+03
1.758658372561797023e+03
1.758666105929718242e+03
1.758670305948503028e+03
1.758673105961026295e+03
1.758809573238048415e+03
1.768196681888947523e+03
1.768518783329559483e+03
1.768523283349686153e+03
1.772214599859252075e+03
1.772941003108120867e+03
1.772944636457704291e+03
1.772949469812655025e+03
1.772952103157766032e+03
1.773274771267579354e+03
1.773281937966299211e+03
1.773687339779475678e+03
1.786826198543565852e+03
1.786829598558772659e+03
1.786838498598578553e+03
1.786841198610654374e+03
1.786844098623624859e+03
1.786851165321897497e+03
1.787215233616874684e+03
1.788169137883251096e+03
1.788717340335109157e+03
1.806257052115530314e+03
1.817153734184725863e+03
1.817159500877184428e+03
1.844489789779700686e+03
1.844492923127048016e+03
1.898642931981873062e+03
1.899799837156179365e+03
1.899804837178542130e+03
1.899972671262520407e+03
1.910739419417247518e+03
1.910745986113284062e+03
1.910755886157562372e+03
1.910758619503120826e+03
1.910914220199051215e+03
1.910917853548635094e+03
1.911482656074737633e+03
1.911489589439080873e+03
1.911493356122594150e+03
1.911496022801187792e+03
1.913966067181896733e+03
1.914538503075473272e+03
1.914623236787781707e+03
1.918035885384327457e+03
1.918537320960352190e+03
1.928378264974381864e+03
1.932147581832807873e+03
1.932886851805890046e+03
1.932893451835408996e+03
1.933729955576706516e+03
1.933742255631719217e+03
1.933745422312548953e+03
1.933748155658107180e+03
1.933753089013505132e+03
1.933755989026475618e+03
1.937112137370321534e+03
1.938195542215894648e+03
1.938199142231995893e+03
1.938203875586499180e+03
1.938207008933846510e+03
1.938393576434944180e+03
1.938612110745681093e+03
1.940530019323606894e+03
1.948060919672537466e+03
1.948220553719840609e+03
1.948238187132040139e+03
1.948243187154402904e+03
1.948249187181238312e+03
1.948262320573311399e+03
1.948265587254588354e+03
1.948275687299761103e+03
1.948466354819196113e+03
1.948994357180708676e+03
1.949236158262174058e+03
1.949243258293929102e+03
1.949246424974758838e+03
1.949255525015459170e+03
1.952115171138678534e+03
1.952120537829347768e+03
1.952127304526278749e+03
1.952130104538802016e+03
1.952156704657772252e+03
1.952214371582356534e+03
1.952232171661968096e+03
1.952247938399152190e+03
1.952744540620226189e+03
1.952747540633643894e+03
1.953886445727444197e+03
1.953889912409615590e+03
1.953986079506393480e+03
1.954232480608432752e+03
1.955030017508782976e+03
1.956141289145658220e+03
1.956289956477245369e+03
1.957607695704222124e+03
1.957615629073037780e+03
1.964310892351213397e+03
1.969184547482171411e+03
1.969621849438022537e+03
1.971155322963213166e+03
1.995689866028306824e+03
1.995693332710478444e+03
1.995696599391755626e+03
1.995699432737761072e+03
2.014799851498508815e+03
2.018974536836628658e+03
2.021653182150314024e+03
2.021658648841430704e+03
2.026280936181469315e+03
2.026427236835804933e+03
2.028811980835004533e+03
2.028814847514492612e+03
2.028818647531488295e+03
2.028822247547589541e+03
2.028824780892253330e+03
2.028828714243178638e+03
2.028832314259279883e+03
2.031914394710679062e+03
2.032171029191820935e+03
2.032179462562872914e+03
2.032503897347254224e+03
2.032665431403055209e+03
2.032678331460751224e+03
2.032692698191673799e+03
2.032696398208222263e+03
2.032699898223876289e+03
2.036106913461893100e+03
2.036113380157482425e+03
2.036499915219609647e+03
2.036503581902675705e+03
2.036506815250470254e+03
2.036509348595134270e+03
2.036512681943376037e+03
2.036516081958582618e+03
2.047614998265612485e+03
2.047617631610723492e+03
2.048728169910985343e+03
2.048735669944529491e+03
2.048741169969128805e+03
2.048744069982099063e+03
2.048747969999541965e+03
2.048750803345547865e+03
2.049303572484497181e+03
2.056522804772812833e+03
2.057423708802143665e+03
2.060739523632262717e+03
2.064325573004350645e+03
2.065227977040389760e+03
2.068349657668902182e+03
2.068355357694395934e+03
2.068679959146189503e+03
2.082880222657456670e+03
2.082883622672663478e+03
2.082889156030744743e+03
2.082891822709338157e+03
2.082894956056685260e+03
2.082897922736620785e+03
2.082902089421923392e+03
2.083542125617845159e+03
2.083550992324168419e+03
2.083554225671963195e+03
2.083556725683144577e+03
2.083560159031833791e+03
2.083774726658162763e+03
2.085494734350968429e+03
2.085497734364385906e+03
2.095939114397224330e+03
2.095943514416903781e+03
2.095946314429426820e+03
2.095949114441949860e+03
2.095954381132171875e+03
2.095958414483544402e+03
2.097118419671716310e+03
2.101017903778987147e+03
2.101023303803138788e+03
2.101026737151828002e+03
2.101029137162562165e+03
2.103988283730800958e+03
2.104004483803256335e+03
2.104908021177698174e+03
2.106915063487611860e+03
2.111347083310003654e+03
2.111350716659587306e+03
2.111354783344442694e+03
2.111358583361438377e+03
2.111361316706996604e+03
2.112979557277977619e+03
2.112983157294078865e+03
2.112988223983406897e+03
2.112990690661105418e+03
2.113345458914488063e+03
2.113349458932378184e+03
2.113353525617233572e+03
2.113356192295826986e+03
2.114094495597919376e+03
2.114101928964498711e+03
2.118226447411578192e+03
2.118268480932908005e+03
2.118333614557554029e+03
2.121939730686057828e+03
2.121945664045928424e+03
2.121950664068291644e+03
2.121953397413849871e+03
2.122379999321844480e+03
2.122387366021459002e+03
2.124890777218069161e+03
2.127766490079814048e+03
2.127770990099940718e+03
2.127777290128117784e+03
2.127779923473229246e+03
2.127783023487093942e+03
2.128007457824219273e+03
2.128538026863877803e+03
2.129583131538151974e+03
2.136254494709433402e+03
2.136261461407259048e+03
2.136266494763104220e+03
2.136269594776968916e+03
2.136273394793964599e+03
2.136276928143101031e+03
2.138494871396277631e+03
2.138498171411036765e+03
2.138502871432057873e+03
2.138505371443239255e+03
2.140129645374538541e+03
2.140134378729042055e+03
2.140143345435812535e+03
2.140145978780923997e+03
2.140148545459070192e+03
2.141200650164651961e+03
2.141206983526311433e+03
2.141211450212955697e+03
2.141213916890654673e+03
2.141218983579982250e+03
2.141222016926882588e+03
2.141376017615657020e+03
2.141525151615998311e+03
2.142063754024919490e+03
2.142069820718720166e+03
2.142072587397760344e+03
2.142624823200991614e+03
2.142630089891213629e+03
2.142634823245717143e+03
2.142637523257792964e+03
2.142768057174944715e+03
2.142772090526317243e+03
2.142774923872323143e+03
2.142778490554941527e+03
2.142792157282733115e+03
2.142795290630081126e+03
2.142798790645734698e+03
2.142983991474052800e+03
2.143005158235388990e+03
2.144076163025502410e+03
2.144081896384478569e+03
2.144097063118978895e+03
2.144100996469904203e+03
2.144104796486899886e+03
2.144108529836931211e+03
2.144150763359155462e+03
2.144160196734680085e+03
2.144183930174162015e+03
2.144195796893903207e+03
2.144202296922974710e+03
2.144205796938628737e+03
2.144211030295368346e+03
2.144228863708462541e+03
2.144237630414338582e+03
2.166487063259182378e+03
2.170163379701660233e+03
2.170168413057505404e+03
2.180480992514277659e+03
2.180484125861624761e+03
2.180488125879514882e+03
2.180491525894721690e+03
2.180498492592547336e+03
2.180501459272482407e+03
2.183582673053338567e+03
2.187170589100441703e+03
2.187182955822419444e+03
2.187375156682045599e+03
2.187889825650590410e+03
2.188039526320133064e+03
2.189033564099341220e+03
2.189616900041668941e+03
2.191057539818323221e+03
2.191255074035136658e+03
2.192356478961215998e+03
2.195858594624573470e+03
2.197648835964835143e+03
2.199030142142784371e+03
2.199035542166936011e+03
2.199044808875049057e+03
2.199047275552747578e+03
2.199051908906803874e+03
2.199054975587186163e+03
2.200104746948998582e+03
2.200234080860783251e+03
2.200237547542955326e+03
2.200242280897458386e+03
2.200245247577393457e+03
2.200248047589916951e+03
2.200251147603782101e+03
2.203943864119609771e+03
2.203946997466956873e+03
2.203951530820565949e+03
2.203953997498264926e+03
2.203957897515707828e+03
2.204238765438567953e+03
2.204338799219306566e+03
2.204348965931444127e+03
2.204353965953806892e+03
2.204356799299812792e+03
2.204433899644647227e+03
2.204622700489066574e+03
2.204625900503378944e+03
2.204632133864591196e+03
2.204635333878903566e+03
2.204637967224014574e+03
2.205412870689802276e+03
2.212834303882470067e+03
2.221342775270293714e+03
2.226617565528678824e+03
2.231800022040763452e+03
2.235907907080116274e+03
2.235912140432383239e+03
2.235916540452062691e+03
2.235918973796279261e+03
2.235924240486501276e+03
2.239339889096464958e+03
2.240033225530773962e+03
2.240059625648849760e+03
2.241423565082458481e+03
2.242654270586839630e+03
2.242661870620830996e+03
2.243081239163141163e+03
2.243086605853810852e+03
2.243090105869464423e+03
2.243092572547163854e+03
2.243099172576682122e+03
2.243218639777671342e+03
2.243231939837156006e+03
2.243235873188081314e+03
2.243238473199710370e+03
2.243886909433201708e+03
2.243891909455564473e+03
2.243896242808279112e+03
2.243900842828852547e+03
2.243903442840481603e+03
2.244029743405365934e+03
2.244250111057635877e+03
2.246209053152418619e+03
2.246212353167178662e+03
2.248244962258107080e+03
2.251140375207961370e+03
2.262144824425816296e+03
2.271088231092239766e+03
2.271092331110577561e+03
2.271096464462397307e+03
2.271099031140543502e+03
2.272174002615064637e+03
2.272182035984327740e+03
2.272184602662473935e+03
2.272187102673655318e+03
2.272547237617706742e+03
2.272709771677980825e+03
2.272723605073183990e+03
2.272731238440658217e+03
2.272733871785769225e+03
2.272738005137588971e+03
2.272741071817971715e+03
2.273812976612110560e+03
2.273817143297412713e+03
2.273826543339454929e+03
2.273829476685907593e+03
2.273833710038175013e+03
2.274082511150947994e+03
2.274261511951536704e+03
2.274383579164154071e+03
2.274613013523641712e+03
2.274619846887537733e+03
2.274936448303550605e+03
2.275070148901531866e+03
2.275110882417048288e+03
2.275116882443883242e+03
2.275635618097283441e+03
2.279118467007802792e+03
2.280692374047167050e+03
2.281110675918039306e+03
2.287469537691645655e+03
2.287472804372922838e+03
2.287475937720269940e+03
2.287478604398863808e+03
2.292734394572269593e+03
2.292747027962106131e+03
2.294136734177624930e+03
2.294291134868188692e+03
2.294538435974252934e+03
2.294541569321600036e+03
2.294659169847573594e+03
2.294673403244566089e+03
2.294684603294658700e+03
2.297278781563895336e+03
2.301003098221055552e+03
2.302434637957009727e+03
2.308368131161470956e+03
2.308371064507923620e+03
2.309782337486567485e+03
2.309788637514744551e+03
2.309791670861644434e+03
2.309794837542474397e+03
2.309797937556339093e+03
2.310755575172746831e+03
2.310783141962706850e+03
2.313943922766096875e+03
2.313947822783539323e+03
2.314472191795468461e+03
2.314663692651964084e+03
2.314671626020779513e+03
2.315470362926496819e+03
2.321294588975589249e+03
2.322147726124613655e+03
2.324365902712167099e+03
2.324368836058619763e+03
2.324783504579908822e+03
2.324791637949619144e+03
2.324795771301438890e+03
2.324798371313067491e+03
2.324801904662203924e+03
2.325274240108076810e+03
2.325434240823687105e+03
2.325835109283254496e+03
2.326423178580085278e+03
2.326430445279252581e+03
2.326433245291776075e+03
2.326438278647621246e+03
2.326440978659697066e+03
2.326443478670878449e+03
2.326446478684295926e+03
2.326449878699502733e+03
2.326923314150295937e+03
2.326929414177578565e+03
2.326933047527162216e+03
2.326935480871378331e+03
2.327280249080035446e+03
2.327287515779202749e+03
2.327293382472108078e+03
2.327296215818113978e+03
2.341025477222804511e+03
2.362279205614318926e+03
2.362708640868318980e+03
2.362715074230426126e+03
2.362720374254130547e+03
2.362722874265311930e+03
2.364014113373765667e+03
2.364767316742499133e+03
2.364907350702139865e+03
2.364916784077664488e+03
2.364926050785776624e+03
2.364931250809034282e+03
2.364933750820215664e+03
2.365093484867966254e+03
2.365131085036134209e+03
2.365268618984594013e+03
2.365279152365038499e+03
2.365286752399029865e+03
2.365289185743245980e+03
2.365462519851823799e+03
2.365465219863899620e+03
2.365469419882684178e+03
2.365472486563066923e+03
2.365652854036434292e+03
2.368112265036252211e+03
2.368116498388519176e+03
2.368120331738997720e+03
2.368122931750625867e+03
2.368424099764279163e+03
2.368431466463893685e+03
2.368435333147854635e+03
2.368438199827342032e+03
2.368681867583823077e+03
2.368687867610658486e+03
2.369702772149860721e+03
2.369706938835163328e+03
2.377888675428319402e+03
2.377894142119436310e+03
2.377897542134643118e+03
2.377900942149849016e+03
2.379152047745471464e+03
2.379155914429431505e+03
2.379158414440612887e+03
2.379161014452241488e+03
2.379163614463870545e+03
2.381444424664888629e+03
2.381680359053448228e+03
2.381692392440600997e+03
2.382712730337438188e+03
2.382716163686126947e+03
2.382723230384400267e+03
2.382725830396028869e+03
2.383383933339421674e+03
2.383386933352838696e+03
2.384739506068943228e+03
2.385615343319494968e+03
2.385623710023582134e+03
2.385628576712015274e+03
2.385631643392397564e+03
2.386066145335725651e+03
2.387551985314540161e+03
2.387555285329299295e+03
2.387558685344506102e+03
2.388268588519577406e+03
2.388466089402908437e+03
2.388471422760095265e+03
2.390630299082425609e+03
2.390834566662687848e+03
2.391193134933065721e+03
2.391336635574878528e+03
2.391364869034487128e+03
2.391368335716658294e+03
2.391371602397935476e+03
2.391375902417167708e+03
2.391381735776590631e+03
2.391385402459657143e+03
2.394159248199130161e+03
2.394163514884879987e+03
2.399303937875634347e+03
2.403845758189113894e+03
2.403851724882467352e+03
2.403855391565533409e+03
2.403858158244574042e+03
2.403861124924509568e+03
2.408343811640177591e+03
2.408347044987972367e+03
2.408352578346054088e+03
2.408355278358129908e+03
2.411207924450041446e+03
2.411322091627325335e+03
2.414149404272598531e+03
2.414153537624418277e+03
2.416178313346978030e+03
2.416184613375155095e+03
2.427550564209841468e+03
2.427706798241938031e+03
2.428006599582811759e+03
2.428562502069108632e+03
2.428919970334567097e+03
2.428932870392262885e+03
2.429143971336420691e+03
2.430306343201843902e+03
2.430315376575579194e+03
2.438342279142900225e+03
2.445072775911992721e+03
2.446312481456627211e+03
2.446927850875558761e+03
2.446990684489918294e+03
2.447519686855903274e+03
2.447630920686734953e+03
2.447769921308420635e+03
2.448272723557224708e+03
2.448278856917989742e+03
2.448281990265336844e+03
2.448284723610895071e+03
2.449683963202385712e+03
2.449688429889029976e+03
2.449693763246216349e+03
2.449696229923915780e+03
2.449701063278866513e+03
2.449704329960143241e+03
2.452759743625607825e+03
2.454704285655986041e+03
2.455086787366740282e+03
2.455178021108120447e+03
2.457026729376545063e+03
2.457269963797754372e+03
2.457539098334802929e+03
2.457545498363427214e+03
2.457773632717101009e+03
2.459192505729735785e+03
2.459292672844404024e+03
2.460601112029786236e+03
2.461622949933331711e+03
2.462154285643086041e+03
2.465228999394871153e+03
2.468081578819816968e+03
2.468088078848888472e+03
2.468091378863648060e+03
2.468094012208759068e+03
2.468102178911951796e+03
2.468105045591439648e+03
2.468204546036459760e+03
2.468213346075818663e+03
2.468775181921985677e+03
2.469395984698552184e+03
2.469407084748197121e+03
2.474868642508574339e+03
2.475598245771754591e+03
2.475607179145043119e+03
2.481317804686052114e+03
2.481320404697681170e+03
2.481324304715124072e+03
2.481327004727199892e+03
2.481330471409371967e+03
2.481708206432140742e+03
2.481711806448241987e+03
2.481715873133096466e+03
2.481718573145172286e+03
2.481918374038790716e+03
2.481921807387479930e+03
2.483143046182854050e+03
2.483438014168777499e+03
2.484529819051919731e+03
2.488871938472228976e+03
2.488880538510692531e+03
2.488886871872352458e+03
2.488889538550945872e+03
2.490551712651755224e+03
2.490556512673223096e+03
2.492124419685752400e+03
2.492329653937004423e+03
2.492347687350993056e+03
2.497670411157096169e+03
2.497678077858051893e+03
2.497891712146873488e+03
2.497900545519714342e+03
2.500223455909027507e+03
2.500226455922445439e+03
2.500232789284104911e+03
2.512975912944919855e+03
2.512979679628433132e+03
2.513298147719461667e+03
2.514376552542672471e+03
2.514382352568612987e+03
2.514388485929378021e+03
2.514391219274936248e+03
2.514397352635701282e+03
2.516667229454486005e+03
2.516673596149628338e+03
2.517002397620206466e+03
2.517007497643016450e+03
2.522351388210455298e+03
2.522675822994836381e+03
2.522795656864131615e+03
2.522822523650961102e+03
2.529863088473512107e+03
2.529866221820859664e+03
2.529872288514660340e+03
2.529875088527182925e+03
2.531709030062896090e+03
2.544816255352171083e+03
2.557885913806759618e+03
2.557891013829570056e+03
2.559127686027304208e+03
2.559134819392541885e+03
2.561743231058771016e+03
2.561746797741389855e+03
2.561883098351000172e+03
2.561887998372915717e+03
2.561891165053745681e+03
2.561894165067163158e+03
2.564030174620554135e+03
2.564033541302278536e+03
2.564046408026491918e+03
2.564048808037226536e+03
2.566209551034572087e+03
2.566214884391759369e+03
2.566217851071694440e+03
2.566220351082875823e+03
2.567303822595413749e+03
2.567306822608831681e+03
2.567310422624932926e+03
2.567313222637455965e+03
2.570762338063767857e+03
2.570931805488384271e+03
2.571255906937941290e+03
2.571261040294234135e+03
2.571264473642923349e+03
2.571267073654551496e+03
2.571356474054398859e+03
2.577481501448837662e+03
2.577750235984097344e+03
2.579305342939377624e+03
2.580824549734092670e+03
2.582254822797714951e+03
2.582452590348905233e+03
2.582557957486831128e+03
2.582562324173027719e+03
2.582566324190918294e+03
2.582569957540501946e+03
2.583275094027587329e+03
2.583284760737488341e+03
2.583938896996473431e+03
2.584041964124111928e+03
2.584108864423326850e+03
2.584117264460895967e+03
2.584634900109376304e+03
2.584644966821066646e+03
2.584682333654858212e+03
2.584692100365206898e+03
2.584783334106586608e+03
2.584788900798150735e+03
2.584949868184750812e+03
2.585320869844071240e+03
2.585387503475426001e+03
2.595399681588640760e+03
2.595406081617265500e+03
2.603372383913548674e+03
2.604714289915279096e+03
2.607986604550842003e+03
2.607990171233460842e+03
2.608561240454258495e+03
2.610508649164124563e+03
2.610514115855241016e+03
2.614998669245925157e+03
2.615002035927649558e+03
2.615006069279022086e+03
2.615008735957615500e+03
2.615727072503738782e+03
2.615732305860478846e+03
2.615737539217218455e+03
2.615740205895811869e+03
2.615743505910571457e+03
2.615746539257471341e+03
2.619552122944769053e+03
2.622481769381067352e+03
2.622486702736465304e+03
2.622490536086943393e+03
2.622493169432054401e+03
2.623614507780619988e+03
2.623618174463686046e+03
2.623740241676303413e+03
2.623754541740260720e+03
2.625098414417454023e+03
2.630032103150247622e+03
2.632786915471260272e+03
2.632887249253340542e+03
2.633325451213217093e+03
2.633331951242288596e+03
2.633521252088944493e+03
2.633686719495671241e+03
2.633803386684136512e+03
2.634081487927955550e+03
2.642823160358781479e+03
2.642929794169038814e+03
2.643109994974994152e+03
2.643680864194897367e+03
2.643695464260196786e+03
2.647510714657395511e+03
2.647517281353432281e+03
2.647520614701673821e+03
2.647523014712407985e+03
2.647528748071384143e+03
2.647531748084801620e+03
2.648732253454111742e+03
2.650143193097931544e+03
2.650168226543227775e+03
2.650345327335318416e+03
2.650482394615024077e+03
2.651234297977942788e+03
2.656589921931193203e+03
2.660650440092028930e+03
2.660653406771964001e+03
2.674658936078940769e+03
2.674665402774529866e+03
2.676098175849333529e+03
2.676565644606773731e+03
2.676714845274079835e+03
2.679283256761406847e+03
2.683374841727856619e+03
2.688286463695289513e+03
2.688292797056948984e+03
2.688296363739567823e+03
2.688298963751196879e+03
2.688508998023916774e+03
2.688823099428748264e+03
2.688830966130598881e+03
2.688985833489916331e+03
2.688989933508254126e+03
2.688993200189531308e+03
2.688995800201159454e+03
2.688998666880647761e+03
2.689002733565502695e+03
2.689006233581156721e+03
2.689479369030607813e+03
2.689576869466682638e+03
2.689579802813135757e+03
2.689772503674998461e+03
2.689789170416207526e+03
2.690118505222504609e+03
2.690654474286314780e+03
2.690822175036363205e+03
2.690837908440065348e+03
2.690846775146388609e+03
2.690849875160253305e+03
2.691153243183745872e+03
2.691197676715810303e+03
2.691302843852841306e+03
2.691331543981203595e+03
2.691339910685291215e+03
2.691345077375065557e+03
2.691348710724649663e+03
2.691452544522383960e+03
2.691459144551902682e+03
2.691725879078217531e+03
2.691743679157828865e+03
2.691748012510543504e+03
2.691750679189136463e+03
2.692193781170928560e+03
2.697221870325932287e+03
2.701677556920842108e+03
