2.337791144802907439e+01
2.342087830686680050e+01
3.666437087226940861e+01
4.138282530908572454e+01
4.140239206326551624e+01
4.144155890510750595e+01
4.189362759367011790e+01
4.223496245363774904e+01
4.552194382146479512e+01
4.601917937870476294e+01
8.706176294336044919e+01
1.096989641891810550e+02
1.113443715483336405e+02
1.192518402481484117e+02
1.192702403304435421e+02
1.274564102767611615e+02
1.324262658379794573e+02
1.325248329454915961e+02
1.520786537340986513e+02
1.556004028186007133e+02
1.605056580908915294e+02
1.685409940292644535e+02
1.685957276073959861e+02
1.687860951254892541e+02
1.713144397669487660e+02
1.735041162270341317e+02
1.753145576576418136e+02
1.770172986065545899e+02
1.782524707975800311e+02
1.798076777533076154e+02
1.803560802060602839e+02
1.819820541449627740e+02
1.823069889315804346e+02
1.850214010719011810e+02
1.850392011515127706e+02
1.857558710235151409e+02
1.870491768078788652e+02
1.873179113431385474e+02
1.898572893672786392e+02
1.899411897425265465e+02
1.899491564448246379e+02
1.899761565655837785e+02
1.899798565821322711e+02
1.900482235545730418e+02
1.900735236677288356e+02
1.942781758065430893e+02
1.964419854842715552e+02
1.967564868908921198e+02
1.968078871207817997e+02
1.970697882921456312e+02
2.018472763263254990e+02
2.031057486215616450e+02
2.034877503300801322e+02
2.159878062370981411e+02
2.160571732140114989e+02
2.182451163330110546e+02
2.182549163768421749e+02
2.220702001075234193e+02
2.220794668156358398e+02
2.290059311278678251e+02
2.343926552202145217e+02
2.344120553069822108e+02
2.366666987243016536e+02
2.397324124358332824e+02
2.397699459370367379e+02
2.428056595143915217e+02
2.428319596320198741e+02
2.442232991881770374e+02
2.443532997696100324e+02
2.501371589714932782e+02
2.532777730180197580e+02
2.581828949563808919e+02
2.585798633985053243e+02
2.593385001248728940e+02
2.606931395168870154e+02
2.725652259486188882e+02
2.727932269683628874e+02
2.778707163443111767e+02
2.813140650781644467e+02
2.813255317961164224e+02
2.836659422636992076e+02
2.858586520706846841e+02
2.861400533292635373e+02
2.861568534044025114e+02
2.861748201514262178e+02
2.864031878394768000e+02
2.930179174241289957e+02
2.930519175761961037e+02
2.967725342168081966e+02
2.967977676629991493e+02
2.993245456307849963e+02
3.019638907686988318e+02
3.069223129454475156e+02
3.080319512416840553e+02
3.096978253590417580e+02
3.117041676658242295e+02
3.117830680187092867e+02
3.182653636777119459e+02
3.202916394069807211e+02
3.308431199322479870e+02
3.311606880192510403e+02
3.311934881659510665e+02
3.312149215951462793e+02
3.331587302889112152e+02
3.367685797674459423e+02
3.368211466692202407e+02
3.401448282011902506e+02
3.421739706099471050e+02
3.422411375770208792e+02
3.422843711037178878e+02
3.463819894304856462e+02
3.543086915496560323e+02
3.543724251680406496e+02
3.594722479772094061e+02
3.614132899919335955e+02
3.623706276069991077e+02
3.648715054589456486e+02
3.670760486521896837e+02
3.671650823837301232e+02
3.672652161649158984e+02
3.672820162400549293e+02
3.730476086935727835e+02
3.749243504207112778e+02
3.768164588832447635e+02
3.769142593206612446e+02
3.769192593430240663e+02
3.769464261311953237e+02
3.818708148223944931e+02
3.822707832779366299e+02
3.890197801297713909e+02
3.896168494668553990e+02
3.943109704615060309e+02
3.955407759618620958e+02
3.955738761099038925e+02
3.956363430559566154e+02
3.961637454147855237e+02
3.997925949782988368e+02
4.010369338769894512e+02
4.041452477790521698e+02
4.068355931450666390e+02
4.079465647805999993e+02
4.109444448554095288e+02
4.214370584507253170e+02
4.220011276402148042e+02
4.271802508040577209e+02
4.304106652522202126e+02
4.306078661342093596e+02
4.307440334098898234e+02
4.308800006846757356e+02
4.312475689953068922e+02
4.324834078559807153e+02
4.363039916103665519e+02
4.363391584343183354e+02
4.395294060361662218e+02
4.415143482472358869e+02
4.433998566802504229e+02
4.435026571400297826e+02
4.439910926579112243e+02
4.440759597041492270e+02
4.441325266238137601e+02
4.441737268080833019e+02
4.443150607735386757e+02
4.445718619220924666e+02
4.464441702960692737e+02
4.516982271283894761e+02
4.518370610826634106e+02
4.527542985183791870e+02
4.547378073897048125e+02
4.547469074304051446e+02
4.607075007560724202e+02
4.649082195439612519e+02
4.673026635865448384e+02
4.711556474858416550e+02
4.711605141742747378e+02
4.714823489470274467e+02
4.789554490374439411e+02
4.822495637705085869e+02
4.864249824452416533e+02
4.883140242273926219e+02
4.910341030597246004e+02
4.910555031554373500e+02
4.973085644558465219e+02
4.993123400844826847e+02
5.054811676748196874e+02
5.055018677674017340e+02
5.058782694508738587e+02
5.081688463622406857e+02
5.082229466042062427e+02
5.148032427015199346e+02
5.158784475104179137e+02
5.168084183364177306e+02
5.206696022723893975e+02
5.208376030237797067e+02
5.208860699072166653e+02
5.227172447638886297e+02
5.227991451301915049e+02
5.258638921707330383e+02
5.348805991649952603e+02
5.426768007004963010e+02
5.426961341202992344e+02
5.452641789393194358e+02
5.454062129079055694e+02
5.546396542048544234e+02
5.547644547630301304e+02
5.548274550448014679e+02
5.552181234587487779e+02
5.554649245625769254e+02
5.608460486298772594e+02
5.608660153858460262e+02
5.627036569381074287e+02
5.649812671248133711e+02
5.689129513761007502e+02
5.711345279788608877e+02
5.712149616719372034e+02
5.779422250932349243e+02
5.822480110177076540e+02
5.887943069629541242e+02
5.888128070456965588e+02
5.889924411824508752e+02
5.906962488028011649e+02
5.959373389104605394e+02
5.987970183671619679e+02
6.112074405399561101e+02
6.112836408807653470e+02
6.113323744320614423e+02
6.126237135409623988e+02
6.139338527339476741e+02
6.139685528891454851e+02
6.175329021641787222e+02
6.264876422146246568e+02
6.266348428729857005e+02
6.398230685245380300e+02
6.398491353077895383e+02
6.413003751318531158e+02
6.415681429961225604e+02
6.425491140502230110e+02
6.454438603304289472e+02
6.489000757884957693e+02
6.489106091689401410e+02
6.509964518312912105e+02
6.549048026448854216e+02
6.561867750452267956e+02
6.602460932006954408e+02
6.611354971785916632e+02
6.618510337121917928e+02
6.628550382026435273e+02
6.629058384298496094e+02
6.629888388010722338e+02
6.644158451834174457e+02
6.644859121634615349e+02
6.650812814929422530e+02
6.660394857785505565e+02
6.673426582737101853e+02
6.705796394179092204e+02
6.723271472337103205e+02
6.736355197521272657e+02
6.766587666070573732e+02
6.850553708278844169e+02
6.850870043026998246e+02
6.851390045352729885e+02
6.851833714003722662e+02
6.852215715712241035e+02
6.852623384202222496e+02
6.852948052320980423e+02
6.854171391125746595e+02
6.854403392163382023e+02
6.925299042580448940e+02
6.934765084917715967e+02
6.952246496437386440e+02
6.952768498772063595e+02
7.008203413373682906e+02
7.046674252102769742e+02
7.056569963028413213e+02
7.108973530738874160e+02
7.109047864404669781e+02
7.117597902645068189e+02
7.155125070486882350e+02
7.192531237787516147e+02
7.193896577227386615e+02
7.194323912471994618e+02
7.195954253097092987e+02
7.199476268849455209e+02
7.230865409238685970e+02
7.232666417293768291e+02
7.233971756465285807e+02
7.260825876571451545e+02
7.302527063081735150e+02
7.351784283386693915e+02
7.352904955065611148e+02
7.352972288700096897e+02
7.353163622889180715e+02
7.353275623390107967e+02
7.354586962588459755e+02
7.355092964851576198e+02
7.391517127760153016e+02
7.406702195675999292e+02
7.407017863754504106e+02
7.407588866308336719e+02
7.408565537343205278e+02
7.410081544123607955e+02
7.415482568279912812e+02
7.435130656156800342e+02
7.435391657324139487e+02
7.471945154144500520e+02
7.486097884109838105e+02
7.486583886283503944e+02
7.531748088282269009e+02
7.542486469643458804e+02
7.560133215235924808e+02
7.579134633553890126e+02
7.622327493402411847e+02
7.624440836187758350e+02
7.654793305273767601e+02
7.655572308757892870e+02
7.678916079830542003e+02
7.679492082406737836e+02
7.728454301392291654e+02
7.790326578118613270e+02
7.809629331117641868e+02
7.809847998762309089e+02
7.809885665597441857e+02
7.809948665879213650e+02
7.822755389824483245e+02
7.854203197142771842e+02
7.923774841638168027e+02
7.945582939175787942e+02
7.945841940334181572e+02
7.957265324759074474e+02
7.957373991911759958e+02
7.988279130136271533e+02
8.014023245277893466e+02
8.018577598980762104e+02
8.061978793094400544e+02
8.074903184232608737e+02
8.081130545418072870e+02
8.082007882675333121e+02
8.128764091794416800e+02
8.166448927008070768e+02
8.179673986157695253e+02
8.180497989843086089e+02
8.194822053908055750e+02
8.220584835799833172e+02
8.254454987285488414e+02
8.311890577501879989e+02
8.312010578038585891e+02
8.312165912066657256e+02
8.313530251502055535e+02
8.314164254337659941e+02
8.339901036113149075e+02
8.351579421678545714e+02
8.389969593380179731e+02
8.390567929389595747e+02
8.395038616051593863e+02
8.395094616302056920e+02
8.424656748519919347e+02
8.441983826015989507e+02
8.445537841911473151e+02
8.487871031248416784e+02
8.547821632713299778e+02
8.623367303927777812e+02
8.623493304491321396e+02
8.623676305309799091e+02
8.880715454928047166e+02
8.880987456144583803e+02
8.881400457991752546e+02
8.882439795973567698e+02
8.992054952898565716e+02
9.006239349672201797e+02
9.013891383896241223e+02
9.015037055686972280e+02
9.015137056134228715e+02
9.015754725563447209e+02
9.037025487364477385e+02
9.041366506779867223e+02
9.041610841205996394e+02
9.101139774118281593e+02
9.111491487083413858e+02
9.141504287983576660e+02
9.159430368158713236e+02
9.160053704279943076e+02
9.160809040991550773e+02
9.212918940721904164e+02
9.213417942953711872e+02
9.216578623756654451e+02
9.236071377605469479e+02
9.236150711293626046e+02
9.236309045335115115e+02
9.236385379009855114e+02
9.241228734005294427e+02
9.241371401310044575e+02
9.244657749341706676e+02
9.249053435668263319e+02
9.290243619893068399e+02
9.299607995108958676e+02
9.301524003678385952e+02
9.311059379659083106e+02
9.328411123932144164e+02
9.328462457495069202e+02
9.349999553820625806e+02
9.351581227561392780e+02
9.352057563025157378e+02
9.479959468405061216e+02
9.582150925460588269e+02
9.835021389767550772e+02
9.849555121436935679e+02
9.855615815210305755e+02
9.867576868706613595e+02
9.868446872597741049e+02
9.916305753315235734e+02
9.975487684675542823e+02
1.003496061733736610e+03
1.006157440303529143e+03
1.006377607954904761e+03
1.009692889449305312e+03
1.009707056179333222e+03
1.009793723233621790e+03
1.009969657353827870e+03
1.009975757381110498e+03
1.010009290864423747e+03
1.010019924245315337e+03
1.011625431426012710e+03
1.011641098162749472e+03
1.011757132015049024e+03
1.015479681997641478e+03
1.015485982025818430e+03
1.015490248711568142e+03
1.016001417664459154e+03
1.028434006603061562e+03
1.029033009282125931e+03
1.032416057746283741e+03
1.040924095798836333e+03
1.041223963806675329e+03
1.043015471819269123e+03
1.046137585783053282e+03
1.046836388908478966e+03
1.062639659589262010e+03
1.068123250781517527e+03
1.068156150928664829e+03
1.073719942479619704e+03
1.080095737662294596e+03
1.080185338063035942e+03
1.087177936004386765e+03
1.088866910225060565e+03
1.091730956367958925e+03
1.092372992572825751e+03
1.092984061972525751e+03
1.103831477154706363e+03
1.105492317916218781e+03
1.107863461854591606e+03
1.123789299750228110e+03
1.129015689792140847e+03
1.136056721283445995e+03
1.136321422467332923e+03
1.136497756589327992e+03
1.136790957900682997e+03
1.136796291257870053e+03
1.136808324645023276e+03
1.146517968071805626e+03
1.146532168135316169e+03
1.146537768160362475e+03
1.146547868205535224e+03
1.146566168287383334e+03
1.146633735256245927e+03
1.146652768674706977e+03
1.146674702106138511e+03
1.146804169351852806e+03
1.146856736253627105e+03
1.146940903296734405e+03
1.147002370238314597e+03
1.147058337155295703e+03
1.150665053286482816e+03
1.150755787025626660e+03
1.150765753736870010e+03
1.157970952629087151e+03
1.158145586743478816e+03
1.162680407025650311e+03
1.162685873716766991e+03
1.162696473764176289e+03
1.162791774190411388e+03
1.162801140898970971e+03
1.162805774253027039e+03
1.162818840978135086e+03
1.169803605551117698e+03
1.169912972706933260e+03
1.169991373057582223e+03
1.171603980270034754e+03
1.172558151204270416e+03
1.172574884612444748e+03
1.188539322680722080e+03
1.188542556028516628e+03
1.190010862595578601e+03
1.190016062618836031e+03
1.190021129308163609e+03
1.190028262673401514e+03
1.190032362691738854e+03
1.190044496079339297e+03
1.190047129424450304e+03
1.190053829454416473e+03
1.190083662921181258e+03
1.190114763060277937e+03
1.190126129777782580e+03
1.190139229836373261e+03
1.190152996564612295e+03
1.190157529918221144e+03
1.190166996627227945e+03
1.190177530007672431e+03
1.190186263380066066e+03
1.190193763413610213e+03
1.190207030139612925e+03
1.190247296986374749e+03
1.190263863727136822e+03
1.190268197079851234e+03
1.190282830478633059e+03
1.190289563842081634e+03
1.190303597238179918e+03
1.190339364064815300e+03
1.190358864152030264e+03
1.190369397532474522e+03
1.190377597569149657e+03
1.190388630951830010e+03
1.190401097674254743e+03
1.190407364368949402e+03
1.190414931069458362e+03
1.190421931100766415e+03
1.190432131146386382e+03
1.190440197849131891e+03
1.190448997888490339e+03
1.190458864599286244e+03
1.190472331326183394e+03
1.190505131472883477e+03
1.192027971617182402e+03
1.192041005008808270e+03
1.192047705038774211e+03
1.192331672975499487e+03
1.192371973155743490e+03
1.192383606541107611e+03
1.192394106588069690e+03
1.192471806935587665e+03
1.192499540392960171e+03
1.197205594774316523e+03
1.203187121526942747e+03
1.208981914111059496e+03
1.212918698385156858e+03
1.215383076073854909e+03
1.216380113866480997e+03
1.216387813900919809e+03
1.216481547653481357e+03
1.216503781086254321e+03
1.216628881645772026e+03
1.216638581689155671e+03
1.218226722125513106e+03
1.218230955477780299e+03
1.218244888873431364e+03
1.218249022225251110e+03
1.218253588912342593e+03
1.218260188941861315e+03
1.218272788998215674e+03
1.218280622366584112e+03
1.218287889065751415e+03
1.218327955911618574e+03
1.218342589310400399e+03
1.218350489345733649e+03
1.218362789400746351e+03
1.218400989571598075e+03
1.218410156279263219e+03
1.218415889638239150e+03
1.218433089715167171e+03
1.218443656429094062e+03
1.218521023441787975e+03
1.218527423470412259e+03
1.218545156883059008e+03
1.218552290248296686e+03
1.218576557023497344e+03
1.218593123764259417e+03
1.218616723869811949e+03
1.218664090748328817e+03
1.218677124139954685e+03
1.222374840678145119e+03
1.222501907913125251e+03
1.222514741303856454e+03
1.222572808230230066e+03
1.222619008436862259e+03
1.223332478294552402e+03
1.223413211988970488e+03
1.225920589869988589e+03
1.227979332411133328e+03
1.227983232428576457e+03
1.227987065779054319e+03
1.227994599146081100e+03
1.228023332607926022e+03
1.228028965966454734e+03
1.228032499315591167e+03
1.228039732681276064e+03
1.228047599383126681e+03
1.228079766193661044e+03
1.228085799553978859e+03
1.228091232911612906e+03
1.228122499718121617e+03
1.228140333131215812e+03
1.228147533163418075e+03
1.228155999867952460e+03
1.228158699880028507e+03
1.228169266593955172e+03
1.228221233493045929e+03
1.228229000194449554e+03
1.228235066888249776e+03
1.228240533579366456e+03
1.228248966950418207e+03
1.228254766976359178e+03
1.228265300356803436e+03
1.228274367064021362e+03
1.228277733745745763e+03
1.228287400455647003e+03
1.228300867182544380e+03
1.228316000583562527e+03
1.228327300634102357e+03
1.228335500670777265e+03
1.228347234056588832e+03
1.228361767454923211e+03
1.228368934153643067e+03
1.229397572087602384e+03
1.229638139830218279e+03
1.240788556367584761e+03
1.240814223149047166e+03
1.240841089935876880e+03
1.240847956633255080e+03
1.240851623316321138e+03
1.240870356733440531e+03
1.240888823482700445e+03
1.240969390509706272e+03
1.240982657235709212e+03
1.240986757254046552e+03
1.240999323976918504e+03
1.241006657343050620e+03
1.241087224370056674e+03
1.241093491064751333e+03
1.241097691083536120e+03
1.241103324442065059e+03
1.241105957787176067e+03
1.241110757808644166e+03
1.241116257833243253e+03
1.241124124535094097e+03
1.241130157895411912e+03
1.241137524595026434e+03
1.241142291283012355e+03
1.241149424648249806e+03
1.241163124709524027e+03
1.241168624734123114e+03
1.241180024785110163e+03
1.241191758170921503e+03
1.241209091581779376e+03
1.241217724953726020e+03
1.241225491655129417e+03
1.241238458379790245e+03
1.241251958440169801e+03
1.241261858484448339e+03
1.241275358544827895e+03
1.241286058592684412e+03
1.241297791978495752e+03
1.241331058793949524e+03
1.241365025612534055e+03
1.241389692389524043e+03
1.245143175843800918e+03
1.246100980127620232e+03
1.246108746829023858e+03
1.246117780202759377e+03
1.246126180240328949e+03
1.246138346961411571e+03
1.246200680573534555e+03
1.246215647307140671e+03
1.246244514102915218e+03
1.246498048570191941e+03
1.246578982265504692e+03
1.246638549198586816e+03
1.246768783114396683e+03
1.249052959997139396e+03
1.249061693369533032e+03
1.249098060198851954e+03
1.249181893907134963e+03
1.249308694474255844e+03
1.249331527909712349e+03
1.249356328020631963e+03
1.249387494826693683e+03
1.249430328351601474e+03
1.249445661753514059e+03
1.249644195974800141e+03
1.249717962971392581e+03
1.249832330149571362e+03
1.249860096940426047e+03
1.249897163772875729e+03
1.250013197625175053e+03
1.251287769992419499e+03
1.251337070212917070e+03
1.257869766097336424e+03
1.258004666700684993e+03
1.258155934043901198e+03
1.258224167682412372e+03
1.258244467773205315e+03
1.258269167883677483e+03
1.259492906690233667e+03
1.259497373376877476e+03
1.259503273403265666e+03
1.259529940189200715e+03
1.259536173550412968e+03
1.259640807351725243e+03
1.259650940730380626e+03
1.259747574495912431e+03
1.259754007858019349e+03
1.259769674594756225e+03
1.259775974622933290e+03
1.259784541327914894e+03
1.259827841521576829e+03
1.259836208225663995e+03
1.259845008265022216e+03
1.259849908286937989e+03
1.259870808380414474e+03
1.259873575059455106e+03
1.259885241778301634e+03
1.259909008551266197e+03
1.259917241921423738e+03
1.260007575658778251e+03
1.260013642352578700e+03
1.260019542378966662e+03
1.260717112165543085e+03
1.260821079297207007e+03
1.261016313503733500e+03
1.261028880226605452e+03
1.261791616971310305e+03
1.261803217023192246e+03
1.262673154247355797e+03
1.264537295918139989e+03
1.268353846321153242e+03
1.271510727107099910e+03
1.272576065205201985e+03
1.272633098793620547e+03
1.272672965638593269e+03
1.273816504086449640e+03
1.274110472067900218e+03
1.276075914191754919e+03
1.276089480919099515e+03
1.276259681680329322e+03
1.277602754353944192e+03
1.280753001776889732e+03
1.280765301831902207e+03
1.280911802487132491e+03
1.285860391286567619e+03
1.286960162872008368e+03
1.286967562905105297e+03
1.286982529638711185e+03
1.290460445193832811e+03
1.290654379394544776e+03
1.294533130075751160e+03
1.296705239790601809e+03
1.297826044803448895e+03
1.297958545396063073e+03
1.298025512362242353e+03
1.298078145930981464e+03
1.303394803043284128e+03
1.308362091926356243e+03
1.309790198313620976e+03
1.309823131794250912e+03
1.309829631823322416e+03
1.309835665183640231e+03
1.309952065704246479e+03
1.309959532404307993e+03
1.309967365772676430e+03
1.309972665796381079e+03
1.309976999149095491e+03
1.309981865837528630e+03
1.310683968977714130e+03
1.310700002382757702e+03
1.310744369247856866e+03
1.312917778968522043e+03
1.313026679455583917e+03
1.313030312805167341e+03
1.313037979506123747e+03
1.313081246366303276e+03
1.313092746417737544e+03
1.313151413346794698e+03
1.313163813402254391e+03
1.313174180115286617e+03
1.313180080141674580e+03
1.313208080266906336e+03
1.313216780305817792e+03
1.313229447029136736e+03
1.313272447221457014e+03
1.313283280603242929e+03
1.313302780690458121e+03
1.313306947375760274e+03
1.313316480751732115e+03
1.313324547454477397e+03
1.313330080812558890e+03
1.313358547606544562e+03
1.313366514308842625e+03
1.313386847733117975e+03
1.313393181094777447e+03
1.313405981152026470e+03
1.313413781186912274e+03
1.313432481270549260e+03
1.313473581454371470e+03
1.320228178331252593e+03
1.320235911699173812e+03
1.320248278421151099e+03
1.320279745228554475e+03
1.320287711930852311e+03
1.320300278653724490e+03
1.320365912280606608e+03
1.320390379056702159e+03
1.320400679102769345e+03
1.320418879184170009e+03
1.320448479316557950e+03
1.320482812803449178e+03
1.320545179749054569e+03
1.320552379781257059e+03
1.320559679813906769e+03
1.320570613196139902e+03
1.320578679898885412e+03
1.320585313261886768e+03
1.320592279959712187e+03
1.320652946897714401e+03
1.320689013725691211e+03
1.322191920447503890e+03
1.326690007232050220e+03
1.326781940976560918e+03
1.326828007849263486e+03
1.326994741928322128e+03
1.329490386423528662e+03
1.331669929504958873e+03
1.334227907612288618e+03
1.334349041487398154e+03
1.334756643310414120e+03
1.336081915904417428e+03
1.337256954493159810e+03
1.337416521873497913e+03
1.337537555748160230e+03
1.346812963899474198e+03
1.346891630917982638e+03
1.351220383611841726e+03
1.351322017399736296e+03
1.351363250917488131e+03
1.351620485401313545e+03
1.351648418859580488e+03
1.351708252460521862e+03
1.351757119345747924e+03
1.352503722684962213e+03
1.352765057187124967e+03
1.352834624164932620e+03
1.353479893717594223e+03
1.354511331664076351e+03
1.355389968927151358e+03
1.355404202324144308e+03
1.355455635887516337e+03
1.355510702800471790e+03
1.355536736250240892e+03
1.355556703006209773e+03
1.355662236811547473e+03
1.355902971221575399e+03
1.357234143841966670e+03
1.358590649908996284e+03
1.358596816603243724e+03
1.358617916697614874e+03
1.358624750061510895e+03
1.358687517008905161e+03
1.358701050402767123e+03
1.358724150506083333e+03
1.358747450610293981e+03
1.358842717703046674e+03
1.358853917753139285e+03
1.358866384475564018e+03
1.358875251181887279e+03
1.358883951220798735e+03
1.358902651304435494e+03
1.359648521307036617e+03
1.361498796249134784e+03
1.361649796924491511e+03
1.362127932396305596e+03
1.362140932454448830e+03
1.362146599146459948e+03
1.362221132813148415e+03
1.362235199542729106e+03
1.362258099645150651e+03
1.362299499830314744e+03
1.362338000002508124e+03
1.362355700081672694e+03
1.362360866771447490e+03
1.362374000163520577e+03
1.362414100342870142e+03
1.362424367055455150e+03
1.363039336472598052e+03
1.363894940299321661e+03
1.364882911384729823e+03
1.366797819949237919e+03
1.366925020518147448e+03
1.367800491100392946e+03
1.375379624998383179e+03
1.375421525185783366e+03
1.375455358670438500e+03
1.375490758828767184e+03
1.375893860631656707e+03
1.375943627520907967e+03
1.375997494428496566e+03
1.376080861468025660e+03
1.378502038963508994e+03
1.378513139013154387e+03
1.378517272364974360e+03
1.378534839110209077e+03
1.378549139174166612e+03
1.378628672863217616e+03
1.378634572889605806e+03
1.378647972949538143e+03
1.378667806371577399e+03
1.378673906398859799e+03
1.378682773105183287e+03
1.378685806452083398e+03
1.378694906492783730e+03
1.378699073178086110e+03
1.378763940134872882e+03
1.378773940179598412e+03
1.378830007097026737e+03
1.381606052846339708e+03
1.381614852885698383e+03
1.381634186305501089e+03
1.381647686365880645e+03
1.381668119790603441e+03
1.381686253205039066e+03
1.381736420096079200e+03
1.381751086828343432e+03
1.385052834928882248e+03
1.385062734973160559e+03
1.385069168335267250e+03
1.385077435038907197e+03
1.385086401745677676e+03
1.385115535209311702e+03
1.385124468582599775e+03
1.385141635326045616e+03
1.385145168675181822e+03
1.385153702046681246e+03
1.385171068791021298e+03
1.385179102160284174e+03
1.385186535526863508e+03
1.385195668901046247e+03
1.385202968933695956e+03
1.385208502291777449e+03
1.385215702323979940e+03
1.385231769062505919e+03
1.385238735760331338e+03
1.385292135999166021e+03
1.385303336049258633e+03
1.385308369405103804e+03
1.385311369418521508e+03
1.385340936217427043e+03
1.385358136294355063e+03
1.385370703017226788e+03
1.385483036852978103e+03
1.385487036870868224e+03
1.386713709023876845e+03
1.386846376283903510e+03
1.386906143217880299e+03
1.387750180326204372e+03
1.387756447020899259e+03
1.387769647079936931e+03
1.387777847116612065e+03
1.387783080473351674e+03
1.387836714046563429e+03
1.387842514072504173e+03
1.387851880781063983e+03
1.387862614162402679e+03
1.387868947524062378e+03
1.387876714225466003e+03
1.387887080938498002e+03
1.387897480985012862e+03
1.387905047685521822e+03
1.387912881053890260e+03
1.387919281082514772e+03
1.387933147811200797e+03
1.387994181417509481e+03
1.388009148151115369e+03
1.388017914856991638e+03
1.388045648314363916e+03
1.388053948351486270e+03
1.388061381718065377e+03
1.388070515092248343e+03
1.388073581772630860e+03
1.388081848476270807e+03
1.388091415185724827e+03
1.388106615253707787e+03
1.388127248679325021e+03
1.388154115466154508e+03
1.388191115631639150e+03
1.388206515700516775e+03
1.388213915733613476e+03
1.388408783271833499e+03
1.390918327829208920e+03
1.390946094620063604e+03
1.390957461337568247e+03
1.391008794900493058e+03
1.391023294965345258e+03
1.391047561740546143e+03
1.391065695154981768e+03
1.391094428616826690e+03
1.391106962006216236e+03
1.391173962305877922e+03
1.391181129004598006e+03
1.391186462361784834e+03
1.391191429050665192e+03
1.391201762430215013e+03
1.391209629132065857e+03
1.391219795844203645e+03
1.391230095890271059e+03
1.391257262678442203e+03
1.391266796054414044e+03
1.391296996189485526e+03
1.391322662970947931e+03
1.391330929674587651e+03
1.391358929799819180e+03
1.391392296615720625e+03
1.391471696970841776e+03
1.391504230449682609e+03
1.391512430486357516e+03
1.391526030547184519e+03
1.391591197505312948e+03
1.391634797700316767e+03
1.391673731207781657e+03
1.396065584183859528e+03
1.398804263099381160e+03
1.400928772601337869e+03
1.400939272648299720e+03
1.400945906011301076e+03
1.400965739433340332e+03
1.400996706238507159e+03
1.401009872964062652e+03
1.401019673007893743e+03
1.401044473118813130e+03
1.401057373176509145e+03
1.401078206603021044e+03
1.401087639978545440e+03
1.401090206656691635e+03
1.401096106683079597e+03
1.401147940248240957e+03
1.401181340397624581e+03
1.401188873764651134e+03
1.401197440469632738e+03
1.402840581151980814e+03
1.403782785366028065e+03
1.403822018874835067e+03
1.407528302118007105e+03
1.407547402203432966e+03
1.407707202918148369e+03
1.407710002930671635e+03
1.407757536476600762e+03
1.407821403428914891e+03
1.407989537514234826e+03
1.407995237539728350e+03
1.408000637563880218e+03
1.408011204277806883e+03
1.408020004317165558e+03
1.408024504337292001e+03
1.408027304349815267e+03
1.408039504404380523e+03
1.408061771170636121e+03
1.408080671255167772e+03
1.408087937954334848e+03
1.408110504721932330e+03
1.410191914031121769e+03
1.410209147441532195e+03
1.412615458203856861e+03
1.423900908678501764e+03
1.425735550217345462e+03
1.426496320286587661e+03
1.426604887438825472e+03
1.426744388062747703e+03
1.426802021653849806e+03
1.426814755044133562e+03
1.428251894805134043e+03
1.428426562253008115e+03
1.428512895972472506e+03
1.431286741711945979e+03
1.431299975104466284e+03
1.436394697890825000e+03
1.436453298152917114e+03
1.436482098281726849e+03
1.436517365106125681e+03
1.440503349600273168e+03
1.440520349676306751e+03
1.445247070816763198e+03
1.445258370867303029e+03
1.445261904216439234e+03
1.445284504317519122e+03
1.445345271255968555e+03
1.445349604608682967e+03
1.445357471310533811e+03
1.445364404674876823e+03
1.445372871379411208e+03
1.445379004740176470e+03
1.445388671450077709e+03
1.445395604814420949e+03
1.445402738179658400e+03
1.445411504885534441e+03
1.445417871580676547e+03
1.445424771611537381e+03
1.445433938319202298e+03
1.445439638344696050e+03
1.445448005048783216e+03
1.445491571910304174e+03
1.445495305260335272e+03
1.445535838774956346e+03
1.445551438844728182e+03
1.445560705552840773e+03
1.445573605610536788e+03
1.445582672317754714e+03
1.445630439198060685e+03
1.445640605910198246e+03
1.445647539274541487e+03
1.445662339340735571e+03
1.445674539395300599e+03
1.445712706232670143e+03
1.445722139608194539e+03
1.445731306315859683e+03
1.445742773033811773e+03
1.445746473050360237e+03
1.445757339765628785e+03
1.445763339792463967e+03
1.445781506540382225e+03
1.445787973235971549e+03
1.445794106596736583e+03
1.445807106654879817e+03
1.445817506701394677e+03
1.445836406785925874e+03
1.445857273545919952e+03
1.445874406955883160e+03
1.445928140529542134e+03
1.445943973933691041e+03
1.445950607296692624e+03
1.446016840926258510e+03
1.447901382688282865e+03
1.448231150829851231e+03
1.448245384226844180e+03
1.448459451850937057e+03
1.450792528952387784e+03
1.453842609260664858e+03
1.453903276198667072e+03
1.453915309585820069e+03
1.453957776442421618e+03
1.455490516630998854e+03
1.455501050011443112e+03
1.457100190496998721e+03
1.457109623872523116e+03
1.457177257508350749e+03
1.457188857560232464e+03
1.457216991019393845e+03
1.457243924473188144e+03
1.457261991220659183e+03
1.457331058196230742e+03
1.457370025037178038e+03
1.457374425056857490e+03
1.457428891967129630e+03
1.457496125601167932e+03
1.457888894024507863e+03
1.458010161233547024e+03
1.458045061389639613e+03
1.459881869604840404e+03
1.464659790974291582e+03
1.464665724334162178e+03
1.464774624821224279e+03
1.464818025015333205e+03
1.467283436041986306e+03
1.467896138782324897e+03
1.467905772158743730e+03
1.467938138970172304e+03
1.467972372456616313e+03
1.468000072580506412e+03
1.468016605987785852e+03
1.468053439485858462e+03
1.468169040002886732e+03
1.468280273833717956e+03
1.468284340518573117e+03
1.468302240598631897e+03
1.470549617316784179e+03
1.473353129855610177e+03
1.473365096575798361e+03
1.474700802549798709e+03
1.474706002573055912e+03
1.474711735932032070e+03
1.474717969293244323e+03
1.474721835977205046e+03
1.474730669350045901e+03
1.474739269388509911e+03
1.474752536114512623e+03
1.474765469505691044e+03
1.474778636231246537e+03
1.474795336305938235e+03
1.474809436369001332e+03
1.474814836393153200e+03
1.474826103110210852e+03
1.474829836460241495e+03
1.474837236493338423e+03
1.474876436668663018e+03
1.474881636691920221e+03
1.474954470351005057e+03
1.474980837135598449e+03
1.474996703873229535e+03
1.475006003914824305e+03
1.475022737322998637e+03
1.475050004111617227e+03
1.475089704289177917e+03
1.475101471008471663e+03
1.475153071239255723e+03
1.478347018857652301e+03
1.478631386796166225e+03
1.484377079160680069e+03
1.484430412732549939e+03
1.484549279930855164e+03
1.484571846698452646e+03
1.484637446991852585e+03
1.484678713843087280e+03
1.484686047209219169e+03
1.484792447685099660e+03
1.484809381094168430e+03
1.485005048635966205e+03
1.486699022879002996e+03
1.488713898557284665e+03
1.492370748246029734e+03
1.493326085852150072e+03
1.493340352582625201e+03
1.493429186313270975e+03
1.493479253203863891e+03
1.495270494548598435e+03
1.495299528011785242e+03
1.495442061982607584e+03
1.498440442059653378e+03
1.499144745209678604e+03
1.499150378568207316e+03
1.499157745267821838e+03
1.499168145314336243e+03
1.499186545396631573e+03
1.499273345784849880e+03
1.499497080118844224e+03
1.500631018523764169e+03
1.500637618553282891e+03
1.500644185249319435e+03
1.500671452037938025e+03
1.500700652168536863e+03
1.500734285652297331e+03
1.500739485675554761e+03
1.500767119132479593e+03
1.500775552503531571e+03
1.500794952590299317e+03
1.500807585980136082e+03
1.500814686011891354e+03
1.500877452959285847e+03
1.500891853023690373e+03
1.500903153074230659e+03
1.500910386439915328e+03
1.500922886495822468e+03
1.500930486529813834e+03
1.500936153221824952e+03
1.500942486583484651e+03
1.500949186613450820e+03
1.500979553415934106e+03
1.501019753595731345e+03
1.501032253651638030e+03
1.501042053695469349e+03
1.505003571413521513e+03
1.505017504809172351e+03
1.505028404857923306e+03
1.505042204919644746e+03
1.505055938314401146e+03
1.505071905052479906e+03
1.505092038475860818e+03
1.505101338517455360e+03
1.505107605212150247e+03
1.505131838653868726e+03
1.505152305412073702e+03
1.505155272092009000e+03
1.505174605511811933e+03
1.505256605878561913e+03
1.505265539251850214e+03
1.505284006001110129e+03
1.505431173325988766e+03
1.505485040233577365e+03
1.505560207236431552e+03
1.505575007302625409e+03
1.505623140851238077e+03
1.505673541076655283e+03
1.506705612359303359e+03
1.506711979054445464e+03
1.506743512528813426e+03
1.506769579312064934e+03
1.506794646090843798e+03
1.506806612811032210e+03
1.506832279592494615e+03
1.506842346304184957e+03
1.506862846395872566e+03
1.506869679759768360e+03
1.507108214159956788e+03
1.507162614403264115e+03
1.507266014865726902e+03
1.507322281784049665e+03
1.507418182212968304e+03
1.508764921569649232e+03
1.508770654928625163e+03
1.508779421634501432e+03
1.508795955041781099e+03
1.508854188635566516e+03
1.508863422010196473e+03
1.508879722083099296e+03
1.508889855461754678e+03
1.508945789045253150e+03
1.509089189686618511e+03
1.509122189834213032e+03
1.509150256626409600e+03
1.509189956803970290e+03
1.513989311602616908e+03
1.519202234917632268e+03
1.519209434949834758e+03
1.519216968316861539e+03
1.519226668360245185e+03
1.519241601760368894e+03
1.519319268774404463e+03
1.519332402166477323e+03
1.519335968849096162e+03
1.519343535549605349e+03
1.519349435575993539e+03
1.519354602265768335e+03
1.519369635666339263e+03
1.519373769018159010e+03
1.519378669040074556e+03
1.519396502453168523e+03
1.519431635943637957e+03
1.519447336013857239e+03
1.519469936114937127e+03
1.519490469540107142e+03
1.519498369575440165e+03
1.519572436573374716e+03
1.519588836646724531e+03
1.519599736695475485e+03
1.530037516712212437e+03
1.530042650068504827e+03
1.530368784860489768e+03
1.530395084978118120e+03
1.532586428112324256e+03
1.532612961564329680e+03
1.532648995058824312e+03
1.532656361758438834e+03
1.532671061824185472e+03
1.532753962194960877e+03
1.532842795925606652e+03
1.532866562698571215e+03
1.532984129891061912e+03
1.538112086159392220e+03
1.544160113209443807e+03
1.544167513242540736e+03
1.544523581501737453e+03
1.544531981539307026e+03
1.546832791829776397e+03
1.546855591931750951e+03
1.548467165806248431e+03
1.550652708914514051e+03
1.553474188200363415e+03
1.553477888216911879e+03
1.553482954906239456e+03
1.553491554944703694e+03
1.553498488309046706e+03
1.553507188347958163e+03
1.553517855062332046e+03
1.553525855098112515e+03
1.553530888453957914e+03
1.553536321811591961e+03
1.553571655302955833e+03
1.553586888704421199e+03
1.553597822086654560e+03
1.553602388773746043e+03
1.553610122141667034e+03
1.553616255502432296e+03
1.553649288983508995e+03
1.553655055675967333e+03
1.553667589065357106e+03
1.553801289663338366e+03
1.553811123040651864e+03
1.553836989823008935e+03
1.553896590089573465e+03
1.553912356826757332e+03
1.554505492812916145e+03
1.554575593126442755e+03
1.555459230411880526e+03
1.555596997694716947e+03
1.555771231807319509e+03
1.556883170113843107e+03
1.556915503591789275e+03
1.558549410899507393e+03
1.560010850769191165e+03
1.560114917901302306e+03
1.560160251437391707e+03
1.560255718531039065e+03
1.561539424272466022e+03
1.561543590957768401e+03
1.561547557642176116e+03
1.561551924328373161e+03
1.561559557695847161e+03
1.561587457820631244e+03
1.561594057850150421e+03
1.561598424536347238e+03
1.561606924574364029e+03
1.561613524603882979e+03
1.561665124834667040e+03
1.561672858202588259e+03
1.561681858242841372e+03
1.561716158396249966e+03
1.561738958498224520e+03
1.561769058632848555e+03
1.561779025344091906e+03
1.561795225416547282e+03
1.561802558782679398e+03
1.561833025585610130e+03
1.561845958976788552e+03
1.561882559140484318e+03
1.561907325917921298e+03
1.561927526008267250e+03
1.564347503498383503e+03
1.564559904448355383e+03
1.568338888016682859e+03
1.569020657732592554e+03
1.569033257788946912e+03
1.572330272534981987e+03
1.573074842531769036e+03
1.574998351134740687e+03
1.576503024531121582e+03
1.576549058070341744e+03
1.576584091560363959e+03
1.581089145042735709e+03
1.581317179395962057e+03
1.585311297259819867e+03
1.585318630625951755e+03
1.585351030770862735e+03
1.585455564571728019e+03
1.585464497945016092e+03
1.585477598003606545e+03
1.585727765789159093e+03
1.585919766647890810e+03
1.586203367916309389e+03
1.586208667940013811e+03
1.586241168085372237e+03
1.586783370510395116e+03
1.590504687154137855e+03
1.590702488038810543e+03
1.591404124510242127e+03
1.591411924545128159e+03
1.591637792221997188e+03
1.591657692311001256e+03
1.592891331161835524e+03
1.592933298016200524e+03
1.594981573843865817e+03
1.595092641007284783e+03
1.595104774394885453e+03
1.595114407771304286e+03
1.603328077840617425e+03
1.603358244642206273e+03
1.604112848017201259e+03
1.604976985215424065e+03
1.606464325200947087e+03
1.606521458789812641e+03
1.606586492414011445e+03
1.607155094957110123e+03
1.607189861779272633e+03
1.607205995184763424e+03
1.607258528753055316e+03
1.607284828870683668e+03
1.607335262429583281e+03
1.610548276799923087e+03
1.610672510688897546e+03
1.610944511905434410e+03
1.613934691945805071e+03
1.613980292149753950e+03
1.614027325693446755e+03
1.614057925830307113e+03
1.614087625963142273e+03
1.614106059378919781e+03
1.614201026470330817e+03
1.620271586954497479e+03
1.620284387011746048e+03
1.620296387065416866e+03
1.620329053878187096e+03
1.620377587428588868e+03
1.620389587482259458e+03
1.620404420881935948e+03
1.620425454309342285e+03
1.620434687683972015e+03
1.620447921076492321e+03
1.620466521159682088e+03
1.620514488040882497e+03
1.620523088079346735e+03
1.620546654851416633e+03
1.620560554913585293e+03
1.620574888311025234e+03
1.620590555047762109e+03
1.620623321860979786e+03
1.620638088593691236e+03
1.620662955371575663e+03
1.620678122106075989e+03
1.620684122132911398e+03
1.620788055931092913e+03
1.620803656000864976e+03
1.620991523507776719e+03
1.622303396041847691e+03
1.622318129441076735e+03
1.622339162868482845e+03
1.622345729564519388e+03
1.622350662919917340e+03
1.622366796325408131e+03
1.622424163248650757e+03
1.622436596637592856e+03
1.622450263365384671e+03
1.622467363441865473e+03
1.622496463572016864e+03
1.622560163856918962e+03
1.622568797228865378e+03
1.622575230590972524e+03
1.622595930683554343e+03
1.622606597397928454e+03
1.622620964128850801e+03
1.622644030898684605e+03
1.626954350176766184e+03
1.626957550191078326e+03
1.626971083584940288e+03
1.626983583640847428e+03
1.626992317013241063e+03
1.627068284019673229e+03
1.627078117396986727e+03
1.627088117441712257e+03
1.627092884129698177e+03
1.627097217482412816e+03
1.627192951243919424e+03
1.627209384650751645e+03
1.627237284775536182e+03
1.627253684848886223e+03
1.627322185155256648e+03
1.627355118635886356e+03
1.629610228721959629e+03
1.631696604720029427e+03
1.632641208944811069e+03
1.632848943207244247e+03
1.635802289749542524e+03
1.635813656467047167e+03
1.635822389839440802e+03
1.635973490515244976e+03
1.638540701997204678e+03
1.638549035367809438e+03
1.638561702091128609e+03
1.638566435445631896e+03
1.638574468814894772e+03
1.638579002168503848e+03
1.638586068866776714e+03
1.638592302227988966e+03
1.638596502246773753e+03
1.638600135596357177e+03
1.638634669084143070e+03
1.638663469212953032e+03
1.638669402572823401e+03
1.638678835948347796e+03
1.638684002638122820e+03
1.638712702766485336e+03
1.638720236133511889e+03
1.638770436358034431e+03
1.638783536416625111e+03
1.638798203148889343e+03
1.638834003309006903e+03
1.638844803357310639e+03
1.639257871871443513e+03
1.640634378027924186e+03
1.642641853673108926e+03
1.642750554159276362e+03
1.643340023462368890e+03
1.645127231455730680e+03
1.645130664804419894e+03
1.645148998219750183e+03
1.646296103350225394e+03
1.646770505472008608e+03
1.647453875195074716e+03
1.650488122099202883e+03
1.653552902473226823e+03
1.663604714097037458e+03
1.663610180788154139e+03
1.663620180832879896e+03
1.663627247531152534e+03
1.663632180886550486e+03
1.663643380936643098e+03
1.663665981037722986e+03
1.663669447719894606e+03
1.663680181101233529e+03
1.663684614454395160e+03
1.663689314475416040e+03
1.663708881229596045e+03
1.663715481259114995e+03
1.663727347978855960e+03
1.663734081342304307e+03
1.663747481402236872e+03
1.663758214783575568e+03
1.663767414824723346e+03
1.663780981552067487e+03
1.663789548257049091e+03
1.663795348282990062e+03
1.663841381822210451e+03
1.663865781931340962e+03
1.663904848772735704e+03
1.663942615608315919e+03
1.663948315633809443e+03
1.663961282358470498e+03
1.663977349096996250e+03
1.664008649236987367e+03
1.664022115963884744e+03
1.664034382685414812e+03
1.664039482708224796e+03
1.664079716221503986e+03
1.664124583088839927e+03
1.664178616663840558e+03
1.664204983448433723e+03
1.664256317011358533e+03
1.664277183771352611e+03
1.676292904178826802e+03
1.678937849341786887e+03
1.678943182698973942e+03
1.679788553146594950e+03
1.682513665334771986e+03
1.684044805516193492e+03
1.684123105866394781e+03
1.684180339455708008e+03
1.684186639483885074e+03
1.684943676203096402e+03
1.684950609567439642e+03
1.684966742972930206e+03
1.684984009716823039e+03
1.685102643580751192e+03
1.685205977376249166e+03
1.685338077967074696e+03
1.695203622091129546e+03
1.695219388828313640e+03
1.695280055766315627e+03
1.695312922579980523e+03
1.695339489365468125e+03
1.695355956105782980e+03
1.695362456134854710e+03
1.695380956217597031e+03
1.696737728952485895e+03
1.696764762406727414e+03
1.696775695788961002e+03
1.696805029253489465e+03
1.696912563067772226e+03
1.696922196444191286e+03
1.697045196994316257e+03
1.697114463970782481e+03
1.700394211972924495e+03
1.700404978687745597e+03
1.700430045466524689e+03
1.700493812418391826e+03
1.700517045855637662e+03
1.700535312604002911e+03
1.700629246357458896e+03
1.700733546823947108e+03
1.703073823957600098e+03
1.703351491866148081e+03
1.703494025836970422e+03
1.705851803048893544e+03
1.705859403082884910e+03
1.705898336590349800e+03
1.705926903384782690e+03
1.705951036826053951e+03
1.705973736927581058e+03
1.705979770287898873e+03
1.705990703670132234e+03
1.705994903688917020e+03
1.706273971603726295e+03
1.706339038561407733e+03
1.707760011583435016e+03
1.712224064882432003e+03
1.712272731766763172e+03
1.712353065459392155e+03
1.716531617481472722e+03
1.716567584309002541e+03
1.728464637519065946e+03
1.728473204224047549e+03
1.728510737725250920e+03
1.728526937797706523e+03
1.728568571317247461e+03
1.728591038084397724e+03
1.728598204783117581e+03
1.728616204863623807e+03
1.728622971560554788e+03
1.728631104930265110e+03
1.728834472506501697e+03
1.728896206115940913e+03
1.737955046631980622e+03
1.739840621731960027e+03
1.739891021957377006e+03
1.740084989491571605e+03
1.740097056212207235e+03
1.740137289725486653e+03
1.746330584091919036e+03
1.746430817873552087e+03
1.747007120451089122e+03
1.749368864347419958e+03
1.750264501686528547e+03
1.758577272199072468e+03
1.758945440512387222e+03
1.764245964219198868e+03
1.771918331867514553e+03
1.774390642925028033e+03
1.781838642903183427e+03
1.782065743918901944e+03
1.782167577707691180e+03
1.785508359316142105e+03
1.785847794167611937e+03
1.788844340903124703e+03
1.792188155858475511e+03
1.814807823692543934e+03
1.814843890520520972e+03
1.841526443192676879e+03
1.841530343210119781e+03
1.841570843391258450e+03
1.841590210144543789e+03
1.841596176837896792e+03
1.841615310256805060e+03
1.841626376972968274e+03
1.841649677077178694e+03
1.841681977221642455e+03
1.841701777310199304e+03
1.841725477416199055e+03
1.841739944147568849e+03
1.841747544181560215e+03
1.841766944268327961e+03
1.841811777802181041e+03
1.841824544525947431e+03
1.841832477894763088e+03
1.841852744652073625e+03
1.841859711349899271e+03
1.841867478051302669e+03
1.841873311410726046e+03
1.841880711443822975e+03
1.841888944813980288e+03
1.841917278274036335e+03
1.841926144980359595e+03
1.841966545161051044e+03
1.841983178568778158e+03
1.841995211955931154e+03
1.842015178711900035e+03
1.842028612105314778e+03
1.842053512216681611e+03
1.842084412354883852e+03
1.842111612476537402e+03
1.842117512502925365e+03
1.842152912661254049e+03
1.842255913121927961e+03
1.842336413481969203e+03
1.842360413589310610e+03
1.842378913672053159e+03
1.842498914208760425e+03
1.842523880987092070e+03
1.842638881501436572e+03
1.843633152615022027e+03
1.847346402556019711e+03
1.847558236836790456e+03
1.848457207524140813e+03
1.848517541127318736e+03
1.849559745788622195e+03
1.850466316509963917e+03
1.852625259499259300e+03
1.855224137789517044e+03
1.855322704897028871e+03
1.857138413017858966e+03
1.859607490727577897e+03
1.862991272528348645e+03
1.866801522903184832e+03
1.866807289595643169e+03
1.867001357130284987e+03
1.867027123912194611e+03
1.868858032101007439e+03
1.869783869575187282e+03
1.869975470432130123e+03
1.870111637707810587e+03
1.870273738432812706e+03
1.870359338815663932e+03
1.870734007158050190e+03
1.870890507858006004e+03
1.870912607956849797e+03
1.871287909635402002e+03
1.871328709817882554e+03
1.871338376527784021e+03
1.871436676967436824e+03
1.872184213644158717e+03
1.872226847168172526e+03
1.872574082054528162e+03
1.872579382078232584e+03
1.872693315921139856e+03
1.872860250001092709e+03
1.873361652243635262e+03
1.873619653397555794e+03
1.875006592934033961e+03
1.875190293755643552e+03
1.878137506937176340e+03
1.880215816232500856e+03
1.882189958395267013e+03
1.885176438419089209e+03
1.888377752737100309e+03
1.888744421043706097e+03
1.889415490711759730e+03
1.891292865775064001e+03
1.893056673663767924e+03
1.893072273733539760e+03
1.893510175692074654e+03
1.900045871589911940e+03
1.900063271667734398e+03
1.905185027908334860e+03
1.906207299147151843e+03
1.908138207783220878e+03
1.908142174467628820e+03
1.914657770275567600e+03
1.914751270693752076e+03
1.916252644075373382e+03
1.918529887593772628e+03
1.918536120954985108e+03
1.918563654411462721e+03
1.933013219037739418e+03
1.933423087537559923e+03
1.934072923777313008e+03
1.934135524057295243e+03
1.935581630525066203e+03
1.936940136601040876e+03
1.937313771605472311e+03
1.937395871972669511e+03
1.938134175274761674e+03
1.939871616378872432e+03
1.942952230157045278e+03
1.943522632708194351e+03
1.943648566604772213e+03
1.947723684830907359e+03
1.947937519120623165e+03
1.949255091680187888e+03
1.949433692478987496e+03
1.949801460790512920e+03
1.950316763095223905e+03
1.953150175767779501e+03
1.955178384839028695e+03
1.955600653394308893e+03
1.956060955453029010e+03
1.956566591047838301e+03
1.956715625047732601e+03
1.956724158419231799e+03
1.957496695207767743e+03
1.961571546766043639e+03
1.961621046987435420e+03
1.964016491034491310e+03
1.974296670346352812e+03
1.974642271892070085e+03
1.976377912988129992e+03
1.976565813828524142e+03
1.976671114299485225e+03
1.979290459347947717e+03
1.985348119774418365e+03
1.985787988408415686e+03
1.987564329686508927e+03
1.991555147535607148e+03
1.995828799983028148e+03
1.997916942655665935e+03
2.003803768984740600e+03
2.004190670715174974e+03
2.004244504289280940e+03
2.004900540556763872e+03
2.007810286904058330e+03
2.010976434398117362e+03
2.014394816353639044e+03
2.017361862957211315e+03
2.017509796952185297e+03
2.018649702050458245e+03
2.022501052609116641e+03
2.022508252641318904e+03
2.029403650147936787e+03
2.029434516952656395e+03
2.032741565076899633e+03
2.035505277437717496e+03
2.036088246711738520e+03
2.036095413410458605e+03
2.044073115757729511e+03
2.049390839541469632e+03
2.049404039600507531e+03
2.049417572994369493e+03
2.050176409721631444e+03
2.051047480284197263e+03
2.051070180385724143e+03
2.051272614624453126e+03
2.066051047388273219e+03
2.066707216989685548e+03
2.066854417648046365e+03
2.067231552668131826e+03
2.067568554175385088e+03
2.067739554940192647e+03
2.067750454988944057e+03
2.069738163879053900e+03
2.070022198482743988e+03
2.075321888852495249e+03
2.075498389641902577e+03
2.075840591172413042e+03
2.076660628173396162e+03
2.077130463608087666e+03
2.077592932343165103e+03
2.078323468943853641e+03
2.078509536442714762e+03
2.079596841305730777e+03
2.079690908393116388e+03
2.079978576346390128e+03
2.080222377436800343e+03
2.080905913827278255e+03
2.081446549578627582e+03
2.081455582952362874e+03
2.082291486690977308e+03
2.082455554091442082e+03
2.082535354448352336e+03
2.083734293143988452e+03
2.083771793311710098e+03
2.084314995741205621e+03
2.084936665188314237e+03
2.085223633138456989e+03
2.087562043597094544e+03
2.087766577845216034e+03
2.087822611429161952e+03
2.087989478842149765e+03
2.088026579008082081e+03
2.088094112643462267e+03
2.091882529587313911e+03
2.092071197097804088e+03
2.092092963861823591e+03
2.093061134858674905e+03
2.093334902749779758e+03
2.093573737151310070e+03
2.094919809838342189e+03
2.095137010809782623e+03
2.099373196422965066e+03
2.104991254883298097e+03
2.107604999906714056e+03
2.109248073922097319e+03
2.109268307345925678e+03
2.122338999138469717e+03
2.128154991817404152e+03
2.128633927292796216e+03
2.133952717747974020e+03
2.136626996375462113e+03
2.140768348231163600e+03
2.141439551233147085e+03
2.141998353732414216e+03
2.145375902171972939e+03
2.146348873190292579e+03
2.147243743859305596e+03
2.147653979027432797e+03
2.149492953918990679e+03
2.149605287754741767e+03
2.149781188541465326e+03
2.149840155471864364e+03
2.150118823384884763e+03
2.150369524506155813e+03
2.150609925581359221e+03
2.150907493578911271e+03
2.153965340588592426e+03
2.154051640974574184e+03
2.154078674428815702e+03
2.154355475666820894e+03
2.154580776674488789e+03
2.154753044111628697e+03
2.154763710826002807e+03
2.155295446537546013e+03
2.155399847004481671e+03
2.155585781169413167e+03
2.155631914709080320e+03
2.155700481682416012e+03
2.156785719869521927e+03
2.157631390318484591e+03
2.158013858695757335e+03
2.158271059846099888e+03
2.158900262660235512e+03
2.159141963741253676e+03
2.159232597479950073e+03
2.160448802919479476e+03
2.161049872274453719e+03
2.161139106006888596e+03
2.161665675028657006e+03
2.161731308655539578e+03
2.161997309845241034e+03
2.162033876675454394e+03
2.162074343523110201e+03
2.162588145821112448e+03
2.163025214442586730e+03
2.164232619842757231e+03
2.176112472975892615e+03
2.176204073385579250e+03
2.176310473861459741e+03
2.177829647322692836e+03
2.212129334062796715e+03
2.227788670766495670e+03
2.227814970884123795e+03
2.228046171918179880e+03
2.228487173890579470e+03
2.228559674214840015e+03
2.228626374513160044e+03
2.228770475157656165e+03
2.228869375599992509e+03
2.229049309738089050e+03
2.229695012626021708e+03
2.235470638457747555e+03
2.235694072790399787e+03
2.235700506152506932e+03
2.237942749514366824e+03
2.240120192586404301e+03
2.249765969060872521e+03
2.251624010704374086e+03
2.255742895792925083e+03
2.255759829201993853e+03
2.255845396251362672e+03
2.258631008710130118e+03
2.258714509083588837e+03
2.258744575884730239e+03
2.258887076522070402e+03
2.258916909988834959e+03
2.259000443695776539e+03
2.261722389203123839e+03
2.262899761135635345e+03
2.262927094591218520e+03
2.263337163091933689e+03
2.267164213541908794e+03
2.267185846971998672e+03
2.269983992820154981e+03
2.291167320896800902e+03
2.291230687846878936e+03
2.294762870311378265e+03
2.299096923028941546e+03
2.299167723345599370e+03
2.308315830927556362e+03
2.308936300369297896e+03
2.309082901024975399e+03
2.310221306116539381e+03
2.310493907335759559e+03
2.310764208544693247e+03
2.311564045455330415e+03
2.313762688622186033e+03
2.314250624137830982e+03
2.315057961082012753e+03
2.315539363235103338e+03
2.317465271848809607e+03
2.319376213728909988e+03
2.319443547363395282e+03
2.320543452282765884e+03
2.320582619124607845e+03
2.320589319154574241e+03
2.320599285865817365e+03
2.320662452815000961e+03
2.320894520519599610e+03
2.321088421386829395e+03
2.321094154745805554e+03
2.321397489435816169e+03
2.321879358257660897e+03
2.322759762195303665e+03
2.323065396895601225e+03
2.323136363879670625e+03
2.324250402195586503e+03
2.325464874294029869e+03
2.328280486886973904e+03
2.328327587097631294e+03
2.329367158413823745e+03
2.332407272010857923e+03
2.347513472907300638e+03
2.347523006283272480e+03
2.347637873463687356e+03
2.347670740277352252e+03
2.347709407116958118e+03
2.347781140771122864e+03
2.347820640947788888e+03
2.347836507685420202e+03
2.348072775408804318e+03
2.348088375478576381e+03
2.348096275513909859e+03
2.348107208896142765e+03
2.348144942398240801e+03
2.370092773894160018e+03
2.373638989754757404e+03
2.373714990094671975e+03
2.373728356821121906e+03
2.373821423904034873e+03
2.373847124018980139e+03
2.373881224171494068e+03
2.374051524933171549e+03
2.376085300695984643e+03
2.379876984321113014e+03
2.383387533355522464e+03
2.384716039297320549e+03
2.384899473451070662e+03
2.385023140670844441e+03
2.391196401614342449e+03
2.393735612971070623e+03
2.394280482074686915e+03
2.394372749154022131e+03
2.394664217124291554e+03
2.394774050948860804e+03
2.394828417858685953e+03
2.395554121104423757e+03
2.397711664087457393e+03
2.399437571806651249e+03
2.399856607014136898e+03
2.401032945608693353e+03
2.402133350530300049e+03
2.402156017298344977e+03
2.402380151634128197e+03
2.415878645340033927e+03
2.419529161667119297e+03
2.419602095326651579e+03
2.419618662067413879e+03
2.419650628877053350e+03
2.419667428952192495e+03
2.419753429336832596e+03
2.419832229689270662e+03
2.420990401535908859e+03
2.421039068420239801e+03
2.421147835573372049e+03
2.421172769018221516e+03
2.421206569169393788e+03
2.421329103050764843e+03
2.423070144170977073e+03
2.423102044313651731e+03
2.424192349190085679e+03
2.424588050959878274e+03
2.424654117922032128e+03
2.424662451292636888e+03
2.424710684841696548e+03
2.429756040740593562e+03
2.431525881989614845e+03
2.431704649455826257e+03
2.431727716225660060e+03
2.434860696904713222e+03
2.434941163931271603e+03
2.434955230660852067e+03
2.434987997474069743e+03
2.435579500119589738e+03
2.438653013866007313e+03
2.442183096321114135e+03
2.442238096567105458e+03
2.442495064383070712e+03
2.447176985323156259e+03
2.447631154021111342e+03
2.451509238032669600e+03
2.452853244043792074e+03
2.454527184863894945e+03
2.454753685876930376e+03
2.454771652623954196e+03
2.455044820512375281e+03
2.455092954060988177e+03
2.455158987689659625e+03
2.459435306815673812e+03
2.461280648402374027e+03
2.461467615905260573e+03
2.464895764571130712e+03
2.464919964679366785e+03
2.467605943359184494e+03
2.467654176908244153e+03
2.468950649373437955e+03
2.469078383278066212e+03
2.469315817673335005e+03
2.470115421249594874e+03
2.471856862371595525e+03
2.472908900410212937e+03
2.475396844870980658e+03
2.475524712109538996e+03
2.475931513928977438e+03
2.479417162852019828e+03
2.479459029705937610e+03
2.479541330074029247e+03
2.480535134518861014e+03
2.482242308820935250e+03
2.482848411531755119e+03
2.483152846226685142e+03
2.483157479580741438e+03
2.483363347168159180e+03
2.484118383878425448e+03
2.484632452844286945e+03
2.484656786286452643e+03
2.484923720813661475e+03
2.484938287545478488e+03
2.485042954680273397e+03
2.485555223638084044e+03
2.485570323705620012e+03
2.488518970226897181e+03
2.491065781617616722e+03
2.491091115064254609e+03
2.491355749581176951e+03
2.491589817294720888e+03
2.491607084038614175e+03
2.492756522512858737e+03
2.492762322538799253e+03
2.492890156443875185e+03
2.493443958920779551e+03
2.493455892307486010e+03
2.494845165187733073e+03
2.495795069436218910e+03
2.496022170451937654e+03
2.496050037243239785e+03
2.497302442844675625e+03
2.497734478110304281e+03
2.497759078220329684e+03
2.498121013172431958e+03
2.498989817058193694e+03
2.499001950445793682e+03
2.500277589484475811e+03
2.500620991020353358e+03
2.500666957892608480e+03
2.500765858334944824e+03
2.500870958805011014e+03
2.500913725662954221e+03
2.501077193060735681e+03
2.501081359746037833e+03
2.501152660064931752e+03
2.501226193727147347e+03
2.501262560556466269e+03
2.503220835981600885e+03
2.504079906490495887e+03
2.505263245116360395e+03
2.505378412298116928e+03
2.505393345698240410e+03
2.505427445850754793e+03
2.509893099156907738e+03
2.509909399229810333e+03
2.509926832641115652e+03
2.509958766117272717e+03
2.512974279604281492e+03
2.513169713811702422e+03
2.513421581604858602e+03
2.514382219234683362e+03
2.514689220607760035e+03
2.515002388675083239e+03
2.516625362600568224e+03
2.516692729568536379e+03
2.517070631258717640e+03
2.517110764771549839e+03
2.517767867710469545e+03
2.517797934511611402e+03
2.517910335014327302e+03
2.520847214816310952e+03
2.523256358924640608e+03
2.523302725798685060e+03
2.523341159303914083e+03
2.525065133681127463e+03
2.525644802940389127e+03
2.533179569973279740e+03
2.536673818934786595e+03
2.537081987427004151e+03
2.537125620955489921e+03
2.541475707078097003e+03
2.545872293408678161e+03
2.548019836346986267e+03
2.552170221576423046e+03
2.552297688813192053e+03
2.554107596908080723e+03
2.557933180684829495e+03
2.558133581581131239e+03
2.558174115095752313e+03
2.563708639849143310e+03
2.565733248904291486e+03
2.565773849085877373e+03
2.568432960978865140e+03
2.572815580580313508e+03
2.573007748106457257e+03
2.573621517518232849e+03
2.573642550945638959e+03
2.573688117816105660e+03
2.573708384573415969e+03
2.576593530810685479e+03
2.576687831232447934e+03
2.578036403930662345e+03
2.578062837382220096e+03
2.580128613288155066e+03
2.581000617188228716e+03
2.581279851770450023e+03
2.582305356357062010e+03
2.582617957755184761e+03
2.582693158091521582e+03
2.583681395844788767e+03
2.584467266026292691e+03
2.584472832717856363e+03
2.586294474198556600e+03
2.586448008218577797e+03
2.587322512129832376e+03
2.587479079496753002e+03
2.588097815597408953e+03
2.589997257426075066e+03
2.590515426410273903e+03
2.590559959942785099e+03
2.590722960671812871e+03
2.590977695144456447e+03
2.592948037290227148e+03
2.595494482012639310e+03
2.606858532838827614e+03
2.606902333034725871e+03
2.662654782389866341e+03
2.666081964384746243e+03
2.669577613352514163e+03
2.672088357915256893e+03
2.680879097232202639e+03
2.689067233853982998e+03
2.698533309524731976e+03
2.699223645945623502e+03
2.701026920677511498e+03
2.701032887370864046e+03
