9.029380606963654188e+00
1.022291927844815262e+01
1.191169349822749624e+01
1.208829428808184581e+01
1.233606206290015095e+01
1.263676340779937846e+01
1.264096342658413441e+01
1.279543078411245993e+01
1.343680031933094909e+01
1.858965669902796236e+01
1.879595762171739182e+01
1.957602777728015297e+01
1.966102815744787335e+01
2.277794209797463054e+01
2.287887588273849815e+01
2.297127629600317533e+01
2.298267634699037387e+01
2.343467836858814834e+01
2.457871681868085645e+01
2.469771735091566711e+01
2.471065074209412771e+01
2.472065078681974271e+01
2.488991821054197473e+01
2.534822026031688580e+01
2.571508856781725783e+01
2.572325527100984033e+01
2.589175602463644665e+01
2.596245634084653986e+01
2.617992398014623134e+01
2.626652436747005481e+01
2.658282578214123504e+01
3.142098075432316762e+01
3.328328908357433846e+01
3.346162321451446076e+01
3.356985703192802362e+01
3.373195775693023535e+01
3.390485853023611185e+01
3.807601051921955815e+01
3.863601302385396963e+01
3.890694756895327799e+01
4.009375287698919266e+01
4.083388952061433486e+01
4.549794371412331628e+01
4.598341255206948119e+01
4.669361572848261943e+01
4.872692482254178969e+01
4.881425854647882545e+01
4.883599197701582284e+01
4.897279258886222664e+01
4.904405957427344021e+01
4.905269294621989218e+01
4.906835968295668948e+01
4.976466279720121832e+01
4.989956340054975215e+01
5.012166439390565387e+01
5.014829784635820431e+01
5.312374448749993405e+01
5.360634664595808374e+01
5.419981596694088921e+01
5.435761667271107456e+01
6.219238504737062812e+01
6.237678587211095049e+01
6.271965407226984723e+01
6.329989000073241812e+01
7.028185456119156527e+01
7.044905530900382473e+01
7.370676987926722745e+01
7.571561219723108138e+01
7.596814666003525929e+01
7.846192448022655697e+01
8.626159269789918937e+01
8.650716046287787719e+01
8.951180723461840216e+01
8.952084060835386481e+01
9.415649467484210788e+01
9.532653324122141214e+01
9.643273818876888015e+01
9.805711212051525649e+01
9.826654639055205109e+01
1.015200276085482756e+02
1.020823634569519953e+02
1.022523308838050156e+02
1.052225775016894289e+02
1.053570447697665315e+02
1.055135454697223878e+02
1.059348806874949531e+02
1.084231918165695845e+02
1.089399274610244959e+02
1.104221674237374913e+02
1.104396008350424694e+02
1.108018024550042213e+02
1.134931478254912491e+02
1.136159150412393757e+02
1.137103821304140041e+02
1.137548489959605718e+02
1.137888158145452451e+02
1.140463169662298242e+02
1.140520503252058404e+02
1.143781851171905402e+02
1.159856589733506382e+02
1.182569024649146030e+02
1.184354032632668208e+02
1.280234794796683389e+02
1.281611800955400611e+02
1.322353649841674610e+02
1.326063666434877746e+02
1.332038359823608005e+02
1.354055124961168985e+02
1.356278801573321573e+02
1.357752808165876957e+02
1.359214148035113681e+02
1.359267148272159602e+02
1.400888667759463146e+02
1.451021225312737783e+02
1.479418018985240622e+02
1.517233521449975626e+02
1.519320864119035548e+02
1.520211868104087785e+02
1.523957551523479026e+02
1.544645310717006055e+02
1.545743648962702537e+02
1.550208002263040896e+02
1.562337389845562825e+02
1.564165064686580990e+02
1.565243736177650646e+02
1.567237411761113890e+02
1.676402233338635028e+02
1.744917873111006656e+02
1.747533551476402920e+02
1.753616578682994316e+02
1.761370613363235691e+02
1.779853029359940422e+02
1.796702771387776636e+02
1.823667558655571668e+02
1.826042902612729222e+02
1.827080240585599711e+02
1.827859244069724980e+02
1.871645773240124413e+02
1.874216451404255963e+02
1.879417808000872014e+02
1.882871490114275161e+02
1.893681538462664093e+02
1.896917552935873061e+02
1.914537631742405495e+02
1.915491302674405176e+02
1.916733641564150616e+02
1.988846964093973781e+02
2.017060090278349946e+02
2.017112090510923110e+02
2.017842093775892636e+02
2.018070428130461096e+02
2.019605434995842757e+02
2.019749102305067652e+02
2.021772778022707655e+02
2.021867445112776807e+02
2.021966445555560483e+02
2.103578810570244570e+02
2.143461988949412671e+02
2.176927805293329641e+02
2.178035143579279520e+02
2.179323149339938368e+02
2.181560159345058310e+02
2.182362162932052740e+02
2.208066611229596106e+02
2.217194318720312936e+02
2.221103669538379961e+02
2.237412742481384385e+02
2.240822757732818786e+02
2.241957096139527721e+02
2.243839771226536755e+02
2.246580450151003276e+02
2.282676611592581253e+02
2.285678958354034762e+02
2.287125964825831090e+02
2.288268636603144728e+02
2.290853648164716105e+02
2.291702651961920765e+02
2.291772652274999871e+02
2.306922386699481820e+02
2.309156063356359709e+02
2.309623065445045995e+02
2.311634407774191402e+02
2.312306410779752355e+02
2.313404749025449121e+02
2.341272206997143144e+02
2.344690555619182248e+02
2.345662893301335998e+02
2.346838898561068447e+02
2.361342963431099520e+02
2.361911965975986902e+02
2.364923646112517588e+02
2.379264043583872876e+02
2.391072429730702709e+02
2.396789121965512379e+02
2.433923621384433034e+02
2.436125631233013280e+02
2.437699638272825098e+02
2.469953115861173387e+02
2.473150130159952482e+02
2.475531474143945445e+02
2.495703897699278855e+02
2.496133232952831804e+02
2.498777244778284228e+02
2.500325251701809748e+02
2.502526594880741300e+02
2.531840059319759177e+02
2.533710734353097394e+02
2.533914735265499871e+02
2.536003411273856614e+02
2.565756211011153027e+02
2.568068888021363136e+02
2.571470236567369057e+02
2.572766909033456955e+02
2.573780913568634219e+02
2.611398081812977807e+02
2.613162089702576623e+02
2.613936093164339241e+02
2.614013093508726229e+02
2.614122427331059839e+02
2.682015064317025121e+02
2.684771409978229144e+02
2.687651089524381405e+02
2.695664792032665105e+02
2.697407133158690726e+02
2.733024292457911884e+02
2.766086106994913507e+02
2.770359459440993533e+02
2.772109467267976015e+02
2.812143979657324735e+02
2.814244989054176358e+02
2.815171326530592069e+02
2.816477665706581774e+02
2.834594746735977537e+02
2.860190194546011639e+02
2.861312532899049756e+02
2.874401258105582428e+02
2.876363933550396155e+02
2.878748944217455232e+02
2.879487947522678155e+02
2.880480285294282794e+02
2.909849749983764582e+02
2.919360459187471974e+02
2.928356166087810948e+02
2.929586838258709349e+02
2.966093668203685638e+02
2.967253340057033029e+02
2.969663017501081868e+02
2.971660026432786594e+02
2.972668364275953081e+02
2.973515701399037425e+02
3.013903882036848358e+02
3.016087891804922378e+02
3.052797389323005177e+02
3.057526410473747660e+02
3.059660420018194031e+02
3.064185773591358384e+02
3.076584495711823593e+02
3.101096938678073798e+02
3.103223614856387940e+02
3.105069289777911763e+02
3.107666968062802653e+02
3.109535309752371859e+02
3.127544723633554895e+02
3.134105752978030068e+02
3.135033757128567231e+02
3.136768098218813066e+02
3.140347114226110534e+02
3.155021513191301210e+02
3.164256221160582072e+02
3.174687601148694966e+02
3.177372946492346273e+02
3.178771952749460183e+02
3.197325035728892431e+02
3.205818073714356160e+02
3.205977407760317988e+02
3.206986745607956664e+02
3.226350832214636171e+02
3.253748288084226488e+02
3.272625039177944473e+02
3.280979743211371442e+02
3.284136757331247622e+02
3.329165958726217127e+02
3.330186296623053863e+02
3.331632303090377150e+02
3.333381644247711506e+02
3.368852136224290348e+02
3.370311809419405336e+02
3.371095146256245698e+02
3.502245732832678300e+02
3.520166479650628162e+02
3.543594251098973018e+02
3.546085595574948002e+02
3.591190797309831737e+02
3.599694168674845400e+02
3.620715596027384322e+02
3.623119273444597752e+02
3.623216940548084608e+02
3.625007615223617563e+02
3.634768658880290104e+02
3.637290670160089689e+02
3.646274710341581908e+02
3.665661463716306230e+02
3.667778473184718564e+02
3.669364813613025262e+02
3.672188492908715034e+02
3.676820513625619355e+02
3.679480525522632774e+02
3.688798900532784728e+02
3.707009315312952253e+02
3.708209320680026053e+02
3.708549322200697134e+02
3.709676993910922533e+02
3.713105009242863161e+02
3.713406343923928148e+02
3.713503344357766878e+02
3.713672011778805313e+02
3.766330913964594060e+02
3.766401247612497514e+02
3.766511914774127945e+02
3.768349589659871413e+02
3.830711201908099497e+02
3.877753078971510377e+02
3.879834088278910826e+02
3.887126787562477261e+02
3.888497793694359643e+02
3.890469802514250546e+02
3.891708808055753934e+02
3.895746492781133270e+02
3.898781839690180959e+02
3.902543189846309133e+02
3.929657311115339553e+02
3.930785649495213647e+02
3.955090424865994692e+02
3.960624782951974225e+02
3.974997513901275283e+02
3.991531921185430747e+02
3.993212595368981965e+02
3.996300942515076144e+02
3.998100950565686844e+02
3.998717953325257213e+02
4.001366965173072003e+02
4.002278635917224392e+02
4.002326302797083031e+02
4.014995692794788056e+02
4.035386117325140276e+02
4.039902470858052084e+02
4.044103156312458509e+02
4.059876893527818424e+02
4.063673910510134419e+02
4.065561252284681473e+02
4.069093601416593060e+02
4.094107379958420552e+02
4.101986081862907554e+02
4.134615227798115029e+02
4.135917566956214273e+02
4.137130905716255711e+02
4.138800913185432933e+02
4.156034990265557099e+02
4.174484739449491713e+02
4.178134422439516129e+02
4.178224089507222629e+02
4.179540095393114143e+02
4.179618762411622015e+02
4.217890933585493372e+02
4.218377269093982136e+02
4.218480269554655706e+02
4.225635968225481633e+02
4.227482309816654720e+02
4.280703881185671094e+02
4.283869895345800387e+02
4.292683268097308655e+02
4.304953322975637207e+02
4.323501739267531434e+02
4.326380085474387442e+02
4.336603797867031744e+02
4.339050808811389288e+02
4.355371548473240182e+02
4.358117227420069639e+02
4.365804595135473392e+02
4.368489273809477140e+02
4.369445278085245832e+02
4.405151104447700732e+02
4.419228834077596275e+02
4.423551186742830623e+02
4.425591529201680601e+02
4.459186346122558007e+02
4.462573361271123531e+02
4.464993038759898241e+02
4.465939709660589187e+02
4.466054710174934144e+02
4.467973718757779693e+02
4.502622540392736710e+02
4.503632211575200017e+02
4.505832888084482875e+02
4.508059231375229388e+02
4.545683399650880574e+02
4.547577408121912299e+02
4.547969409875155975e+02
4.547998743339684324e+02
4.550248753402947841e+02
4.550337087131357521e+02
4.585044909030195868e+02
4.613704703878982514e+02
4.669594620515617294e+02
4.671302961489576546e+02
4.672524966955046466e+02
4.675378313050088650e+02
4.677183987792710127e+02
4.710039134738716484e+02
4.712368478490136567e+02
4.713076481656709689e+02
4.713162815376174422e+02
4.713225815657945077e+02
4.715989828020105392e+02
4.725132535577910176e+02
4.734865912444175251e+02
4.756412342144807894e+02
4.760509693803716686e+02
4.774302755493756649e+02
4.775605427986679956e+02
4.790023159137246580e+02
4.791939834376322551e+02
4.793621508564346527e+02
4.794914847682193226e+02
4.794973514611249357e+02
4.811382588001510499e+02
4.811668589280662900e+02
4.813067595537776810e+02
4.843340730935628926e+02
4.871200188871542309e+02
4.951103212907794955e+02
4.953847225180504097e+02
4.955145564320712310e+02
4.956764238226965631e+02
4.957659575564732108e+02
5.007583798852889458e+02
5.039034606184595191e+02
5.042152953464865845e+02
5.042984623851212973e+02
5.044488630577945401e+02
5.045093966618669015e+02
5.045201300432057110e+02
5.085633481266661420e+02
5.086483151733514774e+02
5.087926824857069050e+02
5.090033834280756082e+02
5.091853842420817955e+02
5.115639948805164181e+02
5.117983292619200029e+02
5.147219423379006003e+02
5.149010098054538958e+02
5.196896312227615908e+02
5.198295651819554450e+02
5.198363652123688325e+02
5.215570062413405594e+02
5.256381244943110005e+02
5.257761917784893058e+02
5.257809251329927065e+02
5.296918426247332263e+02
5.315331508600606867e+02
5.317905520112980184e+02
5.347056983827443446e+02
5.400977224987955196e+02
5.403128567943259668e+02
5.404075238843951183e+02
5.406996585243127811e+02
5.407800922173890967e+02
5.408518925385189959e+02
5.408551925532784708e+02
5.452947124092148670e+02
5.455154800632741399e+02
5.482884591322045935e+02
5.507395034279351194e+02
5.509151708802817211e+02
5.510165380003170412e+02
5.511497385960622069e+02
5.511580386331845602e+02
5.513108393165917960e+02
5.514583399762947238e+02
5.515502403873231287e+02
5.542243523473996447e+02
5.545693205569508564e+02
5.578076350404465984e+02
5.603751131902657789e+02
5.606059142225328742e+02
5.607071480086384554e+02
5.607753816471496293e+02
5.608248485350590045e+02
5.609849492511160634e+02
5.624789892666052538e+02
5.647324326785576432e+02
5.648102663600053575e+02
5.648909000539762246e+02
5.649381002650811752e+02
5.649474336401583514e+02
5.650819342417178177e+02
5.650912676167951076e+02
5.687738507539675084e+02
5.689959850808057809e+02
5.691710191969864354e+02
5.779629251858169710e+02
5.781161925379782360e+02
5.783329935076294532e+02
5.787130618741676926e+02
5.788553291771307840e+02
5.790086631962569754e+02
5.791233303757773001e+02
5.815830413769366487e+02
5.822723111263908322e+02
5.833533159612296686e+02
5.879905367013916475e+02
5.881858375748828394e+02
5.901840798454376227e+02
5.907408156687949941e+02
5.908845496449844177e+02
5.910341169805973323e+02
5.931581598138001254e+02
5.975727462248875099e+02
5.979878814149301434e+02
6.024637014332206491e+02
6.026356022020539740e+02
6.027659361183111741e+02
6.028305364072385828e+02
6.028367031014860231e+02
6.069807216357806965e+02
6.070560886395294347e+02
6.087341294779699865e+02
6.088665300701370597e+02
6.091854981634018031e+02
6.093939990959307806e+02
6.128607146009595681e+02
6.172826677116613610e+02
6.173905681942508181e+02
6.174306683736004970e+02
6.191263426242404648e+02
6.200897802665886047e+02
6.208087501488779480e+02
6.248457682046083619e+02
6.250403024080040950e+02
6.251712696604271287e+02
6.252517700204683706e+02
6.254364041795855655e+02
6.256163716511642860e+02
6.256239716851557660e+02
6.257642389791736832e+02
6.257696390033255511e+02
6.282731168669007502e+02
6.284642510550895622e+02
6.285817515806155598e+02
6.286853853774553045e+02
6.288714528763165390e+02
6.288784195741420717e+02
6.302092921931916862e+02
6.309817956482454520e+02
6.312161633631314999e+02
6.315765983085249218e+02
6.357843837946865051e+02
6.373118906265242458e+02
6.375131581933684402e+02
6.376046252691253358e+02
6.381670277844939392e+02
6.394178667122561137e+02
6.396441343909143598e+02
6.398189351727181702e+02
6.399480690836082886e+02
6.400922363950691079e+02
6.404311045773378055e+02
6.437555194459210952e+02
6.477247705318943645e+02
6.489435759830522557e+02
6.505721832670658387e+02
6.507344506594801032e+02
6.508925847000745080e+02
6.510165519211897163e+02
6.525271586774409798e+02
6.527414263024284082e+02
6.527997265631788650e+02
6.528684935374086535e+02
6.531866282936127845e+02
6.569931119849354673e+02
6.571998462428964558e+02
6.574645474267834970e+02
6.574757141433937022e+02
6.576241481406042340e+02
6.576794150544544664e+02
6.578753492641117191e+02
6.578812492904997953e+02
6.578874826517121619e+02
6.581611838758522026e+02
6.581655505620490203e+02
6.596817906768291095e+02
6.606076281510088393e+02
6.617754667075485031e+02
6.619362674267365492e+02
6.620309011833231807e+02
6.622460354788536279e+02
6.624906365728420496e+02
6.652349821803749137e+02
6.662946202529833499e+02
6.693949007857831930e+02
6.698613362052683442e+02
6.711789087648328405e+02
6.733527851542517055e+02
6.734687523395864446e+02
6.735456193500440349e+02
6.736924200066159756e+02
6.738161872268367460e+02
6.738646207767910710e+02
6.738683207933395352e+02
6.741606221006693431e+02
6.741654221221375565e+02
6.742500891674811783e+02
6.775189704543548714e+02
6.776337376343224150e+02
6.777271380520596722e+02
6.777922716767058091e+02
6.777955050245004713e+02
6.778209051381035124e+02
6.795438795108444765e+02
6.797498804321920716e+02
6.799317812457510399e+02
6.874374814819730091e+02
6.876454824122657783e+02
6.934400083285230494e+02
6.935490754829971820e+02
6.936721427000870790e+02
6.946468803929750493e+02
6.947838476722334917e+02
6.964118216200811275e+02
6.969751241394750423e+02
6.970606245218790491e+02
7.006765406942139407e+02
7.007242075740726932e+02
7.007665744302269104e+02
7.009008750308919389e+02
7.009772420391132073e+02
7.011376427565120366e+02
7.014502441546346745e+02
7.015469445871315202e+02
7.016895452249186746e+02
7.033817194599047298e+02
7.034356197009757352e+02
7.057261299453776928e+02
7.057940302490646900e+02
7.058382304467519361e+02
7.059409309060839632e+02
7.059700643697179885e+02
7.061210983785571216e+02
7.061265984031562084e+02
7.061340317697355431e+02
7.091138117635917979e+02
7.093359127569476641e+02
7.107272856465872337e+02
7.107433523851129848e+02
7.123481595626797116e+02
7.128156616536020920e+02
7.129026287092325447e+02
7.129312621706301343e+02
7.131287630539610518e+02
7.131353297499975952e+02
7.133086305250925534e+02
7.145496360755412297e+02
7.147906704869109262e+02
7.149558712257781963e+02
7.151531054412496360e+02
7.153170728412673043e+02
7.154843735895268537e+02
7.183925199296651272e+02
7.186765878668375080e+02
7.189125555888795134e+02
7.190201894036096064e+02
7.212947329099329181e+02
7.215158005653339615e+02
7.227582727890090837e+02
7.242442127682704722e+02
7.246898814282087642e+02
7.249614493094741192e+02
7.259517537386516324e+02
7.279656960794255838e+02
7.281954971072201488e+02
7.283285310355531692e+02
7.297953709293888096e+02
7.303128732439392934e+02
7.305092074553856492e+02
7.348103600258019696e+02
7.350440944045220704e+02
7.366927684449516391e+02
7.389672786177926582e+02
7.393105801532229862e+02
7.410381545465376121e+02
7.411476883697656604e+02
7.413069890822447405e+02
7.415148900120901772e+02
7.433235314346471796e+02
7.433887650597406491e+02
7.435992993346972071e+02
7.545335482385785326e+02
7.546883822644134625e+02
7.548469496402793766e+02
7.548585163586786848e+02
7.548637163819358875e+02
7.552252846657316923e+02
7.556854200570395506e+02
7.566648911044311490e+02
7.577097291108457284e+02
7.578236629537528870e+02
7.584069655625979749e+02
7.584958326267263828e+02
7.588128007110458384e+02
7.604633414264909561e+02
7.606587756339118869e+02
7.643732922472413520e+02
7.650039950680858283e+02
7.676303734813388928e+02
7.677453073287184679e+02
7.678317743821125987e+02
7.678540411483684238e+02
7.694283481895218983e+02
7.698247832959276593e+02
7.700259508623245210e+02
7.710019885610269057e+02
7.722601941884037160e+02
7.724424616702692674e+02
7.726965961402296443e+02
7.727506630487127950e+02
7.742511030928262699e+02
7.750909401823657845e+02
7.770953158136856018e+02
7.772469831586906821e+02
7.806624317677594718e+02
7.807884656647846668e+02
7.809030995108225852e+02
7.823435726200649469e+02
7.824425730628486235e+02
7.826471073109697727e+02
7.827460410867885230e+02
7.828107413761632642e+02
7.838675461027661413e+02
7.852829524332296387e+02
7.862177232806976690e+02
7.862986236425279003e+02
7.863917907258881996e+02
7.883177326730767618e+02
7.893860707845965408e+02
7.894956712747891743e+02
7.896179051548186862e+02
7.897141389185615026e+02
7.898314061097105423e+02
7.921032162704756274e+02
7.930015536216599230e+02
7.954424978722177002e+02
7.956622988552866218e+02
7.958753331414246759e+02
7.975724740652910896e+02
7.978329418969108247e+02
7.981623433701727208e+02
8.007693550301403320e+02
8.011836568831225804e+02
8.037314682783145372e+02
8.037465683458502781e+02
8.079202536794974776e+02
8.080302875049617342e+02
8.081384213219279218e+02
8.081470880273568582e+02
8.081556213988560557e+02
8.081648547734860131e+02
8.081796881731623898e+02
8.082268217173024141e+02
8.083255888257090191e+02
8.084087558643437887e+02
8.085490898253266323e+02
8.086354568782735441e+02
8.107525663471332109e+02
8.109554005876511837e+02
8.143485490969817420e+02
8.144270827815602161e+02
8.144330828083957385e+02
8.149070849283897360e+02
8.149920186415926082e+02
8.150939190973466566e+02
8.151910861985971906e+02
8.153915204283809999e+02
8.195032721516943184e+02
8.202150086682986512e+02
8.247724957185149606e+02
8.247793957493756807e+02
8.249906300274631121e+02
8.250634303530655416e+02
8.251112639003364393e+02
8.251155305860859244e+02
8.266730708855828880e+02
8.291454486100612939e+02
8.317855604180708724e+02
8.318666607807955415e+02
8.347568737073926286e+02
8.348392740759315984e+02
8.348451741023197883e+02
8.350810418239145747e+02
8.352927761042383281e+02
8.353662097660067047e+02
8.355010770358728678e+02
8.394286946023051996e+02
8.395659285494230062e+02
8.397291626128275084e+02
8.423456409818020347e+02
8.426408089686198082e+02
8.446148177974561122e+02
8.453085209000719260e+02
8.499799084597129877e+02
8.505997778987714355e+02
8.507192117662776809e+02
8.507255117944547465e+02
8.507327451601397570e+02
8.509433461020611276e+02
8.527479541732456028e+02
8.529612884607253136e+02
8.533064566711710768e+02
8.535446244030528078e+02
8.549249972434942038e+02
8.551247981371119522e+02
8.738102483752290937e+02
8.738252151088350956e+02
8.738305484660221509e+02
8.745463850009640510e+02
8.748083861727750445e+02
8.765967608380215097e+02
8.767549615455808407e+02
8.796388411105183422e+02
8.801557767558678052e+02
8.802728439461222933e+02
8.803900444703064068e+02
8.805497785180569963e+02
8.825877542996547618e+02
8.829918894404992216e+02
8.831502234819880641e+02
8.832495905930783238e+02
8.832544906149938697e+02
8.835062250742199694e+02
8.835824920819940189e+02
8.837668595732518497e+02
8.838377598903565513e+02
8.839549937480230710e+02
8.840883276776979756e+02
8.840963943804433711e+02
8.874881762169948161e+02
8.874986095969919688e+02
8.876045100706361382e+02
8.877154439001255923e+02
8.878505445043685995e+02
8.906294235996872430e+02
8.907766242580482867e+02
8.910179920042422737e+02
8.911457259088706451e+02
8.913304934019176926e+02
8.915827945303449269e+02
8.917213284832770341e+02
8.918104622152646925e+02
8.924216649488942039e+02
8.977570554783161469e+02
8.978514225670435280e+02
9.011483039791489773e+02
9.013375048253575414e+02
9.015236056577011823e+02
9.043951851676262095e+02
9.044581521159151407e+02
9.046935198352737189e+02
9.048932873954091747e+02
9.067903958803054820e+02
9.069723300273467430e+02
9.077838003233479185e+02
9.079172342534700419e+02
9.080383014616148785e+02
9.106839799611882427e+02
9.108260805967393026e+02
9.117158179094595880e+02
9.145685640018178901e+02
9.146921312211442228e+02
9.148466319121549759e+02
9.150769662756682692e+02
9.157897361302275385e+02
9.163451386142882029e+02
9.189287835030804672e+02
9.190490840411295039e+02
9.191681512403291663e+02
9.194209190375103162e+02
9.195515196216267668e+02
9.196512534010236095e+02
9.196622201167393769e+02
9.196811868682356135e+02
9.197809206476324562e+02
9.199436213753181164e+02
9.234419703551621978e+02
9.234908372403880321e+02
9.234999039476060716e+02
9.235270707357772153e+02
9.236786380803350767e+02
9.237364716723316178e+02
9.238553388706367286e+02
9.238707389395141263e+02
9.239895061373721319e+02
9.244261080900923844e+02
9.248641100490742701e+02
9.258468477777429371e+02
9.260792154836836971e+02
9.282316251104249432e+02
9.285304931137911808e+02
9.286065934541530851e+02
9.286124934805412749e+02
9.287994943169102271e+02
9.288874613770132100e+02
9.290240953214474757e+02
9.290319953567807261e+02
9.303292678255522787e+02
9.320851090119580249e+02
9.322034762080269275e+02
9.323334101224950246e+02
9.324865108072441444e+02
9.347119540939648914e+02
9.349511884972839653e+02
9.352829566477975050e+02
9.367530298894275802e+02
9.368988972084919169e+02
9.378306680425422428e+02
9.379205017776606610e+02
9.379285351469235366e+02
9.503997575916494043e+02
9.504209576864677729e+02
9.505698250189497003e+02
9.511144607881890352e+02
9.523914664996500505e+02
9.525303004539240419e+02
9.618053752704138333e+02
9.647122882717026187e+02
9.657956931172756185e+02
9.659671605508375478e+02
9.660327608442376004e+02
9.756109703498431145e+02
9.765602745956457511e+02
9.766864418266005714e+02
9.775603124016896572e+02
9.776631128614689032e+02
9.818292981615719555e+02
9.820057322840141296e+02
9.826957353700815929e+02
9.828848028823606455e+02
9.828940362569906029e+02
9.836832397867360669e+02
9.839437742853207283e+02
9.864311520768876562e+02
9.870802549800272345e+02
9.871422219238436355e+02
9.872261222990915712e+02
9.876419241587825582e+02
9.879522922135832914e+02
9.880811594566140457e+02
9.887913626330271200e+02
9.889854301676689374e+02
9.924331122542365620e+02
9.933363496273365172e+02
9.954119922440673918e+02
9.956383599231728567e+02
9.957214936283252200e+02
9.957847605779559217e+02
9.958233940840792684e+02
9.959107611414987105e+02
9.967292648022901176e+02
9.971609667330949378e+02
9.974299679362139841e+02
9.975010349207307172e+02
9.975058016087165242e+02
9.977205692359403884e+02
9.978565031772438942e+02
1.002631591200689513e+03
1.003270360724279385e+03
1.003366127819268399e+03
1.003672162521354608e+03
1.004080564347948666e+03
1.004264931839206611e+03
1.004618366753292321e+03
1.004702833797741164e+03
1.005617304554416251e+03
1.005714738323526262e+03
1.005854305614413306e+03
1.006052973169628899e+03
1.006660609220639572e+03
1.006785343111850466e+03
1.006904710312391785e+03
1.007604280107913382e+03
1.009069586661557764e+03
1.011431897227089621e+03
1.011521830962655258e+03
1.011694565068549082e+03
1.011731531900551431e+03
1.012256500915163770e+03
1.014890446028925794e+03
1.015109547008864070e+03
1.015576915765856825e+03
1.015629616001560748e+03
1.015645749407051539e+03
1.015779050003243924e+03
1.015803983448093163e+03
1.015906517240013045e+03
1.016075017993639676e+03
1.016232718698962572e+03
1.016353852574072221e+03
1.016626920462046314e+03
1.016698587449246588e+03
1.016803554585383040e+03
1.017727358717135417e+03
1.019622067191297447e+03
1.019813001378591935e+03
1.019862568266948529e+03
1.019916735175878898e+03
1.020178336345901016e+03
1.020328570351162170e+03
1.021983811087628283e+03
1.022680714204556352e+03
1.022974615519042118e+03
1.023656318567987341e+03
1.024878790702211063e+03
1.024896890783164508e+03
1.025078524928864226e+03
1.025155325272356777e+03
1.026043129243096928e+03
1.026269463588719873e+03
1.026455497754098815e+03
1.028172738767863848e+03
1.028299406001054876e+03
1.028522807000225157e+03
1.029667945455237714e+03
1.032271557099998518e+03
1.033641063225171592e+03
1.033780263847752167e+03
1.033787563880401876e+03
1.033961097989873679e+03
1.034320166262488101e+03
1.035017002712451131e+03
1.035167136717265066e+03
1.037142078883609202e+03
1.037419846792604176e+03
1.038251350511538931e+03
1.038257117203997495e+03
1.040494927212695529e+03
1.040529394033516610e+03
1.040778961816385390e+03
1.042414202463400215e+03
1.042663470244927339e+03
1.043034471904247766e+03
1.043044538615938336e+03
1.043069305393375316e+03
1.043090738822570529e+03
1.043286073029544241e+03
1.045154048050806523e+03
1.050970440731530289e+03
1.051467509621358431e+03
1.052190279520643344e+03
1.052356646931395289e+03
1.053325651265307215e+03
1.053668586132430846e+03
1.053675152828467390e+03
1.053824686830597784e+03
1.057499836601190964e+03
1.058370273827590609e+03
1.060101348236559488e+03
1.060125081676041418e+03
1.060138848404280452e+03
1.061526321276476892e+03
1.062762926807246458e+03
1.062876827316671097e+03
1.063060328137386250e+03
1.067559814928194101e+03
1.067584148370359571e+03
1.067864982959737517e+03
1.067910016494485035e+03
1.068096183993793602e+03
1.068242284647234783e+03
1.068399718684698200e+03
1.068522485900446327e+03
1.071344165187190583e+03
1.072064101740470051e+03
1.072184035610212504e+03
1.072858771961332195e+03
1.072927605602526910e+03
1.072978339162768179e+03
1.072983205851201319e+03
1.073201906829350719e+03
1.074602579760585058e+03
1.074841714163456800e+03
1.075913218955806315e+03
1.075920885656762721e+03
1.077832494206511001e+03
1.078136128897863273e+03
1.078571497511733924e+03
1.080043470761861954e+03
1.080204971484180533e+03
1.080214304859257936e+03
1.080343172102288690e+03
1.080424705800284755e+03
1.080553273041973853e+03
1.083174951434205923e+03
1.083407885809347590e+03
1.083513686282544768e+03
1.086244265161838484e+03
1.088108306832175458e+03
1.088174973797013081e+03
1.088502175260435024e+03
1.089339279004416312e+03
1.092279525488123681e+03
1.092746160908503498e+03
1.092827161270780834e+03
1.096086975850436602e+03
1.101090698229792224e+03
1.101099564936115712e+03
1.101517166803857435e+03
1.101811668121026742e+03
1.102125902859787857e+03
1.103082373804310691e+03
1.103293241414091199e+03
1.103514875738693263e+03
1.103765143524693030e+03
1.104362146194812112e+03
1.110909442144531340e+03
1.112457682402433420e+03
1.112745650357048589e+03
1.112982284748739175e+03
1.113335919663719324e+03
1.113958555781818404e+03
1.114163723366105614e+03
1.114313090700823977e+03
1.118236041579717494e+03
1.118460275915948159e+03
1.119132978924640383e+03
1.119916215761032845e+03
1.120095149894656743e+03
1.121434855886547211e+03
1.121596189941453758e+03
1.122204392661665679e+03
1.122659028028374451e+03
1.123451264905020025e+03
1.126225143977975904e+03
1.126473045086723914e+03
1.126779479790598998e+03
1.127281682036719531e+03
1.130950198444311127e+03
1.131419233875424879e+03
1.131495400882751710e+03
1.131633468166930015e+03
1.131650934911717286e+03
1.131659101614909787e+03
1.131666968316760631e+03
1.131781602162798663e+03
1.131849735800862391e+03
1.131939336201603965e+03
1.132055070052561632e+03
1.132061036745914635e+03
1.132208170737310866e+03
1.132219104119544227e+03
1.132460738533597578e+03
1.132570872359508940e+03
1.132904007182801706e+03
1.133021541041809996e+03
1.133161275000109072e+03
1.133338142457822869e+03
1.133342642477949312e+03
1.133472643059382563e+03
1.133476209742001174e+03
1.133620043718637817e+03
1.133780377769071947e+03
1.133894111611084782e+03
1.134163612816439809e+03
1.134348346976004677e+03
1.134842882521168576e+03
1.135353618138788079e+03
1.135498718787756616e+03
1.135591319201915894e+03
1.135595919222489783e+03
1.135845553672323376e+03
1.135850053692449819e+03
1.135861787078261386e+03
1.135873453797107913e+03
1.136370322686041163e+03
1.136375022707062499e+03
1.136594157020482953e+03
1.136763291110275532e+03
1.137992796609289826e+03
1.142432416465673668e+03
1.142440449834936544e+03
1.142594417190228341e+03
1.142967585525906088e+03
1.144918894253215058e+03
1.145061594891449658e+03
1.145611130682604653e+03
1.147022570328660095e+03
1.147704406711535285e+03
1.152145559908110044e+03
1.152435827873012386e+03
1.153979368109893130e+03
1.154127268771385161e+03
1.155055506256299168e+03
1.156420145693038876e+03
1.156433812420830463e+03
1.156692313576987772e+03
1.156944681372379591e+03
1.157066848585444404e+03
1.157190082469946219e+03
1.157894885622207539e+03
1.158131786681757376e+03
1.158515621731809006e+03
1.158526755114936577e+03
1.160131062290267209e+03
1.161518035160227328e+03
1.161767369608719264e+03
1.161882036788239702e+03
1.162253605116761037e+03
1.162330338793289002e+03
1.162344172188492848e+03
1.162352105557308505e+03
1.162487872831199866e+03
1.162799774226191857e+03
1.162900274675684386e+03
1.162939508184490933e+03
1.163279643039091525e+03
1.163304676484387983e+03
1.163345710001245607e+03
1.163433277059559487e+03
1.163530477494292427e+03
1.163534744180042026e+03
1.163768078556973023e+03
1.164122580142495963e+03
1.164127580164858955e+03
1.164314647668192720e+03
1.164934417106803949e+03
1.170098640204005733e+03
1.170279041010855735e+03
1.171521446567566045e+03
1.171967115227504109e+03
1.172154349398250361e+03
1.172332883530084928e+03
1.172453084067686859e+03
1.172526151061148539e+03
1.172540251124211863e+03
1.172550817838138528e+03
1.172713818567166072e+03
1.172845685823614303e+03
1.172888219347180666e+03
1.173158920557903002e+03
1.173825023537076277e+03
1.174535660048760747e+03
1.174551226785050176e+03
1.174678327353512941e+03
1.174692994085777173e+03
1.175783932298376840e+03
1.175927432940189419e+03
1.175934599638909276e+03
1.176410335099989425e+03
1.176984937669923056e+03
1.177469439836879019e+03
1.177657107342896552e+03
1.177916441836114245e+03
1.178356510471006004e+03
1.179357181613215744e+03
1.180619320591517862e+03
1.180784554663867539e+03
1.181220523280421958e+03
1.181377723983508531e+03
1.182479495577894340e+03
1.182639896295293283e+03
1.182906164152853989e+03
1.182970097772132931e+03
1.182974197790470498e+03
1.183078231589099460e+03
1.183192898768619671e+03
1.183262099078120855e+03
1.183675200925735908e+03
1.183860335087089652e+03
1.184071602698659490e+03
1.185149774187492767e+03
1.186288479280398406e+03
1.186750481346721699e+03
1.187005749155084459e+03
1.187769785905603840e+03
1.187955986738394586e+03
1.188153920956996899e+03
1.188202554507845889e+03
1.188406322085871579e+03
1.188490989131215201e+03
1.189136592018700640e+03
1.189461826806660156e+03
1.190617965310870886e+03
1.191795537244276602e+03
1.191803737280951736e+03
1.191989904780260304e+03
1.192253305958332930e+03
1.192675141178341619e+03
1.192680807870352965e+03
1.192810041781690188e+03
1.192830941875166673e+03
1.193018942716008496e+03
1.193026709417411894e+03
1.193039576141625503e+03
1.193626712100948907e+03
1.195224419246760135e+03
1.195504587166489500e+03
1.195587820872089196e+03
1.195685487975575825e+03
1.195690054662667308e+03
1.196060989655022922e+03
1.196299957390482405e+03
1.198503700580148461e+03
1.198782001824862391e+03
1.199237803863456065e+03
1.199532438514554769e+03
1.199649005702573277e+03
1.200600476624732892e+03
1.201024645188511158e+03
1.201043378605630551e+03
1.201296313070223505e+03
1.202858553390741463e+03
1.202936287071742072e+03
1.202939887087843317e+03
1.203532956407037091e+03
1.204801428746998681e+03
1.205345231179177517e+03
1.205470798407449138e+03
1.205779099786339657e+03
1.205902567005218543e+03
1.205955433908334726e+03
1.206120334645860112e+03
1.206126934675378834e+03
1.206386535836456005e+03
1.207799375488773194e+03
1.208829213428099138e+03
1.208950247302761682e+03
1.209420349405312663e+03
1.210104019129720655e+03
1.210344253537512259e+03
1.210453987361634745e+03
1.210494320875361382e+03
1.210498454227181355e+03
1.210575854573357446e+03
1.210580154592589679e+03
1.212051661173963566e+03
1.212261595446236697e+03
1.212368462590871104e+03
1.212555063425451181e+03
1.212757430997215124e+03
1.213069699060513813e+03
1.213075099084665453e+03
1.213131199335576184e+03
1.213309800134375791e+03
1.213315133491562619e+03
1.213491167612215804e+03
1.213725401993172227e+03
1.213792768961140382e+03
1.213796402310724034e+03
1.214631206044418377e+03
1.215427409605471667e+03
1.216770482279086764e+03
1.217084350349541182e+03
1.217272484524312404e+03
1.217382751684153391e+03
1.217574052539754575e+03
1.217635552814817174e+03
1.217823420321729145e+03
1.217863653835008336e+03
1.218556423600116659e+03
1.220393365149247074e+03
1.220558199219807420e+03
1.220617399484583302e+03
1.220905934108399833e+03
1.221474269983638578e+03
1.221729571125483517e+03
1.221872971766849105e+03
1.222123372886778270e+03
1.222369507320958064e+03
1.223661279765130530e+03
1.223783680312572187e+03
1.223998847941584927e+03
1.224004747967973117e+03
1.224295449268146740e+03
1.224471050053528643e+03
1.224993019054722936e+03
1.225127919658071505e+03
1.225135153023756629e+03
1.227653430953525685e+03
1.227660230983938845e+03
1.229429272229382377e+03
1.230182975600351938e+03
1.230408576609362171e+03
1.230441343422579394e+03
1.230553543924400856e+03
1.230557510608808798e+03
1.231137079867623015e+03
1.231439047884854290e+03
1.231604515291580583e+03
1.231826082949217835e+03
1.232771587178024674e+03
1.233034821688685270e+03
1.233376423216512194e+03
1.234106326481034785e+03
1.234665762316468090e+03
1.236746771623868653e+03
1.237388007825157274e+03
1.237516175065057269e+03
1.237954177024039382e+03
1.239092948783909605e+03
1.239403483506122484e+03
1.240813556479399040e+03
1.242238496185834038e+03
1.242680464829223865e+03
1.242886632417983492e+03
1.243147600251839776e+03
1.251497170928973901e+03
1.256044657934464567e+03
1.256115291583710132e+03
1.256331492550677694e+03
1.260310843681823826e+03
1.261306981470424716e+03
1.261624549557427827e+03
1.262488920090027477e+03
1.262931855404407315e+03
1.265599134000588265e+03
1.267229907960959054e+03
1.269050449436739427e+03
1.270037387184192767e+03
1.271427026732746526e+03
1.271667127806608505e+03
1.272246097062739182e+03
1.273604003136030315e+03
1.276058114112143585e+03
1.276182348001117816e+03
1.276514416152973354e+03
1.276691250277204517e+03
1.276699083645572955e+03
1.276706117010363187e+03
1.280487367255494974e+03
1.280782868577136924e+03
1.280980202793055469e+03
1.281287637501403424e+03
1.283241512906858816e+03
1.283685781560535588e+03
1.285159921487020711e+03
1.286202626150560491e+03
1.286933729420450163e+03
1.287123196934518319e+03
1.287142063685567109e+03
1.287699566179020167e+03
1.289732175269948584e+03
1.293248190995474715e+03
1.293492858756427950e+03
1.294215361987853612e+03
1.294232328730404561e+03
1.294456329732258610e+03
1.294467896450657690e+03
1.295290566796751591e+03
1.295445767490893104e+03
1.296038103473473939e+03
1.296646939529851579e+03
1.296657006241542149e+03
1.297092474855860019e+03
1.297170208536860400e+03
1.298012445637134306e+03
1.298073612577372614e+03
1.298525647932452785e+03
1.300071688180515139e+03
1.301996596789748537e+03
1.305424745455618904e+03
1.306467983454877412e+03
1.307191720025152790e+03
1.308858394146088358e+03
1.309135228717575728e+03
1.309749864799894340e+03
1.314017683887892190e+03
1.314109717632850334e+03
1.314128917718723415e+03
1.315256422761536442e+03
1.315456823657837731e+03
1.318363536658232078e+03
1.325664135977131764e+03
1.325729569603119671e+03
1.328272647643808114e+03
1.332260065477699754e+03
1.332630400467371828e+03
1.333245269884067284e+03
1.334051806824670621e+03
1.334637942779521154e+03
1.334778210073539185e+03
1.334857577095178158e+03
1.335551446865206117e+03
1.335732881010010942e+03
1.335975848763361000e+03
1.337987691094742786e+03
1.338708427651600232e+03
1.338857594985423930e+03
1.339107129434810304e+03
1.339110996118771027e+03
1.339280630210799700e+03
1.339407797446227050e+03
1.342158709749796344e+03
1.342230376736996732e+03
1.342563344892877240e+03
1.346438962226736294e+03
1.346654029855301815e+03
1.350016244892947952e+03
1.350305846188201713e+03
1.350330046296437786e+03
1.350333979647363094e+03
1.351853453109937846e+03
1.352624356557835654e+03
1.352899157786895330e+03
1.353146458892959799e+03
1.353461526968781300e+03
1.353935762423152482e+03
1.356881542264941572e+03
1.357331177609287806e+03
1.357573345359059658e+03
1.357656912399483417e+03
1.357747279470320336e+03
1.358479549412094684e+03
1.368195792868396211e+03
1.368482694151574151e+03
1.369434365074628431e+03
1.369977600837606133e+03
1.370579436862676175e+03
1.371277973320242609e+03
1.371421940630809104e+03
1.371879676011383026e+03
1.372101677004291560e+03
1.374567554699698576e+03
1.375211324245650985e+03
1.376046894649440901e+03
1.376066694737997750e+03
1.376179161907678463e+03
1.376200162001602166e+03
1.376324395890576852e+03
1.376907265164150431e+03
1.376919765220057570e+03
1.376933898616602846e+03
1.376945165333660725e+03
1.377428467495249379e+03
1.377657401852501152e+03
1.377665668556141100e+03
1.377670501911091833e+03
1.377807069188561172e+03
1.378447272051894970e+03
1.378822273729105518e+03
1.378972807735708329e+03
1.378982441112127390e+03
1.379152508539427799e+03
1.379746811197471061e+03
1.381597752809217582e+03
1.384231464588602421e+03
1.385612570765657210e+03
1.389582921856550229e+03
1.389733189195293789e+03
1.389737055879254285e+03
1.389924390050447528e+03
1.390151291065271835e+03
1.390253458188885133e+03
1.393361772090947852e+03
1.393765007227767001e+03
1.393775140606422383e+03
1.393781840636388324e+03
1.394341243138339451e+03
1.394432343545789536e+03
1.394577944196994622e+03
1.395761082821964692e+03
1.395889283395346865e+03
1.400862905640078452e+03
1.400914372536932888e+03
1.400930405941976232e+03
1.400976039479407518e+03
1.400986339525475159e+03
1.401150540259869558e+03
1.401154973613031189e+03
1.401970643927817036e+03
1.404167187085280830e+03
1.405039424319731324e+03
1.406138529235523492e+03
1.406227996302335441e+03
1.411382419355706134e+03
1.411457086356323998e+03
1.411641020512310661e+03
1.412426557358989839e+03
1.412891659439178284e+03
1.414901435094649742e+03
1.415146836192216369e+03
1.416676309699516651e+03
1.417712414333537708e+03
1.418926786431533628e+03
1.420151225241220573e+03
1.421700498837077475e+03
1.426476520198030812e+03
1.426959855693102327e+03
1.427217523512198795e+03
1.427458691257498231e+03
1.427463557945931370e+03
1.427616258628891728e+03
1.427736125831669369e+03
1.428673663358178146e+03
1.428930897842003333e+03
1.429099798597418840e+03
1.429297699482538974e+03
1.429726501400373309e+03
1.429879668752087355e+03
1.430233237000102463e+03
1.430514304923857253e+03
1.431101607550592462e+03
1.432158512277642558e+03
1.432340946426920254e+03
1.432585580854391310e+03
1.432866082108944738e+03
1.433417184573773284e+03
1.435098125425184207e+03
1.435179959124522156e+03
1.440475482808971265e+03
1.440761850756430476e+03
1.441136152430510265e+03
1.446606843565069539e+03
1.446744677514871000e+03
1.446991245284322304e+03
1.448281217720444147e+03
1.448907520521609285e+03
1.449918725044263510e+03
1.451642832755406744e+03
1.455812018068927273e+03
1.456131052829156943e+03
1.456327253706673446e+03
1.456585421528006464e+03
1.457307424757195804e+03
1.457827627083822108e+03
1.457992094486076212e+03
1.458156661888777307e+03
1.458159895236572083e+03
1.460852473945908514e+03
1.463534519274800687e+03
1.463917220986450047e+03
1.466977234672488066e+03
1.467254169244422656e+03
1.467418836647571197e+03
1.469052310620017806e+03
1.469258178207435776e+03
1.470470316962110019e+03
1.473025128388610028e+03
1.473088962007441978e+03
1.473149862279820809e+03
1.473196862490031208e+03
1.473200262505237788e+03
1.473330629754977508e+03
1.473407796766776755e+03
1.473797931845005451e+03
1.473920032391105224e+03
1.475236638279679482e+03
1.475490272747403651e+03
1.475748273901324410e+03
1.475875907805505676e+03
1.476291242996442634e+03
1.476297943026409030e+03
1.476525410710434471e+03
1.476962112663602056e+03
1.477700682633553470e+03
1.477946350398979348e+03
1.478227484989698723e+03
1.479022155210560868e+03
1.481276065291267287e+03
1.481785800904414145e+03
1.481965301707238950e+03
1.483149440336681437e+03
1.483338941184231771e+03
1.485444750602551721e+03
1.485668784937887722e+03
1.489373101505597106e+03
1.492124947146674003e+03
1.492351848161498310e+03
1.494327523664455384e+03
1.494398723982901856e+03
1.495013526732632727e+03
1.495093460423472607e+03
1.495168427425432583e+03
1.495239727744326274e+03
1.495412528517184683e+03
1.495819097002245826e+03
1.497463671024337827e+03
1.498055607005129332e+03
1.498191840947774836e+03
1.498621742870528806e+03
1.498808777040380164e+03
1.498812410389963816e+03
1.499291945868039420e+03
1.499677080923905351e+03
1.509123789841368989e+03
1.511037065065238494e+03
1.511197099114330740e+03
1.511876802154330790e+03
1.515274284016375759e+03
1.515581252055969799e+03
1.515866053329755232e+03
1.517073025394654451e+03
1.519152668029275901e+03
1.519574136580978120e+03
1.519959338303808636e+03
1.523502154149199214e+03
1.523771088685353334e+03
1.524631592533992489e+03
1.525662030476002201e+03
1.526103499117155707e+03
1.526115465837344118e+03
1.526318566745721228e+03
1.526506767587457261e+03
1.526514034286624792e+03
1.526521834321510596e+03
1.526537901060036575e+03
1.526882802602623087e+03
1.527384504846507070e+03
1.527495538676443630e+03
1.528649910506086371e+03
1.528886178229470033e+03
1.529314480145068273e+03
1.529462614140936921e+03
1.530333084700819199e+03
1.536125243939824713e+03
1.536382811758474190e+03
1.537225882195808481e+03
1.537591950499730501e+03
1.537797718086701252e+03
1.537962118821990543e+03
1.538130686242581987e+03
1.538134919594849180e+03
1.538534421381637458e+03
1.540344696144833051e+03
1.541657202015069970e+03
1.544428614410326418e+03
1.544440914465339119e+03
1.544856282989758711e+03
1.545119817501761190e+03
1.545861054150306018e+03
1.546034421592365788e+03
1.546169755530985640e+03
1.546266922632236401e+03
1.546510390387822554e+03
1.546525290454463857e+03
1.546610324168113948e+03
1.546614890855205203e+03
1.546879125370338443e+03
1.548021597146757586e+03
1.548061597325659932e+03
1.548635799893804688e+03
1.549647571085660047e+03
1.550400507786533808e+03
1.550580241923735684e+03
1.550587275288525916e+03
1.550593475316255763e+03
1.550604408698489124e+03
1.552865152143091109e+03
1.555437563648308242e+03
1.555796798588334696e+03
1.556737469462190802e+03
1.558234876159404394e+03
1.558442110419601704e+03
1.558504710699583939e+03
1.558690678197997840e+03
1.559620782357927283e+03
1.561561557704792222e+03
1.562232794040257659e+03
1.562833796728267316e+03
1.563408799299989823e+03
1.566104678024085842e+03
1.566753080924094775e+03
1.566814681199604593e+03
1.566860714738824754e+03
1.567600784715485133e+03
1.567818485689161662e+03
1.569390526053510712e+03
1.569713427497700877e+03
1.574805383605018960e+03
1.574923550800193198e+03
1.575109384964677474e+03
1.575278752388847124e+03
1.575541853565577867e+03
1.577463428826569498e+03
1.577542262512489970e+03
1.579369537351719146e+03
1.579468037792266159e+03
1.579575904941373210e+03
1.580848777301014252e+03
1.582805052717204035e+03
1.583136287531998732e+03
1.583246521358357313e+03
1.583355921847655509e+03
1.585798999441087972e+03
1.586059433939225300e+03
1.586314001744457073e+03
1.586556102827264112e+03
1.588163043347705525e+03
1.588381510991477853e+03
1.588890646601941398e+03
1.591008856075720814e+03
1.595854011079210977e+03
1.595981211648120734e+03
1.599489560672690232e+03
1.600112096790342321e+03
1.602683274956709738e+03
1.603244144131886969e+03
1.603784913217165922e+03
1.603969080707529429e+03
1.604216148479216827e+03
1.604321748951519339e+03
1.605607488035373990e+03
1.606240624200435150e+03
1.606313857861308861e+03
1.609062303487179406e+03
1.609637072724525069e+03
1.610701877486908415e+03
1.613794657986164339e+03
1.615704333193932371e+03
1.615948967621403426e+03
1.616631970676162837e+03
1.618045810332952442e+03
1.618561645973382156e+03
1.619047781480976710e+03
1.619687117673767716e+03
1.622099828464716666e+03
1.622973032370157398e+03
1.623275867057931237e+03
1.626741382557592942e+03
1.627487285893676699e+03
1.627768353817431262e+03
1.631470403708335880e+03
1.631845972054747563e+03
1.632437841368574482e+03
1.633418312420438497e+03
1.633753347252229105e+03
1.633937248074733134e+03
1.640667044840694643e+03
1.642462286203319081e+03
1.642986121879529264e+03
1.643446857273520891e+03
1.643592891259997259e+03
1.643672158281189013e+03
1.643921859397987646e+03
1.644025126526520808e+03
1.644477928551696550e+03
1.644740863061015489e+03
1.644750096435645219e+03
1.644758829808039081e+03
1.644940963955975121e+03
1.644955264019932429e+03
1.644973664102227758e+03
1.645022364320041333e+03
1.645038097723743022e+03
1.645166398297572641e+03
1.645207598481842069e+03
1.645243298641512638e+03
1.645409999387088646e+03
1.647344408038811480e+03
1.648684247364631801e+03
1.648852748118258432e+03
1.650240087656525247e+03
1.651406159538496695e+03
1.651998195519735646e+03
1.652333663686797536e+03
1.655379610643254864e+03
1.655928913100032787e+03
1.656085780468295297e+03
1.656429415338549916e+03
1.662099874033244532e+03
1.662272608139138356e+03
1.662504509176325200e+03
1.671065647466371274e+03
1.671233614884278950e+03
1.671329048644443901e+03
1.672379520009387306e+03
1.673439191415478263e+03
1.674013060648798728e+03
1.675100598846191815e+03
1.676149703538355880e+03
1.677058274268642890e+03
1.679529151986412444e+03
1.679782386452347509e+03
1.679943887174666088e+03
1.679959287243543486e+03
1.681389093638411850e+03
1.682791766578591478e+03
1.682923100499320981e+03
1.682963600680459876e+03
1.683123434728657685e+03
1.683156768211076269e+03
1.683263068686509541e+03
1.683831271227819116e+03
1.683878538105888765e+03
1.684020605407957419e+03
1.688430391797576249e+03
1.688652526124414862e+03
1.689094461434322056e+03
1.694482918867754506e+03
1.696514861289034570e+03
1.699034072556311230e+03
1.699411207576396464e+03
1.702369687474987131e+03
1.706733873660657537e+03
1.706750907070173298e+03
1.706935274561431243e+03
1.708910983397871178e+03
1.709773153920631103e+03
1.716502984020075019e+03
1.716683651494784499e+03
1.717049786465671559e+03
1.717144286888328679e+03
1.717343721113639731e+03
1.722943612826054277e+03
1.723798583316611939e+03
1.723803850006833954e+03
1.724413252732412957e+03
1.724568720094413720e+03
1.724572653445339256e+03
1.724690520639171837e+03
1.725030788827702054e+03
1.725036255518818734e+03
1.725041555542523383e+03
1.725050322248399425e+03
1.726292161135908600e+03
1.729208007510485686e+03
1.729377108266795858e+03
1.730812048017956613e+03
1.732404021804792137e+03
1.734456964319995905e+03
1.735918237522267646e+03
1.736035804714758342e+03
1.736439939855602915e+03
1.736885041846339846e+03
1.740666092090577195e+03
1.742591200700705258e+03
1.742643300933725641e+03
1.742649600961902706e+03
1.742897968739404405e+03
1.743091802939669378e+03
1.743161503251407112e+03
1.744533309386866677e+03
1.744700176799854717e+03
1.746815052925392592e+03
1.746876986535726473e+03
1.746961020244904148e+03
1.747060854024748323e+03
1.747066187381935151e+03
1.747082587455285193e+03
1.749004696051995552e+03
1.749126696597648106e+03
1.749237297092313383e+03
1.749306397401367349e+03
1.749431664628296858e+03
1.749488598216267974e+03
1.749630865519231065e+03
1.751324139759136870e+03
1.751471007082673850e+03
1.752280810704554142e+03
1.752394611213531562e+03
1.753159547968076140e+03
1.753307048627779068e+03
1.754593487714764478e+03
1.754953922660158014e+03
1.755042723057321609e+03
1.755691592626084230e+03
1.756947198241832211e+03
1.757114098988302885e+03
1.758614139030627484e+03
1.760353580143683303e+03
1.761114150212031063e+03
1.761605419075918007e+03
1.761625885834123210e+03
1.761759419764692439e+03
1.762048887726016574e+03
1.762077754521791348e+03
1.763109225801755883e+03
1.763149959317271623e+03
1.763153592666855275e+03
1.763343326848782681e+03
1.763432227246393268e+03
1.763548761100929141e+03
1.765842371359196022e+03
1.766307640106796498e+03
1.766519607721497096e+03
1.766904042774232266e+03
1.767297544534185135e+03
1.767643046079454962e+03
1.767974114226837855e+03
1.768850951481862012e+03
1.770840960382259254e+03
1.771116694948826989e+03
1.771272995647888138e+03
1.771590663735338694e+03
1.771676764120426242e+03
1.773523539046870155e+03
1.783658684376727479e+03
1.787301800670716148e+03
1.788277438367629657e+03
1.790136280014709200e+03
1.790381114443074694e+03
1.791990321640320417e+03
1.792212255966264365e+03
1.792391623435159318e+03
1.793347427710033799e+03
1.795544437536251053e+03
1.795692738199531959e+03
1.797792780925393572e+03
1.800100624580653175e+03
1.800780527621547662e+03
1.803512673174515157e+03
1.805744116488071313e+03
1.806025351079237907e+03
1.806261318801280140e+03
1.806348085856015814e+03
1.806412486144048898e+03
1.806513653263189781e+03
1.807347390325446440e+03
1.810771405639497061e+03
1.814700623213085237e+03
1.815674060900159020e+03
1.815740761198478822e+03
1.816103062818888020e+03
1.816212329974256363e+03
1.816329297164063746e+03
1.816461697756230933e+03
1.816548898146238344e+03
1.816553031498058090e+03
1.817802637086970890e+03
1.818065138261018319e+03
1.818912042048830699e+03
1.819426011014244750e+03
1.819550844905902750e+03
1.819639445302171907e+03
1.819807179385702739e+03
1.821060251656786932e+03
1.830361226589116313e+03
1.832659336867509637e+03
1.833292139697746734e+03
1.842491014173427175e+03
1.844141154887083303e+03
1.844611256989634512e+03
1.846300331210755530e+03
1.846570465752276732e+03
1.846582565806394769e+03
1.846590899176999301e+03
1.846621599314306877e+03
1.846632366029128207e+03
1.846810133490867429e+03
1.846817066855210442e+03
1.847271068885753266e+03
1.847283202273353709e+03
1.847286535621595704e+03
1.849988081037702841e+03
1.851078152579759490e+03
1.851996223352535708e+03
1.853564330365959222e+03
1.853885231801204327e+03
1.854589901619536022e+03
1.854713235504485056e+03
1.854970036653038960e+03
1.856638977450779294e+03
1.857517314712512416e+03
1.857616515156190417e+03
1.857836616140601109e+03
1.861313265023390841e+03
1.861514699257647180e+03
1.862879338694386661e+03
1.863187506739347782e+03
1.865516517155943575e+03
1.866037719487042295e+03
1.866294153967289503e+03
1.867768693895563956e+03
1.867836760866662644e+03
1.867845694239951172e+03
1.867908827855652135e+03
1.867985861533521756e+03
1.868084328640586591e+03
1.868235262648978505e+03
1.868310129650491035e+03
1.868922732390382180e+03
1.869021666166200930e+03
1.869131199989428751e+03
1.869153466755684576e+03
1.869168866824561974e+03
1.869207866998991904e+03
1.869217600375857955e+03
1.869228900426398013e+03
1.869240633812209353e+03
1.869852236547628081e+03
1.871072508672012418e+03
1.871284076284923913e+03
1.871403710153324710e+03
1.871734078297576616e+03
1.871861078865591708e+03
1.872024246262031511e+03
1.872032879633977927e+03
1.873659553576011149e+03
1.873750853984355899e+03
1.876676600403211523e+03
1.876734433995208065e+03
1.876928334862437623e+03
1.876997168503632111e+03
1.877005301873342205e+03
1.877018301931485667e+03
1.877307669892362583e+03
1.877313369917856107e+03
1.877330603328266761e+03
1.877427837096481881e+03
1.877478303988864127e+03
1.878854143475696446e+03
1.879411312634325213e+03
1.879574313363352758e+03
1.879578446715172731e+03
1.879583113402711206e+03
1.881894557074072281e+03
1.882373125881157875e+03
1.882527293237344111e+03
1.882860628061531543e+03
1.883138262636596892e+03
1.883816199002028725e+03
1.884026299941713887e+03
1.884215267453545721e+03
1.884315301234284107e+03
1.885530106667551763e+03
1.886050242327213482e+03
1.887208814175640782e+03
1.887908017302855797e+03
1.888346885932380474e+03
1.888580320309758690e+03
1.892197669821837735e+03
1.892408904099924939e+03
1.892643071813916549e+03
1.892895239608414158e+03
1.892903006309817556e+03
1.892994973387810887e+03
1.893091873821201943e+03
1.898717865650350404e+03
1.898799266014416844e+03
1.898819732772621819e+03
1.898826299468658362e+03
1.899071200563988668e+03
1.899260401410197346e+03
1.899372268577194518e+03
1.899382235288437641e+03
1.905711096927866947e+03
1.907401271153907828e+03
1.907978840403776985e+03
1.908174807946916644e+03
1.908182974650109145e+03
1.908399675619313257e+03
1.908773543958121536e+03
1.908902244533740259e+03
1.910267883974952611e+03
1.911010320628864747e+03
1.912186825890833006e+03
1.912356859984650782e+03
1.912589827693275311e+03
1.914574036567731810e+03
1.914644703550459553e+03
1.917925684891451056e+03
1.918051985456335615e+03
1.918121019098424767e+03
1.918332653378301075e+03
1.918458287273537280e+03
1.918834422289150098e+03
1.923752844286996378e+03
1.923954745190006406e+03
1.924340946917309566e+03
1.924348913619607856e+03
1.924695281835420701e+03
1.926793257885371986e+03
1.926801224587670276e+03
1.927035858970415347e+03
1.927115859328220495e+03
1.928644132830153694e+03
1.930558541392425241e+03
1.930639775089079649e+03
1.930718808775894558e+03
1.930866809437833581e+03
1.930926276370468486e+03
1.931058076959952132e+03
1.931369045017436292e+03
1.932054581416859719e+03
1.932230382203135832e+03
1.936566168261785378e+03
1.939125179707070174e+03
1.939275013710542225e+03
1.939331547296724466e+03
1.939339280664645457e+03
1.939347180699978935e+03
1.939390180892298986e+03
1.939395747583862885e+03
1.939611481882076760e+03
1.939631581971975265e+03
1.939636915329162321e+03
1.939693548915791780e+03
1.939844282923289029e+03
1.939852682960858601e+03
1.940584652901291065e+03
1.940664619925613579e+03
1.941062055036491756e+03
1.941087188482235661e+03
1.943340665227670343e+03
1.943834367435774084e+03
1.943951501292993498e+03
1.947261682764583838e+03
1.947496017145987480e+03
1.947602950957586700e+03
1.947750718285148878e+03
1.947817018581679577e+03
1.947981085982144577e+03
1.948139220022738982e+03
1.949302791893529047e+03
1.949928528025493051e+03
1.950113495519434537e+03
1.950233262721764959e+03
1.950236662736971766e+03
1.951310834207914695e+03
1.951366734457930988e+03
1.951842903254282191e+03
1.954605448943215833e+03
1.956161089234214614e+03
1.956192622708583031e+03
1.956251556305499207e+03
1.956259556341279676e+03
1.956313123247526619e+03
1.958912734874397302e+03
1.959901205962041786e+03
1.959975639628282806e+03
1.961902148244672389e+03
1.962920052797292783e+03
1.964037191127073356e+03
1.964220258612517000e+03
1.964229625321076810e+03
1.965439464065463881e+03
1.965746498772022733e+03
1.966937604099290638e+03
1.968730545451628586e+03
1.968913746271001628e+03
1.969012880047715043e+03
1.969355781581356496e+03
1.969512915617478029e+03
1.970904521841494670e+03
1.971059855869566036e+03
1.972097327176365980e+03
1.973205032130622385e+03
1.978167187657401882e+03
1.978779123727644674e+03
1.978856890742127234e+03
1.978916424341727406e+03
1.979136958661409381e+03
1.979203525625799557e+03
1.979382593093353080e+03
1.979392426470666578e+03
1.980986366932964529e+03
1.984091547487679918e+03
1.984174647859349989e+03
1.984774817210298806e+03
1.985105685356787035e+03
1.986392857780385611e+03
1.986496358243295845e+03
1.986500391594668599e+03
1.986506924957222509e+03
1.986885459983569262e+03
1.987187061332493840e+03
1.987544529597952305e+03
1.988781801798369997e+03
1.988927569116987115e+03
1.989427171351478819e+03
1.991064912009675254e+03
1.991242546137484396e+03
1.991454847087009284e+03
1.993147721325125985e+03
1.993936891521389043e+03
1.994373560141074449e+03
1.997101672342669190e+03
1.997229939583016403e+03
1.997401507017025551e+03
1.997762341964208190e+03
2.001202790685090804e+03
2.001308257823463691e+03
2.001420158323943269e+03
2.001486458620474195e+03
2.001851526919924027e+03
2.002052761153285701e+03
2.003327000185705856e+03
2.003581167989148753e+03
2.005139441625258769e+03
2.005573176898491056e+03
2.009890896209669563e+03
2.009970263231308536e+03
2.010904900744846827e+03
2.011908171898685168e+03
2.012349473872426643e+03
2.014114415099532835e+03
2.014352482830967347e+03
2.014562083768416187e+03
2.014626984058685366e+03
2.014636617435104426e+03
2.014793751471226187e+03
2.016880794138944339e+03
2.017041328190272907e+03
2.017046828214871994e+03
2.017051628236340321e+03
2.021868649780668648e+03
2.021876349815107233e+03
2.021883716514721982e+03
2.022380852071514482e+03
2.022530952742846239e+03
2.022604353071132209e+03
2.023882225453136016e+03
2.024905230028566393e+03
2.025051664016831865e+03
2.025219664768221946e+03
2.025225198126303667e+03
2.025612499858526462e+03
2.025727300371976753e+03
2.027377874420904163e+03
2.028753013904605950e+03
2.029325716466041740e+03
2.029494450554045216e+03
2.029667751329140174e+03
2.031392159041625064e+03
2.031591526599971530e+03
2.032225029433339159e+03
2.032235196145476948e+03
2.034613173447745567e+03
2.034625506836240447e+03
2.036096280081001396e+03
2.036108913470838161e+03
2.037186084955199021e+03
2.037405285935584288e+03
2.037834654522619985e+03
2.042196874032827509e+03
2.042560175657709124e+03
2.042616442576031659e+03
2.042619475922931770e+03
2.042654142744647288e+03
2.043782747792380178e+03
2.044056449016520219e+03
2.044129982678736042e+03
2.044192682959165495e+03
2.044294750082331575e+03
2.044848752560130606e+03
2.047363230472903751e+03
2.047483397677023504e+03
2.047662698478953644e+03
2.047722698747307277e+03
2.047727432101811019e+03
2.047756632232409629e+03
2.048805270255819778e+03
2.048892737313686666e+03
2.048937404180127487e+03
2.049003137807457279e+03
2.049009837837423220e+03
2.049193871993857101e+03
2.049414172979162686e+03
2.051227481089258163e+03
2.052029818011076713e+03
2.052106185019298209e+03
2.052202385449558278e+03
2.052223218876070405e+03
2.052401853008352191e+03
2.053178823150049539e+03
2.053974960044138243e+03
2.056471804544712541e+03
2.056943573321384520e+03
2.057047573786530393e+03
2.057113074079483340e+03
2.057268574774966510e+03
2.057326975036164640e+03
2.057407475396205882e+03
2.059321417289723286e+03
2.059435684467454394e+03
2.059635118692765445e+03
2.060957624607728576e+03
2.061992162568075855e+03
2.062247163708578682e+03
2.063470502513345309e+03
2.063820204077400376e+03
2.063920571192963052e+03
2.063923637873345342e+03
2.064114205392333133e+03
2.064267772745836282e+03
2.064447006880801837e+03
2.066015880564320923e+03
2.066107847642314482e+03
2.066111680992792571e+03
2.066592149808375780e+03
2.071493138394916969e+03
2.072380075695114101e+03
2.072599576676841480e+03
2.073044712001060816e+03
2.073151345811318151e+03
2.073247312907201831e+03
2.073361046749214438e+03
2.073486447310073800e+03
2.073645614688623027e+03
2.076181626031038832e+03
2.076280493139892769e+03
2.076337760062688176e+03
2.076341960081472735e+03
2.076363826845939911e+03
2.076566127750738815e+03
2.076719861771653996e+03
2.076732761829349784e+03
2.076930696047952097e+03
2.077272230908814436e+03
2.077493131896803334e+03
2.079524174314057746e+03
2.079568574512639771e+03
2.079574307871615474e+03
2.079622474753710776e+03
2.079721641863906370e+03
2.079889209280025625e+03
2.080663479409647152e+03
2.081284548854072909e+03
2.082286520002096495e+03
2.082353420301311417e+03
2.082435520668508616e+03
2.082442887368123138e+03
2.082523154393787081e+03
2.082530987762155746e+03
2.082645154939440090e+03
2.082826489083797242e+03
2.082875055967681874e+03
2.082881622663717735e+03
2.082892122710680269e+03
2.083900127219022124e+03
2.084548130117241726e+03
2.084768764437371374e+03
2.085183099623835915e+03
2.085346867022959032e+03
2.086898673963479723e+03
2.088865349426183911e+03
2.089041350213354690e+03
2.089062616975138098e+03
2.089220517681355432e+03
2.089414885217338906e+03
2.090369656154258337e+03
2.090944425391604000e+03
2.090950358751474596e+03
2.092481165598071584e+03
2.093759604649276753e+03
2.094517308038136889e+03
2.094715175589773935e+03
2.096007614703594754e+03
2.096102315127146085e+03
2.096153082020869988e+03
2.096316016082932947e+03
2.096324282786572894e+03
2.096332116154940650e+03
2.096590817311992851e+03
2.096837251747514074e+03
2.096928585489341458e+03
2.097033419291548398e+03
2.097128553050371465e+03
2.097133319738357386e+03
2.100006899257227360e+03
2.100117666419304896e+03
2.100447001225601525e+03
2.103755082687799586e+03
2.104322818560355245e+03
2.106169260151975323e+03
2.106556795218574734e+03
2.108860938857286328e+03
2.109878043406328743e+03
2.110192911481255578e+03
2.114090495580028801e+03
2.114178162638790127e+03
2.115663369281438463e+03
2.115807303258522097e+03
2.116003037467285139e+03
2.116354105704118865e+03
2.116572073345655099e+03
2.118191447255038383e+03
2.118310547787720679e+03
2.118585315683297722e+03
2.120583224619028442e+03
2.120821159016533329e+03
2.122029664421623693e+03
2.122042697813249561e+03
2.122330599100899690e+03
2.122600366974114422e+03
2.123541771184583922e+03
2.123726638678077961e+03
2.124315174643663340e+03
2.124406308384595377e+03
2.124411475074370628e+03
2.124457675281003048e+03
2.124514608868974392e+03
2.124622209350221510e+03
2.124994477681873832e+03
2.128180258597077682e+03
2.128915428551822515e+03
2.131329406015103359e+03
2.131449473218775438e+03
2.131618040639367337e+03
2.131981508931660755e+03
2.132231676717213304e+03
2.135874359675930464e+03
2.136647429800185364e+03
2.136671663241903389e+03
2.136702696714035483e+03
2.137139732002026904e+03
2.137319699473605851e+03
2.137397099819781943e+03
2.137974269067861769e+03
2.138275370414550252e+03
2.138885306475848211e+03
2.142514489374185814e+03
2.142721890301794701e+03
2.162778146670899332e+03
2.163435716278573182e+03
2.166312062476483788e+03
2.167667768539935423e+03
2.167743268877613900e+03
2.167844169328895077e+03
2.168065070316884430e+03
2.168084137068827658e+03
2.168288037980782974e+03
2.168837307104078263e+03
2.171730086708822000e+03
2.177822280623078314e+03
2.179352254132614689e+03
2.182500568213579754e+03
2.182574868545891604e+03
2.182738069275813359e+03
2.183825674140171031e+03
2.185028446186285692e+03
2.185061613001292244e+03
2.185120913266514890e+03
2.186070917515448855e+03
2.186344218737799565e+03
2.186593753187186394e+03
2.187262289510575556e+03
2.189229464975516294e+03
2.191117206751853246e+03
2.191222707223707857e+03
2.191376941246859587e+03
2.191810309851785405e+03
2.194926290454804530e+03
2.195053091021925411e+03
2.195201991687889404e+03
2.195430659377282154e+03
2.195867627998308762e+03
2.196199329481857603e+03
2.196413730440774543e+03
2.198694940643581958e+03
2.198798041104703316e+03
2.198995075319279749e+03
2.200025746595666533e+03
2.203833830294145173e+03
2.203914530655080853e+03
2.204163531768749181e+03
2.204327932504038017e+03
2.211204863261395985e+03
2.211374464019942479e+03
2.211549631470052645e+03
2.211681432059536291e+03
2.211740798991723750e+03
2.211745599013192077e+03
2.211939166545597800e+03
2.212216601119768711e+03
2.216881755318197520e+03
2.218192427846901410e+03
2.218280994909687706e+03
2.218522662657223464e+03
2.218791697193824803e+03
2.218887630956225621e+03
2.219724068030558556e+03
2.219995969246648201e+03
2.220218070240004181e+03
2.220365170897918233e+03
2.221852110881651697e+03
2.222011044925824535e+03
2.222198045762193487e+03
2.224541956245429901e+03
2.226307730809596706e+03
2.226531931812344737e+03
2.226542298525377191e+03
2.227586803196967594e+03
2.227676670265568646e+03
2.227813837545721526e+03
2.227882837854328500e+03
2.227886237869534853e+03
2.229154310207708022e+03
2.229273777408696333e+03
2.229385511241763652e+03
2.229736979480387163e+03
2.229857713353707368e+03
2.230046247530267920e+03
2.230856051152148211e+03
2.231701288265839594e+03
2.232577992186933898e+03
2.232641625804871182e+03
2.233919931522146271e+03
2.234079032233731141e+03
2.234179666017153068e+03
2.234188199388652265e+03
2.235337871197273671e+03
2.235348704579059813e+03
2.235355137941166959e+03
2.235600439038286368e+03
2.235814373328449165e+03
2.236000374160345928e+03
2.237448147302237885e+03
2.237922516090538466e+03
2.238954454039257143e+03
2.239070154556732177e+03
2.239490956438786270e+03
2.240572894611132597e+03
2.243062572412986810e+03
2.243075972472919148e+03
2.243934576313060006e+03
2.245309049127113667e+03
2.245818951407672557e+03
2.245951418666804784e+03
2.246705455372598408e+03
2.246823655901255279e+03
2.249337700478756688e+03
2.249412467479822226e+03
2.249530968009820299e+03
2.249601334991206386e+03
2.253490519052410491e+03
2.253905354241111127e+03
2.254527057021702603e+03
2.255760062536370697e+03
2.255767529236432893e+03
2.256778133756403349e+03
2.259373512031006612e+03
2.259447445695011538e+03
2.259707246856983147e+03
2.259866114234190718e+03
2.262724260350700661e+03
2.263297462914373227e+03
2.265607906581261432e+03
2.265725607107681753e+03
2.265937208054076109e+03
2.266152309016124036e+03
2.270691629318422201e+03
2.270877663483800916e+03
2.274179244916927018e+03
2.274951815038945824e+03
2.275062815535400205e+03
2.277542693293422872e+03
2.277643427077292017e+03
2.277945628428900363e+03
2.279223667478316202e+03
2.279237334206107789e+03
2.280409406114914873e+03
2.280917241719563663e+03
2.281438110715838775e+03
2.281726545339207860e+03
2.282142380532381139e+03
2.283811221329674481e+03
2.284044289038746228e+03
2.284111156004477834e+03
2.284215889806237101e+03
2.285489328835079505e+03
2.286918068558510640e+03
2.287407104079075452e+03
2.291940324354090990e+03
2.292041891475020748e+03
2.292244225713302058e+03
2.292532460335777159e+03
2.292755528000122922e+03
2.292760594689450500e+03
2.292768394724336758e+03
2.294690603321494564e+03
2.294891170885207430e+03
2.295028438165807984e+03
2.296213643466688154e+03
2.296375810858654859e+03
2.298490786984639726e+03
2.299164156662980531e+03
2.301468566969550920e+03
2.301745668208897769e+03
2.306262288409668599e+03
2.306273021791007523e+03
2.306488622755291999e+03
2.306687123643095219e+03
2.307712694896672019e+03
2.308466231600229548e+03
2.309003800671195677e+03
2.309162568047956483e+03
2.309265168506840837e+03
2.309762770732387708e+03
2.311588612231872503e+03
2.311679679305840637e+03
2.312273615295577201e+03
2.312366649045008216e+03
2.312558249901950603e+03
2.313155385905999537e+03
2.313342786744157365e+03
2.313696021657348410e+03
2.315035527648344669e+03
2.315140694785375672e+03
2.316089399028494881e+03
2.317837206845637866e+03
2.318004007591660866e+03
2.318260175404048823e+03
2.318660810529239370e+03
2.319499947615648125e+03
2.319615881467500458e+03
2.322251159920559076e+03
2.323195430810516427e+03
2.323273264491964255e+03
2.323281964530875484e+03
2.323286731218861405e+03
2.325346340430548935e+03
2.326883647306217881e+03
2.327105581632161375e+03
2.329181124248445030e+03
2.329204957688374634e+03
2.329212524388883594e+03
2.329746426776784119e+03
2.329750726796016352e+03
2.329756893490263337e+03
2.331561868229754509e+03
2.334376847486532824e+03
2.337980330269925162e+03
2.337997730347748075e+03
2.338325331812959121e+03
2.339252302625540779e+03
2.341073077435698451e+03
2.343231853757581575e+03
2.343239553792020160e+03
2.345959999292658722e+03
2.350410819199135403e+03
2.350634820200989452e+03
2.353541533201383572e+03
2.353668867104223409e+03
2.353870368005444107e+03
2.356478946339085269e+03
2.356928081681195636e+03
2.357072915662304695e+03
2.357313183403578932e+03
2.357400250459656490e+03
2.359256892096896081e+03
2.359331925765820870e+03
2.359450926298055492e+03
2.360367063728851917e+03
2.360453864117070225e+03
2.360560697928221998e+03
2.360679931794833919e+03
2.360992566526439077e+03
2.361142500530358120e+03
2.362417506232874075e+03
2.362679407404237736e+03
2.363884579461086560e+03
2.364177914106370736e+03
2.364639549504387560e+03
2.365158818493506715e+03
2.367217527701168819e+03
2.367480995546206486e+03
2.367889997375484199e+03
2.368297832532876782e+03
2.368609000591256063e+03
2.368850201670037677e+03
2.368894035199417885e+03
2.368931968702410813e+03
2.371345512830420375e+03
2.371555647103587489e+03
2.372639851952738809e+03
2.372953153353992093e+03
2.373078687248781080e+03
2.373228021250016809e+03
2.373233154606309654e+03
2.373238921298767764e+03
2.373253554697549589e+03
2.375952166767204289e+03
2.376143767624147131e+03
2.376222467976137523e+03
2.376423935543876269e+03
2.376516835959377204e+03
2.376524169325509320e+03
2.376542002738603514e+03
2.376707770146671464e+03
2.376818537308749001e+03
2.377887975425188415e+03
2.379567416269890600e+03
2.379574149633339402e+03
2.379582416336978895e+03
2.380483487033721758e+03
2.380725888117870454e+03
2.380935622389249147e+03
2.381316024090611791e+03
2.381370124332577234e+03
2.382403062285768101e+03
2.382470462587218663e+03
2.382790464018438797e+03
2.384233503805827240e+03
2.384380437796328806e+03
2.384996707219286236e+03
2.385942244781575482e+03
2.387117916706483356e+03
2.387236183902104585e+03
2.387373517849669952e+03
2.387440584816296450e+03
2.387488118362225578e+03
2.387491451710467572e+03
2.387494585057814675e+03
2.387619985618674036e+03
2.387710652690853294e+03
2.387841386608899484e+03
2.388023220755493185e+03
2.390745166262840485e+03
2.390870866825041503e+03
2.391057434326139173e+03
2.392154805900845531e+03
2.392317873296838115e+03
2.392482774034363047e+03
2.392715908410400061e+03
2.392850842347230810e+03
2.393046443222063772e+03
2.393197543897867945e+03
2.393800813262681913e+03
2.393860613530141109e+03
2.394400315943982605e+03
2.394713117342999340e+03
2.394744850818261966e+03
2.394755817533977734e+03
2.394760784222858547e+03
2.394776250958700984e+03
2.394788217678888941e+03
2.394805784424123885e+03
2.394828617859580390e+03
2.394842017919512728e+03
2.394864118018356749e+03
2.397726730821510955e+03
2.398058565638988966e+03
2.398353466957947148e+03
2.401155046154793126e+03
2.401375013805274193e+03
2.401429514049028512e+03
2.401632681624370889e+03
2.401869482683473507e+03
2.402076616943223144e+03
2.402604152635981791e+03
2.402858387106389728e+03
2.405079197039053724e+03
2.405581532619103655e+03
2.407848142756612106e+03
2.408090377173348315e+03
2.408217411074846495e+03
2.408222511097656479e+03
2.408228411124044669e+03
2.409253182374042808e+03
2.411283858122991205e+03
2.413272233682750084e+03
2.414087137327439905e+03
2.414209537874881789e+03
2.414318005026671926e+03
2.414542572697727337e+03
2.415748178089846988e+03
2.415900678771912681e+03
2.416658648828631613e+03
2.419221660291806984e+03
2.420226831454143394e+03
2.420450299120278032e+03
2.420698500230367699e+03
2.421616271001802488e+03
2.421784338420157837e+03
2.422000406053196002e+03
2.422271373931777362e+03
2.423594213181564101e+03
2.423679613563520888e+03
2.423796047417609770e+03
2.423809080809235184e+03
2.424279482913128049e+03
2.433217189554058223e+03
2.434242360805845692e+03
2.434781396550038608e+03
2.434985030794134673e+03
2.434989630814708107e+03
2.435183398348008268e+03
2.435330465672439914e+03
2.435466799615532636e+03
2.435686433931189185e+03
2.437527375498209949e+03
2.437681376186984380e+03
2.437762809884533453e+03
2.437770343251560007e+03
2.438341212471462768e+03
2.440000486559301862e+03
2.441343092564162816e+03
2.445066709218192500e+03
2.445486977764527637e+03
2.445707245416350361e+03
2.445857612755541140e+03
2.446005813418375055e+03
2.446295448047111222e+03
2.446557049217133226e+03
2.446581315992334112e+03
2.446732850003409112e+03
2.446875317307266869e+03
2.446882584006434627e+03
2.447713187721343729e+03
2.449904030853313998e+03
2.452229874589079827e+03
2.452457775608376323e+03
2.452571542783871791e+03
2.454022482606593258e+03
2.454180183311916608e+03
2.454244450266019612e+03
2.454278283750674746e+03
2.454281150430162597e+03
2.454303350529453837e+03
2.454457117883850970e+03
2.454516384815591209e+03
2.454527418198272244e+03
2.455254588117236381e+03
2.456702661260470450e+03
2.457236730315783007e+03
2.457902899961920866e+03
2.459124738759978754e+03
2.459343673072504771e+03
2.459411373375296989e+03
2.459570640754294345e+03
2.459704074684415900e+03
2.464013927293744018e+03
2.464215661529342015e+03
2.464292595206764418e+03
2.464459195951892980e+03
2.465730334970448439e+03
2.467501909560555760e+03
2.467872477884604450e+03
2.468212779406616846e+03
2.468567547659999491e+03
2.469282717525293265e+03
2.471839428960291116e+03
2.472149030344995936e+03
2.472209063946831975e+03
2.472407431500705570e+03
2.474512874250719051e+03
2.474601441313505347e+03
2.474655374888059214e+03
2.474896675967288047e+03
2.476931351734126565e+03
2.477244819802791881e+03
2.478075756852525501e+03
2.478392458268986047e+03
2.478994760962809778e+03
2.481002869944160466e+03
2.481098703706114520e+03
2.481103870395888862e+03
2.481487838779870344e+03
2.481709873106261512e+03
2.481807873544572431e+03
2.481817540254473897e+03
2.482990312166411513e+03
2.484548385801626864e+03
2.484678386383060115e+03
2.485128921731431092e+03
2.485240022228332691e+03
2.486680528671057800e+03
2.486867729508321190e+03
2.487150064104407647e+03
2.487276698004116497e+03
2.487471232207512003e+03
2.487564965960073096e+03
2.487671499769883667e+03
2.488834404971025378e+03
2.488950238822430038e+03
2.491914485413479724e+03
2.492018752546485302e+03
2.492178553261200705e+03
2.492188953307715110e+03
2.492657355402662688e+03
2.493833693997219143e+03
2.497031141631269747e+03
2.497559010658852458e+03
2.497624477618322544e+03
2.497633110990268960e+03
2.497646811051542954e+03
2.497858778666243779e+03
2.499447252437425050e+03
2.499666520084775584e+03
2.499931721270898834e+03
2.500582257513782679e+03
2.502490499381807240e+03
2.502664533493515137e+03
2.503017268404469633e+03
2.503059201925352681e+03
2.503113902170001893e+03
2.504192773661965930e+03
2.504592508783131052e+03
2.504921743588980917e+03
2.505328678742348075e+03
2.507710856063401934e+03
2.507871890116966370e+03
2.507973157236554471e+03
2.508228658379294302e+03
2.508285891968606848e+03
2.508354892277213366e+03
2.508406559174962695e+03
2.512211876194400702e+03
2.512414877102330593e+03
2.512810478871675969e+03
2.512900612608136271e+03
2.513135913660530150e+03
2.521999753304419755e+03
2.522607256021501144e+03
2.525547102503419410e+03
2.529805988218129187e+03
2.530115589602834007e+03
2.530228256773409612e+03
2.531790330426515084e+03
2.533686805575245671e+03
2.533873906412061842e+03
2.537803523987439348e+03
2.538201292433142044e+03
2.538313659602375537e+03
2.538330393010549415e+03
2.538469026963928627e+03
2.538566827401345108e+03
2.540997071604046596e+03
2.541283606218918067e+03
2.542116676611526600e+03
2.542620378864355644e+03
2.543952984824491068e+03
2.544409620200144673e+03
2.546202128217211339e+03
2.547050432011285011e+03
2.547228199473024233e+03
2.547353733367813220e+03
2.549480509546574467e+03
2.549598043405582757e+03
2.549609743457911463e+03
2.549619143499954134e+03
2.549624543524105775e+03
2.549705677220312737e+03
2.549807544342584606e+03
2.550910282607960198e+03
2.551070516657947337e+03
2.551197350558550625e+03
2.551380118042651702e+03
2.551857420177405402e+03
2.553849329086300713e+03
2.554198530648119231e+03
2.555385835958391453e+03
2.558466316402634675e+03
2.558524649996867538e+03
2.558684150710240829e+03
2.559825855816564399e+03
2.561531096776658160e+03
2.561751731096787807e+03
2.562307866917461979e+03
2.563400938472936559e+03
2.563519205668557788e+03
2.563553539155449016e+03
2.563845740462331378e+03
2.563968607678526951e+03
2.564233542196790950e+03
2.564415676344727217e+03
2.564687977562605283e+03
2.565703715438868585e+03
2.565939283159121715e+03
2.566506619029887588e+03
2.567151355246830917e+03
2.567903825278950990e+03
2.568004859064162247e+03
2.571005839152836415e+03
2.571098139565653582e+03
2.571321140563034987e+03
2.572634746438191996e+03
2.575201991253633878e+03
2.575377058703296825e+03
2.575469559117008885e+03
2.576050128380295519e+03
2.576991265922905768e+03
2.577719535846789768e+03
2.577755469340837408e+03
2.578128104340796199e+03
2.578615639854651818e+03
2.578746373772698007e+03
2.582048021872789377e+03
2.582125755553789531e+03
2.582176555780996296e+03
2.582179589127896179e+03
2.582213422612550858e+03
2.582805291926377777e+03
2.582822758671165047e+03
2.582827692026563454e+03
2.582837958739148235e+03
2.582909759060277793e+03
2.582954592594131100e+03
2.582962492629464577e+03
2.582985959401087257e+03
2.583114159974469658e+03
2.584745267269664510e+03
2.584821334276543894e+03
2.585526137428805214e+03
2.586160506932715634e+03
2.586217307186757807e+03
2.586222040541260867e+03
2.588976686194861031e+03
2.589163453696853139e+03
2.589234920683158634e+03
2.592739569691179895e+03
2.593008637561264095e+03
2.593225405197432792e+03
2.593434506132645311e+03
2.600631304987293333e+03
2.600718572044265329e+03
2.603471517690262317e+03
2.606824066018006761e+03
2.607735636761711703e+03
2.607947537709447261e+03
2.608056704864368385e+03
2.608424973178130585e+03
2.608693274378118986e+03
2.610399748677062234e+03
2.613391828725931191e+03
2.613486495816000570e+03
2.614629000925901892e+03
2.615101136370880340e+03
2.615317404004812943e+03
2.615528804950312406e+03
2.617886048826516799e+03
2.618056982924360000e+03
2.618560218508435355e+03
2.620018725031665781e+03
2.620152425629647951e+03
2.620425960186375505e+03
2.622326402019513353e+03
2.622453469254493939e+03
2.622692270322541845e+03
2.622777037368332003e+03
2.622841937658601637e+03
2.622849071023838860e+03
2.622855637719875631e+03
2.623513607329338811e+03
2.626587154409238792e+03
2.626988822872383935e+03
2.630244704101114621e+03
2.630424204903939426e+03
2.630655405937995511e+03
2.630848073466375808e+03
2.632908016012887401e+03
2.633027616547805792e+03
2.633142350394291043e+03
2.633147250416206589e+03
2.633279451007479565e+03
2.633285217699937675e+03
2.634365255863786388e+03
2.634434089504980875e+03
2.634548856684948532e+03
2.634708824067075966e+03
2.634854758053105343e+03
2.634944358453846689e+03
2.635199826263103660e+03
2.635372493702032898e+03
2.637648370547653030e+03
2.637717737524566473e+03
2.637822604660255365e+03
2.638401907251210105e+03
2.638542907881841529e+03
2.639282477856265359e+03
2.641466987626576156e+03
2.643109728307134901e+03
2.643389996227311713e+03
2.643580530412817097e+03
2.643621197261367797e+03
2.643774531280494102e+03
2.643796864713714513e+03
2.645793806978454995e+03
2.645805940366054983e+03
2.650455594495159403e+03
2.653343007409233451e+03
2.654492012548206276e+03
2.654957481296701189e+03
2.654964447994526836e+03
2.655774584951231191e+03
2.657183724586999688e+03
2.657437125720347012e+03
2.659836103116539562e+03
2.665048259761459576e+03
2.665903496919876034e+03
2.666003664034544727e+03
2.666705300505976084e+03
2.668938943829371965e+03
2.674653836056130785e+03
2.674795103354621006e+03
2.676300410087168075e+03
2.678686654093076413e+03
2.680045360169945980e+03
2.684660647478676310e+03
2.684771481307718204e+03
2.685394717428500826e+03
2.685698318786370692e+03
2.685791085867942002e+03
2.685794619217078434e+03
2.685963186637669878e+03
2.686134987406055643e+03
2.686584022747718336e+03
2.687478660082354054e+03
2.687553893752173281e+03
2.687565893805844098e+03
2.688547664863522186e+03
2.688593531735330544e+03
2.688670165411411290e+03
2.688700498880412397e+03
2.688916099844696419e+03
2.689124334109366373e+03
2.689274601448109934e+03
2.689677703250999457e+03
2.691040876014512833e+03
2.691306910537696695e+03
2.691815646146370909e+03
2.692074347303422201e+03
2.692218781282742839e+03
2.693456220150572335e+03
2.693746754783334382e+03
2.693803421703446020e+03
2.693813955083890505e+03
2.693818255103122283e+03
2.694245123678976142e+03
2.696269032730993331e+03
2.698012273861045287e+03
2.698160807858702810e+03
2.698294308455789633e+03
2.698585743092576649e+03
2.698913544558682133e+03
2.699133578876128013e+03
2.699844315388259929e+03
2.700363084375142535e+03
2.700519551741615942e+03
2.700770019528510602e+03
2.700887520054036031e+03
2.700977053787813020e+03
2.701151754569169498e+03
2.701576756470007695e+03
