2.502751416344151547e+00
2.511984790974135517e+00
3.506322571524395304e+00
3.510455923344315998e+00
4.145492096903249823e+00
4.683161168317117706e+00
5.517098231468522407e+00
6.924937861422938212e+00
7.131705452866226480e+00
7.137905480596106855e+00
7.185872361796636909e+00
7.247639304718514808e+00
7.260839363756325326e+00
7.583507473569484958e+00
9.653883400078273169e+00
9.888384448893932088e+00
1.012955219419333375e+01
1.016425234939121403e+01
1.021465257480831212e+01
1.158445870132297273e+01
1.211839442270594525e+01
1.353606742997388146e+01
1.367660139185118240e+01
1.368223475037994596e+01
1.424027057955164999e+01
1.452347184618104770e+01
1.545764269096552823e+01
1.629597977379620488e+01
1.803438754889701201e+01
1.816625480534544934e+01
1.846945616142607705e+01
1.962669467055659567e+01
2.020989727895442911e+01
2.078273317432003964e+01
2.083576674484821822e+01
2.083953342836153411e+01
2.084403344848805872e+01
2.119490168442744960e+01
2.179710437780394727e+01
2.181447112214410211e+01
2.182823785038302944e+01
2.201020533090679265e+01
2.212067249164241289e+01
2.213347254889119853e+01
2.275717533842776774e+01
2.300494311324607466e+01
2.315941047077440018e+01
2.316961051639452407e+01
2.317504387402878052e+01
2.325984425330198846e+01
2.398161414811441716e+01
2.474145087984901892e+01
2.474765090757889752e+01
2.479741779683003955e+01
2.481561787823065757e+01
2.566588834776723260e+01
2.762939712964162453e+01
2.784813144127323170e+01
2.912087046698459503e+01
2.972773984789971635e+01
2.979880683241641393e+01
2.980444019094517927e+01
3.041500958840877544e+01
3.143851416607541083e+01
3.286825389397891684e+01
3.314965515255770612e+01
3.316158853926361161e+01
3.468706202867367239e+01
3.571196661260189131e+01
3.584016718598427076e+01
3.584920055971973341e+01
3.608630162016405762e+01
3.725944020040830651e+01
3.754577481438506226e+01
3.845171219956089459e+01
3.931224938168242744e+01
3.973351793249014463e+01
3.995688559817794783e+01
4.103695709550914472e+01
4.170796009659787273e+01
4.257059728811179156e+01
4.629518061313171984e+01
4.747495255637728206e+01
4.835775650475452636e+01
4.865789118045262995e+01
4.866225786664948316e+01
4.929516069733362116e+01
5.031003190305381167e+01
5.127370287977884544e+01
5.144883699640677577e+01
5.145880370764997735e+01
5.148207047837824035e+01
5.205703971661864671e+01
5.257377536107356519e+01
5.356341312060278170e+01
5.455051753546818105e+01
5.460898446363060543e+01
5.461208447749555006e+01
5.492645255018644690e+01
5.647489280898300734e+01
5.692966150962152483e+01
5.717732928399257730e+01
5.718376264609938886e+01
5.871980284943617789e+01
5.872500287269350139e+01
5.872983622764421341e+01
5.876150303594199897e+01
5.960334013442663803e+01
6.080011215370574718e+01
6.080661218277739977e+01
6.151871536768840087e+01
6.318785616632312241e+01
6.339942377923469508e+01
6.340285712792382355e+01
6.385315914191824760e+01
6.385815916428105510e+01
6.553063331115764356e+01
6.602783553491518376e+01
6.662497153896403290e+01
6.718714071995566428e+01
6.752387555934953411e+01
6.771040972696465587e+01
6.771894309846383919e+01
6.777721002573176179e+01
6.778097670924506701e+01
6.783707696015576971e+01
6.786831043318210277e+01
6.786911043676015254e+01
6.792104400236850381e+01
6.795154413878162813e+01
6.803201116534042114e+01
6.803674451984386451e+01
6.804774456904203817e+01
6.813851164166820240e+01
6.829241232999540046e+01
6.898278208436941838e+01
7.345063540036183269e+01
7.346300212233917648e+01
7.371230323734873480e+01
7.478040801449161279e+01
7.488524181669846769e+01
7.517814312671171706e+01
7.864725864247461118e+01
7.871252560105045859e+01
7.917229432405179068e+01
7.918709439024570429e+01
7.955259602496691684e+01
7.955886271966163292e+01
8.012833193330295956e+01
8.078323486238343776e+01
8.079026822717378309e+01
8.254170939390031947e+01
8.293861116905995345e+01
8.374428143912028588e+01
8.410708306176556448e+01
8.415768328807718035e+01
8.416668332833023669e+01
8.430605061832288527e+01
8.437835094168907801e+01
8.478398608924241842e+01
8.478768610579088261e+01
8.539208880900703491e+01
8.607715853967644648e+01
8.608225856248651553e+01
8.608679191609546422e+01
8.693902906109474316e+01
8.776643276169207297e+01
8.790160003289996382e+01
8.791093340797721112e+01
8.804856735688407809e+01
8.851866945943521614e+01
8.893117130436679929e+01
8.986680882237770618e+01
9.092691356374008649e+01
9.197945160459343583e+01
9.271142154502598487e+01
9.299665615408291330e+01
9.360919222700921694e+01
9.403782747743147752e+01
9.440119576927787648e+01
9.440636245905278656e+01
9.540650026554391161e+01
9.577246856901896876e+01
9.632453770483772360e+01
9.654467202273092141e+01
9.704184091300605530e+01
9.754134314705048325e+01
9.754607650155394083e+01
9.853814760529972716e+01
9.884148229531004404e+01
9.954855212437581713e+01
9.985155347956192884e+01
1.002376218729354918e+02
1.002422218935092673e+02
1.002984888118320583e+02
1.031303348107139612e+02
1.031761350155572785e+02
1.032403353026957262e+02
1.035082698343773444e+02
1.035123365192324343e+02
1.045059076296870728e+02
1.046470415942478951e+02
1.058420136054764100e+02
1.065091499226045642e+02
1.065643168360075350e+02
1.067881511704492112e+02
1.070263189023309138e+02
1.070270522389441226e+02
1.083082579691898530e+02
1.083134246589647631e+02
1.088972606035285509e+02
1.095980970713820284e+02
1.097129309183144841e+02
1.099454652916674462e+02
1.099491986416983309e+02
1.106459350912143123e+02
1.106740018834108668e+02
1.111443373203389484e+02
1.111484373386764446e+02
1.112700378825399099e+02
1.112823046040699921e+02
1.127293444093488262e+02
1.128508116192826094e+02
1.128728783846438120e+02
1.130022456299108455e+02
1.139950167367874059e+02
1.145069856932564534e+02
1.158717251304434654e+02
1.159663922205126170e+02
1.159879589836375402e+02
1.164113275438376292e+02
1.169382299004302439e+02
1.171477308374318795e+02
1.172462979449440041e+02
1.173336316688810399e+02
1.173375983532888682e+02
1.173459983908583979e+02
1.175883328080424377e+02
1.178559340048998791e+02
1.178986675293606794e+02
1.181236352022045821e+02
1.191988400111026465e+02
1.192434402105788820e+02
1.197020755951779876e+02
1.199671434473716118e+02
1.200345437488222444e+02
1.206087129834846081e+02
1.206141463411188539e+02
1.206816133095343417e+02
1.212489158468184343e+02
1.214105165695843738e+02
1.218351184686339508e+02
1.227194224237200331e+02
1.228063228123856163e+02
1.228110228334066534e+02
1.229329900455767302e+02
1.230895907459798764e+02
1.232117579590444478e+02
1.243305962964286238e+02
1.247969650489488487e+02
1.250974663929535637e+02
1.251424999277012517e+02
1.255844352376085737e+02
1.263637387230756985e+02
1.264285723463800934e+02
1.265087727050795223e+02
1.269439746515382694e+02
1.272662427595624024e+02
1.278518120452119575e+02
1.280238128144925156e+02
1.286525822933567440e+02
1.289435502613897029e+02
1.295082861205275719e+02
1.299355546981706482e+02
1.299398880508850880e+02
1.302726562058711295e+02
1.307225582180765286e+02
1.307466583258652690e+02
1.313060274943337049e+02
1.314117946340482774e+02
1.321996648244970345e+02
1.334587704558991277e+02
1.334706371756401779e+02
1.345409419626226963e+02
1.348895101882752101e+02
1.349032769165141303e+02
1.351479780109499131e+02
1.351517780279456531e+02
1.360139818841881265e+02
1.366432846987710548e+02
1.367729852788622509e+02
1.369355860061007490e+02
1.371356535675778900e+02
1.374455549536246792e+02
1.374584883448031292e+02
1.375578221224108972e+02
1.380454243032318686e+02
1.383077588098671526e+02
1.383719590970056004e+02
1.384541927981325671e+02
1.384681595272659820e+02
1.387628608453298682e+02
1.390219620041705184e+02
1.390508287999451511e+02
1.391274958095081615e+02
1.400253664919386551e+02
1.400329998594125414e+02
1.409035370862597176e+02
1.416824405699378246e+02
1.416901739378589582e+02
1.417076406826463995e+02
1.418440079592213294e+02
1.430839468382326913e+02
1.436977162500084830e+02
1.438438835704145333e+02
1.441353848741661920e+02
1.443987527187564694e+02
1.444875864494023574e+02
1.445179865853682202e+02
1.454659574918740361e+02
1.461614272690581231e+02
1.463640948421638939e+02
1.463731948828641976e+02
1.469456641099232002e+02
1.469504974648739051e+02
1.484583375420844789e+02
1.486460050481018413e+02
1.487821723237822766e+02
1.488990395131422986e+02
1.493019746486197050e+02
1.496230760847591910e+02
1.496270427691670477e+02
1.505195467609281081e+02
1.524512220670926297e+02
1.528810906563643925e+02
1.534784266613077364e+02
1.536115605900880894e+02
1.552980347995805346e+02
1.553032681563202857e+02
1.569694422750197305e+02
1.575762116554876116e+02
1.575918450587419954e+02
1.580879139440972665e+02
1.583020482351550982e+02
1.586306497048388167e+02
1.586346163892466450e+02
1.590152847584683400e+02
1.590249181348873719e+02
1.596301541751639661e+02
1.597767881643239036e+02
1.598941886894025970e+02
1.598982553742577011e+02
1.607681592649388733e+02
1.607937260459540312e+02
1.609190266063660033e+02
1.609711601728688493e+02
1.609765268635382824e+02
1.609903269252596090e+02
1.609906269266013794e+02
1.616002963200396891e+02
1.620346982629203865e+02
1.621377987240414598e+02
1.621675988573237817e+02
1.625708339941429585e+02
1.628107350671104712e+02
1.631420032153876321e+02
1.632637037596983873e+02
1.634198377913476463e+02
1.634993381469162728e+02
1.636408387797837349e+02
1.636530721678313682e+02
1.637966394766087888e+02
1.638287729536604331e+02
1.639164066789392393e+02
1.650662784884552252e+02
1.658095151459453120e+02
1.663818843725570389e+02
1.663856177225879378e+02
1.665207849937958429e+02
1.667770861401133402e+02
1.670709541211166993e+02
1.673519553779064779e+02
1.677272570564587966e+02
1.677989573771414484e+02
1.680156250128630973e+02
1.682174925823908325e+02
1.682223592708239437e+02
1.690970298494910367e+02
1.697243659886112539e+02
1.705059028174004254e+02
1.713904067733810166e+02
1.718346420935752121e+02
1.723548777536841214e+02
1.723636111260778137e+02
1.723783445253068862e+02
1.725382452404694789e+02
1.726050455392365564e+02
1.726427123743697223e+02
1.726545790941108010e+02
1.731735814153701654e+02
1.735903832795337962e+02
1.756182590159586994e+02
1.758510933906534319e+02
1.758937935816317975e+02
1.760672943576212219e+02
1.783703046579302054e+02
1.783783713606755441e+02
1.783867380647626533e+02
1.784000714577301210e+02
1.785188719890704192e+02
1.786636393032148931e+02
1.791146746538225329e+02
1.791191746739490611e+02
1.799827452029706762e+02
1.801018457356527449e+02
1.806607149018849441e+02
1.806767149734459110e+02
1.807811154403813418e+02
1.810724167432384775e+02
1.810903834902621838e+02
1.836312281876286931e+02
1.843993982899679906e+02
1.856028370057308337e+02
1.858696381990102395e+02
1.860176055274669125e+02
1.860287389105947682e+02
1.860408056312303415e+02
1.884859499005727344e+02
1.884914165916893865e+02
1.888101180170947089e+02
1.895879214958530383e+02
1.897246887742170145e+02
1.899866566125456870e+02
1.904010917994575607e+02
1.913636627712627956e+02
1.913751961561796691e+02
1.928576027863047386e+02
1.929616699184159643e+02
1.932501378752675123e+02
1.938558072508155874e+02
1.938606072722838576e+02
1.947685113329224009e+02
1.947705113418675182e+02
1.954229475932490061e+02
1.972024555521721254e+02
1.973114560396813317e+02
1.975901572861841657e+02
1.975953573094415106e+02
1.978577918165240135e+02
1.994420989024031314e+02
1.997542002982895326e+02
1.997603669925370014e+02
2.000863017836272206e+02
2.001595021110186963e+02
2.002049356475554305e+02
2.002365691223707813e+02
2.002586025542495349e+02
2.005766373100065039e+02
2.007679714990899242e+02
2.007735048571714458e+02
2.010767395467345011e+02
2.024251789110187474e+02
2.025522461459988790e+02
2.027051134963711263e+02
2.027530470440892429e+02
2.027588470700300718e+02
2.028670142204788078e+02
2.031077152970243560e+02
2.031122153171508558e+02
2.031472488071729288e+02
2.043055206542584585e+02
2.051721578636625907e+02
2.058201274283999851e+02
2.069636658762564423e+02
2.069717992459665936e+02
2.071568000733904569e+02
2.074612347683205940e+02
2.074672347951559743e+02
2.074785348456958900e+02
2.076862024411644825e+02
2.081220043903067562e+02
2.085774730940760833e+02
2.093149430591077476e+02
2.094911105136906428e+02
2.095239439938730470e+02
2.095374107207702252e+02
2.117510872881970556e+02
2.120606886729021028e+02
2.123380232466258235e+02
2.139192969856048023e+02
2.139239303396609841e+02
2.141522646942291885e+02
2.144646994249398233e+02
2.145225663504186855e+02
2.148100676362800812e+02
2.154898040097625369e+02
2.155115041068171138e+02
2.155656710157475402e+02
2.155954044820650211e+02
2.155992711660255736e+02
2.156725048268995124e+02
2.157420718047073649e+02
2.157533385217649027e+02
2.157625385629124537e+02
2.157849386630978472e+02
2.158822057647956285e+02
2.159866062317310593e+02
2.165465754028830361e+02
2.165709755120135469e+02
2.168879102628506814e+02
2.188884192102098609e+02
2.194468883746529855e+02
2.200125242378161659e+02
2.201401914754798383e+02
2.201454914991844305e+02
2.201601915649310683e+02
2.227335030741734272e+02
2.227391364327021961e+02
2.232014718338497516e+02
2.233978727122608348e+02
2.241288759817032314e+02
2.241439093822740745e+02
2.241469093956917789e+02
2.241715095057167844e+02
2.247730455294449143e+02
2.257602166112751547e+02
2.257685499818798291e+02
2.259824176050782967e+02
2.261909185376073310e+02
2.261962852282767642e+02
2.262166519860345772e+02
2.266314871747354971e+02
2.267139875437218279e+02
2.267185542308131687e+02
2.267252209272969310e+02
2.268094879708514497e+02
2.268309547335290972e+02
2.268588548583135491e+02
2.271886563333643210e+02
2.271942563584106836e+02
2.271991897138086358e+02
2.273146568969070529e+02
2.279891932471321638e+02
2.282979612947767123e+02
2.303572038381576590e+02
2.303636705337468982e+02
2.304092374042132860e+02
2.305676381126669980e+02
2.313595083210060182e+02
2.314268419554917955e+02
2.314318753113370235e+02
2.319023107487123525e+02
2.321973454016003870e+02
2.322938791666849738e+02
2.328567483508074076e+02
2.328618817070998830e+02
2.331905831772308488e+02
2.336069183726405925e+02
2.336218517727641597e+02
2.336230851116136762e+02
2.336705186570954709e+02
2.340690871063760596e+02
2.341673542125464280e+02
2.341735209067938968e+02
2.343723217959391150e+02
2.349062241838396687e+02
2.352442256955654329e+02
2.352496923866821135e+02
2.352499257210590429e+02
2.355810605354065501e+02
2.355850605532967847e+02
2.358819618812002545e+02
2.359490955147915656e+02
2.360347292311252545e+02
2.367167656148945696e+02
2.370291003451579286e+02
2.372873014999732959e+02
2.372938681960097824e+02
2.376196029862054502e+02
2.381685054411944407e+02
2.381723054581901522e+02
2.383736730254816223e+02
2.389406422279415381e+02
2.407183168453316000e+02
2.407236835360010048e+02
2.407986505379606967e+02
2.408000172107398669e+02
2.408582508045253689e+02
2.408617841536617448e+02
2.410684517446577786e+02
2.413120861676561617e+02
2.413228528824774060e+02
2.413380196169779310e+02
2.416318209310164775e+02
2.416393209645606817e+02
2.421615899670971146e+02
2.421653566506104198e+02
2.421908234311783303e+02
2.423451241212945320e+02
2.424263911514313747e+02
2.424417245533439882e+02
2.424848580795938062e+02
2.425345583018801108e+02
2.426087586337441735e+02
2.433218284896453270e+02
2.433358618857435829e+02
2.441915657129144108e+02
2.443237663041870178e+02
2.452230036593967100e+02
2.452278703478298212e+02
2.452326037023333072e+02
2.456414721976812245e+02
2.456629056268764657e+02
2.458125396294541076e+02
2.458170063160982011e+02
2.461803079409797590e+02
2.469385446655582541e+02
2.480721830691363436e+02
2.483734177497542532e+02
2.483823844565249033e+02
2.483870511440635198e+02
2.486727857553567560e+02
2.487533527823627821e+02
2.487950196353861827e+02
2.488928200728026923e+02
2.490034539009504044e+02
2.491076210335088774e+02
2.502868929745181674e+02
2.502973263545152065e+02
2.503429265584640291e+02
2.504517270450787123e+02
2.505221606934294698e+02
2.505982610337913741e+02
2.506453612444490204e+02
2.508170286789053876e+02
2.521006677533676736e+02
2.521087011226306061e+02
2.521801347754538938e+02
2.521851681312991218e+02
2.529976717652552907e+02
2.538910757610416908e+02
2.538975091231484953e+02
2.547640129986229738e+02
2.547796130683949514e+02
2.547850797595116319e+02
2.552303484176608208e+02
2.558354177905253266e+02
2.562345529090069931e+02
2.562438529506018199e+02
2.563576867930617595e+02
2.568801891299751219e+02
2.582666953311814950e+02
2.582710953508607759e+02
2.596074679945094772e+02
2.600653367090129677e+02
2.605527722224218792e+02
2.616521438060734681e+02
2.619478784620922625e+02
2.624040471689924061e+02
2.624758141566398990e+02
2.629770163982876738e+02
2.630141498977021683e+02
2.630241832759101612e+02
2.631234503865530883e+02
2.633390846843198005e+02
2.635480189521202874e+02
2.635520189700105220e+02
2.639241206342506416e+02
2.646693239672034110e+02
2.646889907218304643e+02
2.648696248630574814e+02
2.648730582117465815e+02
2.658455625613125903e+02
2.660377300874564526e+02
2.663522981610419151e+02
2.663562981789321498e+02
2.666617662118172234e+02
2.669283340707196999e+02
2.674980032852555496e+02
2.675019699696633779e+02
2.678935717211184624e+02
2.678982384086570505e+02
2.706680841302401177e+02
2.711583863231369946e+02
2.711642196825602582e+02
2.717631556946598153e+02
2.722999580955307692e+02
2.723094581380200907e+02
2.723132248215333675e+02
2.727814602490690845e+02
2.738701984518291397e+02
2.744706011371550289e+02
2.748805363039404028e+02
2.752171711428870253e+02
2.756786398734916474e+02
2.757621735804329433e+02
2.760242747526913263e+02
2.774590145029576433e+02
2.775660816484865450e+02
2.779505833681864146e+02
2.781223841365725207e+02
2.784005520473566548e+02
2.785572194147246137e+02
2.786009862771403505e+02
2.787861204384939242e+02
2.793107894517644922e+02
2.794068232146128139e+02
2.795208903914496545e+02
2.796451576139066333e+02
2.796784244293605184e+02
2.797130579175935736e+02
2.797168579345893136e+02
2.800124592566784258e+02
2.803781942257766104e+02
2.806428287426987254e+02
2.807666626298843084e+02
2.818874676427311670e+02
2.819501679231607341e+02
2.819563012839257681e+02
2.822751360432608294e+02
2.839028766567314506e+02
2.843148118324619986e+02
2.847944473109848218e+02
2.848000806695135907e+02
2.851192154301903656e+02
2.851387488508877368e+02
2.851455488813011243e+02
2.852659494197975505e+02
2.852883161865005377e+02
2.853152496402948373e+02
2.853191496577378530e+02
2.854023833633373783e+02
2.856009175846232324e+02
2.856084176181674366e+02
2.867530227374612650e+02
2.870266906281188994e+02
2.870313906491399507e+02
2.874666925960459594e+02
2.875191594973729821e+02
2.880638619335772432e+02
2.890392329626312176e+02
2.890846331656855455e+02
2.899125368685191120e+02
2.899295369445526944e+02
2.901398045516499451e+02
2.911126089025576675e+02
2.920674465064417973e+02
2.934559193831109383e+02
2.934912862079571596e+02
2.936399535395446492e+02
2.936460869003097400e+02
2.940264886016720425e+02
2.948359922222105638e+02
2.950767599657208962e+02
2.953606945689635381e+02
2.953752946342629571e+02
2.953818279968170373e+02
2.954553616590326897e+02
2.957299295537156354e+02
2.957811631161932269e+02
2.957917964970847606e+02
2.976276047078130773e+02
2.986292425210129977e+02
2.991524448610571767e+02
2.994231794052619762e+02
2.995517133134685537e+02
2.996157469331948846e+02
3.004104504875394355e+02
3.004151171750780804e+02
3.007102518284133907e+02
3.007150851833641241e+02
3.009588196068096977e+02
3.012304874885222716e+02
3.021768583878720165e+02
3.035942980607629806e+02
3.036402315995360368e+02
3.045461023177469997e+02
3.050517045790740553e+02
3.050963381120327540e+02
3.051025048062801943e+02
3.052165719831170350e+02
3.054299729375616153e+02
3.054400063157696650e+02
3.062439432447441732e+02
3.062473765934333301e+02
3.067156120209690471e+02
3.076291161066538962e+02
3.076336161267804528e+02
3.082111187096846834e+02
3.088091880512412786e+02
3.096197583432171427e+02
3.104948289236732535e+02
3.107437633703762003e+02
3.119162019474896397e+02
3.121052361262862291e+02
3.121100694812369056e+02
3.128310727059536589e+02
3.128368060649297036e+02
3.128926396479810705e+02
3.129185064303380273e+02
3.147852147792684150e+02
3.154142175925096012e+02
3.156944188457212590e+02
3.162438213029465146e+02
3.162484546570027533e+02
3.178563285149518833e+02
3.183960975957580786e+02
3.186216652712855648e+02
3.186568654287196978e+02
3.190131670222933735e+02
3.197270035482900994e+02
3.197393036033026306e+02
3.197914371698054765e+02
3.197955038546605806e+02
3.210067759387918613e+02
3.213303107191479171e+02
3.213471441277692975e+02
3.213558775001630465e+02
3.227964839433350903e+02
3.232510526430790492e+02
3.233772198740339263e+02
3.233828198990802321e+02
3.237017213253801060e+02
3.238757221036057672e+02
3.245631585115269218e+02
3.253984955809399366e+02
3.254630958698674021e+02
3.254703292355522422e+02
3.256862635346607249e+02
3.256902635525509027e+02
3.258427642346165385e+02
3.258578309686698162e+02
3.260445984706618674e+02
3.264096667701116417e+02
3.266365677849358349e+02
3.266422678104294164e+02
3.266472344993098318e+02
3.274801382245062200e+02
3.287912774219639687e+02
3.289318113838412501e+02
3.289387447481843196e+02
3.293142130941487835e+02
3.293483465801455168e+02
3.296524146067690140e+02
3.296578146309208250e+02
3.303966846022141226e+02
3.304147513496850479e+02
3.315108895855420315e+02
3.315158896079048532e+02
3.318928579605781124e+02
3.319128247165468792e+02
3.321379590568029130e+02
3.322858930517771796e+02
3.322887930647476082e+02
3.322894930678783680e+02
3.327119949575355804e+02
3.337754330471398703e+02
3.354740739777151362e+02
3.358980425405987944e+02
3.360403098435618290e+02
3.378248844918125542e+02
3.381211524835500768e+02
3.386862883444770205e+02
3.388198556085288260e+02
3.388800892112594170e+02
3.400167942952199951e+02
3.400306610239061911e+02
3.400927613016522741e+02
3.405005297920803855e+02
3.405055631479256135e+02
3.405134298497764007e+02
3.407334641672223370e+02
3.407594642835089758e+02
3.409924653256157967e+02
3.411216992369531340e+02
3.413500669250037731e+02
3.419626029979300483e+02
3.428013067490673507e+02
3.428259735260572256e+02
3.431246748620113181e+02
3.438703781972003526e+02
3.438956116433913621e+02
3.439106783774445830e+02
3.443604470557203285e+02
3.444489807850243892e+02
3.454143517693528338e+02
3.454919521164235334e+02
3.455435190137253585e+02
3.456609195388040234e+02
3.458953205871724208e+02
3.464136895722658664e+02
3.466867907937224231e+02
3.467848912324806747e+02
3.469666253786274979e+02
3.469748920822673313e+02
3.474290607802223008e+02
3.474309607887201992e+02
3.474860277016759369e+02
3.480785303516685758e+02
3.483614982839210370e+02
3.487873001883377242e+02
3.488208003381685103e+02
3.488964006762942063e+02
3.490985682471636551e+02
3.491100349651156876e+02
3.491405351015288261e+02
3.501089060992749182e+02
3.508184092725572327e+02
3.509285430984687082e+02
3.511230773018642708e+02
3.514421453955762331e+02
3.527639846408903281e+02
3.530476192427911997e+02
3.530561526142903972e+02
3.530645193183775064e+02
3.531271195983598545e+02
3.536397885579596618e+02
3.541154240185923641e+02
3.543409250271549240e+02
3.547880270268371419e+02
3.549702611752202870e+02
3.559648989571123252e+02
3.563627674032620689e+02
3.567432357715892977e+02
3.580053747498914731e+02
3.584054765393633488e+02
3.590795128873521662e+02
3.606686533281819607e+02
3.609535212689322634e+02
3.610372549767681107e+02
3.613596564187218974e+02
3.614100233106565838e+02
3.620025259606492796e+02
3.623514275211259132e+02
3.623602942274492875e+02
3.624837614463282307e+02
3.626646289219321488e+02
3.629829303455484819e+02
3.636673000730871195e+02
3.644814037141993595e+02
3.647764050336050445e+02
3.647895050921956113e+02
3.647936384440154711e+02
3.647996384708508799e+02
3.648669721053366288e+02
3.648823721742140833e+02
3.651367733120337675e+02
3.651457066853219544e+02
3.656114421016762321e+02
3.656669423499034224e+02
3.657746761650806775e+02
3.660828442100416851e+02
3.660876108980275490e+02
3.661997447328840849e+02
3.662320448773478461e+02
3.663079785502977188e+02
3.676758846683144384e+02
3.681626535120749963e+02
3.699856949990368662e+02
3.700267285158943196e+02
3.701128622344643304e+02
3.712301005646923500e+02
3.712315672379187959e+02
3.716244356617057178e+02
3.718878035062959952e+02
3.719830372655662813e+02
3.719876372861400569e+02
3.722300050368065172e+02
3.724704394454927296e+02
3.731168090030740245e+02
3.734815106342172157e+02
3.737315117523575623e+02
3.737468784877525536e+02
3.750586176878938431e+02
3.757211873179306281e+02
3.757879542832152993e+02
3.759037548011379499e+02
3.766988250237891407e+02
3.768448590102655089e+02
3.768946592329990608e+02
3.771710604692150355e+02
3.771743604839745103e+02
3.777968966016264289e+02
3.785519333118927534e+02
3.786784005441893441e+02
3.793943704130608694e+02
3.794829374758473932e+02
3.800093398302037713e+02
3.800145731869434940e+02
3.803273412524783339e+02
3.805353088492886400e+02
3.809142105439422039e+02
3.809158438845807382e+02
3.814686130235302244e+02
3.821514827443600666e+02
3.822080829975070628e+02
3.822717832824092170e+02
3.835076888100479096e+02
3.837766566796844927e+02
3.838029234638304388e+02
3.844751931372510398e+02
3.844822931690062546e+02
3.845315267225386719e+02
3.850258289333258404e+02
3.853116302115838607e+02
3.853846972050456543e+02
3.854489308256665367e+02
3.864423352687090869e+02
3.864438019419354760e+02
3.864528353156709954e+02
3.864562353308777460e+02
3.868406703836127463e+02
3.874808065799817314e+02
3.877418077473202516e+02
3.886199783416412856e+02
3.890057134001907002e+02
3.890094800837039770e+02
3.894384486689504001e+02
3.905118534697978703e+02
3.905722204064581433e+02
3.907062876727462140e+02
3.907772546568156713e+02
3.909520887721018880e+02
3.909553221198964366e+02
3.910464225273468628e+02
3.910506892130964047e+02
3.914091241495448230e+02
3.914159575134406737e+02
3.916162250758123378e+02
3.916257584517840655e+02
3.919047263661462921e+02
3.919380598485649898e+02
3.920012934647133420e+02
3.920456269963302134e+02
3.921674942080530286e+02
3.921728608987224334e+02
3.922532612583163427e+02
3.922608612923078795e+02
3.939808356516311392e+02
3.939874356811500320e+02
3.947555391165244600e+02
3.948222394148442618e+02
3.950511737720960355e+02
3.950548404551620933e+02
3.950654071690888145e+02
3.952060411314133717e+02
3.959943113236511749e+02
3.982464880632716131e+02
3.990117914861228883e+02
4.007184324524786803e+02
4.009554335124756790e+02
4.009598335321550167e+02
4.018056039815650138e+02
4.020611717912693166e+02
4.022127391358271780e+02
4.022166058197877874e+02
4.030839430323227361e+02
4.034034111278236878e+02
4.040406139777398380e+02
4.041732812377663890e+02
4.044697825638808126e+02
4.048202174645487617e+02
4.049478513687300278e+02
4.056599878871234637e+02
4.056634879027773763e+02
4.059756226321462691e+02
4.074180957503337481e+02
4.074367291670057512e+02
4.081413989853373891e+02
4.095023717390110960e+02
4.101948081692950154e+02
4.108147776088007390e+02
4.109539448978988503e+02
4.112325128104720875e+02
4.113326132581754564e+02
4.113363466082063837e+02
4.116256812356008368e+02
4.116270812418624132e+02
4.121732503512930634e+02
4.122031504850226611e+02
4.123225843525288496e+02
4.128509200488655324e+02
4.128545533984491271e+02
4.142348595719257105e+02
4.150352964852463060e+02
4.154075314834161077e+02
4.160237342394084408e+02
4.160298009332086053e+02
4.162561019453493145e+02
4.165219698011209744e+02
4.166231035867793366e+02
4.170575721966249034e+02
4.170623055511283610e+02
4.170667389042900481e+02
4.192564820313402265e+02
4.196104836146269577e+02
4.209825897514285202e+02
4.210362233246402752e+02
4.210369899947359045e+02
4.213814915355333142e+02
4.225119632582815825e+02
4.227488976513137686e+02
4.228949649712726000e+02
4.231275660115903747e+02
4.237555021533941613e+02
4.237749689071266630e+02
4.237782689218861378e+02
4.246811396266793963e+02
4.249186406889127738e+02
4.249309407439253050e+02
4.264104140275975396e+02
4.264150473816537215e+02
4.266421483973724094e+02
4.273154180752655975e+02
4.277570867173135980e+02
4.284308230639607018e+02
4.284688565674003939e+02
4.284748232607533396e+02
4.320712060123909168e+02
4.330120102201767054e+02
4.340738483026248673e+02
4.342598491345213461e+02
4.344931501779698806e+02
4.345387503819187032e+02
4.345430504011507082e+02
4.376228975092278688e+02
4.377688648287393676e+02
4.381930667259999836e+02
4.382168668324469536e+02
4.408124451079449386e+02
4.414967815020012267e+02
4.417667827095928033e+02
4.417708160609654442e+02
4.417753160810920008e+02
4.431128220631428576e+02
4.438958922321233445e+02
4.440239928050584695e+02
4.441737601415657650e+02
4.441839601871859031e+02
4.446320288578582449e+02
4.449471636006447852e+02
4.452760984051526520e+02
4.452803984243846571e+02
4.459749681975434328e+02
4.459781682118556319e+02
4.463373031514348099e+02
4.467231048769490371e+02
4.476036754820042347e+02
4.476400756448054494e+02
4.478038430439286230e+02
4.485635464417335925e+02
4.486699135841316775e+02
4.488323809774404936e+02
4.493421165905875228e+02
4.501035199959957822e+02
4.501073533464738716e+02
4.506524557844671222e+02
4.513149254140566313e+02
4.516203267799769492e+02
4.516251268014452194e+02
4.517900275389706053e+02
4.521068956228428988e+02
4.523493633739566917e+02
4.524483638167402546e+02
4.526879315548835621e+02
4.529255659510465648e+02
4.530248997286543045e+02
4.530298997510171262e+02
4.542432718445407431e+02
4.542528718874773972e+02
4.552762097977318945e+02
4.554320438280394114e+02
4.557744453594444280e+02
4.557813453903050913e+02
4.566881827795062350e+02
4.571006846244378607e+02
4.571341514407862405e+02
4.572365518987764972e+02
4.580098220239258922e+02
4.580448555139479367e+02
4.580511888756074654e+02
4.580562555649350998e+02
4.585092909244878570e+02
4.585137909446144135e+02
4.585244576589884105e+02
4.587465253188618703e+02
4.595574622791443176e+02
4.598715636839758645e+02
4.600090976324354983e+02
4.600282643848262865e+02
4.602929989021957340e+02
4.605150665620691939e+02
4.607795010780968710e+02
4.610744690640200361e+02
4.617156719318264777e+02
4.627039430185765241e+02
4.630385778485780293e+02
4.636553139402890906e+02
4.640152488834463043e+02
4.640939825689193299e+02
4.640977159189502004e+02
4.654001217440142568e+02
4.654221885093754736e+02
4.658105569130358390e+02
4.660808247884868365e+02
4.661515917716617423e+02
4.663564260211247756e+02
4.678557327268361519e+02
4.678621994224253626e+02
4.679355664172289266e+02
4.679729332510203221e+02
4.684894022276159262e+02
4.684933689120237545e+02
4.684970355950898124e+02
4.699107419179498493e+02
4.699414087217751330e+02
4.708065459244704130e+02
4.708291793590327643e+02
4.712389478584059930e+02
4.712585479460681768e+02
4.712643479720090340e+02
4.720270847167141142e+02
4.729654889137657960e+02
4.734288576528682597e+02
4.735077580057534306e+02
4.740662271701965551e+02
4.745887628405923238e+02
4.749244643420311718e+02
4.763852042085841276e+02
4.767626392300111888e+02
4.774389422548045445e+02
4.780397116084370168e+02
4.801226209243351946e+02
4.803768220612603841e+02
4.804629557798303381e+02
4.822107302634907455e+02
4.831322010514737144e+02
4.831685678807925228e+02
4.831809346027699235e+02
4.841055387381002220e+02
4.841103054260860290e+02
4.845096738789447386e+02
4.850137094665980726e+02
4.851789102054652290e+02
4.851893769189446743e+02
4.865709497647531521e+02
4.876583879616989066e+02
4.880759898294405730e+02
4.882356238767437731e+02
4.887696595985739805e+02
4.891854614582650811e+02
4.893680289414723461e+02
4.895515297621873856e+02
4.901385990545458071e+02
4.903508000036233057e+02
4.903551333563377739e+02
4.904016668977942572e+02
4.907721685548782489e+02
4.910728032328126460e+02
4.910854366226494108e+02
4.912711041197215991e+02
4.915128385342221691e+02
4.915176718891729024e+02
4.915309386151755007e+02
4.927868775657478295e+02
4.927909109171205273e+02
4.939534827834380053e+02
4.948921536483490513e+02
4.948991870131393398e+02
4.954261560366968524e+02
4.954313227264717625e+02
4.971948306138338012e+02
4.973055644424287607e+02
4.993852404105323899e+02
4.994504073686609900e+02
4.994715741299968954e+02
4.994781408260333819e+02
4.995290077202043335e+02
4.995435077850564767e+02
4.995488078087610688e+02
4.998263090498968495e+02
5.001002102749314417e+02
5.006860795619227815e+02
5.006867795650535413e+02
5.006938462633263498e+02
5.006965129419198206e+02
5.007039463084991553e+02
5.012772488726186566e+02
5.015533167740104545e+02
5.016132503753993319e+02
5.016176837285610191e+02
5.024728875534955250e+02
5.030703902258509856e+02
5.032962912362025918e+02
5.033263247038618715e+02
5.046054304247152231e+02
5.052188331681844602e+02
5.052247665280549427e+02
5.061684374153287536e+02
5.065952726577003773e+02
5.070201745580917532e+02
5.070718414558407972e+02
5.070802414934103126e+02
5.072735756914388503e+02
5.081055460791275209e+02
5.081126794443651420e+02
5.081166794622553766e+02
5.090750170817934190e+02
5.093173514989775299e+02
5.097006532133102610e+02
5.097676201794894837e+02
5.098879873845034467e+02
5.100797549088583196e+02
5.100818215847683064e+02
5.101412218504384555e+02
5.102182555283080774e+02
5.104191897603280950e+02
5.105570903770943687e+02
5.130465348445711697e+02
5.135130702645035399e+02
5.145196747665837620e+02
5.145258747943137223e+02
5.157230134818994429e+02
5.161452487036973480e+02
5.162603158850066620e+02
5.164542500857187406e+02
5.167147512508211094e+02
5.180494238868664070e+02
5.200844663220113944e+02
5.206792023153260516e+02
5.207382692461719671e+02
5.207735360705710264e+02
5.207967695078169754e+02
5.208119362423173015e+02
5.214487390904445192e+02
5.223282096905799108e+02
5.225709107760706047e+02
5.236001820461956413e+02
5.242393182380919825e+02
5.242732850566767411e+02
5.243375186772975667e+02
5.244516525210992768e+02
5.244635859078051681e+02
5.244966193888820953e+02
5.247193537184040224e+02
5.260948598704122787e+02
5.263512276836945603e+02
5.268499632476433590e+02
5.268534632632973853e+02
5.278404676777154236e+02
5.295582753606814777e+02
5.303266787973977898e+02
5.304745461254071870e+02
5.313156165537961897e+02
5.325036552006815782e+02
5.326012556372035078e+02
5.326054556559884077e+02
5.329565572263046533e+02
5.334136592707125146e+02
5.335790933439565151e+02
5.336029601173682977e+02
5.336067934678465008e+02
5.336114268219026826e+02
5.353147344400166503e+02
5.360443710366798769e+02
5.369585751254954857e+02
5.376114113786660482e+02
5.376204780858839740e+02
5.376260447774478735e+02
5.382516142419998459e+02
5.384296483715983186e+02
5.386169492093089275e+02
5.387555498292059610e+02
5.387598498484380798e+02
5.392837855250953680e+02
5.395516200563297389e+02
5.396571205281849188e+02
5.412746944295179219e+02
5.429028350447777029e+02
5.432612699812260644e+02
5.437452054789810063e+02
5.439956399323928053e+02
5.440013732913688500e+02
5.440648735753763958e+02
5.440813736491737700e+02
5.443851416744555536e+02
5.443897083615468091e+02
5.455174134052543877e+02
5.471845875284265048e+02
5.477438566964476649e+02
5.484893600307422048e+02
5.484930933807730753e+02
5.484971933991105288e+02
5.485747270792164727e+02
5.489545287778953480e+02
5.510993717041275204e+02
5.523334438902331840e+02
5.524958446165771875e+02
5.525055779934434668e+02
5.548669218879851996e+02
5.548753219255547720e+02
5.548791552760328614e+02
5.548826552916868877e+02
5.549141220990900365e+02
5.551855566464256526e+02
5.567490969727579113e+02
5.572513325523607364e+02
5.584706713392372421e+02
5.585776051508365754e+02
5.587658393260550156e+02
5.589653402183309936e+02
5.597549770833479670e+02
5.597593771030271910e+02
5.597736438335024332e+02
5.612491504327667826e+02
5.613028840064257565e+02
5.616101520473614528e+02
5.627856239713750028e+02
5.627946906785929286e+02
5.630683252357681567e+02
5.631380922144704755e+02
5.633475931514720969e+02
5.633603932087208932e+02
5.633648598953651572e+02
5.633718265931905762e+02
5.636189943653253067e+02
5.636910613543145701e+02
5.639268290754622512e+02
5.639875293469466442e+02
5.639908626951885253e+02
5.640056294279000895e+02
5.674888116732436174e+02
5.676914459128669250e+02
5.678954468252694596e+02
5.696319212583900935e+02
5.709078936318959450e+02
5.734066714744501496e+02
5.738481067821211354e+02
5.738521401334937764e+02
5.738563734857609688e+02
5.749037115033569307e+02
5.758973826142589587e+02
5.759426161499010277e+02
5.769365539286623061e+02
5.779608918433895042e+02
5.782119596329671367e+02
5.782140596423595298e+02
5.800022343067115571e+02
5.816032081337999671e+02
5.816097748298365104e+02
5.823165779910427773e+02
5.824830787357243480e+02
5.837321509889184199e+02
5.851323905848813638e+02
5.858566271573927224e+02
5.858624938502985060e+02
5.869936655761775910e+02
5.872653001244076449e+02
5.872858335495775464e+02
5.873385671187639900e+02
5.873518671782491083e+02
5.885994394247343280e+02
5.890424747395613849e+02
5.895534103580754390e+02
5.905778482732498560e+02
5.910635837790554206e+02
5.915949528222921572e+02
5.929654922854199413e+02
5.929724256497630677e+02
5.929759589988995003e+02
5.937793292586728739e+02
5.943920319990113512e+02
5.948241339316051608e+02
5.948313672972900576e+02
5.951494353865292624e+02
5.951558020816713679e+02
5.951603354352802171e+02
5.953871364496571914e+02
5.959195388308489783e+02
5.960687394981550824e+02
5.965731750875974058e+02
5.965786751121966063e+02
5.970290104596734864e+02
5.970331771449757525e+02
5.980178815491069599e+02
5.987575515239782362e+02
6.003415586085155837e+02
6.003456919603355573e+02
6.012406959632779717e+02
6.032535382991320603e+02
6.034162390268179479e+02
6.037816739945742484e+02
6.044027767724821842e+02
6.048920122939415478e+02
6.049007123328528905e+02
6.049208790897162089e+02
6.057927163223777143e+02
6.058883500834369897e+02
6.075422908140888012e+02
6.108080387536150511e+02
6.119372771375138882e+02
6.119541105461353254e+02
6.127073805818333767e+02
6.131149824048494565e+02
6.131154824070857785e+02
6.131374158385171995e+02
6.133577834907873694e+02
6.138235855741065734e+02
6.144696217968636347e+02
6.148998903879244153e+02
6.158593946793471332e+02
6.161912628303077781e+02
6.163484635333944652e+02
6.167264985575051242e+02
6.169588329299635916e+02
6.174641018564664137e+02
6.180757045918851418e+02
6.184771063871712613e+02
6.197322453341655546e+02
6.212155519683158218e+02
6.215732202346687245e+02
6.220090555172934046e+02
6.225002577142156497e+02
6.226425583506610337e+02
6.232793611987881377e+02
6.254170374263003396e+02
6.254682709887779311e+02
6.265323757480305176e+02
6.265422424588265358e+02
6.265451091383145013e+02
6.275405469237846319e+02
6.286029850089162210e+02
6.286046183495548121e+02
6.299382576476451732e+02
6.302849591982820812e+02
6.302888925492076169e+02
6.317662991569699216e+02
6.328228038822310282e+02
6.335445071100785981e+02
6.335563404963372705e+02
6.342192767946805816e+02
6.344555111845821784e+02
6.346896122316087485e+02
6.368661219661386212e+02
6.384871292161607244e+02
6.417664105495490503e+02
6.427057480841084498e+02
6.430797164233640615e+02
6.449062912594623640e+02
6.456387945356136697e+02
6.456422612177851761e+02
6.456427945535039044e+02
6.457719284643940227e+02
6.477589373513735609e+02
6.480263052138540161e+02
6.492853775117737314e+02
6.492903108671716836e+02
6.496643458733921079e+02
6.510509187415634642e+02
6.515522209836584580e+02
6.526325924823313471e+02
6.526360924979853735e+02
6.552597042321975778e+02
6.557329730155784091e+02
6.562436752997156191e+02
6.564638096176088311e+02
6.566897772949253067e+02
6.577467153554578090e+02
6.584482184929596542e+02
6.589394873568467119e+02
6.590000209609191870e+02
6.593418224896405491e+02
6.595994236417724323e+02
6.596613905855888333e+02
6.597199575141985406e+02
6.599665919506145428e+02
6.604490941086255589e+02
6.609765964679015724e+02
6.613508981419814745e+02
6.634121740277898880e+02
6.634243407488727371e+02
6.638828427995421180e+02
6.638867428169851337e+02
6.646312794802895496e+02
6.671689574968263514e+02
6.672895580362171586e+02
6.673240248570381254e+02
6.683503294472278640e+02
6.686059305904146868e+02
6.695699682354462539e+02
6.695745682560200294e+02
6.695784682734631588e+02
6.702940714740281010e+02
6.715580771273457685e+02
6.723147138447681073e+02
6.723205805376737771e+02
6.723679474161907592e+02
6.730511504718448350e+02
6.730522504767645842e+02
6.733559518350815551e+02
6.748542585363203443e+02
6.748548585390037715e+02
6.755015947648917063e+02
6.759258633291171918e+02
6.759820635804750282e+02
6.768361674004897850e+02
6.769077010537604338e+02
6.769173010966969741e+02
6.779241389331542678e+02
6.780550061851301962e+02
6.780753062759231398e+02
6.783826076503412423e+02
6.791342110119185236e+02
6.795793796696203799e+02
6.829922282670604545e+02
6.832190292814374288e+02
6.843677677525511172e+02
6.851119377475490637e+02
6.859463748129367104e+02
6.863212098227351134e+02
6.864172435855834919e+02
6.876809159040768691e+02
6.878042831225085365e+02
6.878542500126542336e+02
6.887530873660748512e+02
6.892343895187186718e+02
6.897921920135133860e+02
6.912144317078726772e+02
6.920359687155644224e+02
6.930931401104738825e+02
6.952604498038563179e+02
6.956559182392719549e+02
6.957505853293412201e+02
6.965784556986923235e+02
6.973990260353938311e+02
6.998958705359676742e+02
7.003393391860662405e+02
7.012375765368033171e+02
7.012408765515626783e+02
7.012448765694530266e+02
7.035837536968446102e+02
7.037773878962149183e+02
7.038302547993309872e+02
7.038353881556233773e+02
7.042103898328339255e+02
7.042207232123838594e+02
7.043650238577744176e+02
7.043688905417349133e+02
7.043731905609670321e+02
7.056355962071285148e+02
7.068492683019939022e+02
7.083092748319336351e+02
7.084285086985454427e+02
7.085324424967269579e+02
7.086186095487793182e+02
7.087744435790867783e+02
7.113050215638684222e+02
7.118870241668990957e+02
7.119833579310891309e+02
7.135637983330077532e+02
7.145590027841009260e+02
7.156660410687088643e+02
7.156686077468550593e+02
7.158931754179099016e+02
7.167450458946025265e+02
7.196058253562239315e+02
7.198141929548233975e+02
7.215061338554324948e+02
7.219527691863607970e+02
7.220253361775863823e+02
7.224991382966860556e+02
7.233497087675642661e+02
7.239341447148116231e+02
7.239398780737877814e+02
7.254166513453840253e+02
7.263429554883176706e+02
7.265337563416824196e+02
7.277567618116250969e+02
7.286137323111277055e+02
7.310691099595727565e+02
7.316552459144234035e+02
7.321210813312249002e+02
7.322375485187958475e+02
7.324277827029594619e+02
7.326513170360593676e+02
7.341164569222916043e+02
7.353662625120989560e+02
7.355163298499479652e+02
7.375946058117899611e+02
7.397104486083179609e+02
7.423543937668055150e+02
7.425511946470055591e+02
7.425617946944147434e+02
7.437009331225918913e+02
7.439744010123549742e+02
7.444072362815620636e+02
7.458796762004438961e+02
7.462225444006028283e+02
7.469176141759978691e+02
7.470965149761391331e+02
7.472549823515577145e+02
7.483939874458051236e+02
7.490188235737439300e+02
7.490740571541117561e+02
7.490902572265673598e+02
7.505635971494743899e+02
7.524240721371926384e+02
7.524290721595554032e+02
7.525266392625950402e+02
7.525321726206764197e+02
7.526092729655110816e+02
7.540734461807530806e+02
7.547212157445958383e+02
7.550013169973603908e+02
7.550100837032365462e+02
7.569960259187786278e+02
7.578358630083181424e+02
7.625415173878857331e+02
7.643627588667970940e+02
7.645892265463497779e+02
7.653808634203118118e+02
7.653857634422274714e+02
7.659203991667411628e+02
7.660259329720787491e+02
7.661598335709547882e+02
7.670985044358658342e+02
7.676568069328968704e+02
7.683262099268295060e+02
7.690325130857995646e+02
7.701071845589790428e+02
7.701105512407032165e+02
7.722010605905929879e+02
7.727912965637812022e+02
7.727985965964307979e+02
7.728137966644138714e+02
7.734743329520230191e+02
7.738747347428366083e+02
7.746447048532264716e+02
7.747824388025806002e+02
7.748789059007003743e+02
7.763787792756128283e+02
7.769492151602444210e+02
7.788405236191998711e+02
7.788575570287157461e+02
7.793643926288923467e+02
7.793706593235871196e+02
7.795834269418656959e+02
7.797202942206770331e+02
7.803126968702224531e+02
7.803160968854290331e+02
7.825345401408418411e+02
7.829230752119143517e+02
7.847474500381730422e+02
7.847636834441109386e+02
7.847676501285187669e+02
7.875006290185466469e+02
7.886446674686394545e+02
7.893015370731826579e+02
7.904276421097340517e+02
7.904387088258970380e+02
7.912403124111023089e+02
7.935924895979790108e+02
7.939766579828545900e+02
7.951621966185587098e+02
7.951644632953631344e+02
7.954491645687013488e+02
7.954597646161105331e+02
7.962909016667387050e+02
7.965083026390735768e+02
7.993797154815865724e+02
8.006402877862151399e+02
8.022297282283866480e+02
8.033598999497932027e+02
8.034455003326444285e+02
8.063949801909819826e+02
8.065549475731094162e+02
8.065661142897196214e+02
8.065988811029372982e+02
8.073226176732123349e+02
8.095201275016661384e+02
8.099030625476922296e+02
8.101866638161108085e+02
8.101918638393680112e+02
8.112156684183764810e+02
8.122869398763491517e+02
8.123712735868684831e+02
8.124086404206598218e+02
8.129132093440318840e+02
8.134734451830432818e+02
8.161491238167934625e+02
8.161530238342364783e+02
8.165841924293225702e+02
8.179467651901524050e+02
8.180694990724181253e+02
8.183208001963728293e+02
8.220833836913500363e+02
8.222208509728449144e+02
8.225615524966465273e+02
8.227036864656798798e+02
8.250452969386298037e+02
8.250493302900024446e+02
8.257513334297404981e+02
8.261899020579236321e+02
8.302866203806660224e+02
8.307887892933040348e+02
8.336449354008691444e+02
8.342687715243354205e+02
8.346234731107529115e+02
8.369898503611399292e+02
8.377858205878163744e+02
8.378511542133570629e+02
8.386161243013841613e+02
8.394839281826729120e+02
8.394866615282312523e+02
8.411396022544105335e+02
8.436377134273162710e+02
8.448832523313739102e+02
8.458772901105825213e+02
8.458885234941575391e+02
8.465713932149873244e+02
8.467258939059980776e+02
8.470892955313270249e+02
8.471395624228143788e+02
8.484238348334425837e+02
8.484272015151668711e+02
8.487915364780034224e+02
8.494762728738486430e+02
8.505995112309120714e+02
8.513196144516035702e+02
8.514616484201897038e+02
8.514652484362909490e+02
8.515265487104589965e+02
8.517056161780122920e+02
8.517325496318067053e+02
8.518125166561291053e+02
8.518172166771502134e+02
8.525746533981506445e+02
8.526346203330218714e+02
8.526695871560790465e+02
8.538116255972266799e+02
8.547306630409930222e+02
8.547645631926128544e+02
8.558079345258011017e+02
8.566803050941813353e+02
8.568246390730542998e+02
8.582413120758496916e+02
8.582500454482433270e+02
8.582582121514360551e+02
8.620205289785538980e+02
8.622133631743461137e+02
8.626901653068634914e+02
8.633313015077050068e+02
8.634487686997485980e+02
8.649799755481346892e+02
8.649853422388040372e+02
8.654780111089526144e+02
8.660725137678904275e+02
8.665373491802193939e+02
8.672381523145904794e+02
8.693335950198782029e+02
8.693371617024969282e+02
8.698640307256072219e+02
8.702108322766914625e+02
8.704043664756144381e+02
8.735891807198281640e+02
8.745785518114980732e+02
8.746018519157087212e+02
8.777354325974448557e+02
8.778929666353556058e+02
8.778968666527987352e+02
8.789031711535373006e+02
8.795879408828649275e+02
8.811220810777037968e+02
8.823105530598606947e+02
8.823176864250982590e+02
8.848999646411112963e+02
8.857999353329341830e+02
8.858051353561914993e+02
8.861093033832622723e+02
8.893353511452279463e+02
8.895641855020323874e+02
8.902038883631298631e+02
8.906316569430092613e+02
8.906963238989015963e+02
8.913491268185897525e+02
8.918881292293003753e+02
8.919858629997519301e+02
8.920105631102243251e+02
8.941870728447541978e+02
8.945087742835772815e+02
8.948312757259783439e+02
8.960829479908011308e+02
8.963330157759062331e+02
8.965152832577717845e+02
8.969741853102301548e+02
8.987029597089120898e+02
8.991174615627887761e+02
9.014235385434802765e+02
9.018858739446278605e+02
9.018936739795138919e+02
9.030048122824592838e+02
9.036400817903951292e+02
9.038563160908453256e+02
9.043094847843277648e+02
9.047936536164595509e+02
9.047980536361388886e+02
9.052983558737613521e+02
9.068131293153149954e+02
9.069259964867846975e+02
9.090214391920724211e+02
9.094954413120665322e+02
9.095095747086120355e+02
9.097897759618238069e+02
9.113059160761566773e+02
9.113099827610117245e+02
9.116616843340116247e+02
9.116728510506218299e+02
9.130331571346471264e+02
9.130691239621769455e+02
9.145366305256608257e+02
9.151158331161684600e+02
9.167068735654961529e+02
9.167673738360859943e+02
9.181949135541499345e+02
9.207579916842897774e+02
9.233720033755653276e+02
9.238375721245075738e+02
9.239820394373102772e+02
9.251978115415680577e+02
9.261846826220564708e+02
9.263922835505602507e+02
9.265984178058375846e+02
9.277447895996996294e+02
9.294513638990905520e+02
9.294839640448960836e+02
9.300257998016122656e+02
9.300303998221860411e+02
9.312358385468941151e+02
9.317919743675678319e+02
9.336638827397556497e+02
9.352689565851816269e+02
9.370144310585551466e+02
9.370189644121641095e+02
9.396407761383256911e+02
9.402936790584610662e+02
9.403014124263821714e+02
9.409091151443577701e+02
9.409699820832544219e+02
9.419637865280859614e+02
9.423907217709048609e+02
9.439360620158364554e+02
9.444738977546624028e+02
9.453150015165338118e+02
9.453384016211917924e+02
9.454403354104282471e+02
9.454753022334854222e+02
9.461680386651111121e+02
9.461716720146947637e+02
9.461832053996116656e+02
9.464892067682154675e+02
9.478000459643313889e+02
9.478730462908283698e+02
9.478853463458408442e+02
9.480958806207975158e+02
9.481076806735737819e+02
9.490752516677417816e+02
9.492611191657084646e+02
9.503028904917406408e+02
9.516795633156335725e+02
9.518499974112404516e+02
9.520088981219304287e+02
9.520531316531000812e+02
9.529904691787143065e+02
9.529949691988408631e+02
9.533431374227043307e+02
9.552127791180876102e+02
9.552177124734856761e+02
9.557648815873887997e+02
9.560502828638577739e+02
9.561093831281862094e+02
9.564405846094985009e+02
9.566844857003563902e+02
9.567559860201445190e+02
9.569359201582407195e+02
9.586712612529589705e+02
9.593151974663236388e+02
9.606333033616069770e+02
9.623240775903313988e+02
9.623354776413185618e+02
9.623393443252791712e+02
9.626508123849996537e+02
9.626599457591823921e+02
9.643684867340359688e+02
9.644860205930443726e+02
9.682810708998974860e+02
9.693573423802329216e+02
9.693626424039375706e+02
9.696731771261502217e+02
9.713887181323118512e+02
9.714755518540125649e+02
9.715431521563576780e+02
9.715467188389765170e+02
9.727905244019484599e+02
9.730881923999476157e+02
9.737625954162430162e+02
9.737687954439728628e+02
9.744484651504903923e+02
9.755178032664828152e+02
9.755315366612393291e+02
9.788933850305788837e+02
9.788991517230373347e+02
9.791487861728710413e+02
9.794796876528415623e+02
9.832595712251942359e+02
9.832985380661416457e+02
9.838984407492313267e+02
9.841866753717059737e+02
9.848761117885721887e+02
9.848837451560460750e+02
9.848870118373231435e+02
9.876088573442232246e+02
9.886208285369730220e+02
9.887068955885780497e+02
9.895451326709616069e+02
9.939678191182765659e+02
9.940046192828668836e+02
9.943745876042322607e+02
9.970977664504290487e+02
9.976091020707322059e+02
9.984372724414250797e+02
9.986416066886517910e+02
1.000062579710679188e+03
1.000069779742881678e+03
1.000075513101857723e+03
1.003483161676040481e+03
1.003966597171559101e+03
1.003976297214942974e+03
1.006400008055090098e+03
1.006839243352921585e+03
1.007624013529505419e+03
1.007628280215254904e+03
1.010235925211388576e+03
1.010537693227725185e+03
1.012332601255525788e+03
1.013102804700292495e+03
1.014488377563991321e+03
1.018146727259445129e+03
1.020706272040448539e+03
1.021107740502699585e+03
1.022403946300033795e+03
1.022571747050529552e+03
1.023058882562596636e+03
1.025889795223970850e+03
1.025893995242755636e+03
1.025897795259751319e+03
1.026304063743470579e+03
1.026447597718765564e+03
1.029227076816767749e+03
1.030227014622364322e+03
1.030678949976997274e+03
1.031003851430132272e+03
1.031931422245397926e+03
1.031935788931594971e+03
1.035851139776497121e+03
1.040109025486734026e+03
1.041162563532059949e+03
1.044216543857780152e+03
1.044480045036299998e+03
1.045778550843921266e+03
1.045782384194399128e+03
1.045990085123350354e+03
1.046476553965769199e+03
1.048799164353740252e+03
1.048879398045922244e+03
1.049416200446793027e+03
1.049421667137909708e+03
1.054678390648823324e+03
1.058520041164098075e+03
1.058536374570483076e+03
1.059031943453602253e+03
1.060765984542506203e+03
1.062715159926940487e+03
1.064769335780993742e+03
1.064772869130130175e+03
1.068057583821152548e+03
1.068066617194888295e+03
1.068435152176509519e+03
1.068946121128505865e+03
1.071657933257198010e+03
1.072469270219269447e+03
1.074598746410106742e+03
1.075371916534808861e+03
1.075376916557171626e+03
1.076197553560838060e+03
1.076810156300728977e+03
1.078985366029444776e+03
1.085390661344060163e+03
1.085990964028938834e+03
1.086000197403568791e+03
1.086017564147908843e+03
1.086025997518960821e+03
1.087218269518113630e+03
1.088763909764386653e+03
1.088822376692549142e+03
1.091239654170589574e+03
1.091473455216274488e+03
1.092311158962939317e+03
1.094020966610124560e+03
1.094030099984307526e+03
1.095259205481532717e+03
1.096546444572096107e+03
1.096550011254715173e+03
1.096554211273499732e+03
1.097471915377969253e+03
1.097800450180688358e+03
1.100932364188303382e+03
1.101530766864684210e+03
1.102551771431169527e+03
1.104322546017698869e+03
1.105536884782212383e+03
1.105541784804128156e+03
1.107527893687082496e+03
1.107533427045163990e+03
1.108272797018693382e+03
1.109484435771131302e+03
1.109707536768959699e+03
1.109712836792664348e+03
1.109798337175068355e+03
1.110746674749880867e+03
1.111473544667503347e+03
1.115332495260152882e+03
1.115336528611525637e+03
1.115351828679955815e+03
1.118151941203575007e+03
1.118724277096704554e+03
1.119650214571331617e+03
1.120020316226626619e+03
1.121224788280344455e+03
1.121456455983154456e+03
1.122659294696233701e+03
1.124214468318478794e+03
1.124219301673429527e+03
1.124224368362757104e+03
1.125109938990175351e+03
1.125258039652561592e+03
1.125709808339782512e+03
1.125714641694733018e+03
1.125720475054156395e+03
1.126385044693138298e+03
1.126391278054350778e+03
1.128122919132520565e+03
1.128273819807429845e+03
1.128278653162380806e+03
1.129934327234118200e+03
1.131754835376416395e+03
1.133478709753182557e+03
1.134280680006694411e+03
1.134457614131373020e+03
1.135470951996901931e+03
1.137279360085081862e+03
1.139370336103725549e+03
1.139621170558926451e+03
1.139888805089266498e+03
1.140976709954966054e+03
1.142197615415516111e+03
1.142977752238043649e+03
1.143221019992735364e+03
1.145873365188792604e+03
1.145877365206682953e+03
1.146438401049272215e+03
1.148404043174021353e+03
1.148932145535981135e+03
1.150984521381983996e+03
1.152138659877249438e+03
1.152699662386356522e+03
1.157540584037579038e+03
1.160154762396266960e+03
1.160746098374374924e+03
1.160817065358444324e+03
1.161163933576493264e+03
1.162705507137911582e+03
1.163434810399750631e+03
1.163733445068739911e+03
1.164400914720692299e+03
1.164404814738135428e+03
1.164828149964853083e+03
1.167125560240115647e+03
1.167130660262925858e+03
1.168016230890343650e+03
1.168019930906892114e+03
1.170263274273671641e+03
1.175034695614051316e+03
1.176974437622961204e+03
1.177433806344173490e+03
1.177440239706280408e+03
1.183794234791453164e+03
1.184543604809708313e+03
1.184872706281628552e+03
1.186952448916696767e+03
1.186956848936376218e+03
1.188525555952483273e+03
1.188689323351606390e+03
1.189731394678980223e+03
1.189745761409902798e+03
1.193394444395455139e+03
1.195488087092692240e+03
1.196966293704032523e+03
1.197147027845706816e+03
1.197151294531456415e+03
1.197155161215416911e+03
1.200843511045047990e+03
1.200957278220543003e+03
1.202877420141790481e+03
1.203269121893692727e+03
1.203668557013516420e+03
1.204682794883070528e+03
1.204686828234443283e+03
1.206641270309099809e+03
1.206765004195838173e+03
1.209216248492462910e+03
1.210913756084636134e+03
1.212286362223673905e+03
1.214014769954049143e+03
1.214816073537912416e+03
1.214826906919698558e+03
1.218132988372951559e+03
1.221138535148717438e+03
1.222180173140819988e+03
1.224737184577159496e+03
1.227517630346151691e+03
1.227861765218642631e+03
1.227862598555703016e+03
1.234960930303285977e+03
1.237666875739072111e+03
1.238369845549800630e+03
1.243424101488502856e+03
1.243449901603895114e+03
1.243999304061120256e+03
1.244008770770127285e+03
1.244030604201111601e+03
1.245851945680470180e+03
1.246381914717445397e+03
1.246724649583674363e+03
1.249886097056712742e+03
1.249889897073708426e+03
1.251723405274149627e+03
1.251732471981367553e+03
1.251738305340790930e+03
1.254291250092275504e+03
1.256147358393796821e+03
1.256148525065681497e+03
1.256154125090727803e+03
1.256163625133217010e+03
1.257242963293934963e+03
1.257244963302880024e+03
1.257500497779102034e+03
1.259392439574223545e+03
1.259396406258631259e+03
1.259400039608214911e+03
1.262808588186423094e+03
1.262835254972358143e+03
1.263196756589188908e+03
1.267998078063298408e+03
1.268959682364113178e+03
1.270252254811863850e+03
1.271909795558616679e+03
1.271914528913120421e+03
1.272524731642277175e+03
1.272878133222880251e+03
1.273667303419143536e+03
1.274185572403789592e+03
1.275055142959646673e+03
1.275059776313702741e+03
1.275781179540208768e+03
1.276068647492587843e+03
1.282088307749100977e+03
1.286807628856460269e+03
1.295291900136048525e+03
1.296589239271784663e+03
1.301880329603072141e+03
1.301942663215195353e+03
1.302131564060062146e+03
1.302880234075186308e+03
1.302940134343092723e+03
1.307678388868465845e+03
1.308174957756057438e+03
1.308203557883972735e+03
1.310467434675922050e+03
1.313953816935578061e+03
1.313957583619091338e+03
1.314141051106323857e+03
1.315065288573347516e+03
1.315866158821939507e+03
1.316578762009086859e+03
1.316984330489675358e+03
1.317910567965644077e+03
1.318015301767403798e+03
1.318204969282366164e+03
1.318214402657890787e+03
1.318620204472856130e+03
1.322973723944152425e+03
1.323649093631438063e+03
1.323658660340892311e+03
1.324510064148831134e+03
1.324518397519435666e+03
1.324894432534601265e+03
1.324903899243608066e+03
1.327351243522790128e+03
1.327727045203578655e+03
1.329492419765956356e+03
1.329501219805314804e+03
1.329507186498667807e+03
1.329543519994504095e+03
1.329547353344982412e+03
1.329734920850552271e+03
1.332204798563849636e+03
1.335859914911508895e+03
1.337747923355704870e+03
1.338677560846880397e+03
1.339079062642613735e+03
1.340923670892700784e+03
1.341057371490682044e+03
1.341087404958341494e+03
1.344041418170287898e+03
1.350015811557676443e+03
1.350107911969599400e+03
1.350379079849075652e+03
1.351118383155640231e+03
1.351126416524903107e+03
1.351130016541004352e+03
1.352963424740998789e+03
1.355164834586895495e+03
1.358719983820780953e+03
1.358724883842696499e+03
1.358728917194069254e+03
1.359587921035999670e+03
1.361434462628066512e+03
1.361446762683078987e+03
1.368846229110832610e+03
1.370503703190620854e+03
1.370683903996576419e+03
1.370906771660027971e+03
1.371127872648911307e+03
1.371305673444132708e+03
1.372472478662717322e+03
1.374821522502246580e+03
1.375432625235428759e+03
1.375449725311909560e+03
1.375643059509938212e+03
1.376002927786130613e+03
1.378280404638906930e+03
1.378502272297886066e+03
1.378504105639418867e+03
1.378505105643891511e+03
1.381773986930765204e+03
1.381796953700151789e+03
1.384252131347702289e+03
1.389467154672109928e+03
1.390426825630944677e+03
1.390558826221322988e+03
1.390570292939274850e+03
1.393532206186554731e+03
1.396111784390491948e+03
1.396594653216809320e+03
1.397071555349773917e+03
1.397357623295891244e+03
1.397360123307072627e+03
1.399249498424047943e+03
1.401381841294372862e+03
1.401394708018586698e+03
1.402702013865566187e+03
1.405485092979669616e+03
1.407217634061864828e+03
1.407236934148185128e+03
1.411022017743795004e+03
1.415638238390033166e+03
1.419241321171636855e+03
1.419268654627220030e+03
1.420094591654591113e+03
1.420106491707814712e+03
1.423603474014879566e+03
1.424248076897892588e+03
1.427772992663224386e+03
1.429969435820240733e+03
1.430865939829892113e+03
1.437070600913829139e+03
1.438216539372419902e+03
1.439701679348103198e+03
1.440690483770571973e+03
1.441949922736798271e+03
1.441952956083698382e+03
1.444430500497951698e+03
1.444753735276966154e+03
1.444759335302012460e+03
1.446699810647535514e+03
1.446706710678396121e+03
1.447010745371537269e+03
1.447015712060417627e+03
1.448603785829810022e+03
1.449040687783872272e+03
1.449065054559520149e+03
1.449911725012955685e+03
1.453395507260982640e+03
1.453401807289159706e+03
1.453408973987879790e+03
1.453413074006217357e+03
1.464110455184031480e+03
1.469306545090425516e+03
1.469311245111446397e+03
1.480752929618187864e+03
1.482064635484846576e+03
1.486177353879149905e+03
1.493144685040827426e+03
1.493690920817223059e+03
1.500361583985373500e+03
1.500373617372526724e+03
1.501100587290596422e+03
1.501245921273942258e+03
1.501257254657964495e+03
1.502444259966894833e+03
1.506063209486130063e+03
1.506068876178141181e+03
1.507368648658093889e+03
1.507374148682693203e+03
1.507462582411549874e+03
1.507467282432571210e+03
1.513337608687848387e+03
1.513342242041904683e+03
1.513350442078579817e+03
1.517088792131838545e+03
1.517714394929872924e+03
1.524267057570261613e+03
1.524279424292238900e+03
1.524554492189158054e+03
1.525430562774086638e+03
1.525435996131720913e+03
1.527462938530638212e+03
1.528609676992806953e+03
1.529181746218076796e+03
1.529185579568555113e+03
1.529653448327784190e+03
1.530025216657199962e+03
1.534438669729885078e+03
1.534443836419659874e+03
1.534449103109882117e+03
1.537831718238768417e+03
1.537836318259342306e+03
1.537845751634866701e+03
1.540735497892709873e+03
1.542429172134404780e+03
1.542441305522005223e+03
1.545798053868534680e+03
1.545802720556073155e+03
1.546738691408908380e+03
1.548893301045489125e+03
1.551010210513454467e+03
1.552607317656582381e+03
1.552610717671789189e+03
1.555851165498159617e+03
1.559238913983338307e+03
1.559252014041928987e+03
1.562570262216264837e+03
1.562787463187705043e+03
1.565236540807973142e+03
1.566249845340019419e+03
1.567295816684836382e+03
1.567629351509918024e+03
1.567648351594896667e+03
1.568501055408649790e+03
1.571442635231654094e+03
1.573360643810026886e+03
1.576425324183603607e+03
1.576425957519769554e+03
1.576429590869353206e+03
1.576826525977995288e+03
1.580646743064074599e+03
1.588549545076350569e+03
1.588549878411174859e+03
1.589656083358722299e+03
1.590067651866146207e+03
1.596298779735123617e+03
1.600009762999316763e+03
1.600013163014523570e+03
1.600617365716845143e+03
1.601811537724495793e+03
1.606426025029647917e+03
1.606985227530704378e+03
1.608508401009827367e+03
1.608947602974176334e+03
1.608951202990277579e+03
1.608988369823174708e+03
1.608993269845090026e+03
1.609026536660544025e+03
1.609033136690062975e+03
1.612064650248632915e+03
1.612084583671119390e+03
1.617682642042000680e+03
1.617799342563948585e+03
1.617871876221691764e+03
1.621862594070342766e+03
1.621865294082418586e+03
1.621869960769957061e+03
1.621871560777113245e+03
1.621882327491934575e+03
1.623672468831749029e+03
1.630094897556327851e+03
1.630101064250575291e+03
1.630318165221568279e+03
1.632773009534294488e+03
1.634733884971057932e+03
1.636640793499785332e+03
1.636649993540932883e+03
1.636653526890069088e+03
1.636963794944422716e+03
1.638878370174106294e+03
1.640767445289739726e+03
1.642306952175248171e+03
1.644357728014094619e+03
1.644951864004725849e+03
1.644956997361018466e+03
1.645519066541562779e+03
1.645522799891593422e+03
1.645533933274721448e+03
1.650817056903710636e+03
1.650882290528804333e+03
1.652120062731458347e+03
1.657676187581457043e+03
1.661293737094430298e+03
1.662733143532235317e+03
1.662736576880924531e+03
1.662741043567568568e+03
1.664439951166003084e+03
1.672343753182751925e+03
1.672348386536807993e+03
1.672353253225241133e+03
1.672358819916805032e+03
1.681591194542316543e+03
1.683561003352368289e+03
1.683652670429019508e+03
1.686885618221845789e+03
1.686892251584847372e+03
1.688223090870414353e+03
1.690072932477241011e+03
1.690498034378526881e+03
1.694590186014177789e+03
1.694597186045485842e+03
1.694750420064164700e+03
1.695096588279083107e+03
1.697088963856731880e+03
1.699983610136490597e+03
1.700622579660975134e+03
1.700626146343593973e+03
1.705471834682802410e+03
1.707550610646880841e+03
1.707554277329946899e+03
1.707557544011223854e+03
1.710700624735449537e+03
1.710850725406780839e+03
1.710864958803773561e+03
1.720088200055102334e+03
1.720092566741299152e+03
1.721680973845515837e+03
1.721846574586171982e+03
1.722000375274051748e+03
1.724027484340381079e+03
1.724658520496049732e+03
1.726020726588572870e+03
1.730243512141823203e+03
1.730246978823994596e+03
1.730250512173131028e+03
1.733268725672216078e+03
1.737349843925186406e+03
1.741679663290482949e+03
1.741683696641855704e+03
1.741687663326263419e+03
1.743165169934472942e+03
1.746207516874829025e+03
1.746211383558789521e+03
1.746215183575785431e+03
1.753025514035270589e+03
1.753405315733949237e+03
1.753407682411201222e+03
1.756606630051960337e+03
1.756610463402438427e+03
1.756615096756494722e+03
1.757658901424954365e+03
1.757688101555552976e+03
1.762751924203709905e+03
1.766326640191775141e+03
1.770483858785107714e+03
1.770488525472645961e+03
1.775908083045175317e+03
1.776832953848365150e+03
1.778553361542959692e+03
1.778560328240785111e+03
1.783696784547132211e+03
1.784001952578675628e+03
1.786283596116754097e+03
1.786287329466785195e+03
1.786300762860199939e+03
1.791612886618893299e+03
1.792246956121462290e+03
1.795092835516442392e+03
1.796271940790039480e+03
1.801108662422477437e+03
1.804751178713782565e+03
1.807211589718072901e+03
1.808846097028474333e+03
1.811216174295409701e+03
1.811222407656621954e+03
1.811227274345055321e+03
1.813146582929242413e+03
1.813314817015009794e+03
1.816293330336533927e+03
1.818119871839149937e+03
1.820291248217387192e+03
1.820314014985879339e+03
1.821126118618046576e+03
1.822086189578670201e+03
1.822853393010019317e+03
1.824167132219105724e+03
1.824171498905302769e+03
1.826571842974274432e+03
1.827623047675830776e+03
1.828407484517590547e+03
1.829142954473677037e+03
1.829159221213097453e+03
1.829163521232329458e+03
1.830553394115260062e+03
1.831491431644005161e+03
1.833637941244358217e+03
1.833641241259117805e+03
1.833645341277455373e+03
1.834372511196419509e+03
1.834392444618905756e+03
1.834448378202404683e+03
1.834528611894586220e+03
1.834532978580783265e+03
1.835178181466479828e+03
1.835185048163858028e+03
1.835966184990858210e+03
1.836321286579064690e+03
1.837711759464679062e+03
1.838443029401980993e+03
1.838447562755589843e+03
1.838451162771691088e+03
1.842101945766635936e+03
1.842395847081121701e+03
1.842871782543096288e+03
1.844774624386968526e+03
1.844795824481786667e+03
1.844800057834053860e+03
1.848160272862754937e+03
1.848441540787403937e+03
1.848446474142802117e+03
1.848454740846441837e+03
1.849363511577623058e+03
1.852581659304255709e+03
1.853792198051773539e+03
1.853802298096946515e+03
1.853806698116625739e+03
1.853929998668092594e+03
1.855328171588145779e+03
1.857499747967277699e+03
1.858979387918362136e+03
1.859667390995484311e+03
1.859672557685259335e+03
1.860009959194301473e+03
1.862559703931473678e+03
1.862565003955178327e+03
1.863727275820154091e+03
1.863732342509481668e+03
1.866359754260689670e+03
1.867462259191688645e+03
1.869350634304191090e+03
1.869902803440457319e+03
1.870698106997485411e+03
1.870702073681893125e+03
1.871076408689455320e+03
1.873512519585062364e+03
1.873518086276626263e+03
1.875326961033560110e+03
1.875658895851485795e+03
1.875664729210908945e+03
1.876658033653504162e+03
1.877905139231235580e+03
1.878083806697000000e+03
1.878096806755143461e+03
1.878208307253833937e+03
1.878219807305268205e+03
1.878225773998621435e+03
1.878237640718362172e+03
1.880546117709788177e+03
1.881545588846630835e+03
1.881554855554743199e+03
1.883950399602246534e+03
1.883959266308569795e+03
1.885091071370614827e+03
1.887115380424420891e+03
1.888422052935234660e+03
1.888737721013739929e+03
1.888931621880969487e+03
1.892120636143967886e+03
1.892127302840451648e+03
1.893071107061655084e+03
1.893075907083123639e+03
1.894546513660472328e+03
1.896838690578995056e+03
1.896843623934393236e+03
1.897623860757367993e+03
1.900389906461955434e+03
1.900394739816906167e+03
1.900613774129879630e+03
1.901675078876608950e+03
1.901707845689826627e+03
1.901712512377365101e+03
1.901721279083241143e+03
1.907071769680198940e+03
1.907078103041858412e+03
1.907084636404412549e+03
1.912881095662650296e+03
1.914816470985363139e+03
1.915729508402293959e+03
1.915735841763953431e+03
1.917709483924483493e+03
1.918002218567084356e+03
1.920240628578465930e+03
1.920752430867522889e+03
1.921205966229311798e+03
1.922542238872513281e+03
1.922546372224333254e+03
1.922569272326755026e+03
1.923414076105174900e+03
1.924594481384586288e+03
1.926555423488314773e+03
1.927827195843035724e+03
1.928154230639045863e+03
1.928158130656488765e+03
1.931590612675073544e+03
1.932088181567137781e+03
1.933166019721146768e+03
1.933169553070283200e+03
1.933174153090857089e+03
1.935470030025928509e+03
1.940910321024522091e+03
1.942393294323848295e+03
1.942399427684613329e+03
1.945536275047626305e+03
1.945543941748582711e+03
1.946820014122535895e+03
1.950104528812664057e+03
1.950232262717292542e+03
1.951714836014829643e+03
1.951716502688950641e+03
1.951722069380514540e+03
1.952663273590089375e+03
1.952671106958457813e+03
1.952680673667911833e+03
1.952682973678198778e+03
1.955193818241388499e+03
1.955197584924901776e+03
1.955201218274485427e+03
1.960623309191678572e+03
1.960732076344810594e+03
1.963651189400664862e+03
1.963658322765902312e+03
1.965782265598657887e+03
1.966725536484143049e+03
1.966729869836857461e+03
1.969104180456060021e+03
1.972874463985475813e+03
1.974204369933535418e+03
1.974210103292511349e+03
1.975628576303357249e+03
1.975636009669936811e+03
1.976825014987812438e+03
1.978126054140097040e+03
1.978644123123848885e+03
1.980966200176101211e+03
1.982401673262980921e+03
1.982407606622851290e+03
1.982597307471296290e+03
1.982600740819985276e+03
1.985430220141615564e+03
1.987041994017007482e+03
1.987046927372405662e+03
1.987344995372193807e+03
1.987348895389636709e+03
1.989869239995315866e+03
1.990359475521247987e+03
1.992670952526091241e+03
1.994104992273226799e+03
1.996212568366114738e+03
1.999051281062374983e+03
1.999058514428059652e+03
1.999063214449080760e+03
2.005498309896978526e+03
2.007536852347777312e+03
2.008120321624034659e+03
2.008827124785241040e+03
2.011436936457731917e+03
2.014410516423858098e+03
2.015573688292859288e+03
2.015577888311644074e+03
2.016893460862263510e+03
2.019274304844019980e+03
2.020763344837146633e+03
2.020770111534077614e+03
2.020773778217143672e+03
2.025347065338026368e+03
2.026852838739326899e+03
2.026856338754980925e+03
2.026860605440730524e+03
2.029695618120442305e+03
2.029701118145041391e+03
2.030320554248828330e+03
2.031277958530858541e+03
2.031410759124814831e+03
2.032684531488481070e+03
2.032886665725868170e+03
2.033408168058309002e+03
2.035059475443849806e+03
2.035068108815796222e+03
2.036554782131670891e+03
2.037820721126968920e+03
2.040476666339127178e+03
2.042357974753356984e+03
2.042362074771694552e+03
2.043985182031108934e+03
2.045538822313162882e+03
2.045840390328605054e+03
2.045848090363043639e+03
2.046007257741593094e+03
2.049135771734001537e+03
2.049139371750102782e+03
2.049143671769334560e+03
2.049144971775148861e+03
2.051159880786913163e+03
2.052912055290252738e+03
2.055076264969770364e+03
2.055353832877870900e+03
2.057587476201266782e+03
2.057591176217815246e+03
2.059638418707525489e+03
2.060322088431933025e+03
2.060325855115446302e+03
2.060334121819086249e+03
2.063981538132306923e+03
2.063984871480548918e+03
2.064989875975472842e+03
2.065319210781769925e+03
2.066077147505006451e+03
2.066945084720225168e+03
2.066949284739010182e+03
2.066953051422523004e+03
2.068239090507719538e+03
2.072518609648046095e+03
2.074812086572383578e+03
2.077984767428996747e+03
2.078003200844774710e+03
2.078318802256314939e+03
2.081030581051524678e+03
2.082004485407352149e+03
2.083458258576079515e+03
2.083464725271668613e+03
2.083472625307002090e+03
2.088711448737857154e+03
2.089022616796235525e+03
2.089360851642338275e+03
2.089374651704059943e+03
2.089766753457751292e+03
2.090980292218686827e+03
2.093171268684586266e+03
2.093852738399154532e+03
2.095553746006981783e+03
2.097758889202909359e+03
2.097762055883738867e+03
2.097905923193858143e+03
2.098998294746201736e+03
2.101840907459904884e+03
2.105607357638842586e+03
2.105615991010789458e+03
2.107536966269097320e+03
2.108333903166764230e+03
2.109215273775397236e+03
2.112162286956036041e+03
2.112169920323509359e+03
2.113300725381082430e+03
2.113304292063700814e+03
2.113315425446828613e+03
2.114123662395035353e+03
2.115675436002074093e+03
2.115679436019964214e+03
2.116153271472546294e+03
2.116296905448288271e+03
2.116406605938928351e+03
2.117642811467908814e+03
2.117647111487141046e+03
2.119108484689859779e+03
2.119109084692543092e+03
2.120519557667608751e+03
2.120645791565528270e+03
2.121914630573796785e+03
2.121922530609130263e+03
2.126731685451607518e+03
2.127009686694979791e+03
2.127014720050824963e+03
2.127264854502895105e+03
2.127972891002950746e+03
2.129883166213402546e+03
2.131117505067367802e+03
2.135137489713582454e+03
2.135146123085528870e+03
2.135150823106549979e+03
2.135155656461500712e+03
2.137550400505425841e+03
2.140619547565646371e+03
2.143403993352528687e+03
2.147052543004152085e+03
2.147056776356418595e+03
2.148882051186702938e+03
2.152969369467403340e+03
2.152973936154494368e+03
2.152978102839796975e+03
2.155209179485046207e+03
2.155984516286105645e+03
2.155988549637478172e+03
2.155993849661183049e+03
2.158620128073988781e+03
2.160673370590533978e+03
2.162065810151611004e+03
2.164078285819158737e+03
2.165667992929189495e+03
2.165672692950210603e+03
2.167983869953712201e+03
2.168635806202857566e+03
2.169195442039185309e+03
2.169199875392346712e+03
2.169204342078990976e+03
2.170893249632700190e+03
2.171543552541206736e+03
2.171548252562227844e+03
2.173101392842045243e+03
2.173105592860830257e+03
2.173109192876931502e+03
2.173118359584596874e+03
2.174610399591140322e+03
2.176033805957384629e+03
2.178790618287342113e+03
2.181623264289802137e+03
2.184407610076237233e+03
2.185651482306173875e+03
2.185676549084952512e+03
2.185681415773385652e+03
2.187499623905397129e+03
2.187607257720127564e+03
2.187611757740253779e+03
2.188561061986056302e+03
2.189768300718815226e+03
2.190377303442604898e+03
2.190933372596313802e+03
2.193272783059424000e+03
2.194633022476484257e+03
2.195941161660524358e+03
2.195963695094639661e+03
2.203232394270864461e+03
2.204949701951594307e+03
2.205568638053145150e+03
2.205572371403175566e+03
2.206483208810267115e+03
2.207854248275631107e+03
2.209903190772944981e+03
2.209907090790387883e+03
2.213379739655287267e+03
2.213384606343720407e+03
2.214166176505992098e+03
2.215631116391329670e+03
2.215634816407878134e+03
2.216974989068522973e+03
2.217500824753677989e+03
2.219363433084270582e+03
2.221609476463126157e+03
2.222219679192283365e+03
2.222835448613004246e+03
2.222839781965718430e+03
2.227181501384238800e+03
2.227184968066409965e+03
2.228459507100171777e+03
2.228465973795761329e+03
2.229014376248514054e+03
2.230152781340077581e+03
2.232701492739295190e+03
2.233252061868404780e+03
2.234474834003970955e+03
2.234480634029911471e+03
2.234484334046460390e+03
2.236791844366895475e+03
2.236801844411621460e+03
2.239252088703773552e+03
2.239255622052909985e+03
2.240096025811650634e+03
2.241619665959527993e+03
2.244184877432542180e+03
2.244193810805830708e+03
2.246298820220572452e+03
2.246688188628705120e+03
2.249585934922329216e+03
2.249862436158992750e+03
2.249866736178224528e+03
2.252130246301867373e+03
2.253105150662167489e+03
2.253109284013987235e+03
2.254402456464421448e+03
2.255142893109388297e+03
2.258239640293051707e+03
2.258244173646660784e+03
2.259804613959128346e+03
2.259807980640852293e+03
2.261007552672654583e+03
2.261458754690674141e+03
2.261989590398191922e+03
2.262192924640946330e+03
2.262197124659731344e+03
2.265375272207461421e+03
2.265383438910653695e+03
2.266059108599280989e+03
2.267292514115738413e+03
2.267296780801488239e+03
2.268554353092698875e+03
2.269452290442094181e+03
2.269461157148417442e+03
2.269910992493658341e+03
2.270537195294376488e+03
2.273040306489644536e+03
2.273044339841017063e+03
2.273576108886043130e+03
2.274773014239252007e+03
2.276028053185798854e+03
2.276915490488232535e+03
2.276919590506569421e+03
2.278110929168214625e+03
2.278469364104663327e+03
2.279770536590877782e+03
2.279774236607425792e+03
2.281317076841176004e+03
2.281327510221173270e+03
2.281337476932416394e+03
2.282094813652969606e+03
2.282512115519369672e+03
2.284944626398875243e+03
2.284954259775294304e+03
2.284959293131139930e+03
2.284963526483406895e+03
2.287684905321552833e+03
2.290392850766284937e+03
2.290397984122576872e+03
2.290401884140020229e+03
2.293363664053370485e+03
2.295859941884742966e+03
2.298354186373688208e+03
2.298361753074197168e+03
2.298745721458178195e+03
2.302292670655388520e+03
2.302293937327720414e+03
2.303723143719905693e+03
2.308170696945105192e+03
2.308175863634879533e+03
2.311241477345964540e+03
2.313513187506282065e+03
2.313716355081623988e+03
2.314797459916910157e+03
2.314948493925749517e+03
2.319004745400835418e+03
2.319424447277969648e+03
2.323202730843166137e+03
2.323825666962607102e+03
2.323840400361836146e+03
2.323841567033720821e+03
2.323849933737807987e+03
2.326114043864134146e+03
2.326778113500879954e+03
2.332535439250757918e+03
2.334669515462168874e+03
2.336811691709807747e+03
2.339043568358634730e+03
2.340607442019791506e+03
2.340613208712250071e+03
2.340617475397999442e+03
2.343163553452105589e+03
2.346772002924378739e+03
2.346778802954792354e+03
2.347341438804538029e+03
2.347346905495654482e+03
2.348845378864305530e+03
2.350358685632632387e+03
2.350849087825976767e+03
2.352961530607297846e+03
2.352971430651576156e+03
2.352979164019497148e+03
2.355998644190914092e+03
2.356739080835880941e+03
2.358116920331658548e+03
2.358121620352679656e+03
2.358125120368334137e+03
2.359898794967833510e+03
2.359904428326361995e+03
2.359909461682207620e+03
2.361538635635421997e+03
2.361543135655548667e+03
2.365617387211140795e+03
2.365676387475022239e+03
2.366890759573018386e+03
2.366894592923496020e+03
2.370570309363290562e+03
2.370574242714215870e+03
2.372912286504547410e+03
2.374652960956452262e+03
2.378233510303940875e+03
2.380174218983841001e+03
2.382683030204602801e+03
2.382689296899297460e+03
2.382693230250223223e+03
2.384729272689840855e+03
2.385762343976961802e+03
2.386297046368440078e+03
2.386301913056873218e+03
2.386305479739492057e+03
2.388600756671879935e+03
2.390429364850405818e+03
2.390517931913192569e+03
2.391204234982711114e+03
2.392081738907384079e+03
2.395248319736714620e+03
2.395865122495390551e+03
2.399202670756046700e+03
2.400053007892548067e+03
2.400058441250182113e+03
2.400614443736926205e+03
2.402621786048181548e+03
2.403423922969105206e+03
2.404150359551456859e+03
2.404155359573819169e+03
2.404812495846221736e+03
2.404816929199383139e+03
2.409245649007016254e+03
2.410750922406080917e+03
2.410765489137897930e+03
2.412889898639406965e+03
2.412894165325156791e+03
2.413273467021599572e+03
2.413279700382811370e+03
2.417560319528057789e+03
2.417571686245562887e+03
2.418505557089005379e+03
2.421089368645209561e+03
2.421093868665336231e+03
2.421097368680990257e+03
2.421757704967705195e+03
2.421761671652112909e+03
2.425795923028802463e+03
2.425799823046245820e+03
2.425803723063688267e+03
2.427403996887646372e+03
2.427423963643615025e+03
2.429124137914381663e+03
2.429131871282302654e+03
2.430805778768923574e+03
2.430810945458698370e+03
2.430814412140869990e+03
2.431389814714381828e+03
2.433524724262852942e+03
2.433737058545860236e+03
2.433741525232504500e+03
2.433746491921385314e+03
2.435999035329311937e+03
2.436002935346754839e+03
2.436008435371354153e+03
2.437380241506813945e+03
2.437383908189879548e+03
2.438549380069167910e+03
2.439903652792875164e+03
2.439907886145142129e+03
2.439911652828655861e+03
2.440440721861605653e+03
2.442009328877265943e+03
2.443564169164686518e+03
2.444219105427249360e+03
2.445207909849718362e+03
2.447817554854796981e+03
2.447821954874475978e+03
2.448640925204021642e+03
2.448644225218780775e+03
2.448996026792228349e+03
2.451716638960278488e+03
2.452240641303901157e+03
2.453067978337533532e+03
2.453331946184807293e+03
2.454144483152246266e+03
2.455700856779858441e+03
2.455709990154040497e+03
2.456023991558425223e+03
2.460311210733190364e+03
2.460321510779257551e+03
2.462658487898151634e+03
2.464127361134414514e+03
2.464131361152305089e+03
2.468899749145784881e+03
2.468907949182459561e+03
2.471432293806028611e+03
2.474750208645540170e+03
2.475114043606140513e+03
2.475692079524763358e+03
2.476257148718725603e+03
2.478021756611007731e+03
2.478936227367682477e+03
2.480191232980747372e+03
2.480196266336592544e+03
2.485128988398396359e+03
2.485139888447146859e+03
2.485817758145614334e+03
2.485821424828679937e+03
2.488646604131078675e+03
2.490786813703254211e+03
2.493454925636495318e+03
2.494887798711746655e+03
2.495423967776451263e+03
2.495556801703889960e+03
2.496300938365405273e+03
2.496961841321321572e+03
2.500500590481856761e+03
2.503724904902736853e+03
2.504372174464343516e+03
2.504742309453120924e+03
2.505474279393552933e+03
2.506096482176380960e+03
2.507639489077543658e+03
2.508896494699552932e+03
2.511479972920933051e+03
2.511813074410742956e+03
2.512870712474406446e+03
2.512874412490955365e+03
2.514269252062766100e+03
2.516096526901995276e+03
2.516413361652385447e+03
2.518396403854957043e+03
2.518399770536680990e+03
2.518416737279232620e+03
2.518420103960956567e+03
2.518881006022359998e+03
2.519975177582754441e+03
2.520207911957002125e+03
2.520953515291743770e+03
2.524564831443505227e+03
2.524939766453750508e+03
2.527054709246252969e+03
2.527058142594942183e+03
2.529010651327618689e+03
2.529014051342825496e+03
2.531849397357360886e+03
2.532523167037490566e+03
2.532526800387074218e+03
2.533244636930961406e+03
2.536519284910293663e+03
2.537230854759485737e+03
2.537236588118461896e+03
2.538803095124729225e+03
2.539840966433318044e+03
2.540160067860512754e+03
2.540164267879297313e+03
2.540944371368342672e+03
2.546014827379500730e+03
2.546020560738476433e+03
2.546028960776046006e+03
2.546762064054880739e+03
2.546766330740630565e+03
2.549226641744473454e+03
2.549230808429776062e+03
2.550828048906833374e+03
2.551328951147139378e+03
2.551338584523558438e+03
2.551561352186562999e+03
2.552640423679421474e+03
2.553821562295445801e+03
2.553825928981643301e+03
2.553830429001769517e+03
2.554723799664073795e+03
2.555509936513436514e+03
2.555514369866598372e+03
2.555577770150158358e+03
2.555737170863084884e+03
2.558432382917532323e+03
2.558438016276061262e+03
2.558624983778947808e+03
2.558629850467380948e+03
2.560808726879162805e+03
2.562802602463520543e+03
2.564242008901325335e+03
2.564932845324453410e+03
2.566373851769414159e+03
2.566692653195266757e+03
2.566696186544403190e+03
2.568484927877956125e+03
2.569721633409173137e+03
2.569726000095369727e+03
2.569962434486165876e+03
2.571802076047372339e+03
2.572434512209302738e+03
2.575407825507569669e+03
2.575721360243199797e+03
2.575726626933422267e+03
2.578318305191477066e+03
2.579414676761711235e+03
2.580169380137153439e+03
2.581091550928267225e+03
2.581906554573404264e+03
2.582001221663473643e+03
2.582008021693887258e+03
2.585378303434278678e+03
2.587087511078780608e+03
2.590340658961952158e+03
2.590359025710764854e+03
2.590363259063032274e+03
2.590676893799110076e+03
2.593553206663538276e+03
2.593701173991995347e+03
2.596956121883217747e+03
2.596960621903344418e+03
2.597129055990005781e+03
2.597134156012816220e+03
2.597138856033837328e+03
2.597222389740778908e+03
2.597227723097965281e+03
2.600596538165130823e+03
2.601410508472313268e+03
2.603291650219131043e+03
2.604077953735906249e+03
2.604082053754243134e+03
2.604854457208849908e+03
2.605481126678321743e+03
2.606707332162576677e+03
2.607442602117768729e+03
2.608506440209161610e+03
2.608776808085059656e+03
2.609463844491192049e+03
2.611520887024733838e+03
2.612411624341926654e+03
2.612592925152801399e+03
2.613224927979460517e+03
2.613228827996903419e+03
2.614293832760181431e+03
2.614541100532763721e+03
2.619290388440817424e+03
2.620285759559322287e+03
2.620653361203435907e+03
2.621302430773092965e+03
2.622472102671165885e+03
2.622475936021644429e+03
2.622507302828600132e+03
2.623159505745604747e+03
2.625018847394920613e+03
2.626081585481394086e+03
2.626088218844395215e+03
2.626092952198898729e+03
2.627262057427770287e+03
2.627266657448344176e+03
2.628427195972234131e+03
2.628432529329421413e+03
2.628911764806154679e+03
2.628916764828517898e+03
2.629595134529221014e+03
2.629602201227493879e+03
2.629608934590942681e+03
2.630631239163242299e+03
2.632086879006984873e+03
2.632420380498584109e+03
2.633634585929168225e+03
2.633639152616259707e+03
2.637071567967879218e+03
2.637077167992925752e+03
2.637083301353690786e+03
2.637510369930439083e+03
2.638379040482270739e+03
2.638389907197539742e+03
2.638736042078975515e+03
2.642558159173552667e+03
2.643399262935423849e+03
2.643405529630118508e+03
2.644151266298790233e+03
2.644160699674314856e+03
2.644650601865422686e+03
2.646149141901038547e+03
2.646153008584998588e+03
2.646995512353132199e+03
2.647001179045143090e+03
2.647004879061691554e+03
2.650147959785917010e+03
2.650154959817225063e+03
2.651803000521488684e+03
2.651817533919823290e+03
2.653319273969751066e+03
2.653465374623192019e+03
2.653470374645555239e+03
2.655765851578837101e+03
2.656154986652593834e+03
2.656159453339237643e+03
2.658601530928197462e+03
2.658686797976224625e+03
2.661135975596939716e+03
2.661981012709736660e+03
2.663726020514356151e+03
2.663729587196974990e+03
2.664363490032131722e+03
2.664369556725931943e+03
2.664373956745610940e+03
2.664387156804649294e+03
2.666576866598216839e+03
2.666581733286649978e+03
2.666586899976425229e+03
2.667011401875026877e+03
2.668830076675792498e+03
2.668841543393744359e+03
2.668846510082624718e+03
2.671847490171298887e+03
2.672640393717593270e+03
2.673190729512326016e+03
2.673194462862357341e+03
2.673770998774271447e+03
2.677654049474709609e+03
2.677658649495283498e+03
2.678604587059362075e+03
2.679261789998729000e+03
2.679273890052847491e+03
2.680356461561359538e+03
2.680896663977437129e+03
2.681574800343763400e+03
2.681578233692452613e+03
2.685591484975218918e+03
2.685600985017707899e+03
2.687002391285555859e+03
2.689050300444914228e+03
2.689055633802101511e+03
2.690571940583846299e+03
2.692463115708872010e+03
2.694577358498243939e+03
2.695209561325797040e+03
2.695213994678958898e+03
2.695640029917752599e+03
2.697836239740391648e+03
2.698352942051364607e+03
2.698360108750084692e+03
2.698364275435386844e+03
2.699082878649369377e+03
2.699274112838005294e+03
2.699765215034480661e+03
2.699768381715310170e+03
2.700688485830514310e+03
2.701190954744493865e+03
2.701454222588636640e+03
2.702613027771441011e+03
