2.799886078624574282e+00
4.237692509273414565e+00
4.710761291759814284e+00
5.403264389008612056e+00
7.600474216120609583e+00
8.111076499810481621e+00
9.287815096155949135e+00
9.294215124780341952e+00
9.513682773025159634e+00
9.690050228502578022e+00
9.699683604921586877e+00
1.072358818437724715e+01
1.116249014738446377e+01
1.140492456501577578e+01
1.222492823251615768e+01
1.351700067803037619e+01
1.355330084038435778e+01
1.512180785559697860e+01
1.512697454537187802e+01
1.600071178653123027e+01
1.601481184959434501e+01
1.698361618261186834e+01
1.748245174700793569e+01
1.817805485812167632e+01
1.818302154700206330e+01
2.005072990040506653e+01
2.041303152081407646e+01
2.041809821014172144e+01
2.080276659725369015e+01
2.092066712456868061e+01
2.117263491817174881e+01
2.157590338847335687e+01
2.196380512337994162e+01
2.274727529414941429e+01
2.276097535542350414e+01
2.396641408013148222e+01
2.406161450591933360e+01
2.406588119166892881e+01
2.437391590270026853e+01
2.566112165978135806e+01
2.912267047503520345e+01
2.989740727341097326e+01
2.991014066369492141e+01
3.072804432180292622e+01
3.073981104109673268e+01
3.254705245739218356e+01
3.255205247975499105e+01
3.313062173409662137e+01
3.482429597579152158e+01
3.543893205811019698e+01
3.584993389633294925e+01
3.586110061294322549e+01
3.586676730495440069e+01
3.643640318600781569e+01
3.745057438859721088e+01
3.745560774444243890e+01
3.914258195617117053e+01
3.930341600884146658e+01
4.018808663223415323e+01
4.183972735259905562e+01
4.185196074064672445e+01
4.185642742729083210e+01
4.256243058491920550e+01
4.257629731360539438e+01
4.414867101277857842e+01
4.660638200499283812e+01
4.663891548383350028e+01
4.664661551827222752e+01
4.745728581069536745e+01
4.746588584915939890e+01
4.775022045419103023e+01
4.775722048549896215e+01
4.858529085574467388e+01
5.127030286457213748e+01
5.148903717620374465e+01
5.219174031907267164e+01
5.219550700258599107e+01
5.260424216400426900e+01
5.427171628851805707e+01
5.487068563409993516e+01
5.587609013081321052e+01
5.588739018135315462e+01
5.600632404662312780e+01
5.666882700969508591e+01
5.720086272258019022e+01
5.813190022001730739e+01
5.875953636047928796e+01
5.876586972213884508e+01
5.918537159837836725e+01
6.064957814710283657e+01
6.065531150607885280e+01
6.096287954835633371e+01
6.101524644923613039e+01
6.101997980373958796e+01
6.123241408719405854e+01
6.132541450314226950e+01
6.138088141788701080e+01
6.139308147245226621e+01
6.141468156905958864e+01
6.169391615128115802e+01
6.438142817129002538e+01
6.544423292472832543e+01
6.662463820413985616e+01
6.773140982088844453e+01
6.773614317539190210e+01
6.798511095557726946e+01
6.799924435212281537e+01
6.801307774732657663e+01
6.817644514466070405e+01
6.825707883863157122e+01
6.826617887933187490e+01
6.855774685004837465e+01
6.856731355950255136e+01
6.858068028595245380e+01
7.228443018446067470e+01
7.440057298233037386e+01
7.480627479684854109e+01
7.622221446303069570e+01
7.720405218767395183e+01
7.775182130426068738e+01
7.917429433299690800e+01
7.950296246964543911e+01
8.058226729688099965e+01
8.159497182624399159e+01
8.224190805302639262e+01
8.527492161830524253e+01
8.587462430050032935e+01
8.588485767960287376e+01
8.711952986839207824e+01
8.789553333909977084e+01
8.867377015312949595e+01
9.092641356150380716e+01
9.096594707165240834e+01
9.258615431809644747e+01
9.361135890336643683e+01
9.406652760579399342e+01
9.409966108731819645e+01
9.442072918997526187e+01
9.653430530969869494e+01
9.949868523467742421e+01
1.007068573049437248e+02
1.007114573255175145e+02
1.010395921264473458e+02
1.022812976800268956e+02
1.042299397287425364e+02
1.042362397569196588e+02
1.044824741915467143e+02
1.092249287357044949e+02
1.098798316647849873e+02
1.106008015560193769e+02
1.112429044278510730e+02
1.118533738248674183e+02
1.121085416327826749e+02
1.123749428242730488e+02
1.143454849709377896e+02
1.147930869728562868e+02
1.164682944652912084e+02
1.164727611519353161e+02
1.173207316111850105e+02
1.175727660717529091e+02
1.190356726146630280e+02
1.192037400330181924e+02
1.200361437559783298e+02
1.203085116408216493e+02
1.210077814350014620e+02
1.218377184802626090e+02
1.224914214039760338e+02
1.229615901734919987e+02
1.240232615885280723e+02
1.247441981462800129e+02
1.247557315311968864e+02
1.263482053202685620e+02
1.263562386895314944e+02
1.263623387168141079e+02
1.271561089336509554e+02
1.271634089663006648e+02
1.288414164712587535e+02
1.288717499402598037e+02
1.291809513231758046e+02
1.298900544946691298e+02
1.304754571129066107e+02
1.307192915367994885e+02
1.307232915546897232e+02
1.336457712922681367e+02
1.340411730607189327e+02
1.344394748421401573e+02
1.344466748743425626e+02
1.351360779577264282e+02
1.351403446434760269e+02
1.371538536489784974e+02
1.371685537147251353e+02
1.381241913221872721e+02
1.384102259348222788e+02
1.384249593340513513e+02
1.390212286675572955e+02
1.396242646979942776e+02
1.404568017548840828e+02
1.409389039111059674e+02
1.416430737272013118e+02
1.418935748475779519e+02
1.430485466799040069e+02
1.437023496040646933e+02
1.442838855383415648e+02
1.463652948475309472e+02
1.463738282190301447e+02
1.466787629161965469e+02
1.480267689452093691e+02
1.482876701121006420e+02
1.482938701398305454e+02
1.496329427955551523e+02
1.505449802080136124e+02
1.528460238328598848e+02
1.528509905217402718e+02
1.553211015694142816e+02
1.567276078600719416e+02
1.569688756058185959e+02
1.580442804156111833e+02
1.583300150269044195e+02
1.585716494409576569e+02
1.588539173700793583e+02
1.589800512675517723e+02
1.589968180092083969e+02
1.598625218811048398e+02
1.609205932800396681e+02
1.610804939952022323e+02
1.617821304666337880e+02
1.625003670123098232e+02
1.625042670297528105e+02
1.630409027632116761e+02
1.630783695974503473e+02
1.635792051707915107e+02
1.641931412499794192e+02
1.642000412808400540e+02
1.642135413412196669e+02
1.662152502939458998e+02
1.669599869581448104e+02
1.669651536479197205e+02
1.681137921185861899e+02
1.681506589501412918e+02
1.690954298423349371e+02
1.695620985961969609e+02
1.698945000828763625e+02
1.725554453173974991e+02
1.725602786723482325e+02
1.748775890366148644e+02
1.748862890755261503e+02
1.770442653938313242e+02
1.784485383411669375e+02
1.786373725190689470e+02
1.786427725432207581e+02
1.786619392956115462e+02
1.801205124858072395e+02
1.801338792122571419e+02
1.806232147341638665e+02
1.809120160258396197e+02
1.818451868661515505e+02
1.829752919205932358e+02
1.859367384991190875e+02
1.859422051902357680e+02
1.860928058638035338e+02
1.865996414639800776e+02
1.898013557837800249e+02
1.898110891606463042e+02
1.905876593005551172e+02
1.905943926640036921e+02
1.905995593537785737e+02
1.928003358635093889e+02
1.932204710759148725e+02
1.936140061693502048e+02
1.957022488424354378e+02
1.961393174639096344e+02
1.961509841827561615e+02
1.972866225952793684e+02
1.973283894487500163e+02
1.982005600162356700e+02
1.983111271774185695e+02
1.997066334188780559e+02
2.001479687261018512e+02
2.002011022970772558e+02
2.006944378368742434e+02
2.026070797245776589e+02
2.031245153721633869e+02
2.031863823155325122e+02
2.043381208000639333e+02
2.043526875318809175e+02
2.048983899725577089e+02
2.063330297223767502e+02
2.068995322560828356e+02
2.069037656083499996e+02
2.069123989802964445e+02
2.069212323531373841e+02
2.069620992025827491e+02
2.071163332257341381e+02
2.071233999240068897e+02
2.075013682811527360e+02
2.075255683893887237e+02
2.075634685588987622e+02
2.076190688075731998e+02
2.076344688764506259e+02
2.081357377850632702e+02
2.081434378195019974e+02
2.085497396367036913e+02
2.123484899601052689e+02
2.147985009178808014e+02
2.159104392244042856e+02
2.162845408975895225e+02
2.165711421794256353e+02
2.171325446903216516e+02
2.189937196811705746e+02
2.190095864188018595e+02
2.200570911038099950e+02
2.201077913305688583e+02
2.226337026278117719e+02
2.231786050649105277e+02
2.238506414039542278e+02
2.250497467670026310e+02
2.250642801653372089e+02
2.262208520048193634e+02
2.262333187272439545e+02
2.293124991656727047e+02
2.293370659422153324e+02
2.319032107527376638e+02
2.319081107746532098e+02
2.325691137310163299e+02
2.328494483181576982e+02
2.336209851022212831e+02
2.352512590603557783e+02
2.367051322295304487e+02
2.367123322617328824e+02
2.389497756021242765e+02
2.408048172322081655e+02
2.410784184559009589e+02
2.410837518130879857e+02
2.414223199940148561e+02
2.456506722388288324e+02
2.459245401303809899e+02
2.459419402082035333e+02
2.483690843970398134e+02
2.487126859338119402e+02
2.508828623066823411e+02
2.514488981716345393e+02
2.521417346037075333e+02
2.521481346323319599e+02
2.521520346497749188e+02
2.558276177556393520e+02
2.558855513480830552e+02
2.581162613250258460e+02
2.600427366079330795e+02
2.617529442569076537e+02
2.617569109413154820e+02
2.629044494070621454e+02
2.641191548398825262e+02
2.646798573476477259e+02
2.654119939554923917e+02
2.654191939876948254e+02
2.668910005704107675e+02
2.668960005927735324e+02
2.681229727471240381e+02
2.726142928347392740e+02
2.755122057957750599e+02
2.755196058288719883e+02
2.755244058503403153e+02
2.787175534651586304e+02
2.796939578321676549e+02
2.806748622193031224e+02
2.813199317710701166e+02
2.825922707949924302e+02
2.847370470542597900e+02
2.874431591574583535e+02
2.874674259326591255e+02
2.890375996219927401e+02
2.895567686106641645e+02
2.895633686401830573e+02
2.895698353357723249e+02
2.917658784909996825e+02
2.918409454934066503e+02
2.934687861073245472e+02
2.939194214561431409e+02
2.960738644253119105e+02
2.976172046612984445e+02
2.982157406716088417e+02
3.014912553214838908e+02
3.021664916748397900e+02
3.035438311683810753e+02
3.041846673678808770e+02
3.051291715922151297e+02
3.054360396313618367e+02
3.061373761014515935e+02
3.075823158973379918e+02
3.075917826063449638e+02
3.076027493220607312e+02
3.088532882484812490e+02
3.128935396520063819e+02
3.178579618555903608e+02
3.182087967580473560e+02
3.210032425896554855e+02
3.214272778195038995e+02
3.235960875195951871e+02
3.256298966158906296e+02
3.258776310572264947e+02
3.294257802598041849e+02
3.294392469867013347e+02
3.316696236288199771e+02
3.321898259554464516e+02
3.356482747568353489e+02
3.388808225478726399e+02
3.404583629368207198e+02
3.404873630665249493e+02
3.432919756102708675e+02
3.432965422973621799e+02
3.465175233700001627e+02
3.474236274225880834e+02
3.477394288350229772e+02
3.491899019889909823e+02
3.530297191627323627e+02
3.560007324507124054e+02
3.560077991489851570e+02
3.610854885258279978e+02
3.623865276781128273e+02
3.626641289196958837e+02
3.644135034105124760e+02
3.648062718338521790e+02
3.649800726111833455e+02
3.655047082909715073e+02
3.655710752544671891e+02
3.745527154252249602e+02
3.765158575387927726e+02
3.786490337461784748e+02
3.786556337756973676e+02
3.809120772010673477e+02
3.809168772225357316e+02
3.855891981196845109e+02
3.856220982668318129e+02
3.856261982851692665e+02
3.856316316428035407e+02
3.908645550472703007e+02
3.950527737792521634e+02
3.955890428444044460e+02
3.982478214025683201e+02
3.988515907696184968e+02
4.005785984937321587e+02
4.020263383021417667e+02
4.041309810485769844e+02
4.048358842012855803e+02
4.048401842205175853e+02
4.108081775792818462e+02
4.159530672566807539e+02
4.192095484880946401e+02
4.203832537375400307e+02
4.270650836223010742e+02
4.312826358188113431e+02
4.322001065889040774e+02
4.401478421354806301e+02
4.427487537681656704e+02
4.438194918904196697e+02
4.452195314854881190e+02
4.504084880266445339e+02
4.523414966721057908e+02
4.531046334185999171e+02
4.532923009246172228e+02
4.533018343005890074e+02
4.573975526188588674e+02
4.584872574926091033e+02
4.604897997823958349e+02
4.607797344124737720e+02
4.634383463032256714e+02
4.661014915475864768e+02
4.708840129376115442e+02
4.720253513756283610e+02
4.781105452585767353e+02
4.805356227715030855e+02
4.850296762046766617e+02
4.876281211596627259e+02
4.893786289888814736e+02
4.901360323763995552e+02
4.926084434343604812e+02
4.938408156128627411e+02
4.988201378830879094e+02
5.015384500408516715e+02
5.015477167489640919e+02
5.015514167655125561e+02
5.061530373464512991e+02
5.066232394494496702e+02
5.093813517852213977e+02
5.093920851665602640e+02
5.093973518567823930e+02
5.106208573289613355e+02
5.111192928915683638e+02
5.131764020920744542e+02
5.131819354501559474e+02
5.131863688033176913e+02
5.157128134362793617e+02
5.200773996237386427e+02
5.234715814710242512e+02
5.266400956423351545e+02
5.304436793206873517e+02
5.361139046810053514e+02
5.376133447206462961e+02
5.376198447497180268e+02
5.376307781319513879e+02
5.438695060349203914e+02
5.454444464122398131e+02
5.487210277335523188e+02
5.501566008208790208e+02
5.525170780448778487e+02
5.536376163898654568e+02
5.593314085222533549e+02
5.597355436630978147e+02
5.597412770220737457e+02
5.616056520272348962e+02
5.620083204948530238e+02
5.639177623682442118e+02
5.639246957325873382e+02
5.662019725844691038e+02
5.668798089494536043e+02
5.712599285397200219e+02
5.779471917821152829e+02
5.802920689363421616e+02
5.811038059002027012e+02
5.811107059310635350e+02
5.843491870819711949e+02
5.893890096227863751e+02
5.905420814466145885e+02
5.931890599520022533e+02
5.932769270116580174e+02
5.971048107986936202e+02
6.037366737933090235e+02
6.048081119186937258e+02
6.127233806533944289e+02
6.174549351488013826e+02
6.185314732969960687e+02
6.232748278451791748e+02
6.265423757927561610e+02
6.271006116228223846e+02
6.415949764494696410e+02
6.432771173062476464e+02
6.432814506589620578e+02
6.432859173456062081e+02
6.441202544105466359e+02
6.599972920879222329e+02
6.614135984224110416e+02
6.650673147638087812e+02
6.699230698147077874e+02
6.723479806602219924e+02
6.736548865054124917e+02
6.748462918340222814e+02
6.769168344279430585e+02
6.769243344614873195e+02
6.779019388338634826e+02
6.869200458343873379e+02
6.895309241783155585e+02
6.935936756824733038e+02
6.942086117661337994e+02
6.942145451260042819e+02
6.976113603184010117e+02
6.976178603474727424e+02
6.976243270430618395e+02
6.976301270690026968e+02
6.990206999550642877e+02
6.990657668232944388e+02
6.993521014372711306e+02
6.994558685680406143e+02
7.031464184075109642e+02
7.051791941658515270e+02
7.088915774363060791e+02
7.089067441708066326e+02
7.122705925490912477e+02
7.156623743856428064e+02
7.167947794503713794e+02
7.168030794874936191e+02
7.181821856556030070e+02
7.199787270240422004e+02
7.293020687230742851e+02
7.374298384081942004e+02
7.459357764513546272e+02
7.498517939659052445e+02
7.513604007132114475e+02
7.671546713537412643e+02
7.684850773040370768e+02
7.727925632361130965e+02
7.734915996959158520e+02
7.764582462976991337e+02
7.764875797622275968e+02
7.781910207142711897e+02
7.785636890477123870e+02
7.821584717921938363e+02
7.833846772764487696e+02
7.890035024068769189e+02
7.905990762098134610e+02
8.021401278276450739e+02
8.055724765123001134e+02
8.066153478432520387e+02
8.110362342825166024e+02
8.151677860943865426e+02
8.259483676443176137e+02
8.333190672767437945e+02
8.356358109718092919e+02
8.372419181551902057e+02
8.411291688744134944e+02
8.500748422176415033e+02
8.519118171002545523e+02
8.547591298349786939e+02
8.568245057391246746e+02
8.568411724803339666e+02
8.713883042096501867e+02
8.755095226419703067e+02
8.794273734980539530e+02
8.798503420564651378e+02
8.807752461931371499e+02
8.810338473497415634e+02
8.810391473734460988e+02
8.810457474029649347e+02
8.852456995207581940e+02
8.885770477536844965e+02
8.962325153264138180e+02
8.974310540202610582e+02
9.058430583099654996e+02
9.058487916689416579e+02
9.095098413764713996e+02
9.103336783944499757e+02
9.173184429674323610e+02
9.192804184091154411e+02
9.277971565005794901e+02
9.279640905805323428e+02
9.279693239372720655e+02
9.369930976298071528e+02
9.390391734476327201e+02
9.423173547761012969e+02
9.432990591668147999e+02
9.445325980172017353e+02
9.451476007678270435e+02
9.480949472832897982e+02
9.484613489220363363e+02
9.544241755910256870e+02
9.562098835776786245e+02
9.578682576614921800e+02
9.622938107882952181e+02
9.623530777200356852e+02
9.679270359831283486e+02
9.679334693452351530e+02
9.788840516555015938e+02
9.788886516760754830e+02
9.788968850462327964e+02
9.927304802508939474e+02
9.939947192385885728e+02
9.940003192636348786e+02
9.969417990861918497e+02
9.969463657732833326e+02
1.001130217819068207e+03
1.001146317891076592e+03
1.006964210578509324e+03
1.011294263278182711e+03
1.014808445662175814e+03
1.014815912362237555e+03
1.018608095989602589e+03
1.022397546271409396e+03
1.022404946304506325e+03
1.022409012989361372e+03
1.027565102716853062e+03
1.027573502754422634e+03
1.039094487615838034e+03
1.052156812704294907e+03
1.062509525673899361e+03
1.062515159032428073e+03
1.062527192419581297e+03
1.065849173943948017e+03
1.067160546475782667e+03
1.067169013180317052e+03
1.068664553202514981e+03
1.069387289768317487e+03
1.069390989784865951e+03
1.069523923712751866e+03
1.069528890401632452e+03
1.069533857090512811e+03
1.069563190555041047e+03
1.069576390614078946e+03
1.069642590910162653e+03
1.071049230534749768e+03
1.076200253572913880e+03
1.081588377671522039e+03
1.082509681792093033e+03
1.082514948482315276e+03
1.082519215168064648e+03
1.084797292023524506e+03
1.085153560283615889e+03
1.090758618685805004e+03
1.096320943563533547e+03
1.099103389341471029e+03
1.105054815959473217e+03
1.105066349344390119e+03
1.108623898589009968e+03
1.108628098607794527e+03
1.108632198626132094e+03
1.112009980400067661e+03
1.116362966535645228e+03
1.120579518727682853e+03
1.123088229947997888e+03
1.124212034974262224e+03
1.125525274181112536e+03
1.126393311396778245e+03
1.133205841866102901e+03
1.137087192558938341e+03
1.139962338751481866e+03
1.143228620026727185e+03
1.149179713309904855e+03
1.154767071632929856e+03
1.156098577588145417e+03
1.156880514418723806e+03
1.157851318760686354e+03
1.157926919098812050e+03
1.157943119171267654e+03
1.160767431803122918e+03
1.163947346025420757e+03
1.170301274443628927e+03
1.174870494879656690e+03
1.175033395608237015e+03
1.177237738800586612e+03
1.181881992905538937e+03
1.181894726295822920e+03
1.184762105786963048e+03
1.184767439144150103e+03
1.184821472719150961e+03
1.187761485868481486e+03
1.189732128015593389e+03
1.193491511496258454e+03
1.193496744852998290e+03
1.195569354122829282e+03
1.197363195479192200e+03
1.206681037153625311e+03
1.213745868751377429e+03
1.221135868470124024e+03
1.222357307266393036e+03
1.223461512204995415e+03
1.227494963578106990e+03
1.233193355731068777e+03
1.239115948886778597e+03
1.240281420766066503e+03
1.240302454193472840e+03
1.242324496570474366e+03
1.243407268079881533e+03
1.247134884751801565e+03
1.262494986783827699e+03
1.262499386803506923e+03
1.266194636663998381e+03
1.273975571464551649e+03
1.275021176141062142e+03
1.282858944529139308e+03
1.290801480052458373e+03
1.299495052268153813e+03
1.301933296506635543e+03
1.302214397763872512e+03
1.302438665433585584e+03
1.306279515945282128e+03
1.313893349998470285e+03
1.323661327019485498e+03
1.324495697417908559e+03
1.330383790419315119e+03
1.332564333505217746e+03
1.332582333585723973e+03
1.335863481594127734e+03
1.348634638713657068e+03
1.348639338734678176e+03
1.348644038755699057e+03
1.357588912095349315e+03
1.358689750352227065e+03
1.363478871771771310e+03
1.371133972676193707e+03
1.377470967685333335e+03
1.383874162990556442e+03
1.396102851017203648e+03
1.399571633198142308e+03
1.402682213777009338e+03
1.405067857780234590e+03
1.405074657810647977e+03
1.435868362203433435e+03
1.443943898321603456e+03
1.453779375644516676e+03
1.485212149562233890e+03
1.489319201264525873e+03
1.498117173947156971e+03
1.505515340369095838e+03
1.505521373729413654e+03
1.505526473752223865e+03
1.510499062659000401e+03
1.513102874304655870e+03
1.521147376950694024e+03
1.525476962981613497e+03
1.529653248326889752e+03
1.537111281683252628e+03
1.537116281705615620e+03
1.537119748387787013e+03
1.537843984960298485e+03
1.537850984991606538e+03
1.543264942539089134e+03
1.543274209247201725e+03
1.562787429854222864e+03
1.569469193072018925e+03
1.571612202656718182e+03
1.571623136038951543e+03
1.583863590784892494e+03
1.588529711654311541e+03
1.588536411684277482e+03
1.589648749992590183e+03
1.606397958237451348e+03
1.616289735812169965e+03
1.624493039168450650e+03
1.636524959648380218e+03
1.638521468577849191e+03
1.642297852134547838e+03
1.644791163285985249e+03
1.644808630030772520e+03
1.679155350314568977e+03
1.686134248194645579e+03
1.698770938046097854e+03
1.710696458050146930e+03
1.710700391401072466e+03
1.710708458103817748e+03
1.710712891456979378e+03
1.726326994625036150e+03
1.740322990556041304e+03
1.740326790573036988e+03
1.740330390589138233e+03
1.770262891130154003e+03
1.770272191171748545e+03
1.778730729002909811e+03
1.804961979656598487e+03
1.804974346378575774e+03
1.804977979728159653e+03
1.813135382879149802e+03
1.813141682907326867e+03
1.813145282923428113e+03
1.813150449613202909e+03
1.820498115809277806e+03
1.821935655572067390e+03
1.838500062990399329e+03
1.838512563046306241e+03
1.849317911373674406e+03
1.849322544727730701e+03
1.849326778079997894e+03
1.862583037369166732e+03
1.862588637394213265e+03
1.862592704079068199e+03
1.890760596727802067e+03
1.920484996338077735e+03
1.920489196356862294e+03
1.926508123276762262e+03
1.933355453901732517e+03
1.936074299395214894e+03
1.936078599414446671e+03
1.936083332768950413e+03
1.943709933545904960e+03
1.950094995436692216e+03
1.957521395318240138e+03
1.967264505561370925e+03
1.979076958393055747e+03
1.990882277859503120e+03
2.005497543226882954e+03
2.013661813075251530e+03
2.013975947813565426e+03
2.013990914547171542e+03
2.016895260870314132e+03
2.030321320918923902e+03
2.032875599009705411e+03
2.034522506375566763e+03
2.037819654455531463e+03
2.059265450372742180e+03
2.059282117113951699e+03
2.059288050473822295e+03
2.080555445593128297e+03
2.090978292209741539e+03
2.100803536153552159e+03
2.115672235987761724e+03
2.119107151350563072e+03
2.126998886646676056e+03
2.127003520000732351e+03
2.127007753352999771e+03
2.136038793744702161e+03
2.136043560432687627e+03
2.144352430927788646e+03
2.157563723349174779e+03
2.157567856700994980e+03
2.169175741951075906e+03
2.174234197908563146e+03
2.195968228448248283e+03
2.203346228113324287e+03
2.209523755742572575e+03
2.211954566614474970e+03
2.217524791527536763e+03
2.217528958212838916e+03
2.217533624900377617e+03
2.239650090483853091e+03
2.242032167804459277e+03
2.244662312901225960e+03
2.244667112922693832e+03
2.252152246400263721e+03
2.256884600899248653e+03
2.261505521566507923e+03
2.261794589526042728e+03
2.261806656246678358e+03
2.261861389824809976e+03
2.285058693575712368e+03
2.287275703491380682e+03
2.313535554272984882e+03
2.315771097604878378e+03
2.322457127508424492e+03
2.322469360896472153e+03
2.322479560942092121e+03
2.322483660960429461e+03
2.325176073002353860e+03
2.325185939713149764e+03
2.350355118950014003e+03
2.354263636431020132e+03
2.356826247892406172e+03
2.362553706842036718e+03
2.368580267129410913e+03
2.396295424419933624e+03
2.396300591109708421e+03
2.396306324468684579e+03
2.396311857826765845e+03
2.413277100371182769e+03
2.467242441733408214e+03
2.468268112987432232e+03
2.480190632978063604e+03
2.498060279567464931e+03
2.498064112917943021e+03
2.498068579604587285e+03
2.498072912957301924e+03
2.500495190457705121e+03
2.518897606096604704e+03
2.537896124401598627e+03
2.551559018842793648e+03
2.609398010863415038e+03
2.614295132765995731e+03
2.617702114670530591e+03
2.623533040749588963e+03
2.623537074100961490e+03
2.640580516995132712e+03
2.640585983686249165e+03
2.640589283701009208e+03
2.642528992376436236e+03
2.652493070274520960e+03
2.652502703650940020e+03
2.652507237004549097e+03
2.677652082799246728e+03
2.677659149497520048e+03
2.677663882852023107e+03
2.677668682873491434e+03
2.682318670337419462e+03
2.686961991104864410e+03
2.686969591138855776e+03
2.690289272652935779e+03
2.690293072669931462e+03
2.690297272688716021e+03
2.695216728024517124e+03
2.699740748258385338e+03
2.699744781609757410e+03
2.699748148291482266e+03
