2.515218138768751110e+00
2.686852239742712811e+00
2.690418922361515364e+00
3.425522210141430879e+00
3.450222320613698379e+00
3.455289009941343359e+00
3.713723499133638306e+00
3.856624138262668033e+00
4.135425385212798233e+00
4.399859901240462001e+00
4.405793261110993342e+00
4.686727850935920259e+00
5.739765894025536497e+00
5.743765911915781786e+00
6.214434683668033976e+00
6.330801870791766817e+00
6.335135223506199509e+00
6.343468594110879266e+00
6.347901947272568179e+00
6.708103558289199242e+00
7.200939095849895111e+00
7.541807287063672760e+00
7.548273982652903058e+00
7.844108639118996251e+00
7.848008656561985319e+00
7.852708677583024155e+00
7.857208697709550549e+00
8.325244124350724917e+00
8.886046632563180836e+00
8.891246655820499001e+00
8.900146695626297344e+00
8.914580093513599479e+00
9.537949548225983065e+00
9.670950143076655792e+00
9.880317746148602254e+00
9.886984442632344994e+00
9.900417836047088471e+00
9.906451196364875145e+00
1.005748520520407041e+01
1.046202034783759238e+01
1.066722126560719985e+01
1.067298795806563838e+01
1.072972154514229004e+01
1.078328845138916492e+01
1.111782328094338723e+01
1.147499154505991470e+01
1.175912614919703891e+01
1.186879330635460938e+01
1.201369395442876353e+01
1.202532733979289326e+01
1.203229403761840466e+01
1.209012762961487475e+01
1.209496098456558855e+01
1.216849464678127291e+01
1.235499548091398125e+01
1.241446241354896962e+01
1.243079581993413996e+01
1.243462917041229154e+01
1.278686407913085077e+01
1.318806587352250048e+01
1.319269922757870184e+01
1.319616590975024906e+01
1.351036731502905219e+01
1.351543400435669717e+01
1.352723405713292237e+01
1.368540143120972452e+01
1.393470254621928994e+01
1.420507042211748505e+01
1.441693803637083704e+01
1.442050471898963870e+01
1.442467140429197947e+01
1.458557212392711477e+01
1.559494330504821491e+01
1.559857665463185405e+01
1.605384535750665975e+01
1.625604626185858237e+01
1.682271546297673481e+01
1.682658214693730514e+01
1.683054883134513346e+01
1.698548285762731780e+01
1.756175210168205680e+01
1.763541909782741612e+01
1.783205331061541443e+01
1.803588755560585355e+01
1.804018757483786928e+01
1.805402097004163764e+01
1.812318794606046879e+01
1.844575605542637220e+01
1.844945607197484705e+01
1.876302414108769767e+01
1.879185760337988853e+01
1.879732429449655839e+01
1.979942877645037669e+01
1.980502880149672151e+01
1.980852881715068392e+01
1.981232883414642032e+01
2.001802975415230890e+01
2.003802984360353889e+01
2.041723153959883774e+01
2.042213156151438724e+01
2.076303308621058008e+01
2.076789977464371262e+01
2.078049983099798581e+01
2.148556965111864159e+01
2.169957060824678763e+01
2.213727256588693493e+01
2.214163925208378458e+01
2.214540593559710047e+01
2.224803972796432205e+01
2.283127566984457246e+01
2.283430901674467606e+01
2.289427595161594198e+01
2.289924264049633251e+01
2.317741055128050931e+01
2.329294440134377098e+01
2.358904572566921232e+01
2.382034676017267572e+01
2.383654683262817287e+01
2.384031351614148520e+01
2.410918138533083876e+01
2.411364807197494642e+01
2.411724808807617038e+01
2.412271477919283669e+01
2.435994917356682876e+01
2.476198430501894521e+01
2.481901789343736553e+01
2.482658459394641781e+01
2.483538463330495460e+01
2.554775448607530919e+01
2.566468834240016150e+01
2.567302171300483948e+01
2.567705506437750529e+01
2.621099078576047603e+01
2.621455746837927947e+01
2.622219083585316213e+01
2.622902419974899857e+01
2.623652423329320982e+01
2.631022456292098965e+01
2.639092492385669786e+01
2.725086210329469694e+01
2.757596355732442461e+01
2.768593071582376552e+01
2.802383222710227528e+01
2.869630190141742432e+01
2.903277007295193002e+01
2.932977140130267912e+01
2.940197172422161742e+01
2.954707237319028224e+01
2.955097239063326953e+01
2.993457410630783855e+01
2.993950746170580857e+01
3.004580793713909159e+01
3.072824432269743866e+01
3.073267767585912580e+01
3.073681102767904605e+01
3.075987779751279660e+01
3.089177838744365090e+01
3.096484538090547289e+01
3.096874539834846374e+01
3.100247888255620055e+01
3.101644561168964387e+01
3.102247897200743409e+01
3.112101274603715240e+01
3.125324667079219410e+01
3.126138004050235963e+01
3.132024697045380890e+01
3.136084715203980622e+01
3.136948052398625109e+01
3.138181391248117791e+01
3.219558421876925536e+01
3.220001757193094960e+01
3.233205149579147530e+01
3.253858575285782706e+01
3.274802002289461456e+01
3.275192004033760895e+01
3.316048853434379140e+01
3.338675621300203034e+01
3.385272496373323747e+01
3.386175833746870723e+01
3.386565835491170162e+01
3.411739281413783687e+01
3.471786216642856004e+01
3.472249552048476318e+01
3.480016253452037489e+01
3.583680050425997621e+01
3.593983429841622268e+01
3.643310317124836217e+01
3.724784014852659197e+01
3.797274339068637516e+01
3.800331019406433342e+01
3.800774354722602766e+01
3.816207757082467822e+01
3.930081599721281549e+01
3.932088275362887941e+01
3.997391900769391526e+01
3.997988570104686801e+01
4.103469041870467748e+01
4.104929048400407510e+01
4.137745861841631978e+01
4.138119196844721159e+01
4.175476030591374865e+01
4.205739499279326310e+01
4.236976305653904262e+01
4.263229756406883553e+01
4.263823092393936065e+01
4.305686612963599913e+01
4.364096874205913679e+01
4.369546898581373995e+01
4.431840510525467636e+01
4.432340512761748386e+01
4.484384078862088074e+01
4.484727413731000922e+01
4.485227415967280962e+01
4.492504115179286828e+01
4.647704809320822505e+01
4.648094811065121235e+01
4.648444812630518186e+01
4.648798147544155768e+01
4.751041938167079337e+01
4.751931942147659527e+01
4.752325277240201018e+01
4.807388856847675385e+01
4.825015602350691069e+01
4.825578938203567958e+01
4.825988940037318287e+01
4.826408941915793349e+01
4.836698987938451211e+01
4.866025785770435874e+01
4.890049226549604100e+01
4.890459228383354429e+01
4.890962563967876520e+01
4.891442566114706381e+01
5.069933364422197997e+01
5.111906885483843865e+01
5.112386887630673016e+01
5.112770222678488352e+01
5.120663591315239671e+01
5.161017105131336535e+01
5.225580727228144440e+01
5.230490749188421518e+01
5.262124224003781592e+01
5.308094429607430698e+01
5.392251472669959611e+01
5.429594973023645821e+01
5.430068308473991578e+01
5.430438310128839419e+01
5.450981735343492574e+01
5.451445070749113597e+01
5.573465616491060359e+01
5.644899269314366563e+01
5.694609491645395138e+01
5.742053037171952212e+01
5.797069949904040698e+01
5.797703286069996409e+01
5.800959967302304676e+01
5.801323302260669124e+01
5.810136675012176966e+01
5.811503347791344254e+01
5.814486694467819206e+01
5.869840275372336436e+01
5.942260599275235933e+01
5.961310684477531652e+01
5.973240737835190117e+01
5.986034128387492359e+01
6.268518725144890169e+01
6.297722189091926026e+01
6.376902543229341092e+01
6.415066047250527959e+01
6.415766050381320440e+01
6.494063067234638709e+01
6.495229739119294265e+01
6.756787575614222874e+01
6.803124449524477768e+01
6.989375282539045031e+01
7.002585341621582415e+01
7.014238727075165514e+01
7.016075401956436508e+01
7.122152543057512730e+01
7.187919503869636628e+01
7.226056341104889214e+01
7.325983454699709796e+01
7.348540222252454157e+01
7.355133585074877089e+01
7.441043969312630679e+01
7.441447304449896194e+01
7.441953973382661047e+01
7.543197759533023827e+01
7.558774495867288579e+01
7.559357831809616357e+01
7.578924585989402374e+01
7.628658141758124600e+01
7.628994809930553345e+01
7.629374811630125919e+01
7.629928147438276653e+01
7.654694924875383322e+01
7.658058273251430137e+01
7.658791609864641714e+01
7.672475004397524856e+01
7.673025006857434960e+01
7.679568369456227117e+01
7.745838665852875238e+01
7.746238667641898701e+01
7.768418766843311118e+01
7.775272130828598449e+01
7.866122537160806871e+01
7.901756029866410813e+01
7.903679371801970888e+01
7.952082921622188394e+01
8.159290515033401903e+01
8.181583948075038393e+01
8.181977283167577752e+01
8.432441736713559521e+01
8.445928463700171562e+01
8.448701809437409338e+01
8.483521965171996726e+01
8.493582010165965812e+01
8.493978678606748645e+01
8.573795702258361473e+01
8.620219243222905448e+01
8.686099537875251997e+01
8.686652873683402731e+01
8.687156209267926954e+01
8.776526608980742594e+01
8.790656672178035080e+01
9.032301086276024193e+01
9.047924489485674826e+01
9.050364500398725909e+01
9.161414997076673217e+01
9.213821898135377353e+01
9.214208566531434030e+01
9.214528567962652517e+01
9.214888569572775623e+01
9.335852443922048849e+01
9.400506066421388596e+01
9.401216069596907232e+01
9.540006690343709295e+01
9.540763360394613812e+01
9.553376750141856633e+01
9.653620531819656492e+01
9.876064860044465377e+01
9.876451528440523475e+01
9.944775167354163159e+01
9.949991857352691227e+01
9.950395192489956742e+01
9.961925244058591034e+01
9.972995293569844932e+01
1.010628255636931812e+02
1.010772256280980628e+02
1.014342938917673393e+02
1.031302681437491202e+02
1.037285374862002243e+02
1.048311090841640407e+02
1.055078787777112126e+02
1.069584185986440019e+02
1.069631519531474595e+02
1.081564572902550196e+02
1.085024921712437020e+02
1.088757605073684687e+02
1.091866285644054102e+02
1.093129957962547536e+02
1.093164958119087089e+02
1.093201958284572015e+02
1.106459350912143123e+02
1.107006353358634243e+02
1.120990415902933393e+02
1.121042749470330762e+02
1.121360750892605438e+02
1.138691828406567623e+02
1.143139514965696719e+02
1.146138195044084398e+02
1.155631570836934259e+02
1.159757922625546911e+02
1.160914594465476455e+02
1.160950594626488623e+02
1.160985261448204113e+02
1.177688336153397870e+02
1.177730003006421242e+02
1.179095675781115915e+02
1.179148342683337631e+02
1.179225676362548967e+02
1.180547015605626768e+02
1.182541024523914359e+02
1.190458059933183250e+02
1.190495393433492239e+02
1.198100094112497800e+02
1.198132760925268201e+02
1.198168427751456164e+02
1.198424762231256153e+02
1.198457095709202207e+02
1.198493429205038723e+02
1.198541762754545630e+02
1.198588096295107874e+02
1.198901764364667883e+02
1.205837462051529769e+02
1.208854142210423532e+02
1.218140850412277416e+02
1.229522901318971719e+02
1.235038592654796474e+02
1.235081592847116667e+02
1.236156930989944414e+02
1.237857938597771295e+02
1.241044286182176393e+02
1.247736982782205928e+02
1.247774649617339122e+02
1.247812316452472174e+02
1.255810018889194453e+02
1.260953708561226279e+02
1.263000051046911096e+02
1.263034717868626586e+02
1.274643436455768182e+02
1.277801783914941325e+02
1.282229470384619390e+02
1.286855824409512650e+02
1.304508903363639831e+02
1.304556570243498754e+02
1.304593570408983396e+02
1.315293951600215223e+02
1.315338618466656158e+02
1.315803620546397212e+02
1.315933954462654469e+02
1.315980954672864698e+02
1.316519290413927195e+02
1.316620624200480165e+02
1.318156297735509952e+02
1.330877354630964362e+02
1.333083031162610723e+02
1.333166364868657183e+02
1.341899737262360475e+02
1.341937404097493811e+02
1.341972737588857854e+02
1.344233747701318862e+02
1.349686105420548188e+02
1.357598140807454570e+02
1.357637807651532569e+02
1.366861848906439434e+02
1.366921182505144827e+02
1.366973849407366117e+02
1.369301193149840969e+02
1.377211228527801836e+02
1.380626243801599173e+02
1.380662910632259752e+02
1.380703577480810509e+02
1.400250331571145068e+02
1.400294665102761940e+02
1.400335331951312696e+02
1.407325696549341103e+02
1.409628373514825910e+02
1.411881716926331194e+02
1.411921050435585414e+02
1.416478070817047694e+02
1.416936072865480867e+02
1.425342777131480716e+02
1.427298785879811192e+02
1.427390452956462354e+02
1.427422453099584345e+02
1.427915455304557213e+02
1.427957455492404790e+02
1.428851792825698794e+02
1.428891459669777362e+02
1.444132527836085842e+02
1.449325217727273412e+02
1.450236221801776821e+02
1.450278221989624683e+02
1.450314222150636567e+02
1.459882931613753101e+02
1.467358298380974020e+02
1.474152328767556241e+02
1.476298005030848799e+02
1.486466383842677885e+02
1.487073386557522667e+02
1.489039395350578445e+02
1.489115729025317307e+02
1.494948421778944123e+02
1.502273454540456896e+02
1.521716541500468907e+02
1.524466220465188258e+02
1.524572220939280101e+02
1.534882267051388567e+02
1.534917933877576672e+02
1.555958694649917504e+02
1.565973406107796109e+02
1.566684075952963155e+02
1.566732076167646142e+02
1.570296092107855372e+02
1.570334092277812488e+02
1.585608160591716000e+02
1.596598876414814470e+02
1.604330577661835378e+02
1.604372244514858608e+02
1.607797259833381531e+02
1.614026954362615527e+02
1.626342009442209360e+02
1.635168715586684982e+02
1.635220715819258146e+02
1.635259382658864240e+02
1.635299382837766586e+02
1.644799425327100266e+02
1.647181769315565703e+02
1.649210778390392704e+02
1.662136502867898002e+02
1.663460842124393366e+02
1.665121516218493980e+02
1.677376237694910230e+02
1.677516571655892790e+02
1.677903573386774099e+02
1.681594589894998535e+02
1.696610990389805238e+02
1.710462719008902184e+02
1.710528719304091112e+02
1.710563719460630807e+02
1.713847400813698414e+02
1.715469408068192934e+02
1.715506074898853512e+02
1.717947752486024626e+02
1.725655120290879836e+02
1.739902850681111204e+02
1.747534551480875677e+02
1.747584885039327958e+02
1.758720268176123795e+02
1.767509640820290429e+02
1.768533978735017342e+02
1.769011647538077909e+02
1.773863335904121641e+02
1.780737366648509123e+02
1.780774366813993765e+02
1.780820033684907457e+02
1.780856367180743689e+02
1.780905034065075370e+02
1.780942367565384075e+02
1.786696059965678387e+02
1.791528748246743703e+02
1.791572748443536511e+02
1.803078466570004252e+02
1.803141800186599824e+02
1.817435530782568947e+02
1.817480197649009881e+02
1.827920244342551257e+02
1.829214916799694208e+02
1.844070316574418769e+02
1.851416016095030841e+02
1.857287375688263182e+02
1.864722408941757692e+02
1.865728413441154316e+02
1.865762746928045601e+02
1.865797413749760949e+02
1.878712471512892250e+02
1.884608831217938416e+02
1.897871557202696806e+02
1.909047607188043401e+02
1.911190283437918254e+02
1.917590978731959979e+02
1.927488022996900554e+02
1.927838024562297221e+02
1.927890691464518795e+02
1.927929691638948384e+02
1.927967691808906068e+02
1.928228692976244361e+02
1.937858069377362540e+02
1.939404076291942829e+02
1.948149782074140717e+02
1.957143822300358522e+02
1.961085839931195380e+02
1.969995213112069621e+02
1.971862888131990417e+02
1.976071573622177198e+02
1.976120573841332657e+02
1.976161574024707761e+02
1.983202938850836858e+02
2.010410393870640178e+02
2.012512403271964558e+02
2.024079788340906987e+02
2.027202468973892167e+02
2.031687489033330110e+02
2.032122157644070057e+02
2.039020188495799175e+02
2.039056188656811344e+02
2.043807209905950799e+02
2.049088233525547764e+02
2.049127233699977353e+02
2.049221900790046504e+02
2.058782943552206746e+02
2.064126634118750587e+02
2.064165967628004807e+02
2.066569978380042585e+02
2.066614978581307867e+02
2.072438004625033159e+02
2.082014714123929764e+02
2.092044092314072827e+02
2.099015123492298471e+02
2.102408472002523752e+02
2.103953145577806936e+02
2.107082826242099998e+02
2.112206182489856587e+02
2.127031582130404104e+02
2.141673647617648726e+02
2.142312650475615214e+02
2.144440659993226177e+02
2.144884661979043585e+02
2.144926995501715226e+02
2.144981662412882031e+02
2.145018662578366673e+02
2.145214330120164448e+02
2.148164009979396667e+02
2.157173050272702710e+02
2.157214717125725940e+02
2.157249717282265635e+02
2.157316050912278911e+02
2.165631421436451660e+02
2.167181428368921843e+02
2.172741453236363327e+02
2.176311802538231746e+02
2.177762809027918536e+02
2.179757817950678600e+02
2.179803484821592008e+02
2.205826601211058744e+02
2.214103971565273810e+02
2.214170638530111148e+02
2.219322994907572024e+02
2.235280732945883244e+02
2.236235737217179462e+02
2.239811419876234879e+02
2.239856753412324508e+02
2.241579761118547935e+02
2.248688126244338719e+02
2.248727459753592655e+02
2.248759459896714645e+02
2.248794126718429993e+02
2.248831793553563330e+02
2.273597570986195819e+02
2.282584944515929806e+02
2.282622944685886921e+02
2.293081658129583218e+02
2.296236338905690104e+02
2.303316037236600948e+02
2.303358370759272589e+02
2.303413037670439394e+02
2.313622416665643300e+02
2.324158130453726585e+02
2.329537821181282595e+02
2.336146850740441607e+02
2.336218517727641597e+02
2.341237540175427512e+02
2.341292540421418664e+02
2.347319900712370497e+02
2.360737294055551274e+02
2.372786014610620100e+02
2.374981357762716812e+02
2.375204025425273642e+02
2.386462409112194507e+02
2.386506075974163252e+02
2.392342102076031551e+02
2.392380768915637077e+02
2.406546832273942869e+02
2.406846833615711034e+02
2.406884833785668434e+02
2.406928167312812832e+02
2.420791895985580311e+02
2.427540592836073472e+02
2.433902954625333450e+02
2.433960288215093613e+02
2.434035288550535654e+02
2.443141329277680427e+02
2.443192996175429244e+02
2.456511055741002565e+02
2.456645723009974063e+02
2.463209752367867509e+02
2.463247419203000561e+02
2.463259752591495442e+02
2.476099143349536007e+02
2.476176143693923279e+02
2.491526212347741307e+02
2.513660644678240601e+02
2.516074655475003965e+02
2.519004335244784727e+02
2.521548013288156938e+02
2.531836725971517126e+02
2.531874392806650462e+02
2.538845423984876106e+02
2.540613431892364815e+02
2.540652432066794688e+02
2.540692098910872971e+02
2.540727765737061077e+02
2.540763765898073245e+02
2.552670485818038344e+02
2.552706485979050512e+02
2.552730152751567800e+02
2.552742152805238334e+02
2.552782819653789375e+02
2.552838153234604306e+02
2.552882153431397114e+02
2.553361155573753933e+02
2.553550156419068173e+02
2.553590156597970520e+02
2.557868175731588565e+02
2.565203875207474766e+02
2.584406294424424004e+02
2.590499321675740703e+02
2.596779683098250757e+02
2.603658047195352196e+02
2.604756052106225184e+02
2.615822101599590042e+02
2.616167769812271899e+02
2.622048129445757354e+02
2.625146809971400899e+02
2.634213850524115514e+02
2.641185548371990421e+02
2.645726235347066790e+02
2.645770568878684230e+02
2.646835573641962469e+02
2.647242575462294667e+02
2.647284908984966023e+02
2.647485243214302955e+02
2.654704942171372295e+02
2.654740942332384748e+02
2.654783942524704798e+02
2.654829609395618490e+02
2.654891276338092894e+02
2.656236615688512188e+02
2.656278282541535418e+02
2.664762653821570666e+02
2.668281336225690552e+02
2.674388696874447646e+02
2.674429697057822182e+02
2.674471363910845980e+02
2.674509364080803380e+02
2.674542697563222191e+02
2.680863725834282718e+02
2.691171105267797543e+02
2.691210772111876395e+02
2.691244772263943332e+02
2.706616174346509069e+02
2.710816526466091432e+02
2.722617579246788750e+02
2.726253928843846666e+02
2.726295262362045833e+02
2.727668268502873161e+02
2.732004287895899211e+02
2.739347654072741420e+02
2.742696335716526050e+02
2.757602735719351017e+02
2.763359094798238971e+02
2.780701839031047484e+02
2.784007187147687432e+02
2.787994871649438551e+02
2.798963254039316553e+02
2.807399958439493162e+02
2.812813982653941025e+02
2.823062028488750457e+02
2.829922725840170301e+02
2.830278394097578030e+02
2.842295114509524865e+02
2.844753792172729163e+02
2.844815792450028198e+02
2.849473146613570975e+02
2.849508480104934733e+02
2.850994820085984998e+02
2.851040820291723321e+02
2.856359844081276833e+02
2.856404510947718336e+02
2.873934922686544837e+02
2.873974589530623120e+02
2.875735597406803095e+02
2.878749610887103358e+02
2.878801611119676522e+02
2.878844611311996573e+02
2.878880944807833657e+02
2.878916278299197415e+02
2.878959611826341529e+02
2.887188648631049546e+02
2.887759317850058096e+02
2.887914985212953525e+02
2.898177031110378721e+02
2.908246742814248478e+02
2.912594762260945345e+02
2.913643766952662872e+02
2.913727433993533396e+02
2.924196147481954995e+02
2.934419859874598728e+02
2.934552860469449911e+02
2.937249539197123909e+02
2.947483584969317576e+02
2.949052591986766743e+02
2.949098925527328561e+02
2.949136259027637266e+02
2.965927334126416213e+02
2.972564030475982690e+02
2.975164375439466653e+02
2.975203042279072179e+02
2.995772134275188137e+02
2.995832467878366288e+02
2.996024468737098232e+02
3.002932832968376715e+02
3.002972499812454998e+02
3.003008499973467451e+02
3.003050500161315313e+02
3.009300861449647755e+02
3.021595583104966636e+02
3.034373306920533082e+02
3.048948705442939513e+02
3.051081048313265001e+02
3.051587383911205507e+02
3.051623050737393896e+02
3.061528761707763238e+02
3.064094106514707505e+02
3.064133773358785220e+02
3.064170440189446367e+02
3.064202440332567789e+02
3.064347774315913853e+02
3.064447108093521592e+02
3.076321494535540069e+02
3.076366161401981003e+02
3.081533184511706054e+02
3.081591184771115195e+02
3.088851883911559639e+02
3.107233299456535178e+02
3.120523025562052339e+02
3.120575692464274198e+02
3.126406718543779562e+02
3.126502718973146102e+02
3.128532728052445577e+02
3.129011730194802681e+02
3.135397425421755315e+02
3.135452759002570815e+02
3.135490092502879520e+02
3.135540426061331800e+02
3.135577092891992379e+02
3.135614426392301652e+02
3.135660093263215344e+02
3.135790427179472317e+02
3.135978428020313800e+02
3.159703534131834317e+02
3.162233212112590763e+02
3.172453257822168098e+02
3.181974967075074119e+02
3.192270346454918126e+02
3.197579703534571536e+02
3.197641037142221307e+02
3.203037727945811639e+02
3.209984092347047522e+02
3.210034425905499234e+02
3.222818483082725152e+02
3.229217178367821361e+02
3.237921883966644714e+02
3.245058582552491657e+02
3.245092249369734532e+02
3.245124249512856522e+02
3.245160916343517101e+02
3.245197583174177680e+02
3.245237583353080026e+02
3.257967973623611329e+02
3.258005640458744097e+02
3.267509016296319828e+02
3.270443696088463525e+02
3.278621399330247073e+02
3.285947765431056382e+02
3.292929129988831960e+02
3.300589497583476941e+02
3.304119180036794319e+02
3.304817849828290832e+02
3.315263896548667617e+02
3.326015277967999850e+02
3.329449293326775887e+02
3.341508347261394078e+02
3.347531707534456018e+02
3.349426382675135869e+02
3.351548392165910855e+02
3.361121434981741913e+02
3.376054501770501588e+02
3.378233844851037588e+02
3.390873568049389633e+02
3.398499935491967676e+02
3.398535602318156066e+02
3.398574602492585655e+02
3.404823630441621845e+02
3.415012009342902388e+02
3.415141343254686603e+02
3.424926387018700211e+02
3.425501056255599224e+02
3.425594390006370986e+02
3.435667435058483079e+02
3.438902782862043637e+02
3.442270464590805545e+02
3.442591132691674147e+02
3.459368207727837330e+02
3.459405874562970666e+02
3.474568942380419685e+02
3.488514338085112740e+02
3.491534018257424350e+02
3.519585143717245614e+02
3.519621143878258067e+02
3.519659144048214898e+02
3.519708810937019052e+02
3.519744477763206874e+02
3.534362209808285797e+02
3.540356236616818819e+02
3.549195609484613669e+02
3.557883981677051679e+02
3.557934315235504528e+02
3.559045653539344016e+02
3.567818026107477181e+02
3.581132418989984671e+02
3.583675763698532251e+02
3.584294099797399440e+02
3.584310766538608846e+02
3.591544132223469887e+02
3.591615799210670161e+02
3.596992156589984688e+02
3.606476532342582004e+02
3.612015223781274926e+02
3.612058223973594977e+02
3.626564622187395912e+02
3.626848623457603367e+02
3.626883290279318999e+02
3.626921623784099893e+02
3.635957330863341213e+02
3.636015664457573848e+02
3.636071998042861537e+02
3.645714041167298660e+02
3.653736743715835473e+02
3.657973429331253783e+02
3.668188808353293666e+02
3.670541485542406122e+02
3.671823491276230129e+02
3.686955558955029915e+02
3.690117573097268746e+02
3.696734269357384051e+02
3.701135955710774965e+02
3.708341321270404478e+02
3.712219338614997923e+02
3.722105049495916091e+02
3.723579389423296107e+02
3.729250414787191517e+02
3.733746768230652151e+02
3.735139107791281958e+02
3.742898475828710048e+02
3.742933809320074374e+02
3.742982809539229265e+02
3.743049476504067457e+02
3.747733497453544942e+02
3.747779164324458634e+02
3.749318837877378883e+02
3.749362838074171691e+02
3.749399504904832270e+02
3.758795880263843401e+02
3.761400225245217825e+02
3.761444892111658760e+02
3.762497230151617487e+02
3.762537563665343896e+02
3.762579897188015821e+02
3.763145566384661720e+02
3.763257566885588403e+02
3.763344233939877199e+02
3.763569234946203892e+02
3.763610568464402490e+02
3.763657235339789509e+02
3.764463572279497612e+02
3.764747240214881003e+02
3.764922240997578911e+02
3.765096241775804629e+02
3.765143908655663836e+02
3.765713911205023692e+02
3.765760244745585510e+02
3.766734582436685059e+02
3.766793582700565821e+02
3.766829582861578274e+02
3.766895249821942571e+02
3.767627919765506590e+02
3.768024254871464791e+02
3.768108255247159946e+02
3.768143922073348335e+02
3.768277589337847076e+02
3.768407589919279985e+02
3.769449594579689347e+02
3.813978460403553186e+02
3.822445498272730902e+02
3.822483831777512933e+02
3.825085510080293147e+02
3.825576178941496437e+02
3.825611179098036132e+02
3.827366520282205329e+02
3.827776855450780431e+02
3.827845855759386495e+02
3.849985954781897135e+02
3.853078301945881208e+02
3.856485650518721968e+02
3.865201022831919317e+02
3.877459410991401683e+02
3.892913480110366891e+02
3.894018818387370970e+02
3.894083818678087709e+02
3.913865573819473980e+02
3.913907574007321273e+02
3.920695937701892717e+02
3.945953050665376622e+02
3.954579422580516166e+02
3.981194541617738878e+02
3.981234875131465287e+02
3.981275208645192265e+02
3.982618214651841981e+02
3.990929918492948332e+02
3.990988918756829662e+02
4.007451992388608346e+02
4.012857683232451791e+02
4.017493037297598448e+02
4.028874088199819994e+02
4.043274152604704454e+02
4.055125205609030559e+02
4.056507211790110432e+02
4.056546878634188147e+02
4.056582878795200600e+02
4.056621545634806694e+02
4.058952889395171724e+02
4.059096890039219829e+02
4.074641292895539664e+02
4.074749626713399948e+02
4.074788960222654168e+02
4.074834627093567860e+02
4.081204655583784415e+02
4.096695058198585571e+02
4.097594062219418447e+02
4.097639729090332139e+02
4.105577764593524535e+02
4.126388524337176591e+02
4.131883548913901336e+02
4.134646894606412957e+02
4.143491267496570458e+02
4.143555934452462566e+02
4.150345964821155462e+02
4.155420987519404434e+02
4.156788660303043912e+02
4.164068359528467340e+02
4.170444388045518735e+02
4.171805727467499310e+02
4.180538099856730128e+02
4.182392441483683569e+02
4.186306458989288899e+02
4.186350459186081139e+02
4.192204818703280012e+02
4.201364193002294769e+02
4.211303237455082922e+02
4.211340237620566995e+02
4.234223673301015083e+02
4.236141348544563812e+02
4.251901752366956657e+02
4.253589426581816042e+02
4.257501110743652362e+02
4.263378803698544175e+02
4.263871472568692411e+02
4.263917139439606103e+02
4.271068838092541569e+02
4.271117838311696460e+02
4.271154838477181670e+02
4.279485875738091067e+02
4.282613889728263530e+02
4.286670574538620713e+02
4.292170599137708678e+02
4.305151990530853254e+02
4.308173670712109811e+02
4.319491054662911438e+02
4.325378414327705059e+02
4.328590428693572676e+02
4.330230769363396917e+02
4.334305454254260894e+02
4.341767154293690396e+02
4.348354850424100846e+02
4.356178552082596980e+02
4.356216885587379011e+02
4.356972555633811339e+02
4.357025889205681324e+02
4.357073889420364026e+02
4.361026240430751386e+02
4.361154574338063412e+02
4.365560594044168852e+02
4.370095280992410949e+02
4.385777017796294786e+02
4.387139690557572180e+02
4.388699697534768234e+02
4.388755031115582597e+02
4.388802697995441804e+02
4.388841364835047330e+02
4.388908365134709584e+02
4.396522065853967547e+02
4.409329456468885837e+02
4.427682205218982290e+02
4.436446244416511036e+02
4.440437928936151479e+02
4.446392622235430849e+02
4.446485622651379686e+02
4.456665001512406548e+02
4.456703335017187442e+02
4.456743001861266293e+02
4.472294738083717789e+02
4.486127799952659529e+02
4.492802163137359344e+02
4.493434165964017666e+02
4.501125867032136512e+02
4.502688540687925638e+02
4.502730207540948868e+02
4.502777207751159381e+02
4.502820207943479431e+02
4.502861874796503230e+02
4.502908541671889111e+02
4.503008208784320914e+02
4.503053875655234606e+02
4.503116542602181767e+02
4.518121943047790410e+02
4.519216614610421061e+02
4.520956955727502304e+02
4.521048622804153752e+02
4.521083956295517510e+02
4.529817662024044580e+02
4.529871662265563259e+02
4.529926995846378190e+02
4.540864711432431591e+02
4.541606714751071650e+02
4.541670048367667505e+02
4.547311073597386439e+02
4.560952134607597372e+02
4.563487479280364596e+02
4.574727196217131109e+02
4.580143220440523351e+02
4.592500609042789961e+02
4.593439279907700552e+02
4.594011949135654618e+02
4.595097620658032156e+02
4.595146287542362984e+02
4.603025656116499249e+02
4.611365026748013065e+02
4.622455076348719558e+02
4.622506743246468091e+02
4.631932452070008139e+02
4.631968452231020024e+02
4.636398805379291730e+02
4.639688153424370398e+02
4.651359872293283502e+02
4.660384579323326193e+02
4.666851941582205541e+02
4.669424619755282038e+02
4.669465619938656573e+02
4.672291965912939986e+02
4.672347632828578980e+02
4.684518020594476297e+02
4.690203379355811535e+02
4.690693048212542635e+02
4.699879422632316164e+02
4.700821093510645028e+02
4.700869427060152361e+02
4.707466123230815356e+02
4.707567457017368611e+02
4.718376172026461290e+02
4.731753898525563500e+02
4.732536568692755736e+02
4.738721263020723882e+02
4.752192323270598422e+02
4.752229656770907695e+02
4.755911006569230608e+02
4.756061007240114691e+02
4.769645067995389240e+02
4.769722068339776797e+02
4.769876069028551342e+02
4.771197741606453064e+02
4.773877086923269530e+02
4.790053159271423056e+02
4.793115172966406021e+02
4.801322209672718486e+02
4.801359876507851254e+02
4.801390543311676424e+02
4.803424219074042298e+02
4.805328560924623389e+02
4.810770251929478718e+02
4.812457592809514040e+02
4.812568593305967966e+02
4.821868968235614261e+02
4.821910968423461554e+02
4.831334343903232025e+02
4.834325690615487474e+02
4.838630709869864290e+02
4.840568051868040129e+02
4.858687132906381407e+02
4.860855475937718211e+02
4.864635492844000737e+02
4.864690159755167542e+02
4.864727159920652184e+02
4.864823160350018156e+02
4.874826538423874354e+02
4.877150882152931786e+02
4.885307918635614897e+02
4.885344918801099539e+02
4.895854632472896242e+02
4.901459324206779229e+02
4.914151380972528500e+02
4.914210381236410399e+02
4.914246714732246346e+02
4.922011416126861718e+02
4.924595094349136275e+02
4.925646765719446876e+02
4.925696099273426398e+02
4.927593441092699322e+02
4.950770878088080735e+02
4.950853211789655006e+02
4.962920265760053553e+02
4.973018644258802965e+02
4.973429979431850256e+02
4.981371014948460925e+02
4.984549362497085099e+02
4.988176712053889901e+02
4.991061724957229444e+02
4.998248423766704036e+02
5.003338446532042099e+02
5.014041161067042935e+02
5.014079827906649030e+02
5.016224837500292892e+02
5.025512212371795613e+02
5.025565879278489660e+02
5.028691226590067913e+02
5.028730226764498070e+02
5.028763226912092250e+02
5.038149935561202710e+02
5.041578284227967401e+02
5.046346972222788736e+02
5.049904321466513579e+02
5.059051695711857519e+02
5.064818388170295407e+02
5.064855721670604112e+02
5.066493062327011216e+02
5.082585134299469587e+02
5.088351160088259348e+02
5.090699503924657847e+02
5.091046838811461157e+02
5.104394898511210954e+02
5.111362929676018894e+02
5.114403276607429802e+02
5.123453983753759076e+02
5.124118986728012715e+02
5.124152320210431526e+02
5.124186987032146590e+02
5.124224653867280495e+02
5.143142405144373015e+02
5.143183405327748687e+02
5.143217405479815625e+02
5.143265405694497758e+02
5.143324405958379657e+02
5.149474100129808676e+02
5.149527767036502155e+02
5.149565100536811997e+02
5.149605434050537269e+02
5.149649100912506583e+02
5.149685101073517899e+02
5.157217134760851422e+02
5.171171863840622791e+02
5.172547869994866687e+02
5.172596870214022147e+02
5.183980587794836765e+02
5.194484634774623828e+02
5.201730667182802108e+02
5.212249714229676556e+02
5.218970077620114125e+02
5.224849103914302759e+02
5.224887437419084790e+02
5.232472138008638467e+02
5.234964149154261577e+02
5.238462498134105090e+02
5.238508165005019919e+02
5.246897535860161952e+02
5.248579543383009423e+02
5.249689215012728027e+02
5.275481997038682493e+02
5.278453343661485633e+02
5.278515677273609299e+02
5.281722024947464433e+02
5.289261725335754818e+02
5.295527420025999845e+02
5.302252783438800634e+02
5.306068800506094476e+02
5.306111134028766401e+02
5.306144800846009275e+02
5.306187134368680063e+02
5.306225801208286157e+02
5.306267134726485892e+02
5.315336841957794149e+02
5.317342184260103295e+02
5.328214899555439388e+02
5.335876267154558263e+02
5.338735613276435288e+02
5.343443634333253840e+02
5.343489967873815658e+02
5.353531679452454455e+02
5.360935045897650753e+02
5.371244758674935156e+02
5.371281758840419798e+02
5.371320759014848818e+02
5.390993180333902046e+02
5.391036180526222097e+02
5.398370546662812330e+02
5.399239883884292794e+02
5.399292550786514084e+02
5.399330884291294979e+02
5.399374884488088355e+02
5.399411217983923734e+02
5.399462551546848772e+02
5.416940296383454552e+02
5.416986629924016370e+02
5.429107684135933596e+02
5.429245351418322798e+02
5.438779394059723700e+02
5.439019395133137778e+02
5.446966764011407349e+02
5.453156125026915788e+02
5.453194458531696682e+02
5.453228792018587683e+02
5.471529540536110972e+02
5.471676541193577350e+02
5.485730604050955890e+02
5.487196277272906855e+02
5.488025947650307899e+02
5.499047663612055885e+02
5.505410692070964842e+02
5.505450358915043125e+02
5.509102708583661752e+02
5.521677098156472994e+02
5.529698134030887786e+02
5.543018860275055886e+02
5.551560565144850443e+02
5.551955566911511823e+02
5.565644294801581964e+02
5.586026385961330334e+02
5.586067052809880806e+02
5.593556419639717205e+02
5.600002115135024496e+02
5.604811136643572809e+02
5.607373481437098235e+02
5.607406814919517046e+02
5.607439481732287732e+02
5.607479481911190078e+02
5.607520482094564613e+02
5.621298543717516623e+02
5.629748581510660870e+02
5.634007600559300499e+02
5.634051267421268676e+02
5.643490976307424489e+02
5.647765328757976704e+02
5.648451665160977200e+02
5.663258064716546869e+02
5.663709733403319433e+02
5.675428785817267681e+02
5.675550453028096172e+02
5.675590786541822581e+02
5.688577177957329241e+02
5.689122180394875841e+02
5.689193180712427420e+02
5.689241180927110690e+02
5.689289847811442087e+02
5.689325514637629340e+02
5.689368181495125327e+02
5.689459848571777911e+02
5.689555182331494052e+02
5.689611515916782309e+02
5.702889241968628085e+02
5.709196603511898047e+02
5.712933953560684586e+02
5.714178292459374688e+02
5.726879015930553578e+02
5.739518405794082128e+02
5.739561739321226241e+02
5.739599739491184209e+02
5.757837154392110506e+02
5.772940221941206573e+02
5.772980222120108920e+02
5.773020888968659392e+02
5.782514598096333884e+02
5.782553931605588105e+02
5.782589265096951294e+02
5.782636931976810502e+02
5.802778688728318457e+02
5.805932369499953438e+02
5.810351055929378390e+02
5.814113739424802816e+02
5.814234739965982044e+02
5.830612146547945258e+02
5.843311870014651959e+02
5.844865210295363340e+02
5.844901543791199856e+02
5.862079953955685596e+02
5.862119620799763879e+02
5.869891988895334407e+02
5.870389991122669926e+02
5.872003665006560595e+02
5.872048331873000961e+02
5.872681001369307978e+02
5.882939380583668481e+02
5.889704410840546416e+02
5.893813095883476763e+02
5.908115493184875504e+02
5.909058497402500052e+02
5.923597229094247041e+02
5.932229934371046056e+02
5.945281992746918149e+02
5.948354339821451049e+02
5.948394673335176321e+02
5.948432006835486163e+02
5.948473007018860699e+02
5.957454713856583339e+02
5.959628390245107994e+02
5.967960094175665517e+02
5.967993760992908392e+02
5.968042761212064988e+02
5.968102761480417939e+02
5.970819106962718479e+02
6.002096246851023125e+02
6.002764583173518531e+02
6.002799583330057658e+02
6.014334634921053748e+02
6.022869339759541845e+02
6.025762019363837680e+02
6.060094839585465252e+02
6.065824198543595003e+02
6.076759247451053625e+02
6.084164947240020638e+02
6.084209280771636941e+02
6.084270614379286144e+02
6.097627340784466696e+02
6.106557380724440236e+02
6.106594047555100815e+02
6.110013729516435887e+02
6.110066729753482377e+02
6.131166824124528603e+02
6.138129188597325765e+02
6.138170522115524363e+02
6.138210188959602647e+02
6.141844871882540247e+02
6.162714965224896559e+02
6.162790632229987295e+02
6.184503396007888796e+02
6.188145412296959194e+02
6.188206079234960271e+02
6.203812482368579140e+02
6.204864820408537298e+02
6.226503250520645452e+02
6.226543584034372998e+02
6.237281298725913530e+02
6.237468632897106318e+02
6.247607011574758644e+02
6.249999688942773446e+02
6.251367695061237555e+02
6.251415361941096762e+02
6.251461695481658580e+02
6.251499362316791348e+02
6.251541362504640347e+02
6.275288135379731784e+02
6.275469469524089163e+02
6.286028183415041894e+02
6.289123197257619040e+02
6.289167197454412417e+02
6.296610230743686998e+02
6.310660960252823770e+02
6.314046975396915968e+02
6.320552671160576210e+02
6.328804374733330178e+02
6.333426728740332692e+02
6.340802095060297461e+02
6.341120096482571853e+02
6.341210096885102985e+02
6.352179479279453744e+02
6.364198866369993084e+02
6.367891882887163320e+02
6.383475952587560869e+02
6.389744647291223600e+02
6.393366663490842257e+02
6.407766061226078591e+02
6.407926061941687976e+02
6.422239792627108272e+02
6.430937831529447521e+02
6.431025165253383875e+02
6.437224192978792416e+02
6.458137619848295117e+02
6.458193620098758174e+02
6.465842654309381032e+02
6.469053335335951260e+02
6.475062028876748172e+02
6.477433372816014980e+02
6.477466039628786802e+02
6.477505706472865086e+02
6.492801774885164150e+02
6.492845775081956390e+02
6.492880441903672590e+02
6.522384573862125308e+02
6.522476574273600818e+02
6.532160950920709865e+02
6.532336285038231836e+02
6.568714447741072036e+02
6.568753781250327393e+02
6.568789781411338708e+02
6.568829448255416992e+02
6.568865781751254644e+02
6.568902781916738149e+02
6.569000115685400942e+02
6.575077476199980993e+02
6.579356162003247164e+02
6.580552834022079196e+02
6.580621500995862334e+02
6.600409589498907508e+02
6.602904267323124259e+02
6.614231651318651757e+02
6.628242047314062120e+02
6.637107753632967615e+02
6.645494791144340070e+02
6.645706125422874493e+02
6.651530151471073395e+02
6.674230586333042083e+02
6.685485636671720613e+02
6.689383320770940600e+02
6.689426654298084713e+02
6.689465654472516007e+02
6.703156715706354589e+02
6.705257058433556949e+02
6.718821119099380894e+02
6.724052475830173989e+02
6.730757172483873774e+02
6.736062196210812090e+02
6.739152210031027153e+02
6.752650603736485664e+02
6.769997347987184639e+02
6.772357025207605830e+02
6.776917045602485814e+02
6.779112055419757326e+02
6.795476461943577533e+02
6.798722476461512088e+02
6.803747832270956906e+02
6.804805503668103484e+02
6.821845913215373685e+02
6.836372644853449856e+02
6.840913665163352562e+02
6.843680344204104813e+02
6.860914421284228411e+02
6.861051755231793550e+02
6.863202764852273958e+02
6.869206458370708788e+02
6.878419499576416456e+02
6.878463499773209833e+02
6.882281516849449190e+02
6.894193570126600434e+02
6.896243579295352220e+02
6.901750270590923719e+02
6.901792270778770444e+02
6.909001636356291556e+02
6.909052303249567331e+02
6.909099636794602475e+02
6.918105677074490814e+02
6.930029063735664749e+02
6.934432750098001179e+02
6.943759125143933488e+02
6.946701138302209984e+02
6.963229878894352396e+02
6.975018264951731908e+02
6.982939633713715466e+02
6.988188990525013651e+02
6.995187021823999203e+02
7.005517734695207537e+02
7.006566072717275802e+02
7.010905092123718987e+02
7.011060759486615552e+02
7.014443774617291183e+02
7.014755776012730166e+02
7.014797109530928765e+02
7.030579846786541793e+02
7.032224520809080559e+02
7.050298601646156840e+02
7.057353633200077638e+02
7.057960969249746768e+02
7.058008969464430038e+02
7.070539358840447903e+02
7.080129068397488936e+02
7.080532070199931240e+02
7.092292789466902150e+02
7.092456790200401429e+02
7.101911499153645764e+02
7.109755200901593071e+02
7.110237869727016005e+02
7.115386226086587840e+02
7.115433226296797784e+02
7.115477226493591161e+02
7.136642654490177620e+02
7.136682321334255903e+02
7.137239657160297384e+02
7.137276323990956826e+02
7.137351990996047562e+02
7.137402657889324473e+02
7.137443658072700146e+02
7.154741735439066588e+02
7.156577410315866246e+02
7.165965118969448895e+02
7.170328805152882978e+02
7.177812838625532095e+02
7.188435219467903607e+02
7.190481895288412488e+02
7.198442930894474330e+02
7.210843653023885054e+02
7.222934373766801173e+02
7.224724048437861939e+02
7.243464465588488110e+02
7.267340572375363763e+02
7.272032593360622741e+02
7.281142967440481470e+02
7.298093709920046877e+02
7.303950402781014191e+02
7.304006736366301311e+02
7.331108524246839124e+02
7.332809198519842084e+02
7.337912888012971280e+02
7.340952901609557557e+02
7.352630953840128996e+02
7.366034013785871366e+02
7.374356717676175776e+02
7.390275455540056555e+02
7.390312455705541197e+02
7.395190810857520773e+02
7.408944205703481884e+02
7.428051957830361971e+02
7.442371355207793613e+02
7.449706054679207909e+02
7.455822748703042180e+02
7.455889082333054603e+02
7.459839433334497016e+02
7.464181119419533843e+02
7.476681175326552875e+02
7.493746918320460964e+02
7.498368605657816488e+02
7.510109991504983782e+02
7.511801999072558829e+02
7.511914666243133070e+02
7.518800697041192507e+02
7.524652056544972538e+02
7.540012125243516721e+02
7.556016863492038738e+02
7.563380229758331552e+02
7.569760258293274546e+02
7.574808280870764747e+02
7.583076317849902352e+02
7.597837717204206456e+02
7.597877050713460676e+02
7.597912717539649066e+02
7.612448115883153150e+02
7.615687797039427096e+02
7.624246168650432764e+02
7.637957563308547151e+02
7.637998230157097623e+02
7.658102986743122074e+02
7.663331343460497465e+02
7.676709069959599674e+02
7.677676074284565857e+02
7.688359788734588847e+02
7.693620812264733786e+02
7.709206215304428724e+02
7.718450256648786763e+02
7.723320945099809478e+02
7.724259949299544132e+02
7.726594626408151498e+02
7.734735996154098530e+02
7.740134353631808608e+02
7.752809743656349610e+02
7.760157443185906914e+02
7.772809833107578470e+02
7.772931833653229887e+02
7.774078505448434271e+02
7.782454876245433297e+02
7.792782589103223927e+02
7.815774691936355794e+02
7.816508028549568508e+02
7.826943408555571295e+02
7.826992742109550818e+02
7.829134418354954050e+02
7.829208752020747397e+02
7.844352153083568737e+02
7.858493882999708831e+02
7.859324553381583200e+02
7.862720568570401838e+02
7.877572634996884062e+02
7.881535986056469483e+02
7.892541368611832695e+02
7.900703405116878457e+02
7.905828761373580846e+02
7.917848815133769449e+02
7.922498169261531302e+02
7.926463853664886301e+02
7.967913039048085011e+02
7.967953372561811420e+02
7.975147404737418810e+02
7.984012777721500242e+02
7.984063111279951954e+02
7.984182111812186804e+02
7.996480833485395578e+02
7.996593500655970956e+02
8.016252588582057115e+02
8.016763924202359703e+02
8.023630954915439588e+02
8.041414701120647806e+02
8.051011410708995300e+02
8.053731756209186869e+02
8.056212100635963225e+02
8.062808130136978662e+02
8.065527142297872842e+02
8.065985144346306015e+02
8.075588187296314118e+02
8.075715521199152818e+02
8.094731606249381457e+02
8.103707313060268689e+02
8.108878669522708833e+02
8.147924844158342239e+02
8.153990871288900735e+02
8.154090871736157169e+02
8.160309232881367052e+02
8.166436260284751825e+02
8.180755657662183467e+02
8.199424074490783596e+02
8.205287767383059645e+02
8.207066775339746982e+02
8.210330123268538500e+02
8.237057242806689601e+02
8.241749263791947442e+02
8.241786263957432084e+02
8.274777078176881560e+02
8.281241440422343203e+02
8.282700446947811770e+02
8.295554837772939436e+02
8.301503531045383397e+02
8.301969866464421557e+02
8.313823919482164229e+02
8.321032951724860141e+02
8.321134285511412827e+02
8.335621683640234778e+02
8.347850071665540099e+02
8.358177117853681466e+02
8.358235118113090039e+02
8.359696124647502984e+02
8.365491483900821095e+02
8.381553889073926484e+02
8.381620222703940044e+02
8.386107242772322934e+02
8.391632600818049923e+02
8.420803397952314526e+02
8.437000137059568488e+02
8.442123826642148288e+02
8.444876172285462417e+02
8.457312227906237467e+02
8.457687562918271169e+02
8.474483304704589273e+02
8.514887818748785548e+02
8.539192260784743667e+02
8.542943277561321338e+02
8.552515987042327197e+02
8.552547987185449756e+02
8.552585320685758461e+02
8.552625320864660807e+02
8.568730059560438121e+02
8.568765726386626511e+02
8.568800393208341575e+02
8.568848060088200782e+02
8.580759113360879837e+02
8.605267889644064780e+02
8.605334556608901266e+02
8.609710242846007304e+02
8.617728945376653655e+02
8.619973288747904689e+02
8.632414344391041823e+02
8.643414726924041815e+02
8.643457393781537803e+02
8.648767750865663402e+02
8.650512758670282665e+02
8.660824138121688520e+02
8.672557523933074890e+02
8.672730858041652482e+02
8.685928583735694701e+02
8.686427252632678346e+02
8.686462919458866736e+02
8.686498252950231063e+02
8.691775276551937850e+02
8.692127611461102106e+02
8.692182611707092974e+02
8.692256278703239332e+02
8.692313278958175715e+02
8.692350945793308483e+02
8.692390279302562703e+02
8.692438946186894100e+02
8.692564946750436548e+02
8.696498297675844924e+02
8.696579298038122943e+02
8.697468968683876938e+02
8.697879637187276103e+02
8.698754974435591976e+02
8.698918975169092391e+02
8.699747978876845309e+02
8.699854646020584141e+02
8.699936646387335486e+02
8.702196656495324305e+02
8.702437324238387646e+02
8.702501991194279753e+02
8.702544324716951678e+02
8.702613658360382942e+02
8.702725325526484994e+02
8.704444999884466370e+02
8.704494000103621829e+02
8.704711001074167598e+02
8.704762001302268573e+02
8.705771005815082617e+02
8.707821681653482528e+02
8.708072349441271172e+02
8.708115016298767159e+02
8.708162349843801167e+02
8.708206350040594543e+02
8.708758685844271668e+02
8.708802686041065044e+02
8.708856352947758523e+02
8.708916353216113748e+02
8.709488022439593351e+02
8.709534689314980369e+02
8.711905033249774988e+02
8.713200372376566065e+02
8.713641374348965201e+02
8.732375458137930764e+02
8.775915986208080994e+02
8.778878332790632157e+02
8.778922666322249597e+02
8.778967999858339226e+02
8.807776128703887935e+02
8.807944462790102307e+02
8.817405171770182051e+02
8.817574839195693812e+02
8.823222197787072218e+02
8.830847898560001568e+02
8.855587342541523412e+02
8.855628342724897948e+02
8.861266701276024378e+02
8.877926442454073594e+02
8.894206181932548816e+02
8.905244564635506777e+02
8.905285898153706512e+02
8.905328231676377300e+02
8.919464961570155310e+02
8.921721971664726425e+02
8.941966395542084456e+02
8.944711407819265787e+02
8.948323757308980930e+02
8.956439126938641948e+02
8.965045832099153813e+02
8.984078250555767227e+02
8.999172651399434244e+02
8.999231984998139069e+02
9.012035708929992097e+02
9.012069375747234972e+02
9.018949406518457863e+02
9.045110190190313233e+02
9.045154857056754736e+02
9.045452858389577386e+02
9.067655957693858682e+02
9.067705291247839341e+02
9.079421010313544684e+02
9.087545379983457678e+02
9.118869853416796332e+02
9.118900853555445565e+02
9.118944520417414878e+02
9.118986853940085666e+02
9.147159979945560053e+02
9.152873005497302756e+02
9.166839734630743806e+02
9.184371479708868264e+02
9.196122532265936798e+02
9.196809535338586556e+02
9.206242910863082898e+02
9.206286577725051075e+02
9.228616010927700017e+02
9.269167525629363809e+02
9.286043601108310668e+02
9.296129646218564631e+02
9.317797743130025765e+02
9.318923081496482155e+02
9.330208798638986991e+02
9.332828810357096927e+02
9.341063180518992795e+02
9.341102847363071078e+02
9.360315933294393744e+02
9.366208959651197574e+02
9.366246626486331479e+02
9.366288293339355278e+02
9.379077683873766773e+02
9.387285720584552564e+02
9.400662447079181447e+02
9.415847181660203660e+02
9.415880848477445397e+02
9.432344922113697976e+02
9.436146272448728496e+02
9.447768991098485003e+02
9.460153046486686890e+02
9.460196380013831003e+02
9.460232713509667519e+02
9.478984464044314109e+02
9.479032797593822579e+02
9.490627849453172757e+02
9.490703516458262357e+02
9.490920850763632188e+02
9.499864224096573935e+02
9.501209230112168598e+02
9.501264230358159466e+02
9.501295897166456825e+02
9.518469640643403409e+02
9.518805308811359964e+02
9.518844308985790121e+02
9.518922976004297425e+02
9.532022367925203525e+02
9.543984754760808755e+02
9.547567104116347991e+02
9.547626771049876879e+02
9.588594954281774108e+02
9.588652287871534554e+02
9.602120014773167895e+02
9.617179748795118712e+02
9.617211082268593145e+02
9.623600444178612179e+02
9.636793503185115242e+02
9.636913503721822281e+02
9.656995926874625411e+02
9.657050927120616279e+02
9.677244684104698536e+02
9.677288017631842649e+02
9.690029741286394938e+02
9.710708500439669706e+02
9.714752185191883882e+02
9.720682878383821617e+02
9.744549318460797167e+02
9.771954774366167840e+02
9.784734164855854033e+02
9.784772498360636064e+02
9.794862543488781057e+02
9.799293563306699753e+02
9.802199242969139732e+02
9.817270977044762503e+02
9.827726690475039959e+02
9.827862357748484783e+02
9.832591712234052466e+02
9.832624712381646077e+02
9.839963411870950267e+02
9.857492490270479948e+02
9.878875252572437375e+02
9.885013946694666629e+02
9.888114627229256257e+02
9.888147627376851005e+02
9.888184294207511584e+02
9.903029693937510274e+02
9.915589416778057057e+02
9.918889764872335491e+02
9.927265468999685254e+02
9.940080859650385037e+02
9.957070602304378326e+02
9.957102269112675685e+02
9.957134935925447508e+02
9.967716983254092611e+02
9.970897664146485795e+02
9.973836677291343449e+02
9.976323021744956350e+02
9.985047060763581612e+02
1.000393314523237677e+03
1.001076517578891753e+03
1.001727820491871057e+03
1.001731987177173323e+03
1.002450990392945073e+03
1.002454323741186840e+03
1.003590295488534252e+03
1.004009430696467120e+03
1.005737238424158818e+03
1.007334878903005460e+03
1.008758985272380187e+03
1.008799652120931000e+03
1.008889252521672461e+03
1.008892352535537498e+03
1.010677993855225509e+03
1.010724460729717180e+03
1.010727760744476655e+03
1.010732094097191180e+03
1.011829465671897651e+03
1.012349301330217486e+03
1.015568949063558762e+03
1.016270952203296815e+03
1.016335219157400161e+03
1.016342519190049757e+03
1.016776954466412917e+03
1.019843068179733564e+03
1.021866177228172660e+03
1.022285579103964892e+03
1.022291079128563979e+03
1.022295279147348765e+03
1.023403617437771004e+03
1.023411050804350452e+03
1.023415084155722980e+03
1.024813823744977071e+03
1.025936295431944927e+03
1.025940762118588964e+03
1.025945228805233000e+03
1.025950162160631180e+03
1.026309297100210415e+03
1.026429964306566035e+03
1.026434230992315634e+03
1.026437731007969660e+03
1.029676112158430215e+03
1.031922822206934143e+03
1.031927922229744127e+03
1.031934088923991567e+03
1.031955122351397677e+03
1.033643263235011091e+03
1.035381371008770202e+03
1.035455471340186932e+03
1.035459704692454125e+03
1.037488247098527609e+03
1.038735486010188424e+03
1.039423255752933756e+03
1.039948791436747342e+03
1.039953191456426566e+03
1.039957791477000455e+03
1.040103458795170127e+03
1.041138530091235907e+03
1.041144296783694472e+03
1.041751599499881195e+03
1.042222001603773833e+03
1.042546303054225518e+03
1.042551003075246626e+03
1.042554869759207122e+03
1.043189839265801311e+03
1.044877746815037654e+03
1.045004080713404619e+03
1.046340186689194070e+03
1.046352720078583388e+03
1.048743864106407727e+03
1.048747430789026339e+03
1.049442467230938973e+03
1.050372071388632094e+03
1.050845340172013039e+03
1.052142812641679029e+03
1.052655181599937350e+03
1.052658648282108743e+03
1.052662314965174801e+03
1.052666014981723265e+03
1.052670014999613386e+03
1.052673981684021328e+03
1.052721081894678946e+03
1.053602819171618648e+03
1.053849586941964390e+03
1.053854653631292194e+03
1.053898420493708045e+03
1.053901820508914625e+03
1.053906353862523702e+03
1.053960020769217863e+03
1.053965354126404691e+03
1.054063887900434565e+03
1.054068921256279737e+03
1.054073321275958961e+03
1.054078587966181203e+03
1.054146888271657190e+03
1.054270122156159005e+03
1.054293322259922661e+03
1.054332789103106279e+03
1.054336389119207524e+03
1.054430289539180876e+03
1.054436156232086887e+03
1.054440789586142955e+03
1.054445822941988126e+03
1.054668057269273731e+03
1.054675123967546369e+03
1.054682123998854422e+03
1.054815691262906284e+03
1.054819324612489709e+03
1.054863624810624287e+03
1.054887358250106445e+03
1.055019292173519716e+03
1.055126492652978186e+03
1.055130259336491690e+03
1.055140326048182033e+03
1.055159392800125488e+03
1.055174059532389720e+03
1.055193459619157466e+03
1.055211626367075496e+03
1.055217093058192404e+03
1.057144968347361100e+03
1.061352420498698393e+03
1.065155204173472612e+03
1.065160337529765229e+03
1.065733573426919975e+03
1.067843682864471702e+03
1.068435952180087497e+03
1.069550890500028800e+03
1.070893463171407348e+03
1.072073168447687976e+03
1.072536837188132495e+03
1.072555703939181285e+03
1.072558970620458240e+03
1.072562937304865955e+03
1.072595670784601452e+03
1.072599837469903605e+03
1.072657871062794811e+03
1.072817238442238477e+03
1.072821738462364920e+03
1.072870205345801878e+03
1.073044106123580150e+03
1.073051472823194899e+03
1.073060472863447785e+03
1.073066539557248007e+03
1.073072106248811906e+03
1.076558421841502877e+03
1.077239324886870008e+03
1.080519006222047437e+03
1.080913741320849795e+03
1.081788811901305962e+03
1.083286218598519326e+03
1.085683695988003137e+03
1.085863796793511483e+03
1.087855739035888973e+03
1.089083044525063542e+03
1.091252720895697848e+03
1.093649131613743748e+03
1.095272772208877086e+03
1.095276872227214653e+03
1.096870146019864251e+03
1.098033184554935815e+03
1.101013931219782080e+03
1.101425233059346510e+03
1.105418417585696488e+03
1.110827375110816547e+03
1.112018447104601819e+03
1.112226081366588232e+03
1.114063222916613313e+03
1.117660839007100094e+03
1.118961378157148829e+03
1.119124412219658780e+03
1.119137078942977723e+03
1.119696448111446443e+03
1.121026220725575968e+03
1.121582189878837880e+03
1.125262339671793598e+03
1.126389444712817522e+03
1.126637312488083353e+03
1.130068594501300822e+03
1.131590001305855822e+03
1.134146346072547203e+03
1.134156146116378068e+03
1.135625586021842309e+03
1.135974754250178421e+03
1.137182926320444722e+03
1.138004463328136353e+03
1.139686404184019921e+03
1.144545959251914610e+03
1.144587859439315025e+03
1.145213462237349404e+03
1.145444063268722175e+03
1.146538334829563610e+03
1.148029274831187877e+03
1.148827378400739235e+03
1.148838511783867034e+03
1.149988916929101833e+03
1.151531190493650683e+03
1.151568490660477210e+03
1.151578990707439289e+03
1.153318665154871951e+03
1.153329831871482156e+03
1.155236440398867899e+03
1.155240440416758020e+03
1.156595913145832583e+03
1.156599779829793306e+03
1.157639417812950569e+03
1.157645017837997102e+03
1.161919203621136603e+03
1.161927170323434666e+03
1.163567344325847671e+03
1.164115646778152950e+03
1.164873450167460078e+03
1.164879983530013988e+03
1.165555753219088729e+03
1.166958192824891285e+03
1.166967559533451094e+03
1.167824030030717495e+03
1.167833363405794671e+03
1.169360203567983717e+03
1.169379836989128307e+03
1.169385603681587099e+03
1.170468808526265320e+03
1.170912610511188177e+03
1.172269449913042081e+03
1.173185620677320458e+03
1.173190187364411713e+03
1.174156358352318193e+03
1.175388830531267786e+03
1.176343134799433301e+03
1.176415868458070690e+03
1.176660769553401224e+03
1.176975770962257911e+03
1.177731874343961636e+03
1.177738507706962992e+03
1.178943179761575266e+03
1.180445119812397934e+03
1.182685363165312310e+03
1.183331532721999110e+03
1.184423370938624203e+03
1.186708181157532636e+03
1.187938419993160096e+03
1.190374664222696538e+03
1.190923933345992282e+03
1.191270068227428283e+03
1.193253310430894317e+03
1.195465620325542204e+03
1.196060889654575476e+03
1.196176390171156299e+03
1.196209656986610071e+03
1.200946511505721674e+03
1.202275317448861188e+03
1.202282950816335187e+03
1.202883320168178443e+03
1.203497856250050063e+03
1.203502822938930422e+03
1.205309597686472216e+03
1.206694837215346524e+03
1.206741237422873610e+03
1.206750937466257255e+03
1.206755070818077229e+03
1.206758970835520358e+03
1.206762804185998220e+03
1.206766270868170068e+03
1.210472987446613388e+03
1.210486820841817007e+03
1.210491920864627218e+03
1.212857564778400956e+03
1.214001736562423503e+03
1.216700481966007374e+03
1.217905254021066867e+03
1.218969525447731712e+03
1.221031468003188593e+03
1.221790071396073699e+03
1.221812204828399672e+03
1.221815704844053698e+03
1.221819638194979007e+03
1.221823038210185814e+03
1.221827171562005560e+03
1.221831704915614409e+03
1.225058619348123102e+03
1.226292924868605724e+03
1.226297424888732394e+03
1.227735231319381001e+03
1.230305709482617885e+03
1.230704611266722623e+03
1.231186046753296296e+03
1.232174217839598896e+03
1.232512652686596084e+03
1.232516652704486432e+03
1.235924167944739338e+03
1.237288940715408899e+03
1.238030977367531932e+03
1.240703689321346928e+03
1.243413601441541232e+03
1.243417534792466540e+03
1.246502648590765830e+03
1.248570824507434963e+03
1.248580957886090346e+03
1.251222903035632726e+03
1.253285512260737960e+03
1.253940681857677873e+03
1.255269721135194231e+03
1.255413855113172986e+03
1.258118333875732787e+03
1.259091871563253790e+03
1.259096471583827906e+03
1.260879212890545432e+03
1.261064980388064896e+03
1.262278619149447877e+03
1.266248903573376310e+03
1.266268836995862557e+03
1.268635480914108712e+03
1.268960882369480260e+03
1.270334555179955714e+03
1.271081325186582035e+03
1.271839928579467141e+03
1.272319497391025152e+03
1.272449431305493363e+03
1.273754003806914625e+03
1.273966671424745982e+03
1.274300639585099134e+03
1.274909775642818886e+03
1.275055709628847808e+03
1.275067609682071179e+03
1.277658987938784549e+03
1.278352191039164154e+03
1.280595901074250378e+03
1.280600734429201111e+03
1.286004225263204489e+03
1.288164268257419508e+03
1.289336106831849520e+03
1.290766613229848417e+03
1.290802046721659735e+03
1.291001380946523568e+03
1.291909651675468695e+03
1.295080299189654397e+03
1.296221737628118490e+03
1.297906745164384574e+03
1.298084212624781685e+03
1.299474985511737941e+03
1.299939054253971108e+03
1.301435627614124087e+03
1.302838233887338902e+03
1.302846900592767724e+03
1.304202906657561016e+03
1.305622813008151070e+03
1.308092690721447980e+03
1.308313025040235743e+03
1.310367167560806593e+03
1.310377600940803859e+03
1.310460667978991069e+03
1.314082884179503253e+03
1.314631886634939519e+03
1.314635386650593318e+03
1.314639720003307730e+03
1.317731267163713937e+03
1.320663846946465355e+03
1.321196315994621727e+03
1.323543593159582770e+03
1.324005595225906063e+03
1.325106833484573144e+03
1.327167842702522421e+03
1.327731145221916449e+03
1.330386423764426354e+03
1.334614609341828100e+03
1.339916099719630211e+03
1.343935651030573354e+03
1.347204698984859078e+03
1.351952853554510511e+03
1.352493689306754277e+03
1.358356848863311598e+03
1.359052018639153857e+03
1.359059218671356348e+03
1.360526091898674167e+03
1.362883769110150070e+03
1.363642539170447208e+03
1.365251679700728118e+03
1.365255813052548092e+03
1.365259246401237306e+03
1.365263413086539458e+03
1.365267746439253870e+03
1.365272279792862719e+03
1.370139634895643667e+03
1.370155201631933096e+03
1.371132239335108125e+03
1.377255266720601867e+03
1.377264466761749418e+03
1.377270000119830911e+03
1.377694568685398053e+03
1.378502272297886066e+03
1.380059512596041031e+03
1.385197968911333191e+03
1.386343540701617258e+03
1.390434825666725374e+03
1.393553006279583997e+03
1.394105442083709249e+03
1.396108151040908069e+03
1.397951659286075255e+03
1.403206382788043811e+03
1.406114062459428396e+03
1.408994308674782133e+03
1.417737047777045063e+03
1.419949557672587162e+03
1.419975991124145366e+03
1.425708350095691685e+03
1.429302432837042261e+03
1.431389808839584703e+03
1.445784339886387897e+03
1.447625914789574608e+03
1.448649252699829049e+03
1.449076787945331716e+03
1.454212544248547829e+03
1.458621163966282211e+03
1.458628063997142817e+03
1.458631764013691509e+03
1.459277166900282509e+03
1.459639535187656293e+03
1.459904736373779770e+03
1.460635406308397933e+03
1.460638706323157294e+03
1.460644639683027663e+03
1.460648306366093948e+03
1.460651706381300528e+03
1.460655673065708470e+03
1.460660006418422881e+03
1.460664906440338427e+03
1.460670239797525483e+03
1.460675406487300279e+03
1.460681839849406970e+03
1.461292875915624563e+03
1.461521810272876110e+03
1.461527010296133540e+03
1.468128173153441367e+03
1.471829989709969368e+03
1.471844889776610444e+03
1.473277129515695378e+03
1.478622886758149434e+03
1.480852063394901052e+03
1.485456083986573958e+03
1.487617293652673652e+03
1.492324114704126032e+03
1.493344819269269465e+03
1.493353919309969797e+03
1.493357619326518261e+03
1.494554724680621348e+03
1.498305108121033300e+03
1.498697276541689689e+03
1.499530046932956338e+03
1.503969666789340181e+03
1.505078305081104418e+03
1.506370944195819447e+03
1.507216581311299933e+03
1.507289181636007925e+03
1.507292814985591349e+03
1.507298448344120288e+03
1.507302781696834700e+03
1.507309081725011765e+03
1.507312748408078050e+03
1.507319448438043992e+03
1.507355315265126592e+03
1.507360048619630106e+03
1.507366115313430100e+03
1.507373948681798538e+03
1.507379215372020781e+03
1.507439482308233892e+03
1.507461382406183020e+03
1.507477749146050655e+03
1.507576016252220825e+03
1.507596183009084143e+03
1.507635049849584675e+03
1.507639316535334046e+03
1.507643483220636426e+03
1.507648149908175128e+03
1.507750950367954374e+03
1.507784783852609280e+03
1.507791783883917333e+03
1.507796783906279870e+03
1.507803050600974757e+03
1.507831484061478022e+03
1.507885917638267756e+03
1.507916351107716082e+03
1.507934417855187121e+03
1.507990518106097625e+03
1.507996518132933033e+03
1.508009684858488299e+03
1.508054585059306419e+03
1.508063585099559532e+03
1.508102485273542015e+03
1.508152018828416431e+03
1.508183752303678830e+03
1.508205319066803895e+03
1.508212519099006386e+03
1.508246585918038136e+03
1.508250985937717587e+03
1.508335486315648950e+03
1.508341186341142475e+03
1.508347053034048258e+03
1.508384486534804410e+03
1.508396086586686124e+03
1.508402019946556720e+03
1.508452653506350771e+03
1.508516920460454003e+03
1.508523420489525734e+03
1.508528553845818124e+03
1.508533420534251263e+03
1.513133707775893072e+03
1.515955620397014400e+03
1.515967520450237771e+03
1.519006100707080577e+03
1.519872104580318819e+03
1.523478854044988566e+03
1.524124690266851303e+03
1.529828682444859396e+03
1.531884024970797100e+03
1.533318164718380103e+03
1.533971900975575863e+03
1.537823618202540729e+03
1.537932452022637790e+03
1.540899831961034124e+03
1.544319347254958075e+03
1.548264898234931479e+03
1.548379765415346583e+03
1.554823960903944680e+03
1.559868683466675293e+03
1.563477199605913256e+03
1.565496041968602640e+03
1.567211949643070739e+03
1.576402690749041312e+03
1.581201512211969202e+03
1.581755681357180265e+03
1.585591398512584192e+03
1.588559645121523317e+03
1.589126247655676934e+03
1.594182236935464971e+03
1.595157507964071783e+03
1.596313113132563785e+03
1.598913924764801550e+03
1.600777633100314233e+03
1.604236815238316467e+03
1.606417524991631126e+03
1.606428058372075384e+03
1.608110632564124899e+03
1.608510367685290248e+03
1.609673039552054888e+03
1.610531976727020492e+03
1.616782338015353616e+03
1.616819904850039620e+03
1.618758280186170168e+03
1.619398149714679676e+03
1.621873494119093721e+03
1.622422496574529760e+03
1.625888945411699297e+03
1.627517652696159985e+03
1.627537319450786981e+03
1.629445927987117784e+03
1.630240464874050303e+03
1.634481950510937168e+03
1.634495583905246576e+03
1.636405225779532202e+03
1.636534826359176122e+03
1.636870694528027116e+03
1.639229938413176569e+03
1.640780978683601688e+03
1.641733316276304322e+03
1.642298585471161005e+03
1.644158593790125224e+03
1.644370694738755446e+03
1.644526495435580500e+03
1.644530695454365286e+03
1.644807230024511227e+03
1.650878190510466538e+03
1.652050562420615279e+03
1.652850432664734853e+03
1.655698212068213024e+03
1.656030846889269242e+03
1.656041680271055156e+03
1.656578382671478948e+03
1.657342886090752245e+03
1.660467766733577037e+03
1.662505109179008969e+03
1.662610209649075159e+03
1.665026120454336251e+03
1.671229848200765673e+03
1.671304115199594662e+03
1.676415838061986960e+03
1.679758019676699178e+03
1.682431331633197942e+03
1.683644803727168664e+03
1.685889180431903242e+03
1.685897880470814471e+03
1.686914451684137930e+03
1.688796460101498724e+03
1.688808126820345251e+03
1.693227713253795400e+03
1.693238046633345220e+03
1.694794220260062957e+03
1.697106097266695315e+03
1.698252502394039539e+03
1.699402540870967641e+03
1.700574512779327506e+03
1.702349220716782156e+03
1.706719373595805337e+03
1.708380714359553849e+03
1.708385781048881654e+03
1.710604590972601045e+03
1.712916867981022506e+03
1.716010581817785805e+03
1.719419597064747677e+03
1.727008897674875925e+03
1.727011997688740621e+03
1.727015664371806906e+03
1.727020564393722225e+03
1.727192298495143632e+03
1.728614538189503037e+03
1.730531080094649269e+03
1.730535046779057211e+03
1.731919486304353768e+03
1.736874375131965962e+03
1.736883441839183661e+03
1.739666454286322278e+03
1.742553767199948879e+03
1.747068854060528793e+03
1.750149301171289380e+03
1.755438624828008642e+03
1.757065632104865927e+03
1.762269688713558253e+03
1.762281122098027936e+03
1.763903896022618028e+03
1.768123214893696513e+03
1.770982727682986024e+03
1.772896136240784926e+03
1.772912636314582414e+03
1.777782691429439183e+03
1.782359278565081240e+03
1.783783684935797737e+03
1.789817278587962164e+03
1.789826878630898818e+03
1.798643351396271783e+03
1.802852536888695113e+03
1.803761640954700624e+03
1.803824507902542337e+03
1.810624271648100830e+03
1.816457431070481334e+03
1.816461631089266120e+03
1.816471497800062025e+03
1.816475597818399592e+03
1.817799237071764082e+03
1.821934822235007005e+03
1.833597307729289923e+03
1.838105794560350660e+03
1.838118061281880728e+03
1.838128127993571297e+03
1.842221679635483952e+03
1.845501860972897703e+03
1.850112448260606925e+03
1.853359829451320365e+03
1.865474283633718869e+03
1.868036961762069495e+03
1.869012632792465411e+03
1.870935774727130820e+03
1.876556499866056811e+03
1.878625209118444673e+03
1.879161011514843040e+03
1.882147124870358766e+03
1.882152258226651384e+03
1.882157391582943774e+03
1.885356772558974399e+03
1.886840112526607300e+03
1.886848112562387769e+03
1.887774550039251153e+03
1.888422152935681879e+03
1.888742587702173068e+03
1.899110167404936192e+03
1.899115134093816550e+03
1.899118800776882608e+03
1.902167847747204860e+03
1.911495289464574626e+03
1.914218168309429529e+03
1.916715712813134132e+03
1.917683617142126195e+03
1.920543763267581653e+03
1.924197012940225704e+03
1.926501489913761134e+03
1.926860058184139234e+03
1.936536834797256915e+03
1.936541301483900952e+03
1.938106508484354208e+03
1.945474108102915579e+03
1.948471954844242646e+03
1.954649949142244850e+03
1.957498995218054688e+03
1.957514795288721189e+03
1.968415010707052943e+03
1.968418810724048853e+03
1.969868783875780309e+03
1.969879983925872921e+03
1.972019326827506347e+03
1.984055247325326036e+03
1.985727621471755356e+03
1.988700901436539880e+03
1.988739901610969810e+03
1.993672457005361593e+03
1.997316339969445607e+03
1.997326540015066030e+03
2.003894502723884671e+03
2.008313955823404967e+03
2.016243157953756736e+03
2.016375958547712798e+03
2.018712468997852739e+03
2.032879999029384408e+03
2.032995099544176128e+03
2.033539168644214669e+03
2.035473143960665993e+03
2.036098480090841122e+03
2.038107522409699641e+03
2.042108573637900236e+03
2.042795110041796079e+03
2.044133916029661123e+03
2.045850290372883364e+03
2.047478264320730887e+03
2.056989040191403092e+03
2.060748857007340121e+03
2.060761057061905376e+03
2.064424840114993458e+03
2.072947911568116979e+03
2.076878129146177798e+03
2.082911256129588310e+03
2.085118332667496361e+03
2.087262808925422178e+03
2.087267208945101174e+03
2.087275508982223528e+03
2.087279042331359960e+03
2.087282709014426018e+03
2.087287009033657796e+03
2.089290351327023018e+03
2.094254106860958018e+03
2.094666208704100882e+03
2.095918947640360784e+03
2.096703117814261077e+03
2.096713884529082407e+03
2.097252786939346151e+03
2.099339329604827526e+03
2.103396414416974494e+03
2.104426852358983979e+03
2.104689220199101783e+03
2.106797629629050334e+03
2.107272931754858746e+03
2.107536766268202882e+03
2.112347421117389331e+03
2.112940423769618064e+03
2.118401381527311514e+03
2.118417681600214564e+03
2.119090817944177616e+03
2.119106984683151040e+03
2.120113755852642953e+03
2.125141811674164728e+03
2.125734380991122180e+03
2.126696885295962602e+03
2.126705185333084955e+03
2.126708752015703794e+03
2.126712085363945334e+03
2.126715352045222517e+03
2.126719918732313999e+03
2.126723418747968026e+03
2.128891295110551255e+03
2.128895128461029344e+03
2.128898528476236152e+03
2.128902895162432742e+03
2.135290757065743492e+03
2.136913830991675695e+03
2.142629389888083097e+03
2.143930962376086427e+03
2.148371115568188998e+03
2.152511500752899792e+03
2.161713675243339821e+03
2.164748188815327921e+03
2.164753588839479562e+03
2.167670501885493650e+03
2.167674835238208289e+03
2.167679001923510441e+03
2.167682935274436204e+03
2.167687701962422125e+03
2.167691835314241871e+03
2.177893447608042607e+03
2.182038032811537960e+03
2.183376838799403231e+03
2.183388038849496297e+03
2.183391538865149869e+03
2.189774834081369136e+03
2.189785000793506697e+03
2.196303729948792807e+03
2.196919632703443767e+03
2.199046342215239747e+03
2.203849730365258893e+03
2.204970335377211541e+03
2.211459031064838655e+03
2.214991613531126859e+03
2.215009246943326161e+03
2.218290228284317891e+03
2.228129438957262209e+03
2.228521540710953559e+03
2.229285010792271351e+03
2.230686550394048936e+03
2.235482171842664229e+03
2.235485971859659912e+03
2.235489338541384768e+03
2.235492938557486013e+03
2.239119054775440873e+03
2.240036358878121519e+03
2.243521374464997734e+03
2.251584477194225656e+03
2.256251864735976596e+03
2.257839205168756052e+03
2.265828507567908218e+03
2.268300451957115456e+03
2.272682704890256446e+03
2.274582846722053091e+03
2.274594413440452172e+03
2.285786596831289899e+03
2.288048973616530475e+03
2.289953982136759805e+03
2.293553298234849990e+03
2.294866637442147749e+03
2.300965331385475565e+03
2.302092403093016856e+03
2.302905706730551628e+03
2.303488942672431676e+03
2.303495776036327698e+03
2.303504809410062990e+03
2.303512276110124731e+03
2.303515609458366725e+03
2.306383622285673027e+03
2.308123730068376972e+03
2.309281735247603137e+03
2.310694574899920099e+03
2.314457058394450542e+03
2.315909431556915933e+03
2.316785335474432941e+03
2.316796135522736222e+03
2.318032807720470828e+03
2.318043841103151408e+03
2.319607514763413292e+03
2.321278655570993124e+03
2.324623170529474919e+03
2.326603046051217007e+03
2.326606979402142315e+03
2.326611212754409280e+03
2.328447554300856154e+03
2.339460870225034796e+03
2.340926210112161698e+03
2.344927161339915074e+03
2.351057755425918003e+03
2.352106160114950853e+03
2.352120793513733133e+03
2.357401083796717103e+03
2.360466864175213232e+03
2.361117400418097077e+03
2.370788543672686046e+03
2.373297021558623783e+03
2.377551073918382826e+03
2.378552745065064755e+03
2.381753659381286980e+03
2.384457404807233615e+03
2.387240217253477567e+03
2.395588854593103861e+03
2.396098656873215987e+03
2.405514598986407236e+03
2.407653908554557802e+03
2.407664341934555068e+03
2.411240891264153561e+03
2.411253791321849803e+03
2.411258958011624145e+03
2.425660955758489308e+03
2.434398828172319099e+03
2.434403894861646677e+03
2.434408894884009442e+03
2.443978571018115872e+03
2.445646478477901383e+03
2.453475913495373788e+03
2.460553478483409435e+03
2.464490729426261169e+03
2.470702657209365498e+03
2.471225292880208599e+03
2.483352280451996648e+03
2.487091997178034035e+03
2.487115963951893264e+03
2.487119797302371808e+03
2.492479187939135045e+03
2.499409285600950625e+03
2.504328074267103602e+03
2.505502979521915677e+03
2.524820232585797385e+03
2.529683321002828052e+03
2.532375899712164937e+03
2.532391899783725876e+03
2.537608456448325342e+03
2.539875633255033790e+03
2.544114118878503177e+03
2.547052332019783080e+03
2.551158617051979945e+03
2.551343751213333690e+03
2.553998596420571630e+03
2.559157219492727563e+03
2.563675006365382615e+03
2.568147626369361205e+03
2.572399545386245336e+03
2.572408945428287552e+03
2.579373109909135110e+03
2.580352814290903098e+03
2.580961083678079831e+03
2.581701086987775398e+03
2.582009488367113590e+03
2.591693865014222411e+03
2.592768303153025045e+03
2.596220051924447944e+03
2.602194911980590405e+03
2.603386350642682373e+03
2.603390583994949338e+03
2.604406921873896408e+03
2.610337215064044813e+03
2.614942735662426912e+03
2.617822381875096653e+03
2.617845081976623987e+03
2.617848548658796062e+03
2.618054249578801773e+03
2.618058349597139113e+03
2.626099285560558201e+03
2.627020489680682203e+03
2.639433211863763063e+03
2.640009414440852652e+03
2.640019947821297137e+03
2.648276318081588670e+03
2.649939458853387805e+03
2.661142242291634375e+03
2.661146842312208264e+03
2.667298036490346021e+03
2.676691678503798812e+03
2.679343623698066949e+03
2.682157202948583745e+03
2.682831072629160190e+03
2.682841606009604220e+03
2.686211521081689170e+03
2.686456122175677592e+03
2.689007733587865914e+03
2.696993969306635790e+03
2.700520018410370085e+03
