4.583417855128089258e+01
4.583724523166340958e+01
6.291562161540947784e+01
1.090823280979172409e+02
1.090853281113349169e+02
1.090940948172110581e+02
1.889816521176214508e+02
2.538402422003531456e+02
2.538444755526203096e+02
2.632108507774549366e+02
2.729823611476066958e+02
2.947492251674746058e+02
2.950824266577321282e+02
2.950849266689135106e+02
3.080922848448619220e+02
3.176392608774411883e+02
3.176419608895171223e+02
3.176476609150107038e+02
3.176521609351372604e+02
3.176550276146252259e+02
3.311793547694055633e+02
3.311815881127275816e+02
3.590744128645420687e+02
3.648677387754322581e+02
3.648704054540257857e+02
3.648746388062929782e+02
3.933176326854283502e+02
3.933206660323284609e+02
4.104678427237867027e+02
4.104746427542002039e+02
4.104788094395025269e+02
4.104833427931114329e+02
4.433214896630840940e+02
4.439918926614892598e+02
4.505130551609921099e+02
4.655601557931065031e+02
4.677993658080660566e+02
4.678021324871068600e+02
4.994413073279606579e+02
5.041146282295820811e+02
5.052938001701440953e+02
5.238035162889498224e+02
5.238079496421115664e+02
5.321211534899267690e+02
5.321236201676257451e+02
5.564645623668317285e+02
5.650050005642955284e+02
6.026609356486922024e+02
6.286034850111525429e+02
6.340858095310760518e+02
6.459653626628697793e+02
6.474407692616869099e+02
6.474433692733156249e+02
6.497227461345896700e+02
6.498799468376763571e+02
6.503580489760080354e+02
6.555828723442469936e+02
6.673083581203012500e+02
6.673115581346135059e+02
6.673152581511620838e+02
6.673179581632380177e+02
6.791806778864101943e+02
6.791835112324157535e+02
6.951141158160381792e+02
6.951176824986570182e+02
7.020640468998929009e+02
7.026691829397223046e+02
7.026754163009346712e+02
7.026789496500709902e+02
7.026948163877021898e+02
7.394860476046750364e+02
7.434708654269379622e+02
7.434741654416973233e+02
7.603659409908634643e+02
7.603685410024921794e+02
7.730308976354068591e+02
7.758431102131440866e+02
8.095804611048439483e+02
8.095853944602420142e+02
8.181543327851737786e+02
8.211121460141159787e+02
8.211155460293226724e+02
8.254251653042734915e+02
8.336110352492493121e+02
8.336140019291846102e+02
8.446896181320037158e+02
8.446924848114915676e+02
8.622768967918361795e+02
8.622798634717714776e+02
8.820461185438330176e+02
8.846613969074405759e+02
9.255251130054373334e+02
9.291519625600056997e+02
9.356577583241135017e+02
9.836533063195240629e+02
9.970959664423785398e+02
9.982579049725300138e+02
1.004620200094825236e+03
1.004623233441725461e+03
1.004626733457379260e+03
1.004629500136420120e+03
1.004846401106518670e+03
1.004849701121278144e+03
1.005999439596864363e+03
1.008909219277641228e+03
1.008913619297320565e+03
1.019990468838989159e+03
1.020377637237282556e+03
1.020380637250700261e+03
1.038071983042643978e+03
1.038574185288764284e+03
1.041092829886840036e+03
1.041095463231951044e+03
1.043489807274087298e+03
1.043492873954469815e+03
1.043498940648270036e+03
1.043501807327758115e+03
1.043504174005009645e+03
1.045111414526792942e+03
1.053994920925310225e+03
1.054362789237283096e+03
1.056303297916288557e+03
1.056307564602038155e+03
1.056310831283315338e+03
1.056313197960566868e+03
1.056316464641843822e+03
1.056354764813143220e+03
1.056382031601761355e+03
1.056788500086375507e+03
1.057145468349597422e+03
1.057148501696497533e+03
1.057455003067337657e+03
1.057457869746825736e+03
1.057743637691601407e+03
1.057748304379139654e+03
1.057752437730959628e+03
1.071599632996447781e+03
1.073884243214461549e+03
1.076045486214043649e+03
1.079512535053896727e+03
1.079515368399902400e+03
1.079520068420923280e+03
1.079523835104436785e+03
1.081284309644898713e+03
1.084511424078301843e+03
1.086593866725446105e+03
1.086601733427296949e+03
1.089309212203274456e+03
1.089312278883656973e+03
1.099115622729518691e+03
1.099119456079996780e+03
1.105290950348927481e+03
1.123025396333638582e+03
1.131382767045658738e+03
1.131498934231887915e+03
1.131501867578340580e+03
1.131511300953865202e+03
1.131590301307197478e+03
1.131618334765911868e+03
1.131766535428745328e+03
1.137466527588863300e+03
1.141292511367400721e+03
1.144730293409690148e+03
1.145774698080833332e+03
1.146522634759344328e+03
1.146528368118320486e+03
1.146533934809884386e+03
1.146729635685164567e+03
1.146732069029381137e+03
1.146736469049060588e+03
1.146744502418323464e+03
1.146968236752317807e+03
1.147353071806841854e+03
1.147355471817576017e+03
1.148028308160197639e+03
1.148053808274248013e+03
1.148056341618911802e+03
1.148061641642616451e+03
1.148226175711835140e+03
1.149755815886547452e+03
1.149760882575875257e+03
1.149763815922328149e+03
1.149791949381489530e+03
1.149968583504826256e+03
1.150070650627992336e+03
1.150074117310163956e+03
1.150084017354442267e+03
1.150090550716996404e+03
1.150106084119803654e+03
1.150109384134562788e+03
1.150139450935704645e+03
1.150173617755183841e+03
1.150183351132050120e+03
1.150186317811985418e+03
1.150222317972997416e+03
1.150244718073182867e+03
1.150970387985438265e+03
1.150972887996619875e+03
1.151375423130308036e+03
1.151378589811137999e+03
1.151383523166535724e+03
1.151425456687418546e+03
1.151427990032082334e+03
1.151449023459488672e+03
1.154058735131532330e+03
1.154075868541495538e+03
1.154078535220088952e+03
1.154460003592888597e+03
1.154462403603622988e+03
1.156141844448324946e+03
1.156184311304926496e+03
1.156340578670505238e+03
1.156343212015616245e+03
1.156377612169472513e+03
1.158285754037049401e+03
1.158288620716537480e+03
1.158906490146650867e+03
1.159947094800798141e+03
1.159959828191082124e+03
1.159963961542902098e+03
1.161628835655787270e+03
1.164448748267963310e+03
1.164451748281380787e+03
1.164455614965341510e+03
1.167968264009143013e+03
1.169342370154889750e+03
1.169349903521916531e+03
1.169530604330108417e+03
1.169538271031064824e+03
1.169543404387357214e+03
1.169555704442369688e+03
1.169960206251520731e+03
1.170098740204452952e+03
1.171597580241410469e+03
1.174762294395725576e+03
1.174765461076555312e+03
1.176161700654628021e+03
1.177345439282281404e+03
1.177351305975187188e+03
1.177362972694033715e+03
1.177366706044064586e+03
1.180588620454210286e+03
1.180600420506986438e+03
1.182434395376182010e+03
1.184564071567913516e+03
1.184567571583567315e+03
1.184597338383367514e+03
1.184718172257135393e+03
1.184720838935728807e+03
1.184759305774439781e+03
1.186338079502237633e+03
1.186341946186198129e+03
1.186502346903596845e+03
1.186772548112083086e+03
1.186792481534569561e+03
1.186795814882811328e+03
1.187038682635713940e+03
1.187041515981719613e+03
1.187044149326830620e+03
1.187047116006765918e+03
1.187050549355455132e+03
1.187357517395049172e+03
1.187366084100030776e+03
1.187369950783991271e+03
1.187586918421054634e+03
1.187591218440286639e+03
1.188544189369155220e+03
1.188694856709687883e+03
1.188762857013822213e+03
1.190235296932703932e+03
1.190241130292127082e+03
1.190246130314490074e+03
1.190257530365477123e+03
1.190359630822125837e+03
1.190362230833754438e+03
1.192160205541937557e+03
1.192164472227687156e+03
1.192232705866198330e+03
1.192238639226068699e+03
1.192278872739348117e+03
1.192316306240104268e+03
1.193111609797132360e+03
1.193122509845883314e+03
1.193333110787804799e+03
1.193824646319550993e+03
1.193827279664662228e+03
1.194888551077909369e+03
1.195224819248549238e+03
1.197434095796297015e+03
1.197436795808372835e+03
1.197455395891562375e+03
1.197511396142025887e+03
1.198024831771721210e+03
1.198029698460154350e+03
1.198306033029405626e+03
1.198675668015946712e+03
1.200620576714631397e+03
1.200623343393672258e+03
1.204915595924282798e+03
1.204921462617188581e+03
1.205135230239939801e+03
1.205139396925242181e+03
1.205641265836538423e+03
1.205644432517368159e+03
1.210783522168826039e+03
1.211066190099737014e+03
1.211082290171744944e+03
1.211103790267905197e+03
1.211107390284006442e+03
1.211323157915702723e+03
1.214729273149694109e+03
1.214803206813698807e+03
1.214806106826669520e+03
1.214809273507499256e+03
1.214914673978907103e+03
1.214942174101902538e+03
1.215735577650432788e+03
1.215738744331262524e+03
1.215784311201728769e+03
1.215788544553995962e+03
1.215889845007066469e+03
1.215895145030771118e+03
1.215944778586092525e+03
1.215950178610244393e+03
1.216352680410450603e+03
1.216576514744892165e+03
1.216579948093581152e+03
1.218029654577453584e+03
1.218032454589976851e+03
1.218192321971656838e+03
1.218254655583779822e+03
1.218275522343774128e+03
1.218359956054740678e+03
1.218497790004542139e+03
1.218511856734122830e+03
1.218514790080575722e+03
1.218518356763194333e+03
1.218653157366095684e+03
1.218656324046925420e+03
1.218667324096123593e+03
1.218770924559481045e+03
1.218773891239416344e+03
1.218778257925613161e+03
1.218782224610020876e+03
1.222262106840605156e+03
1.222265340188399477e+03
1.222268173534405378e+03
1.222434874279981159e+03
1.222437274290715550e+03
1.222442607647902378e+03
1.223301411488938129e+03
1.223494245684730458e+03
1.223500912381214221e+03
1.226146024211586337e+03
1.227046661573057690e+03
1.227248095807314030e+03
1.227265195883794831e+03
1.228193933370944933e+03
1.228225933514067037e+03
1.229140770939048707e+03
1.232128350967790766e+03
1.232131284314243430e+03
1.234545428444936533e+03
1.236117302141873552e+03
1.236325769740920123e+03
1.236328803087820233e+03
1.236350236517015446e+03
1.237792476300825911e+03
1.237795042978972333e+03
1.237802409678586628e+03
1.237806743031301039e+03
1.237812309722865166e+03
1.237994610538213237e+03
1.237999110558339453e+03
1.238004077247220039e+03
1.238711613745039585e+03
1.238716313766060694e+03
1.238721013787081574e+03
1.238736880524713115e+03
1.238740347206884508e+03
1.238945381457242092e+03
1.239455550405660688e+03
1.241070357627952717e+03
1.241074224311913213e+03
1.241080291005713661e+03
1.241089657714273244e+03
1.241095157738872331e+03
1.241173558089521066e+03
1.241268158512625405e+03
1.241271391860420181e+03
1.242923565916503549e+03
1.242926232595097190e+03
1.242931399284871986e+03
1.243001432931433783e+03
1.243063566542662329e+03
1.243118133453381688e+03
1.243136433535229571e+03
1.243181233735600472e+03
1.243237900655712110e+03
1.243241467338330722e+03
1.243343767795873873e+03
1.243921070377883780e+03
1.243923803723442006e+03
1.246361414625757789e+03
1.246364447972657899e+03
1.246372814676745065e+03
1.248518624273967362e+03
1.248521624287385066e+03
1.248684425015517945e+03
1.248689025036091834e+03
1.249233660805331056e+03
1.249236660818748987e+03
1.249239494164754433e+03
1.249242627512101762e+03
1.249253027558616395e+03
1.249521228758157577e+03
1.251201302939025481e+03
1.253051944549429891e+03
1.253054744561953157e+03
1.254096682555397365e+03
1.254100715906770120e+03
1.254193049653069920e+03
1.254662685086867214e+03
1.254665551766355293e+03
1.254669118448973904e+03
1.254672251796321234e+03
1.257209596478033973e+03
1.257891666195285552e+03
1.257898632893111198e+03
1.257904466252534576e+03
1.258085067060279016e+03
1.258837637092846307e+03
1.258840337104922128e+03
1.258844370456294882e+03
1.258941370890133385e+03
1.259743941146328780e+03
1.259835941557804517e+03
1.260072109280740960e+03
1.260557511451722348e+03
1.260799912535871272e+03
1.260803212550630633e+03
1.260882312904410355e+03
1.262030618040252648e+03
1.262036118064851735e+03
1.262109051724383789e+03
1.262115485086490480e+03
1.262269719109641983e+03
1.264184594340667672e+03
1.264188361024180949e+03
1.264359995125154683e+03
1.264371661844001437e+03
1.264407595338048850e+03
1.264412595360411387e+03
1.264416428710889704e+03
1.264434328790948712e+03
1.264489495704351384e+03
1.264739696823386566e+03
1.267256508079929063e+03
1.267262941442035981e+03
1.267265874788488645e+03
1.268142378708688966e+03
1.268145978724789984e+03
1.268455113440741115e+03
1.268459180125596276e+03
1.268928915559840789e+03
1.271713361346723332e+03
1.271719661374900397e+03
1.271722361386976445e+03
1.271732661433043631e+03
1.272551898430448546e+03
1.272557198454153195e+03
1.272620065401994907e+03
1.272623265416306822e+03
1.274436773527296964e+03
1.274458906959623164e+03
1.274476340370928256e+03
1.274638307762000522e+03
1.274650107814776902e+03
1.274653374496054084e+03
1.276092214264657741e+03
1.276095380945487705e+03
1.277699521453405850e+03
1.277708688161070995e+03
1.277942222538896431e+03
1.278120223335012270e+03
1.278141956765549367e+03
1.278147323456218828e+03
1.278249623913761752e+03
1.278253323930310216e+03
1.279270195144975787e+03
1.279272995157498826e+03
1.279276361839223000e+03
1.279279295185676119e+03
1.279284628542862947e+03
1.279290461902286324e+03
1.279369628923030632e+03
1.280992769515927648e+03
1.281631239038175408e+03
1.281634272385075747e+03
1.282538709763542784e+03
1.282542409780091248e+03
1.282547676470313490e+03
1.285336188942050967e+03
1.285506023034974305e+03
1.286055925494435769e+03
1.286059092175265505e+03
1.286063392194497510e+03
1.286066092206573558e+03
1.288110901352067003e+03
1.288114234700308998e+03
1.288176501645467170e+03
1.288189801704952060e+03
1.288292668831696346e+03
1.288295668845114051e+03
1.288334269017755105e+03
1.288566436722801427e+03
1.288574103423757606e+03
1.290385678192767500e+03
1.290389844878069880e+03
1.295931836331523073e+03
1.296662439599176196e+03
1.296665906281347816e+03
1.296823573653188305e+03
1.298194779785964556e+03
1.298550248042477733e+03
1.298560714755957406e+03
1.298564214771611205e+03
1.300714824390301828e+03
1.300748691208439368e+03
1.300945058753367903e+03
1.301815262645390931e+03
1.302807667083960723e+03
1.305707380053047245e+03
1.305709913397711034e+03
1.307289720463463709e+03
1.307292820477328405e+03
1.309154495470413622e+03
1.309385396503128277e+03
1.309388563183958013e+03
1.309410996617625869e+03
1.310009632628383542e+03
1.310014699317711120e+03
1.310017165995410096e+03
1.310021066012853225e+03
1.310030399387930402e+03
1.310043832781344918e+03
1.310391734337349362e+03
1.310399867707059457e+03
1.310628502062969346e+03
1.310632868749166164e+03
1.310887136553056052e+03
1.313139346626159067e+03
1.313144146647627394e+03
1.313151513347241917e+03
1.313162946731711600e+03
1.313549515127321229e+03
1.313553348477799545e+03
1.314603119839612191e+03
1.314637386659538606e+03
1.314739487116187092e+03
1.314742753797464047e+03
1.314750853833691735e+03
1.314801054058214277e+03
1.314804954075657406e+03
1.314958221427818671e+03
1.314960554771588022e+03
1.317436399178237934e+03
1.318338769880795098e+03
1.320345145521059976e+03
1.320347945533583015e+03
1.320351678883613886e+03
1.320355945569363712e+03
1.320367478954280386e+03
1.320378145668654270e+03
1.321035748609810753e+03
1.321040481964314267e+03
1.321283116382840035e+03
1.322192520450187430e+03
1.322195620464052354e+03
1.323125591290052171e+03
1.323128524636504835e+03
1.323134624663787690e+03
1.323697760515769460e+03
1.323700860529634156e+03
1.323704160544393744e+03
1.324108995688368850e+03
1.324117195725043985e+03
1.324606297912573837e+03
1.326692573910196188e+03
1.326832241201530678e+03
1.326835874551114330e+03
1.326854674635198535e+03
1.326890808130140385e+03
1.326895974819915409e+03
1.326925574952303350e+03
1.326928408298308796e+03
1.328672482765420682e+03
1.328676082781521927e+03
1.329977321934701422e+03
1.330186789538220637e+03
1.330195256242755022e+03
1.330202756276299169e+03
1.331784930019303602e+03
1.333740338764949911e+03
1.333881072727721858e+03
1.333885272746506644e+03
1.333894106119347725e+03
1.334447775262322466e+03
1.334450908609669796e+03
1.337418588549407787e+03
1.337427321921801649e+03
1.337429821932983032e+03
1.337444321997835232e+03
1.337496788899162311e+03
1.337530522383369998e+03
1.337578589265017854e+03
1.337614956094336549e+03
1.338311692543852587e+03
1.338316659232733173e+03
1.338320092581422159e+03
1.340251301218832850e+03
1.340268534629243277e+03
1.340271701310073013e+03
1.340355735019250460e+03
1.340358335030879289e+03
1.346857830766809911e+03
1.346861097448087094e+03
1.348534038263717548e+03
1.348542738302628550e+03
1.348546038317388138e+03
1.350455580191226773e+03
1.350465246901128012e+03
1.351426051198365258e+03
1.351431584556446523e+03
1.351434151234592946e+03
1.351438951256061273e+03
1.351449684637399969e+03
1.351463751366980659e+03
1.351585385244326517e+03
1.351591651939021176e+03
1.351596818628796200e+03
1.352543756197347193e+03
1.352547289546483398e+03
1.352696156878965439e+03
1.352698656890146822e+03
1.352703523578579961e+03
1.354513131672126974e+03
1.354603632076893746e+03
1.354620065483726421e+03
1.354622798829284648e+03
1.354730599311426658e+03
1.355619169952262610e+03
1.358792384144594507e+03
1.358795384158011984e+03
1.358801117516988143e+03
1.358823650951103218e+03
1.358826817631932954e+03
1.359478387212771622e+03
1.359482720565485806e+03
1.359551587540163155e+03
1.359554387552686194e+03
1.359558954239777677e+03
1.359603087770499997e+03
1.359694988181528288e+03
1.359714021599989564e+03
1.359776821880866237e+03
1.359827488774142921e+03
1.360437558169370050e+03
1.360443324861828614e+03
1.360670859212818641e+03
1.360674092560613190e+03
1.360689559296455627e+03
1.360692725977285363e+03
1.361722530583129128e+03
1.361782264183623283e+03
1.361791297557359030e+03
1.361801330935566966e+03
1.363264437479371509e+03
1.363269437501734501e+03
1.365673714921631472e+03
1.365908815973130459e+03
1.365913149325845097e+03
1.366386718110567699e+03
1.366389484789608559e+03
1.368974263016802979e+03
1.368979229705683338e+03
1.368985829735202060e+03
1.374195586369387911e+03
1.374981189883032357e+03
1.374987389910762204e+03
1.374991323261687512e+03
1.375001256639448457e+03
1.375134657236088060e+03
1.375212557584500701e+03
1.375326558094372558e+03
1.375329358106895825e+03
1.375575825875899682e+03
1.376065494732630668e+03
1.376528296802532168e+03
1.376534130161955318e+03
1.378758706778133046e+03
1.379491576722590935e+03
1.379571343746019011e+03
1.380469514429791161e+03
1.380930783159501516e+03
1.380934016507296064e+03
1.380937649856879716e+03
1.380942749879689927e+03
1.381055817052053953e+03
1.381125917365580563e+03
1.381306784841184481e+03
1.381309151518436238e+03
1.381312884868467336e+03
1.381614152882567623e+03
1.381824853824936099e+03
1.384883334170782973e+03
1.384886067516341200e+03
1.384889200863688757e+03
1.385284635965621874e+03
1.385287635979039578e+03
1.385291469329517668e+03
1.385295302679995757e+03
1.386083806206610689e+03
1.387979648019174874e+03
1.387982114696873850e+03
1.387985314711186220e+03
1.387996948096550113e+03
1.388000348111756921e+03
1.388048114992062892e+03
1.388051081671998190e+03
1.388067215077488754e+03
1.388207549038471825e+03
1.388287516062794111e+03
1.388291482747202053e+03
1.388403149913304560e+03
1.388405783258415795e+03
1.388409416607999447e+03
1.388816451761814278e+03
1.391162628921855685e+03
1.391293296172936834e+03
1.391459063581005239e+03
1.391471263635570494e+03
1.392856836499269093e+03
1.392995770453990417e+03
1.394070875262441177e+03
1.394124208834311048e+03
1.394313076345695436e+03
1.395797449651283159e+03
1.395998450550267989e+03
1.396296785217915613e+03
1.400570737666678497e+03
1.400574737684568618e+03
1.400772338568346640e+03
1.400775371915246978e+03
1.400789038643038566e+03
1.400817405436577019e+03
1.400889505759048461e+03
1.401170307014943774e+03
1.402477412861028824e+03
1.402480712875788413e+03
1.404026286455096852e+03
1.404040886520396270e+03
1.406159995998201339e+03
1.406169429373725734e+03
1.407502435335650262e+03
1.407510502038395543e+03
1.407646602647111195e+03
1.407649535993563859e+03
1.407653002675735479e+03
1.407658669367746597e+03
1.407672436095985631e+03
1.409656611636959724e+03
1.409659111648141106e+03
1.409662678330759718e+03
1.409675245053631670e+03
1.409680645077783538e+03
1.409688011777398060e+03
1.409703245178863426e+03
1.409723145267867494e+03
1.410029379970848140e+03
1.410035546665095580e+03
1.410735116460617292e+03
1.410738416475376425e+03
1.411236352035747359e+03
1.411238852046928741e+03
1.413994697705895987e+03
1.415279070116971297e+03
1.415287903489812379e+03
1.415817972527234815e+03
1.416031773483468442e+03
1.416162874069821328e+03
1.416167907425666499e+03
1.419924324226396266e+03
1.421590231677236261e+03
1.422487735691360285e+03
1.423889575294479300e+03
1.423893241977545358e+03
1.423911775393770085e+03
1.423951675572225440e+03
1.423954242250371635e+03
1.423957675599060622e+03
1.424062709402162000e+03
1.424109542944960367e+03
1.425706483420676250e+03
1.425930184421188187e+03
1.426694987841803140e+03
1.426707254563333208e+03
1.426814188374932655e+03
1.426820888404898596e+03
1.426825188424130829e+03
1.426827755102276797e+03
1.426832555123745351e+03
1.426844588510898348e+03
1.428478329151204434e+03
1.428481795833376054e+03
1.429100598600997046e+03
1.429104198617098291e+03
1.429518667137492457e+03
1.430352104198407687e+03
1.430463004694414622e+03
1.430579638549397714e+03
1.430721805851913587e+03
1.430728539215362161e+03
1.431290908397248359e+03
1.431294941748621113e+03
1.432053445141058774e+03
1.433822353052572680e+03
1.433828953082091630e+03
1.440751484043398250e+03
1.441273919713346686e+03
1.441403653626920232e+03
1.441408420314906152e+03
1.441413153669409667e+03
1.441476287285110857e+03
1.441482353978910851e+03
1.441491920688365326e+03
1.441497154045104935e+03
1.441782988656845419e+03
1.441802455410577977e+03
1.444417533773290870e+03
1.445462505113635189e+03
1.445479838524492834e+03
1.445482038534332560e+03
1.445487938560720750e+03
1.445494105254968190e+03
1.445498238606787936e+03
1.445509905325634691e+03
1.445542238803580858e+03
1.445595539041968323e+03
1.445678706080602979e+03
1.445748873061094400e+03
1.445751173071381345e+03
1.445805706648618298e+03
1.447086545710557402e+03
1.447094979081609381e+03
1.447547647772855498e+03
1.447868849209442260e+03
1.447874415901005932e+03
1.447877849249695373e+03
1.448117783656145320e+03
1.448120717002597985e+03
1.448129183707132370e+03
1.448134417063871979e+03
1.450528494438148982e+03
1.450589661378387291e+03
1.450701761879761534e+03
1.450704528558802394e+03
1.450749162091760809e+03
1.450752662107414835e+03
1.450756928793164661e+03
1.451669732875718410e+03
1.451673532892714320e+03
1.451677032908368346e+03
1.454183477451878616e+03
1.454427111874877028e+03
1.454430611890531054e+03
1.454819080294638752e+03
1.454866947175391942e+03
1.454870713858905447e+03
1.457320324814891819e+03
1.457323391495274336e+03
1.458235428907732967e+03
1.458240162262236254e+03
1.459212433277425362e+03
1.459854102813985492e+03
1.459894602995124387e+03
1.459923669791793600e+03
1.460596472800932816e+03
1.460614739549298065e+03
1.462377680767459196e+03
1.462381014115701191e+03
1.462570714964145964e+03
1.462573381642739605e+03
1.462576381656157082e+03
1.462579481670022233e+03
1.462668248733702967e+03
1.462708682247877050e+03
1.462711415593435504e+03
1.464671757694479993e+03
1.464862358546950190e+03
1.465678762198349432e+03
1.465681762211766909e+03
1.465706995657958259e+03
1.465755695875771607e+03
1.465759762560626768e+03
1.465763962579411555e+03
1.465797329395312772e+03
1.465799962740423780e+03
1.466060697239902993e+03
1.466441965611808428e+03
1.466472065746432463e+03
1.466634899808047749e+03
1.466637666487088609e+03
1.466643866514818228e+03
1.468143673222765983e+03
1.468148306576822279e+03
1.471053219569166004e+03
1.471057686255810040e+03
1.471561221841227280e+03
1.471588955298599785e+03
1.474086066467032651e+03
1.474913270166735629e+03
1.474922470207883180e+03
1.474928003565964673e+03
1.478326485432482286e+03
1.478521252970254864e+03
1.478525319655110025e+03
1.478530953013638737e+03
1.478684787035000909e+03
1.478712020490137320e+03
1.478714453834353890e+03
1.478848554434124253e+03
1.478910388044010915e+03
1.478922654765541211e+03
1.480938263780435818e+03
1.480941530461713000e+03
1.480951897174745000e+03
1.484098777915966366e+03
1.484125844703690518e+03
1.484128744716660776e+03
1.484783947647082869e+03
1.484870781368783582e+03
1.487524459904137757e+03
1.487531926604199271e+03
1.488573897931125884e+03
1.488577331279815326e+03
1.488793165578476192e+03
1.488796598927165405e+03
1.492116247107763002e+03
1.492360414866479914e+03
1.492386648317143454e+03
1.492559049088212987e+03
1.492563082439585742e+03
1.492687582996419678e+03
1.492690216341530686e+03
1.492900317281215848e+03
1.493569720275148484e+03
1.493572620288118969e+03
1.493630420546632877e+03
1.493633020558261705e+03
1.493643153936916860e+03
1.493808588010160975e+03
1.495498862236649074e+03
1.495502528919715360e+03
1.495505262265273586e+03
1.495509562284505591e+03
1.496498966709657907e+03
1.496536233543002027e+03
1.496595567141707306e+03
1.496599900494421718e+03
1.498065107047618540e+03
1.499263745741913226e+03
1.499266245753094836e+03
1.499274945792005838e+03
1.500861286220312650e+03
1.500863952898906291e+03
1.500868052917243631e+03
1.500870819596284491e+03
1.500873519608360311e+03
1.500878552964205483e+03
1.501266021363840537e+03
1.501268554708504325e+03
1.501272521392912267e+03
1.501876324093444964e+03
1.501880990780983666e+03
1.503815532766636125e+03
1.504052700494045212e+03
1.504608936315166375e+03
1.504612402997337767e+03
1.504618569691585435e+03
1.504660336545055770e+03
1.504663736560262578e+03
1.504668236580389248e+03
1.504671136593359506e+03
1.505216172364387830e+03
1.505221539055057519e+03
1.505232305769878849e+03
1.505236439121698595e+03
1.505244339157031845e+03
1.505430039987586497e+03
1.505432906667074576e+03
1.506928813357579202e+03
1.508022218247877845e+03
1.508953689080586400e+03
1.508988789237573201e+03
1.508992389253674446e+03
1.509013522681528002e+03
1.509017422698970904e+03
1.509096289718373555e+03
1.509099323065273893e+03
1.509114089797985343e+03
1.509117856481498620e+03
1.509442424599809783e+03
1.509445391279744854e+03
1.513099507622931696e+03
1.513103174305997527e+03
1.513192941374151360e+03
1.513195708053191993e+03
1.513649743417217223e+03
1.513659043458812221e+03
1.514952615911035082e+03
1.518430998134910396e+03
1.518435264820660223e+03
1.518441298180978038e+03
1.518444898197079283e+03
1.519445902674113313e+03
1.522326115555984416e+03
1.522335415597579413e+03
1.522340782288248874e+03
1.522354815684347159e+03
1.522624250222737601e+03
1.526501800898576903e+03
1.526624201446018560e+03
1.527404504935958357e+03
1.527407371615446209e+03
1.529787748928448991e+03
1.532808729106574674e+03
1.532812062454816669e+03
1.532815429136540843e+03
1.532822095833024605e+03
1.536590246019565939e+03
1.536599346060266271e+03
1.536603146077261954e+03
1.536606812760328012e+03
1.536610079441604967e+03
1.536719113262596693e+03
1.539766893560587050e+03
1.539958461084047258e+03
1.544253280292804220e+03
1.544537781565247997e+03
1.544741382475861201e+03
1.545498319194625537e+03
1.545500985873219179e+03
1.545503752552259812e+03
1.547703429057070935e+03
1.548492432585921733e+03
1.548496432603811854e+03
1.553352754323912222e+03
1.553699622541961162e+03
1.553718889294799283e+03
1.553721322639015852e+03
1.553872023313030923e+03
1.553874923326001408e+03
1.554325625341784644e+03
1.554527626245242118e+03
1.554537559623003062e+03
1.554540292968561289e+03
1.554616426642405486e+03
1.554618793319657470e+03
1.554628893364830219e+03
1.554632660048343723e+03
1.554640293415817268e+03
1.555449330367601988e+03
1.559336281085483506e+03
1.559340881106057395e+03
1.560219085033860665e+03
1.560221785045936713e+03
1.560241218466186865e+03
1.560251218510912395e+03
1.561797225425492570e+03
1.561876792448025753e+03
1.563910001541637939e+03
1.566785514402488161e+03
1.570665798423885917e+03
1.570668565102926777e+03
1.570671165114555379e+03
1.571220667572227967e+03
1.571224667590118315e+03
1.571228400940148958e+03
1.571830336965666220e+03
1.571834103649179497e+03
1.572383439439439826e+03
1.572387706125189652e+03
1.572530440096906432e+03
1.572884208345816205e+03
1.572887741694952638e+03
1.573101309316809420e+03
1.573111842697253678e+03
1.576321757053728561e+03
1.576334590444459991e+03
1.576368257261702865e+03
1.576473991067935003e+03
1.576476357745186533e+03
1.576489057801988110e+03
1.580573009400964338e+03
1.580578676092975456e+03
1.581071678297948210e+03
1.581116045163047602e+03
1.581118778508605828e+03
1.581122378524707074e+03
1.581126245208667569e+03
1.581284545916674233e+03
1.581287379262679679e+03
1.581302779331557076e+03
1.581305646011045155e+03
1.582869419671754258e+03
1.582874586361529282e+03
1.582935286633013902e+03
1.583029620388258763e+03
1.583032220399887365e+03
1.583088887319999230e+03
1.583092220668240998e+03
1.583121020797050733e+03
1.583429888845142614e+03
1.584167725478480861e+03
1.584387659795479522e+03
1.584392393149983036e+03
1.584395826498672022e+03
1.584400659853622756e+03
1.584534560452498908e+03
1.585949033445454461e+03
1.588769946062103145e+03
1.588778579434049561e+03
1.589261648261261598e+03
1.590390986645607654e+03
1.590395619999663950e+03
1.590573720796227008e+03
1.593013498374900109e+03
1.593016431721352774e+03
1.593020531739690341e+03
1.593027098435726884e+03
1.593029831781285111e+03
1.593058798577507105e+03
1.593161332369427100e+03
1.593167065728403031e+03
1.593327966448038069e+03
1.593330366458772232e+03
1.594581438720911592e+03
1.594590438761164705e+03
1.595333742085619406e+03
1.595336008762424171e+03
1.595339308777183305e+03
1.595342408791048456e+03
1.595345708805807817e+03
1.595354775513025743e+03
1.595447809262456303e+03
1.595457709306734614e+03
1.595460442652293068e+03
1.597929487028529593e+03
1.597932520375429704e+03
1.597937653731722094e+03
1.598901558042824036e+03
1.599084625528267679e+03
1.599087458874273580e+03
1.599093092232802064e+03
1.599095992245772550e+03
1.599099025592672660e+03
1.599122925699566849e+03
1.599144959131445603e+03
1.599149392484607233e+03
1.599172692588818109e+03
1.599274059708853429e+03
1.599959829442653472e+03
1.599981562873190569e+03
1.600071596609203425e+03
1.600726799539625745e+03
1.600729632885631418e+03
1.603067276674173399e+03
1.603070876690274645e+03
1.603075643378260565e+03
1.603232377412593451e+03
1.603307811083306888e+03
1.603312411103880549e+03
1.603524645386440625e+03
1.604709050683742362e+03
1.605148385982021182e+03
1.605157219354862036e+03
1.606726093038381350e+03
1.608526667758192843e+03
1.608537134471672289e+03
1.608590234709165543e+03
1.612601585983433552e+03
1.612817353615130060e+03
1.612820820297301452e+03
1.612830620341132544e+03
1.612835520363048090e+03
1.612960487588635942e+03
1.612989121050033646e+03
1.612991654394697434e+03
1.613148255095100467e+03
1.613151688443789681e+03
1.613169555190365827e+03
1.613171921867617812e+03
1.614155459599864344e+03
1.614161292959287721e+03
1.614165459644589873e+03
1.614174059683053883e+03
1.614189159750589624e+03
1.614524361249792264e+03
1.614528161266787947e+03
1.614658895184834137e+03
1.615387465110060020e+03
1.615390131788653662e+03
1.615393565137342648e+03
1.616056601436133406e+03
1.617346773873149687e+03
1.617804409253276390e+03
1.620497587965296361e+03
1.620503321324272292e+03
1.620505988002865706e+03
1.620509021349766044e+03
1.620525988092316993e+03
1.620604355109483322e+03
1.620632955237398846e+03
1.621193691078646225e+03
1.622537263754497417e+03
1.622542663778649285e+03
1.622546330461715343e+03
1.622735897976230717e+03
1.622881965296189492e+03
1.622884765308712531e+03
1.622973399038463867e+03
1.624653139884507937e+03
1.624657439903739714e+03
1.624829207338643528e+03
1.624871274193455974e+03
1.626346914126649835e+03
1.626576815154891847e+03
1.626579548500450073e+03
1.626692182337543045e+03
1.626695382351855187e+03
1.627176384503157351e+03
1.627257551532846719e+03
1.627360251992178746e+03
1.631676471296648515e+03
1.631679471310066219e+03
1.631684271331534546e+03
1.631931539104116609e+03
1.631934439117087095e+03
1.631937839132293675e+03
1.632710709255653910e+03
1.632717942621338807e+03
1.632722409307982844e+03
1.632725242653988516e+03
1.632842709846031994e+03
1.633032444027959400e+03
1.633041610735624545e+03
1.633047177427188672e+03
1.633167011296483679e+03
1.633186211382356760e+03
1.633249311664575544e+03
1.636046124173435373e+03
1.636992761740644482e+03
1.638461468309495558e+03
1.638464101654606566e+03
1.638477668381950934e+03
1.638506001842006754e+03
1.638774403042442373e+03
1.638779003063016035e+03
1.638781936409468926e+03
1.640282243119652776e+03
1.640321676629354215e+03
1.640334576687050458e+03
1.640501077431731801e+03
1.640503844110772434e+03
1.642286285416148530e+03
1.642289685431355110e+03
1.643928992763225324e+03
1.645690100639853199e+03
1.645764634306541438e+03
1.645766967650310789e+03
1.647708042998517158e+03
1.647710843011040424e+03
1.647714209692764825e+03
1.651565026915704266e+03
1.651568593598323105e+03
1.651573126951932181e+03
1.651577093636339896e+03
1.652719398745346780e+03
1.652722932094483212e+03
1.652743098851346531e+03
1.652745532195563101e+03
1.652748398875051180e+03
1.653094967091758463e+03
1.653388901739726634e+03
1.653400168456784286e+03
1.653403535138508687e+03
1.653406335151031726e+03
1.653409101830072359e+03
1.653411935176078032e+03
1.653451335352296837e+03
1.662189941102739795e+03
1.663799848303116732e+03
1.663802581648674959e+03
1.663819581724708542e+03
1.663822348403749402e+03
1.663825948419850647e+03
1.663835015127068345e+03
1.663845115172241094e+03
1.663913548811646706e+03
1.663951015645885491e+03
1.663983382457314065e+03
1.664044582731034779e+03
1.664056349450328753e+03
1.671649850079241560e+03
1.674131994514068538e+03
1.674212861542416476e+03
1.674246428359212132e+03
1.678962982787530564e+03
1.679148183615849121e+03
1.679151283629713816e+03
1.679898520305094280e+03
1.679902720323879066e+03
1.679907087010075884e+03
1.680066421056037370e+03
1.680071587745812167e+03
1.680124854650717452e+03
1.680425222660792315e+03
1.680428422675104684e+03
1.680454922793627475e+03
1.680457856140080139e+03
1.680460822820015437e+03
1.680463556165573891e+03
1.680467189515157543e+03
1.680571123313339058e+03
1.680598190101063210e+03
1.680601390115375125e+03
1.684244939744635303e+03
1.684253039780862991e+03
1.684256839797858675e+03
1.684265039834533809e+03
1.684932109484697094e+03
1.685150043792750694e+03
1.685152677137861701e+03
1.685156243820480540e+03
1.685163777187507321e+03
1.689326795806780410e+03
1.689331595828248737e+03
1.689687997422269518e+03
1.689694530784823655e+03
1.689702430820156906e+03
1.689705697501434088e+03
1.690348933711667769e+03
1.690351500389814191e+03
1.690448600824099913e+03
1.690614101564308839e+03
1.690703468630673342e+03
1.690712368670479236e+03
1.690719335368304655e+03
1.690722035380380476e+03
1.690744868815837435e+03
1.692367342739085871e+03
1.692528476793097980e+03
1.692622743881378256e+03
1.692736144388566572e+03
1.692739211068949089e+03
1.692745144428819685e+03
1.695256888996034604e+03
1.695418389718353183e+03
1.695421356398288481e+03
1.695426823089405161e+03
1.695432023112662591e+03
1.695434856458668037e+03
1.695550390308731266e+03
1.695552890319912876e+03
1.695600757200666067e+03
1.696883396270655794e+03
1.696886129616214021e+03
1.699778042550414739e+03
1.699781642566515757e+03
1.699784442579039023e+03
1.699789875936673070e+03
1.700616079631903403e+03
1.700622246326151071e+03
1.700814013850505717e+03
1.700964581190591161e+03
1.700967881205350750e+03
1.701167948766827749e+03
1.701552283819115473e+03
1.701555917168699125e+03
1.701559083849528861e+03
1.701700384481501715e+03
1.701778051495537511e+03
1.701781484844226497e+03
1.701784551524609014e+03
1.701789318212594935e+03
1.703252658090776549e+03
1.703256191439912982e+03
1.703264391476587889e+03
1.703284291565591957e+03
1.706080670739180277e+03
1.706084837424482657e+03
1.706087470769593665e+03
1.706092237457579586e+03
1.706167371126951593e+03
1.706342871911885823e+03
1.706345671924409089e+03
1.708583848601413592e+03
1.708776149461487194e+03
1.708804816256367531e+03
1.711498628304553449e+03
1.711530795115087585e+03
1.711875763324638683e+03
1.711880030010388282e+03
1.711893030068531516e+03
1.712177198006151002e+03
1.712413599063464517e+03
1.715121377840784135e+03
1.715127344534137137e+03
1.715130111213177770e+03
1.715647980196034950e+03
1.715823647648381439e+03
1.717385787968452178e+03
1.717389187983658985e+03
1.717394688008258072e+03
1.717407121397200171e+03
1.717414754764674171e+03
1.720455335030461811e+03
1.720458601711739220e+03
1.720589435630232401e+03
1.720596002326268945e+03
1.720741502977026585e+03
1.720745069659645651e+03
1.720808403276241052e+03
1.720812636628508244e+03
1.720816136644162270e+03
1.721065237758277362e+03
1.721122704681967207e+03
1.722842912375667311e+03
1.722874045848246396e+03
1.722878145866583736e+03
1.724171784985771865e+03
1.724174851666154382e+03
1.724180085022893991e+03
1.725044588889423267e+03
1.725050988918047778e+03
1.725167889440890121e+03
1.725314923431839134e+03
1.725531124398806924e+03
1.725533791077400338e+03
1.725536591089923604e+03
1.725634891529576407e+03
1.725637258206828164e+03
1.725704091839077591e+03
1.725706425182846942e+03
1.728690005193698880e+03
1.728694005211589001e+03
1.731584718140422638e+03
1.731669118517906782e+03
1.731674251874199172e+03
1.731690085278348079e+03
1.731692985291318564e+03
1.731938386388885192e+03
1.731941686403644326e+03
1.735046966958807161e+03
1.735049733637847794e+03
1.735231401117029918e+03
1.735271934631650993e+03
1.735406568567140084e+03
1.735492102283026725e+03
1.735497002304942043e+03
1.735504502338486418e+03
1.738083313872327835e+03
1.738086780554499455e+03
1.738359948442920768e+03
1.738445315491394922e+03
1.738448515505707292e+03
1.739057451562532378e+03
1.739061518247387539e+03
1.739096251736067643e+03
1.739705687795129052e+03
1.739953588903877062e+03
1.740698292234593509e+03
1.740701792250247536e+03
1.740921626566798977e+03
1.746305050644386256e+03
1.746309683998442551e+03
1.757112298980252262e+03
1.759987945175032337e+03
1.759990878521485229e+03
1.765786504442662135e+03
1.765803537852178351e+03
1.765805804528982662e+03
1.765817971250065511e+03
1.793913030239714317e+03
1.801609897997607732e+03
1.808972497593806338e+03
1.808976730946073531e+03
1.816960399986697212e+03
1.816964366671105154e+03
1.841521843172102990e+03
1.872340281008843249e+03
1.872342847686989671e+03
1.872346647703985354e+03
1.872349014381236884e+03
1.875167860321975695e+03
1.875170893668875578e+03
1.880234549649620249e+03
1.880237082994284037e+03
1.880539217678927344e+03
1.880544551036114171e+03
1.888121584924712351e+03
1.888125584942602700e+03
1.888129984962281696e+03
1.888135351652951158e+03
1.888699820844229862e+03
1.888702720857200120e+03
1.888707720879563112e+03
1.888974555406324725e+03
1.888977255418400546e+03
1.889362323807301664e+03
1.889373523857394503e+03
1.889376323869917769e+03
1.889379257216370434e+03
1.890449595336835273e+03
1.908009007205365833e+03
1.908165341237909615e+03
1.908915377925813118e+03
1.920796464397797990e+03
1.920801897755432492e+03
1.920806831110830217e+03
1.920809297788529420e+03
1.921120532513872831e+03
1.924059412324801315e+03
1.924062012336429916e+03
1.924067612361476222e+03
1.924475580852798885e+03
1.925279117779984517e+03
1.925282217793849441e+03
1.925285151140302332e+03
1.925590885841046656e+03
1.925594219189288424e+03
1.938839711763636387e+03
1.943609633097307096e+03
1.943612333109383144e+03
1.949164257940596826e+03
1.949171791307623607e+03
1.949179091340273317e+03
1.949183391359505094e+03
1.949550593001829839e+03
1.949831760926031620e+03
1.949835394275615272e+03
1.951762669562100655e+03
1.951766069577307235e+03
1.953205542682076839e+03
1.955902454744128136e+03
1.955905921426299528e+03
1.972259327900920880e+03
1.972262161246926553e+03
1.973109265035633371e+03
2.008744991084561207e+03
2.008747891097531920e+03
2.008751491113633165e+03
2.028571213091494201e+03
2.028576313114304185e+03
2.029130782260857131e+03
2.062432731205203709e+03
2.062435431217279984e+03
2.062456197976826388e+03
2.064882542162084974e+03
2.064890442197417997e+03
2.065261577190667595e+03
2.065264610537567933e+03
2.065893980019115588e+03
2.066999551630497535e+03
2.067005184989026020e+03
2.067009951677011941e+03
2.067012551688640542e+03
2.067080785327151716e+03
2.067083585339674755e+03
2.086915807373442931e+03
2.088726648805839886e+03
2.088729515485327738e+03
2.088732415498298451e+03
2.088737115519319104e+03
2.089088150422670878e+03
2.089092917110656344e+03
2.090109888325769134e+03
2.090539656914593706e+03
2.098115357463895180e+03
2.107920567984771878e+03
2.107927934684386400e+03
2.110034944108073432e+03
2.112468654992946085e+03
2.115336501152840356e+03
2.115339434499293020e+03
2.115345267858716397e+03
2.116059271052125496e+03
2.116062637733849897e+03
2.120798825583312919e+03
2.122876834877295551e+03
2.125765314462807055e+03
2.125768214475777313e+03
2.127409821817934244e+03
2.127412555163492470e+03
2.131522740213132238e+03
2.131525473558690464e+03
2.131528440238625535e+03
2.131532173588656406e+03
2.132352443924015915e+03
2.133788783681438872e+03
2.133792050362715599e+03
2.133996417943425058e+03
2.134245752391916994e+03
2.134251052415621416e+03
2.136620529679873471e+03
2.137022764812219975e+03
2.137029098173879447e+03
2.137031931519885347e+03
2.138158769893049794e+03
2.138165269922121297e+03
2.139910077725846349e+03
2.139914977747761895e+03
2.144373064353405425e+03
2.149227952733762322e+03
2.149236286104366627e+03
2.149238886115995228e+03
2.158887929271740632e+03
2.164970289808683447e+03
2.170274946867315521e+03
2.170279646888336174e+03
2.171687519851773231e+03
2.190827005453915717e+03
2.190831938809313669e+03
2.190837972169631030e+03
2.191259807389640173e+03
2.191262874070022463e+03
2.192501546276702356e+03
2.192504312955742989e+03
2.192507779637914609e+03
2.192510312982578398e+03
2.195518259769078213e+03
2.195521826451697052e+03
2.195533126502237337e+03
2.195536093182172408e+03
2.195540526535334266e+03
2.196020028679927236e+03
2.196491930790528841e+03
2.213338306136640767e+03
2.213345072833571521e+03
2.213348539515743596e+03
2.213352372866221685e+03
2.220665605574958136e+03
2.220848573059954560e+03
2.220857006431006084e+03
2.220860973115413799e+03
2.223180150154695639e+03
2.228942609260866448e+03
2.229695745962635101e+03
2.231173419238256429e+03
2.231479987276061365e+03
2.231482653954655234e+03
2.232332324421508019e+03
2.232337191109941159e+03
2.232340257790323449e+03
2.233268961943991144e+03
2.233274961970827007e+03
2.233345962288378814e+03
2.233348695633937041e+03
2.239047087786898373e+03
2.239607523626804777e+03
2.240553227856505600e+03
2.240556594538230001e+03
2.240559261216823870e+03
2.240562327897206160e+03
2.243405007277874120e+03
2.245437983037109007e+03
2.245440249713913545e+03
2.246912889633690156e+03
2.246915589645765976e+03
2.246918722993113079e+03
2.246921123003847697e+03
2.246923556348063812e+03
2.248419829706875134e+03
2.254883125280899549e+03
2.255435294417165096e+03
2.255441494444895397e+03
2.255575661711630346e+03
2.255578161722811728e+03
2.255581961739807412e+03
2.255587228430029882e+03
2.255715229002517390e+03
2.255847829595579697e+03
2.256116930799145848e+03
2.256119730811668887e+03
2.256122864159016444e+03
2.256856000771333129e+03
2.256859334119575124e+03
2.256997701405095540e+03
2.257003568098000869e+03
2.257007034780172489e+03
2.257009534791353872e+03
2.259668580017377280e+03
2.262910394516527049e+03
2.263331396399475125e+03
2.272737038466599188e+03
2.275063048869777049e+03
2.275075815593543666e+03
2.278925199476739181e+03
2.282992317667093630e+03
2.282994984345687044e+03
2.288655909664410046e+03
2.288658809677380304e+03
2.299122056474685451e+03
2.299125423156409852e+03
2.299179490064892889e+03
2.299183456749300603e+03
2.299187423433708773e+03
2.299196656808338503e+03
2.299242223678804748e+03
2.299557491755521369e+03
2.299561625107340660e+03
2.299567225132387648e+03
2.299571091816348144e+03
2.300611963138354895e+03
2.300614363149089058e+03
2.300619696506275886e+03
2.300621996516562831e+03
2.301769701649721810e+03
2.301772934997516586e+03
2.301778001686844163e+03
2.301780868366332015e+03
2.301903268913773445e+03
2.301906468928085815e+03
2.301910802280799999e+03
2.301913335625463787e+03
2.301916102304504420e+03
2.311505778528062365e+03
2.312650083646014082e+03
2.312653550328186157e+03
2.312657450345628604e+03
2.313980256261932936e+03
2.313983656277139744e+03
2.314772693139473176e+03
2.314945360578402415e+03
2.314989727443501579e+03
2.314993660794426887e+03
2.314997227477045726e+03
2.314999727488226654e+03
2.315502596403995540e+03
2.316386567024257602e+03
2.317614139181291648e+03
2.317651439348118402e+03
2.319896616056430958e+03
2.319904116089974650e+03
2.319909616114573964e+03
2.320561319029342030e+03
2.320567085721800595e+03
2.323590765912002553e+03
2.327858885001341605e+03
2.327863051686644212e+03
2.335050983834968520e+03
2.336267889277628910e+03
2.336716957952773555e+03
2.374670261033827501e+03
2.374673861049928746e+03
2.381674759028402150e+03
2.383531500666088959e+03
2.383534667346918923e+03
2.383542467381804727e+03
2.387329750987254556e+03
2.387333151002460909e+03
2.388040387498938799e+03
2.388046720860598725e+03
2.388049587540086122e+03
2.388053087555740603e+03
2.388124821209905349e+03
2.388127087886709887e+03
2.388130554568881507e+03
2.388133054580062890e+03
2.388298021984553088e+03
2.388304255345765341e+03
2.388631056807398636e+03
2.388653323573654234e+03
2.388658223595569780e+03
2.388661756944706212e+03
2.390237797326945383e+03
2.390286130876452717e+03
2.390288664221116505e+03
2.394675350507418898e+03
2.394952551747213420e+03
2.394960118447722380e+03
2.394963118461139857e+03
2.394967818482160965e+03
2.395560954468319323e+03
2.395563621146913192e+03
2.395664088262923087e+03
2.395668821617426602e+03
2.395671754963879721e+03
2.396165990507701281e+03
2.396169623857285387e+03
2.397337362413377832e+03
2.398669601705206333e+03
2.398674968395876022e+03
2.398679068414213361e+03
2.412138495278724349e+03
2.419123059850812297e+03
2.419125459861546460e+03
2.419128526541929205e+03
2.419132393225889246e+03
2.419135293238859958e+03
2.419225626976214699e+03
2.419227993653466456e+03
2.447635320706413950e+03
2.447638087385454583e+03
2.447640954064942434e+03
2.447643154074782160e+03
2.447648420765004630e+03
2.465087465428520773e+03
2.467961344948732858e+03
2.467987678399843844e+03
2.469367851239390347e+03
2.469524751941135492e+03
2.478471091954011627e+03
2.478475325306279046e+03
2.485025321268073640e+03
2.485028121280597134e+03
2.487959234390121765e+03
2.487961834401750821e+03
2.488920872024419168e+03
2.489537074780411785e+03
2.489542408137598613e+03
2.489730308977992991e+03
2.489733608992752579e+03
2.489739375685211144e+03
2.489743642370960515e+03
2.489824042730554538e+03
2.489991543479708980e+03
2.489994776827503301e+03
2.490906847573443883e+03
2.490910814257851598e+03
2.498001712638855679e+03
2.508125424584242865e+03
2.508344725565075805e+03
2.508347558911081705e+03
2.508351392261559795e+03
2.512580644510398997e+03
2.512624711374156504e+03
2.519935677406088416e+03
2.519938410751646643e+03
2.519942110768195107e+03
2.519944410778482052e+03
2.542654045681598745e+03
2.549701510535010584e+03
2.549704643882357686e+03
2.550711115050508397e+03
2.552019487568925342e+03
2.552023120918508994e+03
2.552044287679845183e+03
2.552793324363276042e+03
2.552796191042763894e+03
2.552800624395925752e+03
2.556201606273624748e+03
2.556425140606724653e+03
2.556428073953177773e+03
2.556432773974198426e+03
2.556435840654581170e+03
2.556729141966383395e+03
2.556732341980695310e+03
2.556740008681651489e+03
2.558230482014522295e+03
2.558234382031965197e+03
2.558238048715031255e+03
2.558240515392730231e+03
2.558243315405253725e+03
2.558622483767766425e+03
2.558625550448148715e+03
2.558628683795495817e+03
2.559036285618512011e+03
2.560025223374910638e+03
2.560027856720022100e+03
2.565125279518456409e+03
2.565129979539477063e+03
2.566651953013233197e+03
2.566656153032018665e+03
2.566662086391888806e+03
2.576600864176817595e+03
2.577033332777717987e+03
2.578015937172457143e+03
2.578020170524724108e+03
2.580598115388022507e+03
2.580601015400993219e+03
2.584816667589005192e+03
2.584819667602423124e+03
2.585856372239127722e+03
2.586469508314737595e+03
2.586472441661190260e+03
2.586477608350965511e+03
2.587037877523458974e+03
2.587042777545374520e+03
2.587126044584456395e+03
2.587128844596979889e+03
2.589941323842576367e+03
2.589944023854652187e+03
2.590095891200551705e+03
2.590779960926748572e+03
2.590784560947322461e+03
2.598557229044236010e+03
2.600832972555926062e+03
2.600835872568897230e+03
2.600839872586787351e+03
2.604662656351012629e+03
2.606934466511777828e+03
2.606937866526984635e+03
2.607417135337200762e+03
2.608904541989688823e+03
2.609704745568632006e+03
2.609783745921964510e+03
2.614617634208397249e+03
2.614620334220473069e+03
2.614623567568267845e+03
2.615864806453093024e+03
2.615869306473219694e+03
2.615878273179990629e+03
2.615880573190277119e+03
2.615883139868423768e+03
2.615886173215323197e+03
2.616041207242052678e+03
2.616044007254576172e+03
2.616047073934958917e+03
2.616049707280069470e+03
2.616053873965372077e+03
2.618027216124560255e+03
2.620520993944751353e+03
2.623302939720452287e+03
2.623305373064669311e+03
2.623308373078086333e+03
2.623314939774123104e+03
2.634312488961117651e+03
2.634315155639711065e+03
2.634361189178930999e+03
2.634363555856182757e+03
2.634367722541485364e+03
2.634372489229471284e+03
2.634375355908959136e+03
2.634428022811180654e+03
2.634519156552113600e+03
2.634522456566873188e+03
2.634634857069589088e+03
2.634684257290533424e+03
2.634690357317816051e+03
2.634694824004460315e+03
2.634795424454399836e+03
2.634797991132546031e+03
2.634880291500637668e+03
2.634885491523895325e+03
2.634892491555203378e+03
2.635596928039157774e+03
2.635599528050786830e+03
2.635602728065098745e+03
2.635679728409485961e+03
2.635682228420667343e+03
2.635803795631048615e+03
2.635881062643295081e+03
2.638767208885036780e+03
2.638771942239540749e+03
2.638803209046049233e+03
2.638937776314573512e+03
2.638940842994955801e+03
2.639111710425834190e+03
2.640955818673685371e+03
2.640959018687996831e+03
2.641093485956074346e+03
2.641231819908111902e+03
2.641538621280293683e+03
2.641541087957992659e+03
2.641544054637927729e+03
2.641734722157363194e+03
2.641737322168991795e+03
2.641872022771445700e+03
2.657764527184663621e+03
2.664617091166373029e+03
2.664620657848991868e+03
2.668443608280629633e+03
2.668446641627529971e+03
2.676175176193721200e+03
2.676177642871419721e+03
2.676182176225028797e+03
2.676185209571928681e+03
2.679967093153226415e+03
2.679970159833609159e+03
2.679973493181851154e+03
2.680989964394727394e+03
2.680995964421562348e+03
2.684673347535477660e+03
2.684676814217649280e+03
2.684709381029972064e+03
2.698168374559211770e+03
2.698171641240488952e+03
2.702166892442749031e+03
