1.920485945054776167e+01
2.794063185498516333e+01
4.892175902727917958e+01
5.067026684755285970e+01
1.014768607488160512e+02
1.280890131061035504e+02
1.399547661761758377e+02
1.496799096722831166e+02
1.518367859856684845e+02
2.315588425458699078e+02
3.059931421230257911e+02
3.132820413895964862e+02
3.171740587968055820e+02
3.422074707597778911e+02
3.539728567142874454e+02
3.621868601184247609e+02
3.676295511277524497e+02
3.817140474545792586e+02
3.876902075165361339e+02
4.036432455338263594e+02
4.405743773765104834e+02
4.565020486136801310e+02
4.811396921398950326e+02
5.149697767796836843e+02
5.315373842123278791e+02
5.513663062313365799e+02
5.806745706470969708e+02
6.400367694803244376e+02
6.462301305137216332e+02
6.842606672735398661e+02
6.896998582672136990e+02
6.897085583061249281e+02
7.095417803443656339e+02
7.282185305435714326e+02
7.414522563986254227e+02
7.434399652887358343e+02
7.587052002297982654e+02
7.771752161710433029e+02
7.932053878666504261e+02
8.079075869561784202e+02
8.153370868515912662e+02
8.162366242081426435e+02
8.199584408541218181e+02
8.607469899492645027e+02
8.767011946384394605e+02
8.872323750729135554e+02
9.044639188083737054e+02
9.978941033454121907e+02
1.037071111899539574e+03
1.055170059514499599e+03
1.142862885057629001e+03
1.192275272723246871e+03
1.196520591710612052e+03
1.221395936299954883e+03
1.222182039815835424e+03
1.224735751237415570e+03
1.253204311897565958e+03
1.262234685619619995e+03
1.270142887656047833e+03
1.274582440845466863e+03
1.275019109465152042e+03
1.281036403044413419e+03
1.286754428618520024e+03
1.289904642707982930e+03
1.297020407866870755e+03
1.318213669321277621e+03
1.327498110846327108e+03
1.329454452929481477e+03
1.330225989713545005e+03
1.331417861710908710e+03
1.331486762019068010e+03
1.362037798659845294e+03
1.363109370119159848e+03
1.363553405438459322e+03
1.363574772200689722e+03
1.363580205558324224e+03
1.363726106210870967e+03
1.365793748791821372e+03
1.371283073343052820e+03
1.374776955636252751e+03
1.378782973553333704e+03
1.379995845644621340e+03
1.394934379124498037e+03
1.402150778066807788e+03
1.402158211433387351e+03
1.403904752578198213e+03
1.410085280220864206e+03
1.418845686068809073e+03
1.419209387695479563e+03
1.419514155725234104e+03
1.430150836631563607e+03
1.477172280270251804e+03
1.508647554378052746e+03
1.508681854531461795e+03
1.516199488154389655e+03
1.525133028110017221e+03
1.529914949497358748e+03
1.558884679065674845e+03
1.559007812949729441e+03
1.560430052644088846e+03
1.561162589253722672e+03
1.561409057022726302e+03
1.563966068459066037e+03
1.565537142152425076e+03
1.568495888718874767e+03
1.574968150999669433e+03
1.606704592942221097e+03
1.610741477664021886e+03
1.612213584248079542e+03
1.612718686507170560e+03
1.628265456040741583e+03
1.631707504768780382e+03
1.642948721712255747e+03
1.652324596979579610e+03
1.662016140325408969e+03
1.662442708899920945e+03
1.676943107086886130e+03
1.746999720417992194e+03
1.751127505546349084e+03
1.751552940782459018e+03
1.755615325618310180e+03
1.757679701517983631e+03
1.806258452121792061e+03
1.889178322984350416e+03
1.889800092431906705e+03
1.899677436608737935e+03
1.911104087714908474e+03
1.914456536042205698e+03
1.939060879419484536e+03
1.948452554757474900e+03
1.949896027880134852e+03
1.973136731825146398e+03
1.973591433858819983e+03
1.974700205484513845e+03
1.991693081485855828e+03
2.003301000069419388e+03
2.018801202728051294e+03
2.019197704501421867e+03
2.029040681857879463e+03
2.033141700199853858e+03
2.049130738378156366e+03
2.062234830320083802e+03
2.073225546143182328e+03
2.089323884810336040e+03
2.090976192200349033e+03
2.091397594085086439e+03
2.096769784779098700e+03
2.105842892025613764e+03
2.109833609874264312e+03
2.121513495446370143e+03
2.122201565190457131e+03
2.127023486756701004e+03
2.134939222160155623e+03
2.137673801057339460e+03
2.140482880287729586e+03
2.140619580899128778e+03
2.141832452990416186e+03
2.142426855648906894e+03
2.144074363017451560e+03
2.193105815645988514e+03
2.204343865908634143e+03
2.204890068351547143e+03
2.212312101546898248e+03
2.224483089315478537e+03
2.229194677054916610e+03
2.256630133094464327e+03
2.282083413601982556e+03
2.303278008395686356e+03
2.320657552793085415e+03
2.320940354057925560e+03
2.325393473974688732e+03
2.325927676363931369e+03
2.327605017199241047e+03
2.350369252346559279e+03
2.371562147132659447e+03
2.373082420598811950e+03
2.394322082260745447e+03
2.394802817744188360e+03
2.401433447399954275e+03
2.489465174458834554e+03
2.498189446811837570e+03
2.502735667144996569e+03
2.566437718721728288e+03
2.578694440207089883e+03
2.602237945506392862e+03
2.619582856415559036e+03
2.691285777109842911e+03
