6.398035504830314579e+00
8.638945527393248724e+00
1.302163179580585606e+01
1.827838864020200660e+01
2.394138063483502776e+01
4.031992055520017004e+01
4.581491179844287842e+01
4.717755122623751873e+01
5.087636776934777316e+01
5.572745613270816278e+01
6.210981801141946335e+01
6.291538828103254843e+01
7.054898908929513368e+01
7.261333165548614943e+01
7.263556508825942615e+01
7.320500096841831805e+01
7.366120300880085381e+01
7.708728499876117723e+01
7.998309795040461267e+01
8.641072669824052355e+01
8.668729460186860081e+01
8.674482819252331467e+01
8.709439642264837289e+01
9.043247801902329286e+01
9.151081617526871526e+01
9.611983678930440078e+01
9.627490414951626008e+01
9.819201272386379742e+01
1.004540895077626175e+02
1.090861947818778077e+02
1.096416972663857052e+02
1.142236177592149602e+02
1.218703852930329532e+02
1.232565581594152064e+02
1.240853618662741269e+02
1.382694586385680395e+02
1.443159523484283682e+02
1.494837754617313976e+02
1.533606928014048378e+02
1.540908960672691990e+02
1.568276083073280915e+02
1.586659165292377907e+02
1.587767836917624606e+02
1.624990336730130593e+02
1.682995596161056824e+02
1.729526804273813241e+02
1.743393199625174645e+02
1.763541289738342641e+02
1.769461982885554505e+02
1.789873407509830372e+02
1.805842812266988346e+02
1.931589708008523587e+02
1.959897834617792682e+02
1.993907653394783210e+02
2.027560137240244842e+02
2.044632880265462234e+02
2.082557049882882438e+02
2.110169840048897356e+02
2.118814545379366621e+02
2.211108958169952245e+02
2.228440035683914857e+02
2.235244732784871076e+02
2.243991771906366068e+02
2.267355209733643164e+02
2.280999604092095581e+02
2.287478633069821115e+02
2.316660430253285199e+02
2.328036481133144093e+02
2.381196385559686064e+02
2.383620396401175014e+02
2.468331441941502931e+02
2.484425180588082753e+02
2.527307705715286374e+02
2.570398231772783220e+02
2.650380589497192432e+02
2.715382880222631456e+02
2.744475343673213388e+02
2.762191422909111225e+02
2.778365161913495740e+02
2.796634576957545164e+02
2.830464728264298628e+02
2.832860072310907071e+02
2.847597804892693603e+02
2.861010531548336076e+02
2.863435875729121562e+02
2.882581294691134985e+02
2.955543954352987157e+02
2.964218993152457529e+02
2.968301011409453167e+02
3.004760507809394880e+02
3.023165256792063929e+02
3.033811304406953013e+02
3.139178775667334094e+02
3.143643462302497369e+02
3.227280836374118849e+02
3.233754198659833037e+02
3.262035991817991771e+02
3.266413344729216988e+02
3.385412876959555888e+02
3.548025270916892850e+02
3.784991664092239034e+02
3.785647333691414929e+02
3.803118078496711973e+02
3.826809184456164985e+02
3.832241542085942569e+02
3.835794557976953456e+02
3.857537655223857200e+02
3.903681528270907961e+02
3.905944205057490421e+02
3.939411354740704496e+02
3.960644783041425967e+02
4.003822976157683229e+02
4.089859360958978982e+02
4.107409439452433162e+02
4.110288118994112665e+02
4.123977513553830931e+02
4.134243892803970652e+02
4.206098880845049166e+02
4.209856897652934435e+02
4.210784568468647535e+02
4.250244411621097811e+02
4.258530448680742211e+02
4.274295852525497139e+02
4.324830078541917260e+02
4.332367112251612866e+02
4.342487157513934335e+02
4.376777644212890550e+02
4.424663858385967501e+02
4.504912217300078510e+02
4.512013249059737063e+02
4.528802990819219758e+02
4.549567750357133491e+02
4.733552906571702010e+02
4.738138593748044514e+02
4.756692343397125455e+02
4.783710464236790472e+02
4.800618206524035259e+02
4.907660351941132717e+02
4.962681264691111664e+02
5.079887455567323968e+02
5.101486552170178470e+02
5.220752418925043230e+02
5.237966162580891023e+02
5.263596277212641326e+02
5.305076796069314469e+02
5.306758136922512676e+02
5.309911817694147658e+02
5.393246190410583267e+02
5.432774367201991481e+02
5.433920372327547739e+02
5.494582976976893178e+02
5.501352007251662144e+02
5.503257015771891929e+02
5.515471403734582054e+02
5.519139420139937329e+02
5.578897020741615052e+02
5.608551820040599978e+02
5.622234547903833572e+02
5.649742337600230258e+02
5.655007361148266227e+02
5.672984774886327841e+02
5.724080003411854705e+02
5.745006763674323338e+02
5.745083097349062200e+02
5.795994991721286169e+02
5.806162037193818151e+02
5.816525083542973107e+02
5.833078490912105281e+02
6.003797587793675348e+02
6.061457179011919152e+02
6.094186325394382493e+02
6.110787066308550948e+02
6.219097217396855513e+02
6.307422945770670140e+02
6.310639293489251713e+02
6.337766414816425140e+02
6.374823580556135312e+02
6.380191271230020220e+02
6.400225027498491954e+02
6.425185805803273524e+02
6.445070561405333365e+02
6.498717468010013363e+02
6.531301613743954704e+02
6.550965035022755956e+02
6.567478108878162857e+02
6.613861316328980138e+02
6.647395466311854761e+02
6.675285924386417946e+02
6.717366112591803358e+02
6.749315588820493304e+02
6.759214966429202605e+02
6.771050686031616124e+02
6.783632742305384227e+02
6.786576422137781037e+02
6.790517106429322212e+02
6.799583480312387564e+02
6.802845161567058767e+02
6.826763601876606344e+02
6.879077502519362497e+02
6.882297516921011038e+02
6.885269530213463440e+02
6.891051889408637408e+02
6.892297894981448962e+02
6.973739259231325605e+02
7.017283120649716466e+02
7.032308187849952219e+02
7.039999555583247002e+02
7.071826031261811067e+02
7.089100108520837011e+02
7.091901454383306600e+02
7.115324892478937500e+02
7.150264715415410137e+02
7.199537269122281486e+02
7.210173983362092258e+02
7.214830670855986909e+02
7.242851462846806498e+02
7.254627515515689993e+02
7.266463568452928712e+02
7.287361661920516553e+02
7.291560680700802095e+02
7.299775050773247358e+02
7.304121070210998141e+02
7.312896109457725515e+02
7.333598535383515582e+02
7.407313198408734252e+02
7.415082899825712275e+02
7.434510320048987069e+02
7.443423359912927708e+02
7.492071244159272965e+02
7.557236868948563142e+02
7.557482536713989703e+02
7.559901880867939781e+02
7.585002993133704194e+02
7.599246056836396974e+02
7.644775927137294502e+02
7.649222613691950983e+02
7.655608642253728249e+02
7.656023644109842508e+02
7.680702754488186201e+02
7.684080102926849349e+02
7.694601149982668176e+02
7.708872547145417684e+02
7.723227611349037716e+02
7.803710971314199014e+02
7.854976533934886902e+02
7.926837855337622614e+02
7.984564446855529241e+02
8.006115876578525103e+02
8.042880707677422834e+02
8.057912774908966185e+02
8.227500866732067379e+02
8.227793534707703884e+02
8.254705655073277057e+02
8.255012323111529895e+02
8.268207048792153273e+02
8.268642384072542200e+02
8.281304440704114995e+02
8.320155281132775826e+02
8.378896543855506707e+02
8.431255111364703225e+02
8.431586779514769887e+02
8.477359984237324397e+02
8.502422762998307917e+02
8.505771444642091410e+02
8.510948801131365826e+02
8.534053237800249008e+02
8.557865344300882953e+02
8.561154359011137558e+02
8.587974478965235221e+02
8.593788504968707684e+02
8.596621184304650569e+02
8.612067253387833716e+02
8.619817954719833324e+02
8.622667967466633172e+02
8.626167983120599274e+02
8.635236690347434205e+02
8.642333722089202865e+02
8.647474745082641903e+02
8.652176432777800983e+02
8.658433127427794034e+02
8.672667191090233700e+02
8.716516387207580010e+02
8.740167826322955307e+02
8.756601899825028568e+02
8.758844909856984486e+02
8.815562830196899995e+02
8.822525194669697157e+02
8.875459098085440246e+02
8.910509588183542746e+02
8.920962301600403634e+02
8.960709479371303132e+02
8.978392891794430852e+02
8.990947281277791490e+02
9.015129389433271854e+02
9.133037250114398375e+02
9.145499972521107566e+02
9.148455319072351131e+02
9.157090691027743787e+02
9.175348772687769952e+02
9.244627082537881506e+02
9.333921481910782632e+02
9.399755443022568215e+02
9.401328450057908412e+02
9.402098120166956505e+02
9.444485643080242880e+02
9.463686728957893592e+02
9.466730409237547974e+02
9.467999748248050764e+02
9.495295870331087826e+02
9.496589209448935662e+02
9.500015224771930207e+02
9.502944237872062558e+02
9.503761574860969858e+02
9.511204608150244439e+02
9.565316850169489271e+02
9.631459145993648008e+02
9.692972754449143622e+02
9.748413669077599479e+02
9.751269681851234736e+02
9.758672714961606971e+02
9.798826561218014604e+02
9.827582023161343159e+02
9.842234755362961778e+02
9.998004785384208617e+02
1.003533928569764157e+03
1.016108018141234197e+03
1.016782721158871368e+03
1.017703091941934531e+03
1.035686772374690463e+03
1.039905557910050447e+03
1.045726617278312688e+03
1.046205352752810313e+03
1.049577034499463252e+03
1.053091916886587114e+03
1.061576021498763112e+03
1.065931040976768372e+03
1.067984516827690868e+03
1.069920192151745823e+03
1.070760862578345495e+03
1.071637799833817098e+03
1.074125844295032493e+03
1.075401983335950490e+03
1.077552459620711488e+03
1.087102302332778663e+03
1.087463837283092062e+03
1.091148953764928365e+03
1.092922061695226830e+03
1.095509506601014891e+03
1.096737745427697064e+03
1.097954517536427602e+03
1.098810221363598430e+03
1.108436097749062583e+03
1.109199834498240307e+03
1.110724307983177823e+03
1.113571054048700944e+03
1.120029582934738983e+03
1.122005425105108088e+03
1.122318426505019943e+03
1.129877093644805427e+03
1.132006769836537160e+03
1.133888744920415093e+03
1.133987178693997748e+03
1.134271313298134828e+03
1.144718026688160080e+03
1.145051761514136160e+03
1.146524568101324803e+03
1.146549068210902533e+03
1.146551701556013541e+03
1.146571701645464827e+03
1.150343185180247701e+03
1.152861796444841048e+03
1.152990563687424583e+03
1.155885576635489997e+03
1.156151277823849341e+03
1.156565713010761328e+03
1.156746480485918028e+03
1.157206449209813854e+03
1.158079153113018265e+03
1.159065257523411219e+03
1.160328729841010045e+03
1.161354101093692179e+03
1.162677407012232607e+03
1.163109375610896905e+03
1.163626711258035357e+03
1.164443581578188514e+03
1.165289652028940054e+03
1.165734987354054056e+03
1.167961430645247447e+03
1.170977777469316834e+03
1.171587946864991409e+03
1.172112849212639048e+03
1.174107991469328681e+03
1.174705627475613937e+03
1.178520744538883037e+03
1.178659611826639320e+03
1.178993846654851723e+03
1.184587571673018601e+03
1.184799739288613864e+03
1.185022806952959854e+03
1.187210650071512191e+03
1.187564184986045120e+03
1.189581927343814641e+03
1.190023229317556115e+03
1.190032362691738854e+03
1.192031571633283647e+03
1.193068542937847496e+03
1.193147309956802928e+03
1.193911780042593591e+03
1.194153714457988599e+03
1.198002631672430653e+03
1.198273199549223136e+03
1.198962502632159840e+03
1.200397509050285407e+03
1.206197301656764921e+03
1.211383924854152156e+03
1.217420785187593310e+03
1.218048421328055383e+03
1.222698308791536419e+03
1.223388878546804790e+03
1.225954923356879817e+03
1.227040228210951000e+03
1.230371676444324521e+03
1.231163846654005283e+03
1.231667248905492670e+03
1.231690649010150764e+03
1.234499128237857121e+03
1.235468232572216266e+03
1.238043844091745541e+03
1.238505846158068834e+03
1.239831885422167943e+03
1.243339767777983752e+03
1.244681173777477625e+03
1.245341043395438419e+03
1.245475777331374957e+03
1.246592215658024998e+03
1.247438152774847140e+03
1.249010493140537847e+03
1.249284094364230668e+03
1.249344361300443779e+03
1.250386399294334979e+03
1.250736434193214109e+03
1.252798910084389718e+03
1.254431250718434057e+03
1.254592018104139470e+03
1.254991786558786998e+03
1.256890961719593406e+03
1.259337672662609521e+03
1.259497573377771914e+03
1.260554278103927800e+03
1.262063984856153866e+03
1.263068122680535225e+03
1.263335657210427598e+03
1.263782192540908909e+03
1.267115574116262678e+03
1.268206612329309564e+03
1.268671447741638758e+03
1.268922882199522974e+03
1.269507151479358299e+03
1.272107296441947710e+03
1.273354168685302056e+03
1.274063071855900944e+03
1.277482020480623760e+03
1.277521387323360159e+03
1.279357595535877408e+03
1.284260917466187948e+03
1.285412655950719454e+03
1.285474022891852428e+03
1.285827657806832349e+03
1.292172319516928155e+03
1.292517954396127834e+03
1.294292595666617899e+03
1.295547134610928424e+03
1.301313893736331011e+03
1.305458412272861779e+03
1.305715846757581630e+03
1.309396696553668335e+03
1.310628968731723262e+03
1.312759644927927638e+03
1.320136244586741668e+03
1.321028115242336753e+03
1.321182915934689390e+03
1.322885156881365901e+03
1.323891828050411050e+03
1.327993346394621767e+03
1.329954188497902805e+03
1.331628462652829967e+03
1.332268832183576023e+03
1.334456941969987383e+03
1.334897677274527723e+03
1.337601556034404211e+03
1.338386392877952858e+03
1.338495360031979772e+03
1.340327534893124266e+03
1.340552369232038700e+03
1.340881270703064047e+03
1.342111909540480610e+03
1.348377304229384436e+03
1.349454942382499212e+03
1.350934282332241764e+03
1.355842137616161381e+03
1.357232843836152369e+03
1.359316919823935223e+03
1.363545905404915175e+03
1.365149179242290757e+03
1.365805115509326015e+03
1.369976134164379800e+03
1.374199819721655103e+03
1.374788089019380550e+03
1.375436658586801514e+03
1.376062528052695370e+03
1.378097037152121629e+03
1.380940916538156671e+03
1.381374751811836177e+03
1.383893296409464710e+03
1.387797147202932365e+03
1.389287320534461060e+03
1.389668122237612579e+03
1.390983128119030653e+03
1.391262129366875342e+03
1.392579268591168557e+03
1.393811407435293859e+03
1.396236584948667542e+03
1.396691120314929094e+03
1.399081164337833343e+03
1.400591971094979272e+03
1.400894039112657538e+03
1.401021839684250835e+03
1.401501508496256292e+03
1.404869656893772799e+03
1.407527935449700408e+03
1.407549802214167130e+03
1.408001770902282487e+03
1.409798845606440182e+03
1.410964950821894263e+03
1.412455290820834762e+03
1.412461057513293326e+03
1.421751965733931911e+03
1.423881875260040488e+03
1.425842017360190766e+03
1.425979484641685531e+03
1.431804777362215191e+03
1.441994522936274507e+03
1.447713915183159997e+03
1.447885749285028396e+03
1.449432022867467822e+03
1.451899533903513202e+03
1.456203286485558237e+03
1.457873427288665653e+03
1.459236300050837144e+03
1.459842402761656558e+03
1.459882469607523944e+03
1.460615506219393865e+03
1.465384694216451635e+03
1.466239531373079444e+03
1.467277636016045562e+03
1.467899772131908321e+03
1.467988372528177251e+03
1.468060806185473211e+03
1.470995285976722244e+03
1.472727560391058205e+03
1.472981894861912906e+03
1.481750367412602827e+03
1.484088111201592483e+03
1.484576613386438567e+03
1.489519468826897764e+03
1.490390339388568918e+03
1.492507848859217802e+03
1.492537682325982587e+03
1.493052884630246353e+03
1.493411552901071673e+03
1.499172245332674038e+03
1.500674618718767761e+03
1.505086805119120982e+03
1.505102505189340036e+03
1.505769208171196851e+03
1.508601487505350406e+03
1.509113589795749022e+03
1.509365490922387153e+03
1.511015131633806959e+03
1.512025236151541321e+03
1.512304937402516771e+03
1.513156241210008375e+03
1.514289446278314927e+03
1.518094029961139768e+03
1.518396164645782846e+03
1.519773470805841953e+03
1.522208848364835603e+03
1.523429353823596784e+03
1.523573521135057945e+03
1.525084427892650865e+03
1.525500629754130841e+03
1.537346549402164101e+03
1.540782931438191781e+03
1.541794035960398560e+03
1.541918336516337831e+03
1.542521505880704581e+03
1.543684744416670583e+03
1.545281951560245716e+03
1.545420485513177937e+03
1.548048330599657447e+03
1.554323291998015293e+03
1.555456863734628769e+03
1.556123233381661294e+03
1.556888636804959788e+03
1.557418872509794255e+03
1.557778607452057031e+03
1.558394910208496640e+03
1.561103888991183112e+03
1.561419590403170787e+03
1.562872930236626644e+03
1.564562971128737900e+03
1.566916614988841047e+03
1.570157596150930203e+03
1.572881074998468875e+03
1.574516582313343179e+03
1.575385386199104460e+03
1.576901459646472404e+03
1.577452928779607873e+03
1.577719563305475049e+03
1.578570633778589809e+03
1.580303374861679231e+03
1.582684085509506303e+03
1.583866557464827793e+03
1.588791979493981898e+03
1.591036822867470391e+03
1.592279095090250848e+03
1.592822897522429685e+03
1.594789472984686654e+03
1.595057607517262795e+03
1.595383408974423446e+03
1.596208912666522792e+03
1.599728328407255731e+03
1.603183977196121305e+03
1.604732884123671738e+03
1.605072785643895259e+03
1.607298562265440069e+03
1.608946469635774292e+03
1.609671606212310962e+03
1.610985378754879548e+03
1.612127983865228543e+03
1.617518241306711616e+03
1.619984119002118405e+03
1.620279586990277949e+03
1.620299820414106080e+03
1.620794422626235018e+03
1.620966823397304552e+03
1.622304929382038836e+03
1.626332914064034185e+03
1.630479899278263929e+03
1.632556141897678344e+03
1.632629308891587470e+03
1.635470521599029098e+03
1.635641689031249143e+03
1.637354130023545849e+03
1.640423810419485108e+03
1.643240756351726077e+03
1.643921892731470052e+03
1.645080564580344571e+03
1.647010273211046297e+03
1.647424075061792337e+03
1.650745023248204006e+03
1.651264825573041207e+03
1.652117962722066068e+03
1.652647465090287142e+03
1.652883632813224040e+03
1.662118640783846331e+03
1.663377213079529838e+03
1.663608947449304651e+03
1.666262459317246339e+03
1.667235497002531247e+03
1.668565902952826946e+03
1.674748230603543561e+03
1.676342604401113022e+03
1.677991511775919435e+03
1.678940282686003457e+03
1.679797653187295282e+03
1.682997667499491854e+03
1.684954476251400138e+03
1.686693084027395344e+03
1.689224528682719892e+03
1.692360076039918567e+03
1.692382909475375527e+03
1.695281922441331062e+03
1.696655861919665540e+03
1.698448036601907688e+03
1.699712575590944198e+03
1.704622030882019772e+03
1.705498134800430762e+03
1.706163771110850348e+03
1.707078108533595469e+03
1.710700858069826154e+03
1.714486275000260321e+03
1.714845609940733993e+03
1.715023977405156757e+03
1.717947190479348137e+03
1.724607853602773503e+03
1.728466404193634162e+03
1.731002515536497185e+03
1.732229421023882878e+03
1.732233121040431342e+03
1.737186276526957727e+03
1.737379644058468784e+03
1.739930188799219195e+03
1.740230890144118348e+03
1.740690325532295674e+03
1.740857326279213339e+03
1.741234427965816167e+03
1.744582309606022136e+03
1.745278712720714111e+03
1.748015424960772862e+03
1.751860942160008108e+03
1.758314804358507445e+03
1.762868591392175176e+03
1.766790675600526129e+03
1.770971294298516341e+03
1.772186399733125882e+03
1.779630966362592062e+03
1.790074813073129235e+03
1.800501826375044857e+03
1.808269061114324131e+03
1.808587462538387626e+03
1.815754894595024552e+03
1.818314939378264171e+03
1.826250041535004129e+03
1.827010744937281515e+03
1.831063896398502720e+03
1.835218748314583536e+03
1.836363120099500293e+03
1.839070798876372692e+03
1.841297542168907512e+03
1.843108350267821606e+03
1.843947287353335923e+03
1.846286597815999130e+03
1.850509216701836749e+03
1.854972303329843498e+03
1.863768376003976300e+03
1.863988110320080523e+03
1.867089857526106698e+03
1.871654244607183728e+03
1.873411485799851107e+03
1.873847954418641621e+03
1.877946106081128164e+03
1.879036077622737821e+03
1.879642747002758597e+03
1.880809585554825389e+03
1.887491082104762427e+03
1.889261823357809135e+03
1.893497508968755255e+03
1.894228645572127562e+03
1.897921628755814481e+03
1.898048529323382354e+03
1.900362573006372031e+03
1.904355457531380125e+03
1.908254241635520430e+03
1.919542192121346716e+03
1.921102599100331645e+03
1.926906191723806614e+03
1.926922791798051321e+03
1.936925603202706498e+03
1.938648810909824306e+03
1.949577093120352629e+03
1.967743074368456519e+03
1.967940741919199581e+03
1.970080418155656844e+03
1.971761159006173330e+03
1.978857490744811003e+03
1.983551345071602100e+03
1.985380353251917313e+03
1.993811924295801191e+03
1.995329131081571404e+03
1.998336611199317531e+03
1.999842584601512954e+03
2.000731155242348450e+03
2.001528825476628526e+03
2.005589310303981620e+03
2.013686313184829260e+03
2.014269549126709535e+03
2.019962641255966673e+03
2.021161613285085423e+03
2.021259013720713028e+03
2.023703424653441971e+03
2.025916801219527088e+03
2.026754904967981020e+03
2.033987837317570438e+03
2.036342314514733971e+03
2.038875325843732071e+03
2.051218181047663620e+03
2.051276347974484452e+03
2.064541507303459184e+03
2.072648643562961752e+03
2.091222726636317930e+03
2.095061777139963397e+03
2.115665269289936077e+03
2.115854770137486867e+03
2.118590349039142893e+03
2.118641082599384390e+03
2.119929021693078994e+03
2.120991359777763137e+03
2.138290837150392690e+03
2.144407597841191546e+03
2.146460107021124259e+03
2.159248064215792510e+03
2.159380898143231207e+03
2.159851633581948136e+03
2.165087090331078798e+03
2.175697104451473479e+03
2.176591441784767085e+03
2.180383092076413504e+03
2.182811169602757673e+03
2.191261407396796130e+03
2.195738994089655080e+03
2.200771549931302616e+03
2.202104389225814884e+03
2.212835003885600599e+03
2.213901308654692912e+03
2.215482215725365222e+03
2.217486124687930896e+03
2.220767306029817064e+03
2.220876739852597893e+03
2.221245141500289265e+03
2.232439191566142199e+03
2.233752197438615440e+03
2.234966602870093993e+03
2.236431876090256083e+03
2.237156745998933275e+03
2.238671019438250823e+03
2.243411473973463217e+03
2.244317011356850344e+03
2.246568421426375153e+03
2.248146961819795706e+03
2.253211984473319262e+03
2.257688637828670380e+03
2.258410174389106032e+03
2.261513354934876133e+03
2.261897489986269193e+03
2.266391043417206674e+03
2.268277618521658496e+03
2.270931230390047403e+03
2.273477908446837318e+03
2.281159476136300327e+03
2.282959617520841221e+03
2.284397790619796069e+03
2.288515875704769314e+03
2.292491793487226460e+03
2.292973528975141562e+03
2.294087667291504658e+03
2.296196143388418022e+03
2.296488378028782790e+03
2.301898402225340305e+03
2.306385222292828985e+03
2.306610256632637629e+03
2.310145239109659542e+03
2.310759308522777701e+03
2.314216290650940209e+03
2.314267424212970582e+03
2.315916298254294361e+03
2.320817320174318411e+03
2.322727962053076226e+03
2.326409778520153395e+03
2.328899722989866405e+03
2.329210957715210043e+03
2.330846698364460735e+03
2.333708244496177940e+03
2.334315113877093154e+03
2.335027683730757872e+03
2.335806387213541257e+03
2.336676224437258043e+03
2.337524428230884496e+03
2.338553132831808398e+03
2.341096610874286398e+03
2.347062637557587550e+03
2.347330105420515338e+03
2.349240613965343982e+03
2.353754734154933431e+03
2.356056011114156718e+03
2.357405217148536849e+03
2.360621231532294587e+03
2.362349572595705013e+03
2.363694211942993206e+03
2.365272052333283227e+03
2.366250956711473464e+03
2.366464957668601528e+03
2.380207219131435522e+03
2.380827221904423368e+03
2.382919597929328575e+03
2.382930531311562390e+03
2.387886720144988431e+03
2.388107221131188453e+03
2.391816971056532111e+03
2.394681150533360324e+03
2.394769984264005871e+03
2.395539721040018776e+03
2.398609201435063824e+03
2.410504054635287503e+03
2.414227137953599140e+03
2.415855011900998761e+03
2.421991739347766725e+03
2.422083073089594109e+03
2.423082677560366392e+03
2.427301763097068488e+03
2.431730782906042805e+03
2.434731529660340129e+03
2.437300307815973611e+03
2.437568275681137948e+03
2.443489802165410310e+03
2.444187538619398765e+03
2.445681611968370362e+03
2.445987013334291078e+03
2.448962059973643591e+03
2.455287354930454057e+03
2.474709841798331126e+03
2.475356244689395226e+03
2.480494901005582051e+03
2.483513481172973570e+03
2.503851872137269766e+03
2.518640638280638996e+03
2.523310892501877788e+03
2.523687760854103544e+03
2.523850794916613722e+03
2.532956202307591866e+03
2.533968706836060846e+03
2.534940344515083780e+03
2.541502240530102426e+03
2.543415149085665234e+03
2.545007556207771813e+03
2.547106665596125367e+03
2.551171817111017390e+03
2.552304722177982512e+03
2.560201157495116604e+03
2.563051236908881492e+03
2.565712748812603877e+03
2.574266820404377086e+03
2.575803260609502559e+03
2.578044470633407400e+03
2.586915510309499950e+03
2.593686307258836223e+03
2.594351543567466706e+03
2.594417643863102967e+03
2.595759983200104671e+03
2.596275218837850844e+03
2.597490757607731666e+03
2.604336488225545509e+03
2.609763312497242168e+03
2.610911350965224756e+03
2.617493013735317618e+03
2.619983158205925520e+03
2.635316093449780055e+03
2.638228306474773490e+03
2.638656308389030073e+03
2.639324244709735922e+03
2.641843389310047769e+03
2.642090457081735622e+03
2.644884269577177747e+03
2.654699246808403586e+03
2.658468363665935158e+03
2.663160151316816155e+03
2.664423090298696479e+03
2.667249769607803501e+03
2.667901639189983598e+03
2.667978339533029157e+03
2.670611684644107754e+03
2.678795187911831817e+03
2.678896721699279169e+03
2.679319190255454032e+03
2.681014597838234749e+03
2.685202483235392265e+03
2.686230954501939323e+03
2.690971742371976234e+03
2.695628729867212314e+03
2.698167507888668752e+03
2.698249041586665044e+03
2.699487280458073201e+03
