3.486889151274284337e+00
4.237759176238252046e+00
1.286856444453911941e+01
1.472077272861742081e+01
1.575024399963700539e+01
1.630674648861744913e+01
1.663434795382857700e+01
1.724011732982388168e+01
1.778595310443033384e+01
1.778991978883815861e+01
1.785425340990628129e+01
1.795835387549992390e+01
1.800482074999161242e+01
1.805292096512181743e+01
1.809872116996513114e+01
1.813602133679167494e+01
1.816015477806282519e+01
1.821092167178652588e+01
1.821905504149669142e+01
1.822432173171884884e+01
1.823722178941489247e+01
1.838052243033294886e+01
1.838452244822319415e+01
1.840202252649301684e+01
1.849362293617964781e+01
1.850328964608107185e+01
1.855212319782449271e+01
1.858739002222349157e+01
1.864862362942666962e+01
1.872125728761704977e+01
1.886865794687260589e+01
1.890935812890585765e+01
1.895579166991512565e+01
1.924825964465692962e+01
1.933042667881906240e+01
1.940872702902062130e+01
1.949659408867635335e+01
1.962862801253688261e+01
1.963942806084054382e+01
1.966952819546464681e+01
1.971492839851893564e+01
1.971912841730369337e+01
1.981792885919276159e+01
1.982116220698737763e+01
1.987209576812317380e+01
1.991876264350937475e+01
2.007843002429501666e+01
2.011183017367856962e+01
2.011489685406109373e+01
2.020699726598400048e+01
2.024169742118188609e+01
2.026536419369917397e+01
2.033469783713009704e+01
2.033819785278406300e+01
2.034209787022705385e+01
2.035659793507919346e+01
2.037459801558529904e+01
2.048939852903535197e+01
2.049299854513657593e+01
2.061963244484526925e+01
2.072076623050364930e+01
2.073846630966798799e+01
2.084840013468491193e+01
2.092306713530282991e+01
2.106686777845716563e+01
2.107083446286499040e+01
2.113733476029032943e+01
2.117116824494532423e+01
2.121860179042715799e+01
2.198857190081704616e+01
2.214647260703450016e+01
2.215640598479527412e+01
2.779746454799678546e+01
3.002597451509995707e+01
3.233361816946515432e+01
3.420732654970352371e+01
3.422639330164702898e+01
3.424179337052447636e+01
3.873494679967270571e+01
3.886921406685529234e+01
4.558457743492955672e+01
4.558854411933737794e+01
4.758951973545040914e+01
5.153307070647887400e+01
5.158540427387625016e+01
5.159930433604485245e+01
5.374281392298031079e+01
5.454908419572417699e+01
5.544255485847541109e+01
5.666932701193136523e+01
5.986024128342766204e+01
6.601473547632463124e+01
6.662540487423548541e+01
6.898004873881107812e+01
7.159326042650862121e+01
7.163152726432531381e+01
7.163472727863751288e+01
7.180232802823880434e+01
7.180539470862133555e+01
7.189556177856394470e+01
7.190692849606874404e+01
7.191099518092381970e+01
7.192029522251864648e+01
7.192616191542433057e+01
7.193106193733987652e+01
7.193336194762677849e+01
7.202539569258485130e+01
7.207702925685143214e+01
7.208029593812847224e+01
7.214059620782393267e+01
7.214406288999548167e+01
7.215492960526397326e+01
7.225636339226412019e+01
7.238659730807404458e+01
7.239016399069284091e+01
7.259923159242302404e+01
7.260233160628796156e+01
7.349770227753705854e+01
7.672198336493450199e+01
7.672578338193022773e+01
7.673001673419740598e+01
7.716185199893185143e+01
7.743508655431806176e+01
7.751465357685152924e+01
7.795562221576871309e+01
7.800765578182432591e+01
7.962819636309255600e+01
8.376238152007366011e+01
8.376648153841114208e+01
8.376998155406511160e+01
8.431528399295287102e+01
8.547142249716355877e+01
8.697532922344872475e+01
8.759429865848183283e+01
8.759869867816109945e+01
8.760379870097116850e+01
9.052451176398136568e+01
9.170538371214675522e+01
9.245895374918663379e+01
9.252875406137141567e+01
9.288298897903510465e+01
9.541146695442428438e+01
9.712897463604856796e+01
9.714374136876006105e+01
9.896898286556161395e+01
9.898198292370491913e+01
9.935981794692105495e+01
1.014796274278567836e+02
1.014936941574374885e+02
1.023634647141890213e+02
1.023685314035166556e+02
1.033506691295016680e+02
1.080044232769432568e+02
1.080076232912554701e+02
1.080109233060149165e+02
1.083743249313437360e+02
1.083781916153043170e+02
1.122627423224516576e+02
1.122692090180408826e+02
1.125016433909465832e+02
1.125061100775906766e+02
1.129653121313909026e+02
1.168554628635845773e+02
1.168599628837111055e+02
1.169219964944923333e+02
1.171866643448969398e+02
1.171931977074509916e+02
1.172220645032256101e+02
1.172266311903169651e+02
1.181397352742128106e+02
1.181441686273745120e+02
1.194678412142216786e+02
1.198581096263799850e+02
1.211242819560548725e+02
1.212603825647704809e+02
1.212648825848969949e+02
1.224204544199065907e+02
1.244224633739745940e+02
1.267837072680690795e+02
1.267897072949044457e+02
1.278481120286634791e+02
1.278536787202274070e+02
1.281580467481927030e+02
1.292933851593741394e+02
1.304871238317531379e+02
1.304936238608247834e+02
1.306918580807688954e+02
1.312127937440085361e+02
1.312177937663713863e+02
1.312511272487900840e+02
1.313321942780324036e+02
1.313361276289577972e+02
1.344585415940836413e+02
1.354330792860771737e+02
1.354361459664597191e+02
1.354404126522093179e+02
1.354863461909822888e+02
1.370851533417135499e+02
1.381220246458300664e+02
1.381262913315796652e+02
1.381341246999480461e+02
1.384624595017724005e+02
1.427963788854064262e+02
1.428938126545163243e+02
1.437799166176530150e+02
1.441400848951872149e+02
1.442527187322800728e+02
1.442567520836527422e+02
1.446274204081488506e+02
1.446318204278281030e+02
1.446371204515326951e+02
1.446407538011163467e+02
1.493022746499615039e+02
1.542151632897261777e+02
1.542208966487021939e+02
1.542257300036528989e+02
1.542297300215431619e+02
1.542414300738721238e+02
1.545389647379415976e+02
1.547413656431880042e+02
1.548848996184830185e+02
1.552908681008605072e+02
1.553353682998894953e+02
1.585558493702912131e+02
1.585584160484374650e+02
1.585912828621022754e+02
1.587334834981005258e+02
1.592635525355229333e+02
1.592668858837647861e+02
1.594201532359260511e+02
1.594251199248064665e+02
1.616167963938369496e+02
1.633683375610107191e+02
1.635542717259423284e+02
1.637649060013461906e+02
1.645018759641415329e+02
1.721040432984833046e+02
1.722184104766618873e+02
1.731118478059307222e+02
1.749888562009285238e+02
1.752117238643800761e+02
1.752280572707652482e+02
1.810727500780626542e+02
1.875350456476140266e+02
1.875387123306801129e+02
1.875514457209640398e+02
1.876855463207345451e+02
1.876958463668019306e+02
1.881793485292853916e+02
1.881831152127986968e+02
1.886016837515305156e+02
1.890928192814878344e+02
1.891493862011523959e+02
1.893694871855631732e+02
1.893867872629384976e+02
1.894124540444009028e+02
1.894582209157617854e+02
1.898331892594898989e+02
1.898672560785218195e+02
1.900138900676817570e+02
1.900323901504241348e+02
1.900449235398135954e+02
1.900542902483732632e+02
1.900657569663252673e+02
1.900944570946878116e+02
1.900969237723867877e+02
1.901078238211376856e+02
1.901232572234975748e+02
1.902879579601284377e+02
1.919476653832386432e+02
1.919676654726899017e+02
1.954439476871728232e+02
1.964437854923221494e+02
2.001936689304978927e+02
2.036041841841687017e+02
2.117618540030183283e+02
2.127240583065169517e+02
2.165861755799964783e+02
2.165899422635097835e+02
2.168000432031949458e+02
2.168037432197434384e+02
2.169636772683884374e+02
2.172742119906011737e+02
2.179340816085620247e+02
2.227806699517959146e+02
2.235917069125256376e+02
2.235962069326521657e+02
2.297263676833835007e+02
2.322453789497657510e+02
2.322486122975603848e+02
2.322520456462495133e+02
2.323146459262318615e+02
2.323315793353005461e+02
2.323513127568924403e+02
2.323882462554123833e+02
2.324555798898981607e+02
2.324692799511722683e+02
2.325327802351798994e+02
2.325624803680150023e+02
2.326017138768218331e+02
2.327187144001115087e+02
2.327549812289830697e+02
2.327588479129436507e+02
2.329832155831039984e+02
2.379187043239485604e+02
2.397560125413857293e+02
2.400487471839868761e+02
2.417670882026716299e+02
2.458084396111165688e+02
2.483519176535941995e+02
2.483738510850257057e+02
2.483802511136500755e+02
2.483842511315403669e+02
2.486193855165219588e+02
2.487272526656289244e+02
2.487516527747594353e+02
2.487607861489421452e+02
2.487641861641488674e+02
2.487937862965366662e+02
2.488227530927585462e+02
2.488259531070707453e+02
2.493720555495365261e+02
2.596655015874005130e+02
2.596694016048434719e+02
2.601792038849552569e+02
2.617707776700016780e+02
2.630299166348862059e+02
2.630431166939239915e+02
2.630474833801208661e+02
2.636347526733737823e+02
2.636378526872387056e+02
2.636428527096015273e+02
2.647312909110198120e+02
2.659545297153393903e+02
2.664447319077890484e+02
2.666570995242786353e+02
2.668657004572549454e+02
2.668690671389792328e+02
2.669132340031840727e+02
2.669163340170489391e+02
2.686201416373991719e+02
2.714279208619747692e+02
2.754296387598238312e+02
2.754329054411009565e+02
2.789092543225486338e+02
2.789302877499549140e+02
2.790751883980290131e+02
2.790781550779642544e+02
2.790820884288897332e+02
2.793709897210127338e+02
2.841074109048527134e+02
2.862806872915880376e+02
2.880551285611835510e+02
2.884108968190384417e+02
2.957746297536391467e+02
2.990451110476689109e+02
2.993644124757578311e+02
3.002269496668244528e+02
3.002312496860564579e+02
3.039478329752959098e+02
3.056760740382590029e+02
3.065627113371144219e+02
3.111920653754254431e+02
3.141102117602894168e+02
3.149569822141720579e+02
3.149642489133393610e+02
3.162425212971322139e+02
3.167503902352637510e+02
3.190664672606808949e+02
3.199024709997422633e+02
3.200050047916622020e+02
3.204625068378590527e+02
3.205199737615489539e+02
3.205534072444149274e+02
3.207517747982886362e+02
3.226481166130893712e+02
3.259635981083844172e+02
3.281869413857126574e+02
3.317325239101440957e+02
3.317423906209400002e+02
3.317460239705237086e+02
3.317594573639383952e+02
3.318579578044856930e+02
3.320633587231498609e+02
3.320824588085757796e+02
3.321343257072193182e+02
3.324310270342282934e+02
3.362032439056245607e+02
3.385370543436884532e+02
3.405370966222936886e+02
3.407854977332779640e+02
3.408903648689672536e+02
3.410191321115507321e+02
3.410552989399751027e+02
3.411030324867986678e+02
3.411990995831293958e+02
3.412267997070193246e+02
3.440159455149228620e+02
3.440195788645065704e+02
3.446456816647772143e+02
3.446489483460542829e+02
3.446530150309093301e+02
3.448327491681110359e+02
3.525719837821586111e+02
3.595301815696531662e+02
3.602987516737814531e+02
3.653759077149055656e+02
3.656197421387984718e+02
3.656243754928547105e+02
3.698533277403521993e+02
3.698786278535079646e+02
3.789187016189458177e+02
3.791944695189959020e+02
3.803938748833860473e+02
3.803997082428093108e+02
3.832832211394402862e+02
3.836936563084619252e+02
3.836989896656488668e+02
3.837058563630271237e+02
3.939460354959859387e+02
3.943352705701892660e+02
3.995994274476823875e+02
4.014004355027655606e+02
4.014061355282591990e+02
4.014097355443603306e+02
4.014223689341970953e+02
4.059555225422477633e+02
4.104123091420771630e+02
4.104750760894715995e+02
4.122191838900660628e+02
4.124325515110282367e+02
4.125277186033336534e+02
4.138390244682034336e+02
4.166098701942591447e+02
4.166412370012151314e+02
4.177380085732381190e+02
4.177429419286360712e+02
4.177506419630748269e+02
4.227024307768221547e+02
4.284574898498956372e+02
4.284697565714257053e+02
4.284723232495719571e+02
4.314750700128146264e+02
4.335112791198442324e+02
4.338690473866442971e+02
4.366280263929588727e+02
4.373188294826043716e+02
4.392607715013538154e+02
4.441688267861678128e+02
4.448880300028340002e+02
4.448915966854527824e+02
4.459727681877037639e+02
4.472112070600062452e+02
4.509644905133887391e+02
4.509686238652086558e+02
4.509785572429694298e+02
4.509847906041817396e+02
4.536264690858648692e+02
4.536302024358957397e+02
4.536337024515497660e+02
4.562920810079246507e+02
4.565757489433079286e+02
4.565808489661179692e+02
4.570891512395209588e+02
4.571479515025075671e+02
4.629881442896784733e+02
4.660575580177585380e+02
4.739797934502848307e+02
4.787767815716796349e+02
4.791206497763110974e+02
4.795290516029051560e+02
4.812717927307204491e+02
4.868820178226845883e+02
4.873958867876515342e+02
4.904664005206514616e+02
4.951466547866158976e+02
4.957844909726980518e+02
4.957886576580003748e+02
4.957988243701380497e+02
4.958071577407427526e+02
4.966302614221080489e+02
4.969022959721272059e+02
4.969424961519242174e+02
4.985943035397011727e+02
5.101409218490966850e+02
5.104628566222966128e+02
5.105896905228998435e+02
5.134610366984478560e+02
5.145237081179565166e+02
5.153208116830352310e+02
5.190254282520863853e+02
5.190333616209020420e+02
5.208103029016788241e+02
5.244350191133722774e+02
5.244876860155939085e+02
5.249298213263957678e+02
5.330093907959383159e+02
5.330171574973419411e+02
5.330207908469254789e+02
5.387785832655573586e+02
5.393697525762532905e+02
5.393983527041685875e+02
5.410809935631829148e+02
5.422683655404199499e+02
5.423963994463900917e+02
5.478706905970508387e+02
5.484544932081322486e+02
5.489694288445364236e+02
5.555615916615911374e+02
5.578781686892446032e+02
5.578869353951206449e+02
5.581506032410527496e+02
5.581538365888474118e+02
5.595085759813088089e+02
5.609627491518252782e+02
5.609694825152737394e+02
5.629527247187401144e+02
5.629532247209763227e+02
5.634937938053606103e+02
5.634987604942409689e+02
5.635025605112367657e+02
5.635392273418973446e+02
5.635906609052693739e+02
5.635936609186871920e+02
5.635965942651399700e+02
5.635974276022003551e+02
5.636804946403877921e+02
5.637982285002907474e+02
5.679876139041572287e+02
5.708982269219945920e+02
5.716614303354534741e+02
5.723054332157830686e+02
5.737246062297598428e+02
5.741051412650518841e+02
5.741117746280532401e+02
5.741210746696478964e+02
5.742626753029626343e+02
5.742752420258345865e+02
5.742851754035953036e+02
5.743804424963479960e+02
5.743904425410736394e+02
5.744029425969806653e+02
5.749800118446135002e+02
5.752409796784695573e+02
5.752455463655609265e+02
5.787017951571102685e+02
5.787140285451578166e+02
5.819704764430892965e+02
5.826748129265968146e+02
5.826994797035866895e+02
5.827056130643517236e+02
5.884954389595878865e+02
5.898644450825245258e+02
5.898688117687214572e+02
5.898713451133852459e+02
5.898720784499984120e+02
5.998181896010593164e+02
6.037161737016214147e+02
6.045230773105312210e+02
6.070904554599030689e+02
6.084219947486010369e+02
6.093431655352421785e+02
6.138346189567871534e+02
6.138762858098104971e+02
6.170299332479627310e+02
6.232635944616041570e+02
6.251952364342861301e+02
6.252003364570963413e+02
6.303905930040670000e+02
6.304650600037905406e+02
6.304689600212335563e+02
6.308254282822192636e+02
6.308305283050292473e+02
6.311579297693458557e+02
6.347346457663564934e+02
6.347580125375319540e+02
6.399191689543512211e+02
6.400219694141304672e+02
6.421063787367374971e+02
6.421097120849793782e+02
6.421167454497698373e+02
6.422661794514528992e+02
6.422706461380969358e+02
6.422748128233993157e+02
6.437398860426667397e+02
6.473216687290048412e+02
6.477585373495845715e+02
6.536156968793065971e+02
6.540640322178383030e+02
6.542034661747957216e+02
6.543287000682428243e+02
6.544095004296258367e+02
6.544130004452798630e+02
6.544176337993359311e+02
6.591143548056153350e+02
6.591175548199274772e+02
6.619865009847414967e+02
6.682713624273781079e+02
6.725039813579415977e+02
6.727582824953140062e+02
6.777232047011342502e+02
6.860767087291937969e+02
6.860813087497675724e+02
6.860883754480403240e+02
6.865538108630529450e+02
6.900984600499766657e+02
6.955818845748200374e+02
6.957878854961676325e+02
6.957910188435150758e+02
6.980251621691469381e+02
6.997088696995987220e+02
6.999858042715333113e+02
7.008765749222086470e+02
7.016391116660191756e+02
7.016433783517687743e+02
7.036062537974771658e+02
7.046190916607697545e+02
7.048451260050511564e+02
7.048498260260722645e+02
7.058168636845214223e+02
7.119672578590809735e+02
7.225888386978747349e+02
7.234275091155295740e+02
7.272191594071759937e+02
7.277880952850986205e+02
7.277913952998580953e+02
7.283392310834096861e+02
7.298888713475732857e+02
7.407296198332700214e+02
7.407485199178014454e+02
7.407532199388225536e+02
7.407735533630979035e+02
7.407817867332553305e+02
7.514166676315342102e+02
7.554624523931408930e+02
7.591867023833366375e+02
7.592314025832600919e+02
7.592429026346945875e+02
7.592507360030630252e+02
7.598474386718403366e+02
7.603490075817948082e+02
7.611484778241251661e+02
7.611613112148563687e+02
7.612793784095835008e+02
7.612847451002529624e+02
7.627875184881357882e+02
7.632610872728585036e+02
7.659101991211209679e+02
7.675175396433514834e+02
7.713790235806650344e+02
7.727971965901692784e+02
7.806316649634869691e+02
7.809954999240873121e+02
7.809985999379522355e+02
7.898690729448437651e+02
7.912594124965282845e+02
7.913184794273742000e+02
7.979614758051175158e+02
7.979687091708024127e+02
7.990079138186881664e+02
7.990117471691662558e+02
8.023584621374877770e+02
8.038256353661474805e+02
8.059434448381381344e+02
8.059696782888015605e+02
8.059837116848998448e+02
8.080486542537744299e+02
8.122376063223695155e+02
8.122429063460739371e+02
8.132483441762697112e+02
8.133189111585501223e+02
8.133382779118353483e+02
8.133554446552810759e+02
8.133638780263329409e+02
8.142714154186649012e+02
8.143157489502817725e+02
8.143864492664919226e+02
8.161148903303494535e+02
8.161241903719443371e+02
8.173760293041791556e+02
8.173910293712675639e+02
8.175269299790887771e+02
8.175307966630491592e+02
8.227095198251031434e+02
8.227124531715560352e+02
8.227158198532803226e+02
8.230255879053974013e+02
8.261804353489167170e+02
8.317648936589712321e+02
8.317693603456152687e+02
8.343858053811075024e+02
8.362702138092023461e+02
8.392618938562818585e+02
8.425224417725509056e+02
8.425544752491553027e+02
8.426016754602602532e+02
8.442942163635528914e+02
8.446192511506177425e+02
8.446225511653771036e+02
8.447734518402867252e+02
8.465821599298085403e+02
8.465862932816285138e+02
8.467257605720683387e+02
8.499084748068897852e+02
8.499114414868250833e+02
8.510641466423465999e+02
8.512612141904060081e+02
8.512673808846534484e+02
8.512726475748755774e+02
8.513759147034087391e+02
8.515111486415815989e+02
8.516789827255597629e+02
8.517355496452242960e+02
8.526006868479196328e+02
8.526165202520685398e+02
8.545155620789450950e+02
8.553878326468781097e+02
8.574642752671870767e+02
8.647539745373358073e+02
8.647815746607784604e+02
8.739033821251069867e+02
8.781672678621793011e+02
8.781714345474816810e+02
8.794832070811053200e+02
8.794886737722220005e+02
8.794927071235946414e+02
8.838902267916836308e+02
8.840533275211583941e+02
8.840644609042861930e+02
8.887527485395135045e+02
8.887553485511422195e+02
8.887590152342083911e+02
8.887704486186779604e+02
8.911804927310334961e+02
8.912185929014381145e+02
8.999838321043334872e+02
8.999883321244600438e+02
9.044860189072172716e+02
9.044903522599317967e+02
9.078407672448015546e+02
9.147367314206203446e+02
9.159599368914575734e+02
9.159631702392522357e+02
9.160137371320813600e+02
9.169802747882944232e+02
9.169879414892507157e+02
9.170453750794581538e+02
9.253657122925110343e+02
9.253729789916784512e+02
9.256567135940265416e+02
9.256598136078914649e+02
9.257771474660054309e+02
9.289483949828745608e+02
9.289588950298365262e+02
9.324695107312106757e+02
9.324767774303779788e+02
9.421695541150567124e+02
9.424347553011799619e+02
9.425037889432691145e+02
9.425360557542504694e+02
9.436737608426835777e+02
9.453427683073886101e+02
9.474296776411771361e+02
9.474335776586200382e+02
9.476032450841313448e+02
9.476106451172282732e+02
9.476152784712845687e+02
9.541422743302106255e+02
9.565622851538092846e+02
9.573364219495015277e+02
9.592810639803268487e+02
9.594495314004711872e+02
9.614223068904578895e+02
9.614672737582407080e+02
9.614880738512699736e+02
9.615035072536298912e+02
9.636835503372961966e+02
9.636872503538446608e+02
9.670503653955161099e+02
9.745932991315997924e+02
9.745976324843142038e+02
9.746112325451410925e+02
9.754882364675775079e+02
9.759769386533182569e+02
9.879995590916530546e+02
9.957355936913883170e+02
9.970939664334332520e+02
9.971066664902348293e+02
9.984332057565700325e+02
1.004548199772800785e+03
1.004990001748778468e+03
1.005286836409717125e+03
1.014143142686580632e+03
1.014147776040636813e+03
1.015889850498803753e+03
1.016076984669102330e+03
1.020266336739486405e+03
1.026658398661581714e+03
1.035112403139133676e+03
1.043105338887869948e+03
1.043437373706242852e+03
1.043441007055826276e+03
1.044941713767799456e+03
1.044945447117830099e+03
1.044949247134825782e+03
1.045425015929388110e+03
1.045428882613348833e+03
1.045438582656732706e+03
1.045445616021522937e+03
1.052156012700716929e+03
1.052304713365786711e+03
1.053134317076223851e+03
1.054528123310079991e+03
1.054688357360066675e+03
1.055195126293278463e+03
1.055221926413143137e+03
1.055678561788796969e+03
1.062107923877718576e+03
1.068642153102329530e+03
1.069712591223241816e+03
1.069835191771577911e+03
1.070114626354693883e+03
1.070537428245692809e+03
1.070882763123550831e+03
1.070887929813325627e+03
1.070890296490577612e+03
1.070910963249677025e+03
1.071353865230574456e+03
1.071460365706902394e+03
1.071463465720767317e+03
1.073425274495038366e+03
1.073543141688870946e+03
1.073546708371489558e+03
1.073559341761326323e+03
1.075892652197153893e+03
1.075896252213255138e+03
1.075940919079696187e+03
1.076457754724598317e+03
1.078189529136697956e+03
1.078192895818422130e+03
1.080332538721397214e+03
1.080335905403121387e+03
1.086012264124204194e+03
1.089800181065819743e+03
1.091023319869692159e+03
1.091029153229115309e+03
1.091608289152658244e+03
1.091611155832146096e+03
1.091626955902812597e+03
1.091639389291754696e+03
1.091673456110786901e+03
1.092315792316995385e+03
1.092321592342936356e+03
1.102966239951563693e+03
1.106501589096892758e+03
1.121446655939323364e+03
1.126115410153853190e+03
1.126143576946497205e+03
1.126390411383807759e+03
1.135792153433488465e+03
1.135973787579188183e+03
1.136243822120262394e+03
1.136247255468951380e+03
1.138396731749239962e+03
1.138399631762210220e+03
1.138402631775627924e+03
1.139008467818588088e+03
1.139027234569189886e+03
1.141522412395642732e+03
1.142825751558214279e+03
1.142829351574315524e+03
1.151138788738617677e+03
1.172272783261284076e+03
1.172276849946139009e+03
1.172282383304220502e+03
1.173052420081575292e+03
1.175933066298718131e+03
1.176626702734369019e+03
1.193702779107828292e+03
1.196537025117444500e+03
1.196539991797379571e+03
1.200041540791536136e+03
1.200092374352224624e+03
1.200110207765318592e+03
1.200225408280557531e+03
1.202849620017453162e+03
1.206849837908593599e+03
1.206961471741213927e+03
1.211514525438268493e+03
1.211539558883564951e+03
1.212753564313254628e+03
1.212757164329355874e+03
1.213299266753931533e+03
1.214795473445777588e+03
1.214811940186092670e+03
1.217527585665262905e+03
1.218506923378724650e+03
1.219819029247172693e+03
1.219822262594967242e+03
1.225849656219401822e+03
1.225855189577483088e+03
1.225966190073937696e+03
1.225969990090933379e+03
1.230797445015258745e+03
1.242625897918504506e+03
1.242637597970833440e+03
1.242642031323995070e+03
1.242656798056706521e+03
1.245567744409368061e+03
1.245571444425916525e+03
1.245597044540414345e+03
1.246465815092692992e+03
1.246740116319516801e+03
1.248456790664080472e+03
1.256149758404530758e+03
1.256154191757692615e+03
1.258953770945593078e+03
1.259063271435338720e+03
1.260398277406208308e+03
1.261297381427488062e+03
1.261301848114132326e+03
1.261309281480711661e+03
1.261408048589118380e+03
1.261412048607008728e+03
1.262129585149553805e+03
1.266275103690557216e+03
1.272446231291181221e+03
1.278732526073561758e+03
1.286795895470648929e+03
1.287918133823239714e+03
1.287920533833973650e+03
1.287937333909112795e+03
1.294579730284172683e+03
1.296427671882501272e+03
1.297605177148942403e+03
1.297607910494500857e+03
1.297611843845425938e+03
1.297622110558010945e+03
1.297997545570493003e+03
1.301224260002107030e+03
1.301231493367791927e+03
1.302059330403660624e+03
1.304580075011128656e+03
1.305563179408103906e+03
1.305566779424205151e+03
1.305571579445673478e+03
1.307923089962901713e+03
1.308103357435822090e+03
1.309418663318582276e+03
1.309448796786688490e+03
1.313045812874491958e+03
1.314292818451776157e+03
1.315188422457402339e+03
1.317182798043996399e+03
1.321112148951514655e+03
1.326136971425241200e+03
1.329000117564114362e+03
1.329011350947689380e+03
1.329015850967816050e+03
1.331556828999112213e+03
1.334127673830655567e+03
1.334131273846756585e+03
1.334134807195893018e+03
1.334139540550396532e+03
1.339839066041760361e+03
1.341290972535472520e+03
1.341964175546400838e+03
1.342891513027289648e+03
1.343305914880719001e+03
1.343312348242825692e+03
1.343713150035428498e+03
1.343734383463729273e+03
1.346876264182587420e+03
1.352119654300533739e+03
1.359069852052247825e+03
1.359301953090329334e+03
1.359887255708119483e+03
1.359890789057255915e+03
1.361809964307513383e+03
1.361812797653519056e+03
1.362097365592927417e+03
1.362100632274204600e+03
1.362104565625129908e+03
1.362720735047639891e+03
1.363058203223646842e+03
1.371057472334043041e+03
1.371128905986866130e+03
1.371417307276753036e+03
1.371525341093271891e+03
1.371528674441513886e+03
1.371532041123238287e+03
1.372580612479683623e+03
1.373352849266878138e+03
1.373361315971412523e+03
1.373374049361696279e+03
1.373657817297526890e+03
1.373665850666789765e+03
1.375714726497138599e+03
1.376219395420957881e+03
1.376907765166386753e+03
1.377701802051082950e+03
1.378279404634434513e+03
1.379928578677100177e+03
1.383376527431527393e+03
1.383384227465966205e+03
1.390552192858321632e+03
1.393962241443238554e+03
1.394433076882402702e+03
1.395268613952710439e+03
1.395272013967917019e+03
1.395278380663059124e+03
1.395338647599272235e+03
1.395426847993752062e+03
1.395463514824412641e+03
1.395467181507478699e+03
1.400186702615732202e+03
1.401399374706125172e+03
1.404630055822147142e+03
1.404633189169494472e+03
1.404637089186937374e+03
1.405789994343353555e+03
1.405792794355876595e+03
1.412814392426931818e+03
1.414198565284368669e+03
1.414715800931060130e+03
1.414722967629779987e+03
1.414730134328500071e+03
1.414769667838648729e+03
1.419659356374649860e+03
1.419665789736756778e+03
1.420128391805763613e+03
1.420134691833940906e+03
1.420141558531319106e+03
1.426268985936492072e+03
1.426555153883056619e+03
1.428074827346526035e+03
1.428078427362627053e+03
1.428083960720708546e+03
1.428098027450289237e+03
1.428114594191051310e+03
1.428121227554052666e+03
1.428326095136998219e+03
1.428333861838401617e+03
1.428478462485134060e+03
1.428631163168094190e+03
1.437922438057039471e+03
1.437927904748156152e+03
1.442540158709986372e+03
1.442543458724745960e+03
1.442711959478372592e+03
1.442715592827956243e+03
1.443246528535921470e+03
1.443251695225696267e+03
1.443315195509703926e+03
1.443317962188744787e+03
1.444076432247700268e+03
1.445227504062583193e+03
1.445295071031446014e+03
1.445297971044416499e+03
1.445305637745372678e+03
1.445310304432911380e+03
1.445314437784731354e+03
1.446782344350004223e+03
1.447263013166481869e+03
1.447265813179005363e+03
1.447268746525458027e+03
1.448035249953676384e+03
1.450852595887706229e+03
1.453793442374097367e+03
1.454606212675912730e+03
1.454613112706773563e+03
1.455580217032187647e+03
1.455584583718384692e+03
1.455740917750928475e+03
1.455746117774185450e+03
1.455881118377981238e+03
1.455896118445069760e+03
1.456383520624996208e+03
1.456386787306273163e+03
1.456500021146049676e+03
1.456517887892626050e+03
1.458376429538363936e+03
1.458496830076860306e+03
1.459454334359337963e+03
1.460141370765470128e+03
1.462449781089931093e+03
1.463563119402715984e+03
1.463567652756324833e+03
1.472589326439467641e+03
1.474267867280144401e+03
1.476982979423595907e+03
1.477582948773650514e+03
1.478320485405646878e+03
1.478474152759597018e+03
1.478864254504343307e+03
1.480913430336034025e+03
1.480916530349898721e+03
1.493820921398655855e+03
1.499356146155178067e+03
1.501326254966571241e+03
1.501335455007718792e+03
1.501344688382348977e+03
1.501346255056022528e+03
1.509906893343832053e+03
1.510585296378017574e+03
1.511492100433736368e+03
1.511495133780636479e+03
1.512179236840315752e+03
1.514318146406677442e+03
1.514322213091532376e+03
1.516554889743938020e+03
1.516557489755566621e+03
1.517108258885571104e+03
1.517189692583119950e+03
1.519731203950135068e+03
1.519734203963552545e+03
1.520327806618465047e+03
1.526469067418841860e+03
1.527137037073030569e+03
1.527580339055716877e+03
1.529829715782814219e+03
1.532225659832106430e+03
1.535835242642781850e+03
1.539300524808066712e+03
1.539345158341025353e+03
1.539348158354443058e+03
1.541975336771273987e+03
1.545290251597367842e+03
1.551974014824109190e+03
1.551978548177718267e+03
1.552179982411974379e+03
1.552184515765583456e+03
1.555532264071859800e+03
1.555550430819778057e+03
1.557703507116167657e+03
1.557709407142555847e+03
1.561542124284542069e+03
1.561545857634572712e+03
1.564278003187540435e+03
1.564282003205430783e+03
1.567743885355508610e+03
1.575740454453828761e+03
1.576082989319163289e+03
1.576086022666063627e+03
1.576090522686190070e+03
1.586945637902809267e+03
1.586952371266257842e+03
1.586955937948876681e+03
1.586960704636862602e+03
1.589648883326519808e+03
1.589678783460249406e+03
1.592190628027911544e+03
1.598937758204730926e+03
1.598940991552525475e+03
1.598949791591884150e+03
1.599201026048874155e+03
1.599205092733729089e+03
1.599208859417242365e+03
1.599227359499984686e+03
1.599490527343680469e+03
1.599500594055371039e+03
1.600385231345281227e+03
1.600569565503056765e+03
1.600573065518710791e+03
1.605883022601047060e+03
1.605892722644430933e+03
1.606400224914255887e+03
1.606590225764042543e+03
1.608509234346887752e+03
1.608843135840276091e+03
1.608848735865322396e+03
1.613364856063857360e+03
1.613368689414335449e+03
1.613489189953279265e+03
1.613495089979667227e+03
1.613515656738319649e+03
1.614599628253093670e+03
1.616642304055712657e+03
1.617897276335294691e+03
1.618822913808580097e+03
1.619408683095123934e+03
1.621711126726232123e+03
1.633595846547800647e+03
1.633672613557810791e+03
1.633677880248033034e+03
1.633689413632949936e+03
1.636937028158040448e+03
1.642501186377301792e+03
1.642669720464411057e+03
1.642680920514503669e+03
1.642691720562807177e+03
1.644315427824905328e+03
1.644326994543304636e+03
1.644971964094624354e+03
1.644980097464334449e+03
1.644984197482672016e+03
1.644989430839411853e+03
1.645007297585988226e+03
1.645032764366555966e+03
1.645888034858455512e+03
1.645934635066876808e+03
1.645939501755309948e+03
1.652675298548106866e+03
1.655910746352114757e+03
1.658334723860121130e+03
1.662987778004431902e+03
1.665792023879871067e+03
1.675484733897584874e+03
1.675840202154098051e+03
1.677695277117664546e+03
1.677722510572800502e+03
1.677729543937590734e+03
1.677765244097261302e+03
1.677772610796876052e+03
1.679846186737696826e+03
1.679858920127980809e+03
1.683480702993221485e+03
1.683560203348790083e+03
1.683564770035881338e+03
1.696378560679424254e+03
1.696528061348072242e+03
1.696536894720913324e+03
1.697252397921030934e+03
1.697255331267483825e+03
1.697258464614831382e+03
1.699387940805668222e+03
1.700309878262405164e+03
1.701212648966751203e+03
1.701292949325897780e+03
1.704904932147307591e+03
1.708551948458738934e+03
1.710885025560189661e+03
1.710899358957629602e+03
1.719680998233875243e+03
1.723997184204862606e+03
1.724099151327581239e+03
1.724111651383488379e+03
1.724296285542605574e+03
1.724348152441249113e+03
1.724351619123420733e+03
1.724699220678083066e+03
1.724715487417503482e+03
1.724769320991609675e+03
1.724786554402020101e+03
1.724790487752945637e+03
1.724795787776650286e+03
1.724801521135625990e+03
1.725028722151792181e+03
1.725095889118865898e+03
1.725294856675423034e+03
1.727033564451865686e+03
1.727036997800554900e+03
1.742881001996853456e+03
1.742891935379086817e+03
1.747682223470515282e+03
1.749773232822641376e+03
1.752641945653078437e+03
1.761623119155082350e+03
1.761626152501982460e+03
1.761725152944766023e+03
1.761727986290771696e+03
1.761868320251754540e+03
1.761877186958078028e+03
1.771496329980093606e+03
1.771502063339069764e+03
1.774117775037948377e+03
1.777757224648871215e+03
1.777763624677495500e+03
1.780628037488700556e+03
1.780631037502118033e+03
1.780634370850360028e+03
1.785145191025190115e+03
1.785159324421735619e+03
1.790618315503966187e+03
1.790624282197319189e+03
1.792074755351287195e+03
1.792087288740676513e+03
1.792672091356230567e+03
1.792708458185549489e+03
1.792712491536922016e+03
1.792801991937216144e+03
1.792811658647117611e+03
1.792823158698552106e+03
1.793961830457975339e+03
1.793965197139699740e+03
1.793969930494203254e+03
1.798885185811219571e+03
1.798896319194347370e+03
1.806497386523769364e+03
1.814789356943284020e+03
1.814814790390369353e+03
1.816778965841892159e+03
1.819934879956848818e+03
1.819963680085658552e+03
1.819967213434794985e+03
1.842344680185609150e+03
1.843692186212385423e+03
1.854938003176434449e+03
1.872102346611338362e+03
1.872230180516414293e+03
1.872234547202611111e+03
1.872238913888808156e+03
1.883032728831259419e+03
1.888331085861713746e+03
1.888333785873789793e+03
1.889374357194454888e+03
1.889897059532262801e+03
1.890557995821661052e+03
1.890883530610962225e+03
1.891459733188052041e+03
1.899670469910912288e+03
1.905932097916303064e+03
1.906025298333145656e+03
1.906047565099401481e+03
1.906253899355573139e+03
1.906277066125854390e+03
1.911665456892322027e+03
1.912521994056553240e+03
1.919224957369167669e+03
1.925214150822750298e+03
1.925499785433596344e+03
1.936800269308812176e+03
1.936927469877721705e+03
1.936939836599699220e+03
1.936942736612669705e+03
1.936947736635032243e+03
1.940609686346587523e+03
1.940613419696618621e+03
1.945006539345028159e+03
1.945023839422403398e+03
1.949490692733923424e+03
1.949494259416542036e+03
1.949503726125549065e+03
1.949971228216471673e+03
1.949974128229441931e+03
1.950499597246290477e+03
1.951200300380214458e+03
1.951206633741873929e+03
1.951212867103086410e+03
1.952665773601270757e+03
1.955736087333376190e+03
1.955741087355738955e+03
1.958204765041306018e+03
1.959731505203048073e+03
1.959732171872696654e+03
1.959796338826352439e+03
1.959809105550118829e+03
1.959814172239446407e+03
1.959847739056242290e+03
1.959873039169397998e+03
1.959892139254823860e+03
1.959913606017501479e+03
1.960049506625322692e+03
1.974121836231066709e+03
1.978132787503545615e+03
1.980971166864981569e+03
1.981242668079282112e+03
1.981263534839276190e+03
1.981394168756875160e+03
1.981452202349766139e+03
1.981470535765096429e+03
1.981473269110654883e+03
1.981576202904363981e+03
1.981580402923148540e+03
1.989644672324260910e+03
1.993165521404737774e+03
1.994419427012882352e+03
2.001689359527956867e+03
2.004145403846050158e+03
2.004150037200106226e+03
2.004157337232755935e+03
2.005494443213018030e+03
2.014678284288127770e+03
2.014688717668124809e+03
2.016923527663405139e+03
2.021699882359182766e+03
2.021720082449528491e+03
2.026130235507454017e+03
2.026142835563808376e+03
2.026161235646103705e+03
2.029509583955063363e+03
2.029522550679724191e+03
2.029542450768728258e+03
2.030957790432226830e+03
2.030976823850688106e+03
2.030979890531070623e+03
2.030983123878865172e+03
2.032986166170888055e+03
2.032991032859321194e+03
2.034254105175131144e+03
2.037823921141280834e+03
2.037838454539615668e+03
2.044155949461540104e+03
2.044169382854954847e+03
2.044326316890182170e+03
2.044388117166586426e+03
2.044507717701504816e+03
2.044523017769934995e+03
2.048842737090058563e+03
2.049126905027677822e+03
2.054198727711615447e+03
2.060765390414619560e+03
2.061536727197788423e+03
2.061547393912162534e+03
2.061559727300657869e+03
2.061578994053495535e+03
2.061643294341081400e+03
2.065005942713998593e+03
2.066950484744376809e+03
2.067817755289946945e+03
2.067821288639083377e+03
2.070114832230385673e+03
2.073473347251483119e+03
2.079579241227013881e+03
2.086907374002390952e+03
2.089034316848564686e+03
2.099344029625848634e+03
2.099347862976327178e+03
2.099934598933861253e+03
2.099946265652707552e+03
2.100577101807481540e+03
2.100588268524092200e+03
2.100593868549138278e+03
2.101373372035499870e+03
2.103194913515752887e+03
2.103198246863995337e+03
2.103201780213131315e+03
2.103209846915876824e+03
2.103216480278877953e+03
2.104117650976068035e+03
2.107385732259363976e+03
2.110716747157465761e+03
2.110743613944295703e+03
2.110755480664036440e+03
2.110763747367675933e+03
2.110795680843833452e+03
2.115683369370889523e+03
2.122078464639884714e+03
2.122376465972708047e+03
2.124272174451342835e+03
2.124275707800478813e+03
2.124430275158455061e+03
2.125418246243862995e+03
2.138439337814568262e+03
2.139112907493803050e+03
2.152653401387556642e+03
2.152659168080014751e+03
2.152678301498923247e+03
2.152690234885628797e+03
2.152702668274570897e+03
2.154966478399555854e+03
2.154988511831434607e+03
2.168235071077219800e+03
2.170865116173538809e+03
2.171638219631276115e+03
2.178750118106203445e+03
2.180228158050131242e+03
2.180239824768977996e+03
2.180943427915872235e+03
2.180948961273953955e+03
2.180953094625773701e+03
2.180967328022766651e+03
2.183622273230452265e+03
2.183637606632364623e+03
2.190941705966918107e+03
2.190946239320527638e+03
2.190957639371514688e+03
2.192847281156349254e+03
2.192857714536346066e+03
2.195988295204664610e+03
2.199510310957025922e+03
2.204814434679939041e+03
2.204817834695145848e+03
2.204821568045176718e+03
2.204827768072906565e+03
2.204843534810090659e+03
2.209204387647519070e+03
2.211941566556331964e+03
2.211942033225085652e+03
2.212290834785114839e+03
2.212305468183896664e+03
2.212331068298394712e+03
2.212334534980566332e+03
2.213004271309322576e+03
2.213012238011620866e+03
2.216206485631359101e+03
2.218456562361587203e+03
2.218576962900083799e+03
2.218585329604170511e+03
2.218597496325253815e+03
2.225569827509293646e+03
2.225575160866480473e+03
2.227800137484447077e+03
2.227846637692421609e+03
2.229015709587810761e+03
2.232008589640257469e+03
2.246143086190712438e+03
2.246146852874225715e+03
2.247859193866075202e+03
2.249335933804189153e+03
2.251761644653281110e+03
2.251767078010915156e+03
2.251791411453080855e+03
2.251798344817424095e+03
2.251816711566236791e+03
2.251832311636008399e+03
2.251840478339201582e+03
2.251848678375876261e+03
2.254346656214852374e+03
2.255076826147234442e+03
2.259327711826163522e+03
2.270538828635014852e+03
2.280525239966319987e+03
2.280529073316797621e+03
2.282151680573976137e+03
2.288576409308841448e+03
2.289558147033037585e+03
2.289567247073737690e+03
2.292943795508823769e+03
2.297077313996157045e+03
2.297080314009574067e+03
2.297091914061456464e+03
2.297100547433402880e+03
2.297306281686890998e+03
2.304414613479199488e+03
2.312789950938243237e+03
2.312879184670678114e+03
2.312887618041730093e+03
2.312892318062751201e+03
2.315684363883625338e+03
2.315688330568033052e+03
2.323846833723942837e+03
2.324153235094335741e+03
2.324156435108647656e+03
2.324164368477463540e+03
2.327984418896130592e+03
2.346029232935642540e+03
2.350358852300044418e+03
2.353150031450375536e+03
2.358366054779256046e+03
2.358376521492735719e+03
2.358382554853053534e+03
2.377813975094219131e+03
2.377818175113003690e+03
2.378951046846486406e+03
2.378961446893000812e+03
2.378964246905523851e+03
2.381309924063329163e+03
2.381314124082113722e+03
2.381823293026059673e+03
2.381827559711809045e+03
2.381966960335284512e+03
2.381978027051447043e+03
2.382272261700757099e+03
2.382379828848522266e+03
2.383942469170829554e+03
2.383948835865971432e+03
2.383954802559323980e+03
2.388616423408616356e+03
2.391857304570258748e+03
2.391873704643608562e+03
2.391880271339644878e+03
2.391885404695937723e+03
2.391894304735743390e+03
2.396049889988437371e+03
2.414734273555116943e+03
2.414739706912750989e+03
2.418782958329693884e+03
2.420553099580057733e+03
2.420558066268938092e+03
2.433215256212077747e+03
2.442960833132907737e+03
2.442967999831627822e+03
2.442972966520508180e+03
2.442978699879483884e+03
2.444074604780964364e+03
2.444083304819875593e+03
2.447133985130836663e+03
2.447137118478183766e+03
2.447357019461700020e+03
2.449559962647788325e+03
2.454410651009359299e+03
2.455004153663824582e+03
2.455855390804351373e+03
2.457719665809065191e+03
2.457729932521649971e+03
2.459394773301052737e+03
2.462239019355394248e+03
2.463858959933978895e+03
2.468776215259940727e+03
2.468780848613996568e+03
2.471879962474912190e+03
2.471909062605063355e+03
2.472829500055091557e+03
2.472833700073876571e+03
2.479023027755900785e+03
2.479027161107720985e+03
2.481376904950380776e+03
2.483161712933008857e+03
2.483959349833805845e+03
2.487121897311763860e+03
2.488788138097428146e+03
2.488794838127394542e+03
2.489460141102989382e+03
2.499831854157572707e+03
2.504329374272917448e+03
2.508356492284369779e+03
2.508363292314783394e+03
2.533774839302313467e+03
2.533781772666656707e+03
2.534923077771190947e+03
2.534927811125694461e+03
2.534933144482881289e+03
2.534938311172656086e+03
2.534944811201728044e+03
2.534959577934439494e+03
2.534965477960827684e+03
2.536351217491938314e+03
2.536355650845100172e+03
2.536361684205417987e+03
2.536368750903690852e+03
2.536376350937682219e+03
2.541319139711176376e+03
2.541325039737564566e+03
2.541340006471170454e+03
2.554380631462572637e+03
2.554402064891768077e+03
2.554405231572598041e+03
2.573913652158150398e+03
2.575570192900430811e+03
2.575575626258064858e+03
2.575581759618829892e+03
2.575587859646112975e+03
2.578144604414593232e+03
2.580338414226498571e+03
2.580823983064891763e+03
2.582731158261478868e+03
2.583678895833607385e+03
2.584282531866728277e+03
2.584288465226598873e+03
2.585074168740689856e+03
2.593196738402552455e+03
2.598847297008243459e+03
2.600574071397980333e+03
2.603493617789105883e+03
2.609280143669582685e+03
2.610891584210150540e+03
2.613258428129291133e+03
2.613284394912095195e+03
2.613310261694452493e+03
2.613313461708764862e+03
2.613463995715367673e+03
2.613476929106545867e+03
2.625315582055411596e+03
2.634052621132181230e+03
2.641328320339714082e+03
2.641352787115809861e+03
2.641364887169927442e+03
2.641717855415259237e+03
2.655189582334782699e+03
2.679661825121235779e+03
2.679670058491393320e+03
2.679682758548195125e+03
2.680313428035557081e+03
2.691479511309660666e+03
2.691568245039858994e+03
2.691576611743946160e+03
2.691579445089952060e+03
2.694115889767639146e+03
2.694314057320618303e+03
