3.340655163903383240e+00
5.150863260134103783e+00
7.083071902017319843e+00
7.264006044586103883e+00
7.297572861381748766e+00
7.350639765392344316e+00
7.483073691041896680e+00
9.869284363468008081e+00
1.053832068909403041e+01
1.057895420416244470e+01
1.065662121819804931e+01
1.090912234751981380e+01
1.101122280416833732e+01
1.295796484438611174e+01
1.297303157843937171e+01
1.320716595894842271e+01
1.324009943957811508e+01
1.467630586307085494e+01
1.469083926140541507e+01
1.539294240159080474e+01
1.540847580439792353e+01
1.562664344682841211e+01
1.686631565798041166e+01
1.808102109080079600e+01
1.818408821843946299e+01
1.825798854896175172e+01
1.826995526915007062e+01
1.939709364365648980e+01
2.007029665458485113e+01
2.054456544243832639e+01
2.060296570363591329e+01
2.103013428083174574e+01
2.106136775385807880e+01
2.191630491093327038e+01
2.199383859103920358e+01
2.201860536847630812e+01
2.205637220405671073e+01
2.235547354179983870e+01
2.292164274068170826e+01
2.293594280463933899e+01
2.308067678530139588e+01
2.310201021404937194e+01
2.312721032675792188e+01
2.319711063938996531e+01
2.321357737970481239e+01
2.323397747094506371e+01
2.324804420052576504e+01
2.326191092921194681e+01
2.330914447379926813e+01
2.335637801838658589e+01
2.336241137870437257e+01
2.338624481863375237e+01
2.346837851931346819e+01
2.357634566886768468e+01
2.359177907122754903e+01
2.371947964237364204e+01
2.417348167291653738e+01
2.428804885198966090e+01
2.437171589286063522e+01
2.463768374907956016e+01
2.477798437657992991e+01
2.500968541287241820e+01
2.520568628949445866e+01
2.698249423634162625e+01
2.699546096100250736e+01
2.706309459683008001e+01
2.707126130002266606e+01
2.733742915713610344e+01
2.737176264402737758e+01
2.743676293474387151e+01
2.791756508515141277e+01
2.796013194220011044e+01
2.829950012670504478e+01
2.833206693902813100e+01
2.840006724316230802e+01
2.844153409529118903e+01
2.844776745650349170e+01
2.846100084902371918e+01
2.856873466420100272e+01
2.866593509893397496e+01
2.883653586195296015e+01
2.897083646261796019e+01
2.910423705925765958e+01
2.930647129709199916e+01
2.947287204132622307e+01
2.949937215984909855e+01
2.962070603585322459e+01
2.966093954913261044e+01
2.975350662980938310e+01
2.995770754310643014e+01
3.030497576294459705e+01
3.051207668921207272e+01
3.058861036484544371e+01
3.074807774473657318e+01
3.081814472478071210e+01
3.098527880562814474e+01
3.274685335100996042e+01
3.277082012486901874e+01
3.278925354064656261e+01
3.291405409882223410e+01
3.293875420929450115e+01
3.296495432647561330e+01
3.422645996861187001e+01
3.435726055362290055e+01
3.456419481247829140e+01
3.585986727409373032e+01
3.651293686164118668e+01
3.696937223640064474e+01
3.704997259688909850e+01
3.708410608288586019e+01
3.735147394536637222e+01
3.825971134082909941e+01
3.933864949975805558e+01
4.059635512489857945e+01
4.062228857422034167e+01
4.067142212730551876e+01
4.075298915878411776e+01
4.326866707692451541e+01
4.382400289402030324e+01
4.470954018795587359e+01
4.582971186463678492e+01
4.625118041633901811e+01
4.637054761688042959e+01
4.643321456382761170e+01
4.670074909372021921e+01
4.716025114886220138e+01
4.829448955512380337e+01
5.046956594990977862e+01
5.048829936702910004e+01
5.051956617353785362e+01
5.079303406330098625e+01
5.306271088119127199e+01
5.469681818980392052e+01
5.498828616007316583e+01
5.765233140845926130e+01
6.050887751781343837e+01
6.117464716216242238e+01
6.118971389621568591e+01
6.119854726905664677e+01
6.121004732049109975e+01
6.121784735537708144e+01
6.142741495934354390e+01
6.177218316800030351e+01
6.181288335003355883e+01
6.184351682037635811e+01
6.216248491364103046e+01
6.241465270813861110e+01
6.302668877882863541e+01
6.303992217134886289e+01
6.324615642707345131e+01
6.340632381009537255e+01
6.346062405295545972e+01
6.362352478153571411e+01
6.429686112639375040e+01
6.431182785999975238e+01
6.432412791501225513e+01
6.466232942763254243e+01
6.469279623056324624e+01
6.489439713223163153e+01
6.494503069202565371e+01
6.551826658918029977e+01
6.553339999019839013e+01
6.557740018699109896e+01
6.649560429369701353e+01
6.651873773049558736e+01
6.665290499723091955e+01
6.687810600445176590e+01
6.705954014925681861e+01
6.744877522346016008e+01
6.745970860569349270e+01
6.965231841223170761e+01
6.966285179267602246e+01
7.039905508537574974e+01
7.056638916711770548e+01
7.136305939692498157e+01
7.153389349432089261e+01
7.172076099676021954e+01
7.195196203081643205e+01
7.252206458062370587e+01
7.281033253658073079e+01
7.369563649613938594e+01
7.388363733698093938e+01
7.462537398776217401e+01
7.636368176241573735e+01
7.638968187870233351e+01
7.711985181108427412e+01
7.741291978850961186e+01
7.814105637846401464e+01
7.821429003933793922e+01
7.904306041271443917e+01
7.907596055986171280e+01
7.909176063052818506e+01
7.912256076828306561e+01
7.934272841965868395e+01
7.937169521588054977e+01
7.942519545516258006e+01
8.057376725886423685e+01
8.233664181006038518e+01
8.370974795133449220e+01
8.545968911135219059e+01
8.569902351511855443e+01
8.676289493999423996e+01
8.709882977581006003e+01
9.174671723034596482e+01
9.203175183850838437e+01
9.213405229605142210e+01
9.347739163752562774e+01
9.356312535430656396e+01
9.361782559895567601e+01
9.366209246360773477e+01
9.604213644178636855e+01
9.681367322584995350e+01
9.857821445116702819e+01
9.867771489618688463e+01
9.896411617712848852e+01
9.902464978120087835e+01
9.962748581074333742e+01
1.004277893901342509e+02
1.006980905990676121e+02
1.028547669115584569e+02
1.063885827166960780e+02
1.066554172434578902e+02
1.067676510787616877e+02
1.068611514969461922e+02
1.080882236517439168e+02
1.110921037533888125e+02
1.120150078811157641e+02
1.120321412910789860e+02
1.122655423349748105e+02
1.122858757592502457e+02
1.124295764019573198e+02
1.148061203644820125e+02
1.160609259766520864e+02
1.163895274463357907e+02
1.177439335039730111e+02
1.186654376254383720e+02
1.189195387619162432e+02
1.193477740105494576e+02
1.194865746313409858e+02
1.205779128457297134e+02
1.207097801021781436e+02
1.207791137456090809e+02
1.208575807632227281e+02
1.209455144898432906e+02
1.209735146150750182e+02
1.233385918596476643e+02
1.238706942394976096e+02
1.239158277746925307e+02
1.251332332195888455e+02
1.268397741854973617e+02
1.279907793334155741e+02
1.282196803571848989e+02
1.283596809833435088e+02
1.284986816050295317e+02
1.286460489308026922e+02
1.292474182871187054e+02
1.299920216173879624e+02
1.305943909781765626e+02
1.320899310003746052e+02
1.321012643843969840e+02
1.324386325599568011e+02
1.324455992577823054e+02
1.335074706737128736e+02
1.335430041659712401e+02
1.338827723522651922e+02
1.340742398752782663e+02
1.342211071988151616e+02
1.364472838221490179e+02
1.365957511528419559e+02
1.366243179472747897e+02
1.366489847242646363e+02
1.372896542563523496e+02
1.385514265663479421e+02
1.386215935468393354e+02
1.386980938889903143e+02
1.396660982184297666e+02
1.398349656403629808e+02
1.400307998495729294e+02
1.402055339644118419e+02
1.402332674217842055e+02
1.402722675962141068e+02
1.403778680685165909e+02
1.404270349550841956e+02
1.405961023779119046e+02
1.406264358469129263e+02
1.406833694348840993e+02
1.417526075504292180e+02
1.417826410180884693e+02
1.419633084927979212e+02
1.486755718470072338e+02
1.491255405261774456e+02
1.491836407860332940e+02
1.491905074834115510e+02
1.492459743981562781e+02
1.498744438756787360e+02
1.501004782199600527e+02
1.502792123526891714e+02
1.531876253606868943e+02
1.542084299262776028e+02
1.549128330767498767e+02
1.551313007205221481e+02
1.555163357759407177e+02
1.555450359043032051e+02
1.576962788591598041e+02
1.580454470874958588e+02
1.580856806007752482e+02
1.596291875041738137e+02
1.616885300480020078e+02
1.637652393361703389e+02
1.639113733230940113e+02
1.663578509317331395e+02
1.692956640712241665e+02
1.704953027699912980e+02
1.712657062156526138e+02
1.728827134477844538e+02
1.757503262733016527e+02
1.757642263354702550e+02
1.771517658746316783e+02
1.771958660718716203e+02
1.788770402576595018e+02
1.791262413722218412e+02
1.791709749056277587e+02
1.802741131727926813e+02
1.806030146438181418e+02
1.818126200538284536e+02
1.820860546101091870e+02
1.820994213365590895e+02
1.828602247392838080e+02
1.832218596900444538e+02
1.832653932180832896e+02
1.837258286107330036e+02
1.847740666323543337e+02
1.848931671650364024e+02
1.876853796533224568e+02
1.883017157432445003e+02
1.883179158156999904e+02
1.885242167383894127e+02
1.889998855325044644e+02
1.892735200896796925e+02
1.922498334013642989e+02
1.922961336084439097e+02
1.923145003572566338e+02
1.923347337810847648e+02
1.931581707972742947e+02
1.934050052345848769e+02
1.934249053235888312e+02
1.934653055042803373e+02
1.939117741677965796e+02
1.939944412041949988e+02
1.940797415857044825e+02
1.946932109961385322e+02
1.947097777369006053e+02
1.961116840069845182e+02
1.963981852883733552e+02
1.964397521409495084e+02
1.965334192265460729e+02
1.992351313100653272e+02
2.020485438931696933e+02
2.021129775146850420e+02
2.027197802286353578e+02
2.027683471125194217e+02
2.045739885216587766e+02
2.046522555383779149e+02
2.048285896603729270e+02
2.049690569552853674e+02
2.061552622606377554e+02
2.064565636082205060e+02
2.083489387386133842e+02
2.091806091249602844e+02
2.092197759668023025e+02
2.102922807636244329e+02
2.108464832423179871e+02
2.108952167936141677e+02
2.109416836681058669e+02
2.110036506119222395e+02
2.112657851176630004e+02
2.118462877139849354e+02
2.118684544797933711e+02
2.122743562952060472e+02
2.140874977378896062e+02
2.146657669908894945e+02
2.160088063310219297e+02
2.168305433396080559e+02
2.178377478443719610e+02
2.178589479391902444e+02
2.186845182982545737e+02
2.189458194669348927e+02
2.191768205000965679e+02
2.193477212644573058e+02
2.197282896332317819e+02
2.198080566566597724e+02
2.208055611180398046e+02
2.211304959046574368e+02
2.211486959860580725e+02
2.224719352376337724e+02
2.225543356061728275e+02
2.226036024931876796e+02
2.226506693703629196e+02
2.228409035545265056e+02
2.232829721983635238e+02
2.251213137537556293e+02
2.263150857596170624e+02
2.267639877673499029e+02
2.269814554066495873e+02
2.271144893349826930e+02
2.275533912979898901e+02
2.295998671176044752e+02
2.301131027464054171e+02
2.304072707287505750e+02
2.314837088764981559e+02
2.315399091278560775e+02
2.317435767054344353e+02
2.324061796689536266e+02
2.329468820872676247e+02
2.330640159444869823e+02
2.344304220557949350e+02
2.357427945921021433e+02
2.358493950688771861e+02
2.365697316239456143e+02
2.383967064618329630e+02
2.384308066143472900e+02
2.419811558267646205e+02
2.439827314455611713e+02
2.440209982833778497e+02
2.473731799428159093e+02
2.474700803762071075e+02
2.480108161280034835e+02
2.494279224660702994e+02
2.506465945832985085e+02
2.512204638166191160e+02
2.525552031196292830e+02
2.526794036751214207e+02
2.534635738490216852e+02
2.534841072741915866e+02
2.538552756009239886e+02
2.547015127190879014e+02
2.561397524850081595e+02
2.571054568041607240e+02
2.577125928529351881e+02
2.581151613201060400e+02
2.592050328612683643e+02
2.616224770067207714e+02
2.616560438235164270e+02
2.617747110209271000e+02
2.618623447462058493e+02
2.632841177718112817e+02
2.687243421034400512e+02
2.689977766597207847e+02
2.697533800391881869e+02
2.703178492304667202e+02
2.703319492935298172e+02
2.708305181900665843e+02
2.712924202559427158e+02
2.729906278512465292e+02
2.732900625238137877e+02
2.736723309001916391e+02
2.738938985578288339e+02
2.739427321095722618e+02
2.739591321829223034e+02
2.747130022213038956e+02
2.791018551839640054e+02
2.798784253238728184e+02
2.801272931036109526e+02
2.801605599190647808e+02
2.809104299395561952e+02
2.818928343334005149e+02
2.820496683681806189e+02
2.824258033837934363e+02
2.836286420968727384e+02
2.841006108744393259e+02
2.841864779251498589e+02
2.842897117202006712e+02
2.844285456744746057e+02
2.861601200856795799e+02
2.867150892344687918e+02
2.868407231297048838e+02
2.869837571027636045e+02
2.882384627144864453e+02
2.891283000276540065e+02
2.892785340329151609e+02
2.898117697511673327e+02
2.899824371811512265e+02
2.916905114872509444e+02
2.924458815323415024e+02
2.934672527671332887e+02
2.937052204981204682e+02
2.937581207347190002e+02
2.938816879540451623e+02
2.941820892976026585e+02
2.942122227657091571e+02
2.950447931560813686e+02
2.974881707508556019e+02
2.976144046487752917e+02
3.030543623125446970e+02
3.044606686023078055e+02
3.044751353336775423e+02
3.045015021182707642e+02
3.076574829001922353e+02
3.076809163383326222e+02
3.079037173348193051e+02
3.080742180973910536e+02
3.081541184547486409e+02
3.081858852634936738e+02
3.082092520346691913e+02
3.087524877976470066e+02
3.091541562607925471e+02
3.092700567791624167e+02
3.094291241572645390e+02
3.095336246246471319e+02
3.097256254833789626e+02
3.098507927098612527e+02
3.098651927742661201e+02
3.098719261377146950e+02
3.099247930408307639e+02
3.099889933279692400e+02
3.114303331077544499e+02
3.122941703046354291e+02
3.123314704714620120e+02
3.143429794680193368e+02
3.143801796343986439e+02
3.149689156008779491e+02
3.179977291473720129e+02
3.187526658571910616e+02
3.188529996392714452e+02
3.190764673054064815e+02
3.191024340882107140e+02
3.207463747741368820e+02
3.212789438227406436e+02
3.213886443133806665e+02
3.228345507802572456e+02
3.228531175299644360e+02
3.230540517619844536e+02
3.231573188905176721e+02
3.232200858379120518e+02
3.237563882365467975e+02
3.241029897867365435e+02
3.261805990789302427e+02
3.264261668439089021e+02
3.267231015052948351e+02
3.270790697640442204e+02
3.287595106132188789e+02
3.295067472885992856e+02
3.298645822223641630e+02
3.311899548168146907e+02
3.321940593077136441e+02
3.340077674195982809e+02
3.344642027943577887e+02
3.345954367146402433e+02
3.356016745484139960e+02
3.358560756862336234e+02
3.371835816235588936e+02
3.371983483562704009e+02
3.372462819039885176e+02
3.373092155187950425e+02
3.373359156382124411e+02
3.379067181911505031e+02
3.381660193508856764e+02
3.385488877299470118e+02
3.397901932817375723e+02
3.404426295331190886e+02
3.404706629918332510e+02
3.429484407404635249e+02
3.437742444339048120e+02
3.441579794835090524e+02
3.463336558809785402e+02
3.475589280277256421e+02
3.480402968473343321e+02
3.486005326863456162e+02
3.496559040732046242e+02
3.504471742788600181e+02
3.504757410732928520e+02
3.519070808083524753e+02
3.532308533956468750e+02
3.565389681913273989e+02
3.565544015936872597e+02
3.566904688689204477e+02
3.575329393035710268e+02
3.575999396032326558e+02
3.587770782013671464e+02
3.591036463286233129e+02
3.602088846051806286e+02
3.648720387946642632e+02
3.652064736237712737e+02
3.681976536686146346e+02
3.683160875316483498e+02
3.697802940803727552e+02
3.715985355458664117e+02
3.719304036968271134e+02
3.720702376555736350e+02
3.733307099597549268e+02
3.733801101806994325e+02
3.753248522119720860e+02
3.769339594087707042e+02
3.770047597254280731e+02
3.770186264541142691e+02
3.774688951346262797e+02
3.774771618382661131e+02
3.777700631482793483e+02
3.801324737142585377e+02
3.801984073424827102e+02
3.833277546719516522e+02
3.836484561063020919e+02
3.839191239835420788e+02
3.844159262055106296e+02
3.846633606455047243e+02
3.881630096311631064e+02
3.882003431314721524e+02
3.882269765839246816e+02
3.884292108217589998e+02
3.885788781578190765e+02
3.905943538387842295e+02
3.909340886915957185e+02
3.910314224602583977e+02
3.911700564136378375e+02
3.911992898777190248e+02
3.914333242577808392e+02
3.938617017854666074e+02
3.939651022479294511e+02
3.941617697941998699e+02
3.942312701050428814e+02
3.942990037413177333e+02
3.943604706828978692e+02
3.952472079822005071e+02
3.956081429298303078e+02
3.957165100811735670e+02
3.957549769198847684e+02
3.963677129937055952e+02
3.964767468146972078e+02
3.965475137978721136e+02
3.966196141203437833e+02
3.979309199852136203e+02
3.981404542556977049e+02
3.985447893974367162e+02
3.985642228176868116e+02
3.986658566055814390e+02
3.987893571579427885e+02
3.988511574343471011e+02
3.992625259408764009e+02
3.994811602520607607e+02
3.995446938695508834e+02
3.998242617865965940e+02
4.000145626377250778e+02
4.000424960959919076e+02
4.003600308495126114e+02
4.003876643064377276e+02
4.004117310807440617e+02
4.005533317140587997e+02
4.006348654120549213e+02
4.007037323867320424e+02
4.007916327798701559e+02
4.008171662274028790e+02
4.008446996838807763e+02
4.008633331005528362e+02
4.010237338179516655e+02
4.010388672189697559e+02
4.018234707281415012e+02
4.018955377171307646e+02
4.019934381549944646e+02
4.021793723199260739e+02
4.022123724675205949e+02
4.024472401846428511e+02
4.026381410384548758e+02
4.031556433530053596e+02
4.036710789916459703e+02
4.036989124494655812e+02
4.040860475142765722e+02
4.041434144375191977e+02
4.042061480514311711e+02
4.044652825437542560e+02
4.046759834861229592e+02
4.053062863051784461e+02
4.053349864335409620e+02
4.055415873575721548e+02
4.056062209799820835e+02
4.062810239980665301e+02
4.068357931459611905e+02
4.071574279178193478e+02
4.078737977884799761e+02
4.078831644970396155e+02
4.079051645954359628e+02
4.079224646728112589e+02
4.079509981337616864e+02
4.079756649107515045e+02
4.085076006231894326e+02
4.086639346557331578e+02
4.094992050581813601e+02
4.095933721460141896e+02
4.096087055479267747e+02
4.104430426128672025e+02
4.104640427067910196e+02
4.106363434774133907e+02
4.118872490721404915e+02
4.120702498906192091e+02
4.123136509792406628e+02
4.159308338239075056e+02
4.163086355136412067e+02
4.163738691387346194e+02
4.164240026962923480e+02
4.181480104069882486e+02
4.199848852891540218e+02
4.206843217507458803e+02
4.207749221559599846e+02
4.216715261660585270e+02
4.220938947217860573e+02
4.221344615698896519e+02
4.221491949691186960e+02
4.222719621848668226e+02
4.223018623185964202e+02
4.223245624201235842e+02
4.223504625359629472e+02
4.223803293362100817e+02
4.224234295289774650e+02
4.224582296846226086e+02
4.224878298170104358e+02
4.225196299592378750e+02
4.225487967563542497e+02
4.226174637301368193e+02
4.226423971749860016e+02
4.227056307911343538e+02
4.227512976620479321e+02
4.227889978306635044e+02
4.228292313439428654e+02
4.228511981088568064e+02
4.229091317013005664e+02
4.229591652584110761e+02
4.229885987233868150e+02
4.230375322755774619e+02
4.230566990279682500e+02
4.230812324710283860e+02
4.231289326843696017e+02
4.231651661797587280e+02
4.231911662960453100e+02
4.232370665013359030e+02
4.232504665612681833e+02
4.232773000146152640e+02
4.233030667965249449e+02
4.233302335846962023e+02
4.233885338454464886e+02
4.234355007221744813e+02
4.234464674378903055e+02
4.234720342189053781e+02
4.235020343530822515e+02
4.235456012146035505e+02
4.236020014668559952e+02
4.236215682210357727e+02
4.236598683923348858e+02
4.236904685291952433e+02
4.237336353889274392e+02
4.237699688847638981e+02
4.238383691906870467e+02
4.238705360012211258e+02
4.238972361206385244e+02
4.239705364484772758e+02
4.241193371139944475e+02
4.241553706084890791e+02
4.241772040394733381e+02
4.243765049308548214e+02
4.244522386029101426e+02
4.244869720915904168e+02
4.245341723026953673e+02
4.245593724154038568e+02
4.245810391789760274e+02
4.246001725978843524e+02
4.246180726779431893e+02
4.246323727419008378e+02
4.247381398816154388e+02
4.247755067154068342e+02
4.248057068504781455e+02
4.248387736650375359e+02
4.248507070517434272e+02
4.249074406388201055e+02
4.249421741275004365e+02
4.249642408928615964e+02
4.250618746628659892e+02
4.250902747898867915e+02
4.251199415892393745e+02
4.252076419814829933e+02
4.253811760909548525e+02
4.254178429216154882e+02
4.254536097482506989e+02
4.255301100904017062e+02
4.255561435401706945e+02
4.255854770046991575e+02
4.256418772569516022e+02
4.256600440048698033e+02
4.256835441099750028e+02
4.257106442311814476e+02
4.257339776688745587e+02
4.257540110918081950e+02
4.258086446694924803e+02
4.258505448568928387e+02
4.259127118016037343e+02
4.259376119129705103e+02
4.260114122430455268e+02
4.260621791367692026e+02
4.260834458985523270e+02
4.261054126634663248e+02
4.261487128571282028e+02
4.261814463368633596e+02
4.262169798291217262e+02
4.262497133088568830e+02
4.262668800523024970e+02
4.262977468570222754e+02
4.263383803720906826e+02
4.264063140092599724e+02
4.264576142387024333e+02
4.264935810662322524e+02
4.265188145124231482e+02
4.265708814119612384e+02
4.266185149583375846e+02
4.266504151010122428e+02
4.267099820340944802e+02
4.267356821490393486e+02
4.267834490293453200e+02
4.268080824728527887e+02
4.268534493424246534e+02
4.268855161525115136e+02
4.269092829254760204e+02
4.269856499336972888e+02
4.270499835547654470e+02
4.271098504891894549e+02
4.272201509825129619e+02
4.272620178364308572e+02
4.272891846246021146e+02
4.273167180810799550e+02
4.273447182063116543e+02
4.273964184375431046e+02
4.275414524195469426e+02
4.275639858536619613e+02
4.276387528547271586e+02
4.277047531499162574e+02
4.277234865670355362e+02
4.277509866900309703e+02
4.278327537224041066e+02
4.278624871887216159e+02
4.278922206550390683e+02
4.281131883099927222e+02
4.281403550981639796e+02
4.282039220491365086e+02
4.284572565155187363e+02
4.285604236436046222e+02
4.286229239231396946e+02
4.286383573254995554e+02
4.287861579865441399e+02
4.288433915758570834e+02
4.288673583497161417e+02
4.288822584163573310e+02
4.289150585630573005e+02
4.289398253404943944e+02
4.289724588197823891e+02
4.289937255815654567e+02
4.290674925781581237e+02
4.290955260368722293e+02
4.291636596749360706e+02
4.292461267104400235e+02
4.292927602523437827e+02
4.293291937486274605e+02
4.293750606204355904e+02
4.294827611021304392e+02
4.295222279453142278e+02
4.295801282042755247e+02
4.296589952236782324e+02
4.297653956995587805e+02
4.298608627932059107e+02
4.298874295786936273e+02
4.300160634873474805e+02
4.300362635776932621e+02
4.301039305470031877e+02
4.301328306762602551e+02
4.301702641770164064e+02
4.302046643308725606e+02
4.302490978629367078e+02
4.302671979438900962e+02
4.304498320940622307e+02
4.305057990110432229e+02
4.305696326298751160e+02
4.307101332582699342e+02
4.307288000084244004e+02
4.307852335941593083e+02
4.308169337359395286e+02
4.308811673565604110e+02
4.309063008023040879e+02
4.309347342628072397e+02
4.309982678802973624e+02
4.310266346738356447e+02
4.310949349793115744e+02
4.312146021811947776e+02
4.313108026114551876e+02
4.315033368059056897e+02
4.316059039313080348e+02
4.316372707382640783e+02
4.316951043302605626e+02
4.317506712454525086e+02
4.317966047842255648e+02
4.318322716104135566e+02
4.318768051429249795e+02
4.319420387680183921e+02
4.319628721945300640e+02
4.319975723497279887e+02
4.320924727741740412e+02
4.321516730389496956e+02
4.321717397953657382e+02
4.321953065674357504e+02
4.322204733466618904e+02
4.322395400986054028e+02
4.324351076399560156e+02
4.324730744764308952e+02
4.324968079159131094e+02
4.325234747018480448e+02
4.326938754639725175e+02
4.327330423058144788e+02
4.327643424458056529e+02
4.328229427078977665e+02
4.328674095734443199e+02
4.328917430156100181e+02
4.329203431435252583e+02
4.330523437339033421e+02
4.332096111039548418e+02
4.332228444964750906e+02
4.332397112385789342e+02
4.333629117895985132e+02
4.334195453762279158e+02
4.334630455707843453e+02
4.335402792495485187e+02
4.335642793568899833e+02
4.335888461334325257e+02
4.337381134677035561e+02
4.338540139860734257e+02
4.338910808185230508e+02
4.339644811468090779e+02
4.340052813292895735e+02
4.340237480785495450e+02
4.340593149042903178e+02
4.340811816687569831e+02
4.341950488446992722e+02
4.342182822819451644e+02
4.342979159714434445e+02
4.343608495862500263e+02
4.344954168547743052e+02
4.345128502660793401e+02
4.345938839618392535e+02
4.346845177005357641e+02
4.347507513301017070e+02
4.348246516606239993e+02
4.348494184380611500e+02
4.348701185306431398e+02
4.350226858796735883e+02
4.351225196595176499e+02
4.351397530699280765e+02
4.351671198589938854e+02
4.353471873310198248e+02
4.355730216744065615e+02
4.356853555101576490e+02
4.357189556604357108e+02
4.357367224065648657e+02
4.358002560240549315e+02
4.358363228520320263e+02
4.359451900056114937e+02
4.359798901608094184e+02
4.360560571681361921e+02
4.360899573197559675e+02
4.361564242836988683e+02
4.363089916327293736e+02
4.364475589191439440e+02
4.367266601674358526e+02
4.367400602273681898e+02
4.368300939633811595e+02
4.369288610717878214e+02
4.369803946356071265e+02
4.370386948963574696e+02
4.371039951884157517e+02
4.371947289275594812e+02
4.373842964420746853e+02
4.374275966357366201e+02
4.382728670829103521e+02
4.387149023932649357e+02
4.388155695101694391e+02
4.388450696421100474e+02
4.388985698813920635e+02
4.389244033302665571e+02
4.389803702472475493e+02
4.390505372277389711e+02
4.390753040051761218e+02
4.391300709167900322e+02
4.393712719955718171e+02
4.394617057333738330e+02
4.397664737631281469e+02
4.403427763406652957e+02
4.411030797411537492e+02
4.415112815668533699e+02
4.419174500501253533e+02
4.421574177900577070e+02
4.423003517626691519e+02
6.217049208237050379e+02
7.412283553972188201e+02
8.395552951685314156e+02
1.187402184261490220e+03
1.191211234630959098e+03
1.198605734369832135e+03
1.204899762520133891e+03
1.204906629217512091e+03
1.218022187877391843e+03
1.249036393256377096e+03
1.254454450822197487e+03
1.273724003672737808e+03
1.273729303696442457e+03
1.322918790365126370e+03
1.361504429607663496e+03
1.375084123676741228e+03
1.381845887252342436e+03
1.396078350907625918e+03
1.400543237543682835e+03
1.458011761240703208e+03
1.467882772055874739e+03
1.474019266168265858e+03
1.536383911763393826e+03
1.552095348700113618e+03
1.559389247989046908e+03
1.583122854138583762e+03
1.592797297407932319e+03
1.599146759139496226e+03
1.612914854051204657e+03
1.638242267329110064e+03
1.680534856484467355e+03
1.689191228533783487e+03
1.951144566797610196e+03
1.951147233476203837e+03
2.038170656025400604e+03
2.066330148636564900e+03
2.092134330713504824e+03
2.255431894401958289e+03
2.258114573067016408e+03
2.258424541120028152e+03
2.280010070995538626e+03
2.284769892284036359e+03
2.287161669648026418e+03
2.295636474218607873e+03
2.327161448548695262e+03
2.327208782093729951e+03
2.379853384215560709e+03
2.419619462070992086e+03
2.471375693552881785e+03
2.604175120837156555e+03
