6.453169084750868478e+00
6.455435761555341045e+00
6.458335774525769679e+00
9.229881503712222823e+00
9.345815355564512927e+00
1.362690116956487962e+01
1.363130118924414980e+01
1.376990180914116557e+01
1.504570751523505301e+01
1.699114954963850010e+01
1.699334955947813341e+01
1.699654957379032894e+01
1.700208293187183628e+01
2.706872795535884180e+01
2.707506131701839891e+01
2.707756132819980266e+01
2.708039467420539381e+01
2.832660024791146114e+01
2.832876692426867393e+01
2.965487285533240325e+01
2.965720619910171507e+01
2.992677407142186041e+01
2.992910741519117224e+01
3.681983823427029279e+01
3.728344030774977824e+01
4.177316038820887911e+01
4.177576039983754441e+01
4.220439565025979078e+01
4.220669566054667854e+01
4.279213161226656581e+01
4.279523162613151044e+01
4.370786904127350425e+01
4.371040238593732141e+01
4.372183577040694757e+01
4.656098180193854574e+01
4.756878630938597041e+01
5.054619962599040406e+01
5.054876630413664174e+01
5.498591948282143704e+01
5.501268626920366245e+01
5.501671962057632470e+01
1.576373785957259486e+02
1.616800633434676797e+02
1.616820966858952033e+02
1.856191370786335710e+02
1.856306704635504730e+02
1.992692981295445236e+02
1.992720314751028639e+02
1.992757314916513280e+02
2.117920874715720743e+02
2.117942874814117431e+02
2.119920550326019679e+02
2.119952217134317323e+02
2.119980217259549136e+02
2.120006550710660065e+02
2.159615727864346013e+02
2.159640394641335774e+02
2.159700061574865231e+02
2.317608767828097598e+02
2.317668101426802707e+02
2.377721370017534923e+02
2.384614734181725169e+02
2.384637400949769983e+02
2.384662401061583807e+02
2.596034679766192426e+02
2.753949052711436138e+02
2.753975052827722152e+02
2.813198651041053040e+02
2.835817418871096152e+02
2.835838752299843577e+02
2.835881752492163628e+02
2.835905085929857137e+02
2.836012419743245232e+02
2.840840441336771960e+02
2.840868108127179426e+02
2.861569867383321935e+02
2.861595867499609085e+02
2.861636534348159557e+02
2.939311881754370006e+02
2.950574932128828891e+02
2.950597932231697769e+02
2.950633599057886158e+02
2.968134343997359679e+02
2.975082041737892382e+02
2.975104375171113134e+02
2.990704778277895457e+02
2.990731111729006102e+02
2.990910112529594471e+02
2.990932112627991160e+02
2.991422448154370386e+02
2.991445781592063327e+02
2.991507448534537730e+02
3.081031515601304704e+02
3.082346854817546955e+02
3.082381188304437956e+02
3.184593312119064308e+02
3.184618645565702195e+02
3.185345982152078932e+02
3.185366982246002294e+02
3.311715547345195318e+02
3.311759880876812190e+02
3.353963402967147545e+02
3.353998403123686671e+02
3.354040736646358596e+02
3.467174242640652437e+02
3.467204576109652976e+02
3.648651387638036567e+02
3.648705387879554678e+02
3.648730054656544439e+02
3.882083098337702154e+02
4.109938117428716851e+02
4.158550668183697212e+02
4.158574668291038847e+02
4.162989354702573337e+02
4.163013688144739035e+02
4.163040021595849680e+02
4.196703505490509656e+02
4.341498819760219590e+02
4.341524486541682109e+02
4.342430490593822583e+02
4.439905259887100328e+02
4.439930593333739353e+02
4.527255983900167280e+02
4.527425984660502536e+02
4.554591106157633931e+02
4.615886046968462892e+02
4.615931380504552521e+02
4.691965387236465403e+02
4.739064931224460793e+02
4.739106931412308654e+02
4.994279406015108407e+02
4.994405073243826791e+02
4.994432740034234257e+02
4.994778741581740178e+02
5.052877334763439308e+02
5.052917001607517022e+02
5.093787851070751458e+02
5.093814184521862671e+02
5.095149190492732032e+02
5.095176857283140066e+02
5.159432811337223939e+02
5.186239264563529332e+02
5.186263598005695030e+02
5.186321931599927666e+02
5.186345931707269301e+02
5.186393598587128508e+02
5.237995829380244004e+02
5.238023496170651470e+02
5.238057496322718407e+02
5.272590317438858847e+02
5.272612317537254967e+02
5.273461321334459626e+02
5.275627997691675546e+02
5.275653331138313433e+02
5.275701331352997840e+02
5.275746664889086333e+02
5.382517142424471785e+02
5.382539809192517168e+02
5.560213937180750463e+02
5.560238603957739087e+02
5.560272270774981962e+02
5.560296604217147660e+02
5.560319604320015969e+02
5.661882391897125899e+02
5.661907058674116797e+02
5.662853729574807176e+02
5.662877396347324748e+02
5.662919396535172609e+02
5.663659066510042521e+02
5.663682399947736030e+02
5.755213142656109540e+02
5.825147122105397557e+02
5.850065900222331265e+02
5.850087900320728522e+02
5.850160900647224480e+02
5.877294688670882579e+02
5.886716064141708102e+02
5.940071636110048985e+02
5.940100636239752703e+02
5.940287303741297364e+02
5.947018333846108362e+02
5.947039000605208230e+02
6.148722235975168360e+02
6.359929847276629289e+02
6.359952514044673535e+02
6.403596375910320830e+02
6.403626376044497874e+02
6.520022229963110476e+02
6.520044230061506596e+02
6.582501842739101221e+02
6.746685577057656928e+02
6.847355027305944759e+02
6.854084057401809105e+02
6.854183391179417413e+02
6.854322725135928067e+02
6.886282201409343315e+02
6.886310868204222970e+02
6.951102157985951635e+02
6.951126158093293270e+02
6.951208825129691604e+02
6.997554365745376117e+02
6.997577365848244426e+02
6.997602365960058250e+02
6.998097701508801265e+02
6.998197368621233636e+02
6.998218035380332367e+02
6.998242702157323265e+02
7.000184710843036555e+02
7.000208710950378190e+02
7.000233377727367952e+02
7.000256377830236261e+02
7.039600553798694591e+02
7.039622553897090711e+02
7.040383557300710891e+02
7.113871219310656215e+02
7.141102674437802307e+02
7.141134007911274466e+02
7.141159674692737553e+02
7.141181341456309610e+02
7.141210341586014465e+02
7.160290093587661886e+02
7.160365427257928559e+02
7.162220102219705495e+02
7.230537741106510339e+02
7.265425230475585749e+02
7.412276887275705803e+02
7.435761658978985906e+02
7.449461053583430612e+02
7.449489053708662141e+02
7.481149195309956212e+02
7.481182862127199087e+02
7.654574304294276317e+02
7.654612971133882411e+02
7.704385193742210731e+02
7.758087100592880461e+02
7.758114434048463863e+02
7.758697436655967294e+02
7.788818571373990380e+02
7.789013572246140029e+02
7.789066572483185382e+02
7.985696451918469165e+02
7.985731452075009429e+02
8.062945130749719738e+02
8.062966464178467731e+02
8.088491245005774317e+02
8.088511578430050122e+02
8.088535578537390620e+02
8.090052585322266623e+02
8.095663943752633713e+02
8.095701277252942418e+02
8.095725277360284053e+02
8.095747610793504236e+02
8.119842051890223047e+02
8.119865718662741756e+02
8.158657558827519551e+02
8.158681225600037124e+02
8.183363335991799659e+02
8.254118319113059670e+02
8.254141652550752042e+02
8.335947351763466031e+02
8.335973018544927982e+02
8.380589884762376869e+02
8.380613218200070378e+02
8.380715551991096390e+02
8.380740552102910215e+02
8.429706104436704663e+02
8.429730771213695562e+02
8.477506984894790776e+02
8.478771657217756683e+02
8.478794323985802066e+02
8.503830435960850309e+02
8.503852769394069355e+02
8.507175784256392035e+02
8.507195451011018577e+02
8.513105144109032381e+02
8.513125144198484122e+02
8.513151477649595336e+02
8.513179811109650927e+02
8.524839529924893213e+02
8.524861530023288196e+02
8.756248231576566923e+02
8.756282565063457923e+02
8.756337231974624729e+02
8.756425899037858471e+02
8.756503232717069523e+02
8.883092465559325319e+02
8.991470283616941970e+02
8.991497950407349435e+02
9.350198221375841285e+02
9.350219554804589279e+02
9.352765232856907005e+02
9.352789899633896766e+02
9.352818566428776421e+02
9.352841899866469930e+02
9.353599236587023142e+02
9.353621570020243325e+02
9.539838069547920441e+02
9.539860069646316560e+02
9.559563157769194959e+02
9.559584157863118890e+02
9.559610491314230103e+02
9.559633491417098412e+02
9.559655158180670469e+02
9.658421266582849967e+02
9.677878353605477741e+02
9.677902353712819377e+02
9.758648714854265336e+02
9.758669048278541140e+02
9.836506063074481290e+02
9.836529729846998862e+02
9.838335071254795139e+02
9.838357738022841659e+02
9.909660723595065974e+02
9.909685390372055735e+02
9.910279059693932595e+02
9.910321726551428583e+02
9.912934404903406858e+02
9.938023183780677527e+02
9.938052850580029371e+02
9.950082571050119213e+02
9.950104571148515333e+02
1.004845401102046139e+03
1.004855801148560658e+03
1.008389316952356580e+03
1.009932523854413489e+03
1.009935123866042090e+03
1.026968466715040449e+03
1.038410151221781916e+03
1.045401015822046929e+03
1.045407082515846923e+03
1.047481258459351693e+03
1.047483958471427513e+03
1.047490725168358495e+03
1.047495258521967344e+03
1.047502291886757575e+03
1.054253022079678203e+03
1.054255188756035523e+03
1.054257355432392615e+03
1.054259988777503622e+03
1.054350655849682653e+03
1.054376689299451527e+03
1.054381055985648572e+03
1.054383755997724620e+03
1.054386356009353221e+03
1.057933805208799868e+03
1.059446978643197326e+03
1.059449178653037279e+03
1.059453978674505379e+03
1.063980065584283466e+03
1.063982232260640785e+03
1.063985432274952700e+03
1.063996198989774030e+03
1.074074844066931973e+03
1.074077710746419825e+03
1.078158028995812174e+03
1.078160762341370400e+03
1.078985132695067705e+03
1.081225409381464715e+03
1.081236976099864251e+03
1.081239076109256530e+03
1.086573066632416840e+03
1.087110569036418610e+03
1.087112735712775930e+03
1.087116369062359354e+03
1.102889406274588509e+03
1.103776343574785869e+03
1.103778943586414243e+03
1.106569222732720391e+03
1.106571622743454327e+03
1.106575989429651372e+03
1.106960557816315941e+03
1.108451464484457802e+03
1.108454431164393100e+03
1.115508829382147951e+03
1.115511096058952489e+03
1.132984174208018658e+03
1.133023807718614535e+03
1.133027241067303521e+03
1.133212275228209819e+03
1.133214808572873608e+03
1.133217641918879281e+03
1.133220341930955101e+03
1.136933458538022933e+03
1.136935691881345065e+03
1.136966325351687829e+03
1.136970158702166145e+03
1.137083459208907243e+03
1.137085625885264562e+03
1.137094225923728573e+03
1.137096392600085892e+03
1.137098792610819828e+03
1.137107525983213463e+03
1.137196659715201122e+03
1.137353127081674529e+03
1.137355427091961474e+03
1.137471694278638097e+03
1.137519361158496622e+03
1.137786595687047793e+03
1.138315564719550139e+03
1.138318964734756946e+03
1.140303573611002321e+03
1.140305906954771672e+03
1.140312273649913777e+03
1.140695808698623296e+03
1.140698475377216937e+03
1.140701875392423744e+03
1.140937709780536125e+03
1.140940176458235101e+03
1.141100177173844941e+03
1.141392311813762262e+03
1.143403220807636217e+03
1.146776269227068497e+03
1.146886136385120608e+03
1.146888336394960106e+03
1.146890736405694270e+03
1.146894936424479056e+03
1.148016908109210590e+03
1.148038241537958356e+03
1.148043508228180599e+03
1.149109612996378473e+03
1.149113479680338969e+03
1.149946850074289387e+03
1.149948683415822416e+03
1.151179022251897095e+03
1.151181488929596071e+03
1.152859863102860572e+03
1.152861796444841048e+03
1.156471045920692177e+03
1.156473145930084456e+03
1.156475679274748245e+03
1.156478245952894667e+03
1.157264482802704833e+03
1.157267116147815841e+03
1.157588217583955384e+03
1.157592384269257764e+03
1.157599350967083410e+03
1.157646817846047725e+03
1.157652517871541249e+03
1.157656451222466558e+03
1.159069790877020068e+03
1.159074157563216886e+03
1.159928661385020632e+03
1.159931561397991118e+03
1.159941728110128679e+03
1.162888607956837632e+03
1.164435114873654129e+03
1.164437148216081368e+03
1.164440114896016667e+03
1.164447581596078635e+03
1.164452848286300650e+03
1.170610142491720808e+03
1.170612575835937378e+03
1.171207011827910264e+03
1.171209045170337959e+03
1.171212011850273257e+03
1.171214911863243515e+03
1.171220678555702079e+03
1.171226845249949520e+03
1.174888661627574947e+03
1.174891328306168589e+03
1.174972695336752395e+03
1.177101871526248033e+03
1.177408506231017554e+03
1.177411606244882705e+03
1.177414772925712441e+03
1.177427039647242509e+03
1.177429972993695401e+03
1.177432506338359190e+03
1.177435406351329675e+03
1.181106722771444311e+03
1.181108889447801630e+03
1.184567504916602729e+03
1.184578338298388871e+03
1.184580471641263557e+03
1.184584804993977968e+03
1.185563376037344142e+03
1.185565509380218828e+03
1.185568276059259688e+03
1.185572242743667630e+03
1.185574376086542316e+03
1.185579076107563424e+03
1.187116282982784924e+03
1.187118782993966306e+03
1.188803223861031256e+03
1.188805557204800607e+03
1.188840057359103866e+03
1.190268363747263493e+03
1.190272497099083466e+03
1.190275030443747255e+03
1.194681083483335215e+03
1.194688050181160861e+03
1.194693383538347689e+03
1.194699250231253473e+03
1.195036185071541695e+03
1.195058251836902855e+03
1.195060718514602058e+03
1.195064385197667889e+03
1.195071551896387973e+03
1.196363591008419917e+03
1.197496662742796616e+03
1.197500062758003423e+03
1.197508929464326911e+03
1.197511062807201597e+03
1.200643276816158505e+03
1.200646476830470874e+03
1.209703984007213649e+03
1.209706517351877437e+03
1.210501220906221988e+03
1.211056990058589463e+03
1.211062056747917040e+03
1.211070756786828042e+03
1.211090456874937672e+03
1.211095256896405772e+03
1.211218924116179551e+03
1.211224757475602473e+03
1.211226990818924605e+03
1.213545601189005765e+03
1.213547667864915638e+03
1.215313342428634996e+03
1.215747944372410302e+03
1.215866278234996571e+03
1.215868611578765922e+03
1.215871778259595658e+03
1.216676648526077997e+03
1.224822351624739213e+03
1.224824751635473376e+03
1.230934112293175531e+03
1.230936478970427061e+03
1.230964545762623629e+03
1.232405818875444083e+03
1.236924505752125015e+03
1.236926605761517294e+03
1.237798842995968016e+03
1.237801743008938502e+03
1.238747880573911289e+03
1.238753613932887220e+03
1.238756280611480634e+03
1.238758913956591641e+03
1.238761180633396179e+03
1.239410083535641434e+03
1.239412183545033713e+03
1.239421450253146077e+03
1.239426183607649818e+03
1.241135257918221896e+03
1.243262167430912768e+03
1.243264567441647159e+03
1.243266800784969291e+03
1.243367167900531740e+03
1.243369967913055007e+03
1.243372467924236389e+03
1.243374834601488146e+03
1.248498324183174191e+03
1.248500824194355801e+03
1.248505424214929462e+03
1.248507857559146032e+03
1.248521657620867245e+03
1.248533457673643625e+03
1.248541657710318532e+03
1.248663524922041461e+03
1.248666391601529313e+03
1.249042493283659951e+03
1.249062360039181385e+03
1.249064860050362768e+03
1.249514162059884711e+03
1.249782196592013406e+03
1.249784496602300351e+03
1.250461966298978268e+03
1.250465332980702669e+03
1.250467999659296083e+03
1.250470699671371904e+03
1.252080973540055311e+03
1.252083073549447590e+03
1.252088873575388561e+03
1.252093506929444857e+03
1.252828910218566534e+03
1.252831576897159948e+03
1.253874714895971010e+03
1.253886114946958514e+03
1.254043982319693441e+03
1.254220649776512801e+03
1.254223316455105987e+03
1.256579660327284955e+03
1.257864532740596815e+03
1.257872599443342324e+03
1.258012800070395087e+03
1.258104800481870825e+03
1.258107533827429279e+03
1.258110000505128255e+03
1.258112333848897606e+03
1.258115300528832904e+03
1.259214572112037331e+03
1.259216572120982391e+03
1.259219072132163774e+03
1.259221438809415531e+03
1.259226072163471827e+03
1.262024418012522801e+03
1.262027551359870131e+03
1.262030818041147086e+03
1.262043218096607006e+03
1.262060351506569987e+03
1.262062618183374525e+03
1.262071251555320941e+03
1.262075618241517986e+03
1.262078718255382682e+03
1.262104318369880502e+03
1.262110185062786286e+03
1.262159385282836183e+03
1.262169251993632088e+03
1.262171552003919032e+03
1.262822954917345442e+03
1.262825754929868481e+03
1.264463095586275813e+03
1.264465128928703507e+03
1.265418199858019534e+03
1.265425899892458119e+03
1.265428499904086721e+03
1.265431499917504425e+03
1.267976844634997633e+03
1.268497713631272291e+03
1.269491351408691798e+03
1.271026591608450644e+03
1.271847861948282798e+03
1.271850261959016962e+03
1.271852561969303906e+03
1.272492898166567329e+03
1.272495331510783899e+03
1.272501364871101714e+03
1.277416086852399530e+03
1.277418486863133467e+03
1.277422986883260137e+03
1.277447053657566357e+03
1.277450020337501655e+03
1.277735588281382661e+03
1.281619172317540006e+03
1.281621205659967472e+03
1.281627672355556797e+03
1.281629872365396295e+03
1.281634339052040559e+03
1.281636739062774723e+03
1.281758172939226142e+03
1.282560809862386122e+03
1.282564609879382033e+03
1.282574076588389062e+03
1.282579743280400180e+03
1.285180221577813654e+03
1.285681657153838387e+03
1.285683990497607738e+03
1.285687323845849733e+03
1.290698279590890024e+03
1.290700579601176969e+03
1.290711679650822362e+03
1.290726479717016446e+03
1.290748479815412793e+03
1.290751513162312904e+03
1.296047036846762012e+03
1.296054736881200597e+03
1.296055370217366544e+03
1.298207879844555237e+03
1.298217379887044444e+03
1.298219546563401764e+03
1.299058950317669769e+03
1.299068183692299726e+03
1.299074483720476792e+03
1.299076550396386892e+03
1.299648952956481025e+03
1.301816162649416128e+03
1.301819329330245864e+03
1.305320878324402202e+03
1.305323078334241700e+03
1.310035299409845948e+03
1.310042066106776929e+03
1.310044366117063646e+03
1.314733820424175974e+03
1.314736020434015472e+03
1.314739153781362802e+03
1.314741920460403662e+03
1.314744220470690379e+03
1.314746653814906949e+03
1.314771887261098072e+03
1.314774187271384790e+03
1.315022721716298975e+03
1.315024855059173660e+03
1.315048421831243559e+03
1.315062455227342070e+03
1.315064555236734350e+03
1.315068755255519136e+03
1.316553228561554079e+03
1.322191120443925684e+03
1.322198720477917504e+03
1.322201587157405356e+03
1.322204253835998770e+03
1.323911128136731577e+03
1.323914328151043719e+03
1.323917328164461424e+03
1.324065095492023602e+03
1.324068462173747776e+03
1.324168195953144732e+03
1.326004537499591606e+03
1.326673273823875888e+03
1.326969941817402514e+03
1.328683349480689230e+03
1.328693916194615895e+03
1.333707538618250055e+03
1.333712838641954704e+03
1.333921406241448494e+03
1.333924606255760636e+03
1.333927272934354278e+03
1.333929572944641222e+03
1.333932006288857792e+03
1.333935139636204894e+03
1.336027748995487173e+03
1.336029882338361858e+03
1.336032315682578428e+03
1.336034449025453341e+03
1.336043482399188633e+03
1.338273292372106198e+03
1.338275359048016298e+03
1.338292859126285975e+03
1.338319159243914328e+03
1.347704167885421157e+03
1.351402684427189570e+03
1.351405984441949158e+03
1.351460184684362048e+03
1.351465984710302791e+03
1.351468184720142290e+03
1.351470284729534796e+03
1.351587885255508127e+03
1.351590051931865219e+03
1.351765219381975612e+03
1.351767619392709548e+03
1.352503122682278445e+03
1.352505922694801711e+03
1.352655256696037668e+03
1.352658123375525520e+03
1.352783223935043225e+03
1.352785523945329942e+03
1.352787857289099293e+03
1.352790090632421425e+03
1.355812370816361408e+03
1.355814704160130759e+03
1.360619025647657509e+03
1.368952862921089945e+03
1.368985929735649506e+03
1.368988396413348482e+03
1.369212064080378241e+03
1.369214264090217739e+03
1.369390764879624840e+03
1.369394898231444813e+03
1.370940638478165511e+03
1.375051956866207092e+03
1.375054623544800734e+03
1.376525563456973714e+03
1.376528396802979387e+03
1.381393418561990757e+03
1.381395585238348076e+03
1.381398151916494044e+03
1.386077439511468583e+03
1.386079606187825675e+03
1.386100072946030878e+03
1.386102506290247447e+03
1.386105039634911236e+03
1.386107272978233141e+03
1.386229340190850735e+03
1.386231940202479109e+03
1.386239940238259805e+03
1.386329340638106714e+03
1.386331640648393659e+03
1.386335007330118060e+03
1.392257300484486223e+03
1.392261100501481906e+03
1.400893605777386028e+03
1.401667509238701314e+03
1.401670242584259768e+03
1.401686275989303113e+03
1.401688342665213213e+03
1.401695709364827508e+03
1.406365996919548934e+03
1.406368130262423847e+03
1.406426997192374984e+03
1.407834570154470157e+03
1.407844770200090352e+03
1.407848170215297159e+03
1.407852870236318040e+03
1.409654611628014436e+03
1.409720911924545362e+03
1.410788883367758672e+03
1.410791116711080576e+03
1.415131702791198222e+03
1.415306070237730637e+03
1.415308803583288864e+03
1.422438302136933316e+03
1.422440435479808230e+03
1.423510006930177269e+03
1.423512240273499401e+03
1.423515240286917106e+03
1.423520273642762277e+03
1.423672440990003906e+03
1.423894408649430034e+03
1.424058842718201504e+03
1.424129343033516989e+03
1.424135576394729469e+03
1.424138309740287696e+03
1.426647087627567544e+03
1.426818321726752629e+03
1.433794619595200402e+03
1.433796652937628096e+03
1.433800519621588592e+03
1.433804019637242391e+03
1.433957520323780727e+03
1.434042620704395631e+03
1.434044887381200169e+03
1.434047087391039668e+03
1.441279986407146907e+03
1.441285419764781409e+03
1.441287819775515345e+03
1.441452020509909744e+03
1.441454520521091354e+03
1.441497587380376217e+03
1.441500520726829109e+03
1.441509654101011847e+03
1.441513954120243852e+03
1.441516687465802306e+03
1.441795822047576621e+03
1.441803388748085581e+03
1.441805922092749370e+03
1.441810688780735290e+03
1.441998222952822971e+03
1.442001256299723082e+03
1.442003856311351683e+03
1.442008622999337604e+03
1.447528114352158127e+03
1.447531481033882528e+03
1.447665481633205445e+03
1.447668681647517815e+03
1.447685448389174326e+03
1.447692248419587941e+03
1.447699281784378172e+03
1.447723781893955902e+03
1.447728315247564979e+03
1.447833982386832076e+03
1.447836349064084061e+03
1.447839849079738087e+03
1.447842015756095179e+03
1.447844415766829115e+03
1.448525485479608506e+03
1.448934020640132076e+03
1.450561027916989588e+03
1.450563327927276532e+03
1.450649928314600402e+03
1.450653261662842397e+03
1.450746728747544239e+03
1.450754395448500873e+03
1.450756795459234809e+03
1.450759128803004160e+03
1.450761895482045020e+03
1.451669699542236231e+03
1.452342502551375446e+03
1.452344635894250359e+03
1.452347335906326407e+03
1.452351835926452623e+03
1.453981309881009111e+03
1.454823180312976092e+03
1.454836580372908656e+03
1.454839713720255986e+03
1.455053248008630362e+03
1.455055614685881892e+03
1.455059081368053512e+03
1.455061381378340457e+03
1.455064048056933871e+03
1.456700922044587287e+03
1.456929389733085145e+03
1.457049956938993546e+03
1.457052156948833272e+03
1.457078090398155155e+03
1.457080490408889091e+03
1.458766931284899101e+03
1.458769564630010336e+03
1.458773597981382864e+03
1.459173166435135954e+03
1.459985836736504325e+03
1.460100237248165286e+03
1.460102770592829074e+03
1.460486672309845517e+03
1.460492705670163332e+03
1.460495339015274567e+03
1.460541239220564876e+03
1.462713282268450712e+03
1.465664395467426857e+03
1.465666595477266583e+03
1.465752695862354130e+03
1.465762895907974098e+03
1.465770629275895317e+03
1.465774995962092362e+03
1.465777229305414266e+03
1.466430365559926713e+03
1.466432932238072681e+03
1.466437398924716945e+03
1.466440098936792765e+03
1.466456765678002284e+03
1.466460032359279239e+03
1.466462999039214537e+03
1.466609899696233697e+03
1.466710866814479914e+03
1.467861471960609379e+03
1.467864438640544677e+03
1.471014386062148333e+03
1.471016619405470237e+03
1.471019786086299973e+03
1.471040152844057957e+03
1.477471881610231321e+03
1.477475481626332567e+03
1.478556386460724298e+03
1.478576319883210545e+03
1.478578486559567864e+03
1.478581419906020528e+03
1.481476799522392639e+03
1.486092586833359292e+03
1.486095920181601059e+03
1.486100420201727729e+03
1.486300154428380665e+03
1.486347854641721824e+03
1.488012062084958643e+03
1.488016362104190648e+03
1.492385748313118029e+03
1.492684249648177911e+03
1.492686549658464628e+03
1.492689616338847145e+03
1.492691749681722058e+03
1.492693949691561556e+03
1.492696249701848501e+03
1.492701916393859619e+03
1.492802483510316733e+03
1.492805050188463156e+03
1.492807883534468601e+03
1.499372879563352171e+03
1.499381312934403923e+03
1.499383346276831617e+03
1.499492246763893490e+03
1.501902990879379786e+03
1.501905090888772065e+03
1.501909190907109860e+03
1.501911324249984546e+03
1.501913724260718709e+03
1.503639498645982712e+03
1.503642398658953198e+03
1.503646965346044681e+03
1.506061142810219962e+03
1.506063409487024501e+03
1.506065742830793852e+03
1.506068109508045382e+03
1.506072976196478521e+03
1.508015451550946864e+03
1.508053151719562265e+03
1.508058051741478039e+03
1.508060618419624234e+03
1.508920422265132402e+03
1.508922555608007315e+03
1.508928688968772349e+03
1.508933322322828644e+03
1.508935689000080401e+03
1.509270757165353189e+03
1.509463124692391602e+03
1.509465891371432235e+03
1.509469391387086262e+03
1.509471891398267871e+03
1.513178141307957503e+03
1.513761677251179435e+03
1.514044478516019808e+03
1.514048978536146251e+03
1.514752015013839355e+03
1.514755515029493381e+03
1.514858082154895783e+03
1.514860482165629719e+03
1.514911582394177913e+03
1.514929915809507975e+03
1.517149559070287751e+03
1.520335806654245516e+03
1.522639950292956655e+03
1.522642250303243827e+03
1.522645550318002961e+03
1.522648050329184571e+03
1.522747950775993331e+03
1.522750417453692535e+03
1.530867653758368078e+03
1.530869720434278179e+03
1.531627590490550119e+03
1.533223330960898920e+03
1.533975267657300037e+03
1.539747326806407273e+03
1.539755426842634961e+03
1.539768793569084892e+03
1.539770860244994765e+03
1.539794293683135038e+03
1.539796560359939576e+03
1.539799627040322093e+03
1.544756449209914763e+03
1.544916849927313478e+03
1.547479061386910416e+03
1.547508794853227982e+03
1.547692462341354940e+03
1.547695162353430987e+03
1.547702862387869800e+03
1.547704895730297267e+03
1.548482799209502900e+03
1.548484999219342399e+03
1.548488232567136947e+03
1.548490399243494267e+03
1.548495132597997781e+03
1.548658533328814201e+03
1.548666533364594670e+03
1.548668566707022364e+03
1.553850289882493826e+03
1.554335992054816870e+03
1.554338492065998253e+03
1.554340958743697456e+03
1.557737640602164447e+03
1.557740107279863423e+03
1.557940674843576971e+03
1.559906983637974463e+03
1.564239936350618109e+03
1.564337236785798495e+03
1.564340303466181012e+03
1.570662998411362878e+03
1.570665531756026667e+03
1.570672698454746524e+03
1.570674698463691811e+03
1.570690498534358312e+03
1.570698631904068407e+03
1.570700998581320164e+03
1.571142033887202160e+03
1.571237667648261549e+03
1.571823370267840573e+03
1.571825670278127518e+03
1.571829903630394710e+03
1.572884475013675683e+03
1.572890441707028458e+03
1.572921208511301074e+03
1.572924408525613217e+03
1.576373723952819319e+03
1.576376223964000701e+03
1.576447324281999954e+03
1.576513857912907497e+03
1.577477428889185603e+03
1.577480562236532933e+03
1.577482928913784690e+03
1.577487162266051655e+03
1.578600200577495116e+03
1.578603467258772071e+03
1.578605833936023828e+03
1.578608433947652429e+03
1.578616500650397711e+03
1.580554575985186602e+03
1.580557275997262650e+03
1.580910110908664592e+03
1.580912344251986724e+03
1.580916144268982407e+03
1.581104078442859191e+03
1.581109945135764974e+03
1.581112511813911169e+03
1.581114845157680520e+03
1.581117578503238747e+03
1.581119711846113660e+03
1.585975100228706197e+03
1.585977533572922766e+03
1.585983333598863510e+03
1.585985500275220602e+03
1.588552111754496991e+03
1.588599545299978672e+03
1.590371219890533439e+03
1.590375453242800631e+03
1.593125665543238938e+03
1.593128032220490695e+03
1.594350471021232124e+03
1.594783772959193129e+03
1.594786039635997668e+03
1.594788339646284385e+03
1.594794906342320928e+03
1.597740119514908884e+03
1.597742719526537712e+03
1.597957920489032858e+03
1.597983820604872108e+03
1.600001229627817565e+03
1.600003462971139697e+03
1.602983676300267234e+03
1.602986909648062010e+03
1.603262944215971174e+03
1.605219652967432239e+03
1.605222952982191828e+03
1.608529101102409413e+03
1.608531667780555836e+03
1.608534401126114062e+03
1.608536801136848226e+03
1.608540901155185793e+03
1.608566601270130377e+03
1.608569167948276800e+03
1.608571601292493369e+03
1.608594868063221611e+03
1.608655801669083075e+03
1.608657935011957989e+03
1.608660235022244706e+03
1.608892002725502152e+03
1.608894869404990231e+03
1.608897336082688980e+03
1.608899569426011112e+03
1.609538138948706319e+03
1.609544538977330603e+03
1.614205026488220938e+03
1.614207759833779392e+03
1.614538561313302580e+03
1.614830229284466441e+03
1.614832595961718198e+03
1.619956518878675752e+03
1.620006785770163106e+03
1.620284887013982598e+03
1.622613564095753873e+03
1.622615897439523224e+03
1.624647273191601926e+03
1.624649473201441651e+03
1.624651639877798971e+03
1.624656106564443235e+03
1.624664406601565361e+03
1.624666739945334712e+03
1.624674273312361265e+03
1.624695240072802562e+03
1.624793973847726647e+03
1.624796507192390663e+03
1.624798840536159787e+03
1.624801340547341397e+03
1.627358118649304060e+03
1.627361485331028234e+03
1.627363685340867960e+03
1.627367418690898830e+03
1.627369852035115400e+03
1.627372452046744229e+03
1.627380352082077252e+03
1.633087010938678986e+03
1.638437501535636329e+03
1.638439734878958461e+03
1.638481835067253314e+03
1.642157618174012214e+03
1.642160184852158409e+03
1.644154360437858031e+03
1.644158560456642817e+03
1.644163860480347466e+03
1.644165827155810348e+03
1.644168927169675044e+03
1.647012639888298054e+03
1.647014673230725521e+03
1.647017239908871716e+03
1.647019339918264222e+03
1.649346216991984875e+03
1.651357492654165299e+03
1.651359859331417283e+03
1.651363292680106269e+03
1.651366226026558934e+03
1.651368492703363700e+03
1.651370592712755979e+03
1.651590093694483130e+03
1.651592227037358043e+03
1.653484602167750836e+03
1.653487002178485000e+03
1.667219563597934894e+03
1.669787075081236480e+03
1.669790641763855319e+03
1.669792741773247826e+03
1.671909584574248129e+03
1.672054518555804634e+03
1.677227641692812313e+03
1.677230608372747611e+03
1.677243708431338291e+03
1.677245941774659968e+03
1.679346984504994225e+03
1.679349051180904098e+03
1.680596156758635516e+03
1.684902109350520277e+03
1.685797113353462692e+03
1.685799313363302417e+03
1.689110294838470963e+03
1.689120761551950409e+03
1.689319162439306638e+03
1.689677764043167144e+03
1.689679797385594611e+03
1.689684264072238648e+03
1.689686830750384843e+03
1.689692330774984157e+03
1.689694630785270874e+03
1.689697264130381882e+03
1.689702664154533750e+03
1.689711464193892425e+03
1.689888431652053441e+03
1.689891765000295209e+03
1.689895598350773525e+03
1.689900831707513134e+03
1.689903498386106548e+03
1.689906431732559440e+03
1.690515901125103255e+03
1.691863573819292014e+03
1.692414576283673114e+03
1.692418976303352565e+03
1.692476143225700753e+03
1.692478476569469876e+03
1.692497509987930925e+03
1.692499743331253057e+03
1.692503143346459865e+03
1.692505543357193801e+03
1.692508543370611733e+03
1.692511310049652366e+03
1.692516643406839421e+03
1.692518943417126138e+03
1.692785144607722032e+03
1.692787911286762892e+03
1.692985045501787226e+03
1.692988412183511400e+03
1.693819215899315395e+03
1.695810558139009572e+03
1.695812658148401852e+03
1.695834291578491730e+03
1.695836658255743259e+03
1.696954429921690235e+03
1.697492798996234797e+03
1.697494632337767825e+03
1.697496665680195520e+03
1.697499332358788706e+03
1.698173302039812825e+03
1.698175435382687738e+03
1.698178768730929505e+03
1.698181068741216450e+03
1.698183568752397832e+03
1.699807476015390421e+03
1.699811942702034457e+03
1.700654313136237761e+03
1.701367649659998278e+03
1.701370283005109286e+03
1.701583083956870496e+03
1.701585517301087066e+03
1.701681817731794581e+03
1.701686184417991626e+03
1.701689551099715800e+03
1.701695551126551209e+03
1.701700584482396380e+03
1.701729051276382052e+03
1.701732784626412922e+03
1.701736217975101908e+03
1.701786951535343405e+03
1.701808451631503203e+03
1.701819751682043261e+03
1.701822285026707050e+03
1.701824818371370839e+03
1.703404125434887192e+03
1.703972494643608798e+03
1.703975061321754993e+03
1.705852903053813407e+03
1.705855903067230884e+03
1.706247838153510202e+03
1.706250771499963093e+03
1.706253171510697030e+03
1.706256671526351056e+03
1.706335971881025216e+03
1.706338805227030889e+03
1.706341505239106709e+03
1.708762049398424097e+03
1.708765749414972561e+03
1.710325923059580646e+03
1.710329223074340007e+03
1.710333423093124793e+03
1.710335689769929104e+03
1.710537624006421993e+03
1.710539990683673523e+03
1.710542557361819718e+03
1.710544857372106662e+03
1.710555657420410398e+03
1.711879363340739928e+03
1.711889830054219374e+03
1.711892530066295194e+03
1.711895030077476576e+03
1.715646946858079900e+03
1.715658246908619958e+03
1.715661146921590444e+03
1.715663113597053098e+03
1.715665280273410417e+03
1.715667980285486237e+03
1.715675746986889635e+03
1.715689980383882585e+03
1.715784447473057071e+03
1.715787514153439588e+03
1.715790280832480448e+03
1.715795080853948775e+03
1.715965148281249185e+03
1.716130149019221790e+03
1.717181120386401517e+03
1.717183187062311390e+03
1.717693289343764945e+03
1.717705689399224866e+03
1.717965223893336770e+03
1.718413359230973811e+03
1.719839965611530033e+03
1.720570135543912102e+03
1.721458539517335566e+03
1.721461372863341239e+03
1.725487657537732957e+03
1.725489724213642830e+03
1.725492990894919785e+03
1.725497190913704799e+03
1.725513090984818518e+03
1.725521557689352903e+03
1.727869601524409518e+03
1.727871601533354578e+03
1.727874034877571148e+03
1.729900510607734532e+03
1.730614947136414685e+03
1.730617613815008326e+03
1.730627547192769043e+03
1.730629847203055988e+03
1.730632180546825339e+03
1.730634880558901386e+03
1.730643513930847575e+03
1.731554818006693040e+03
1.731558651357171129e+03
1.731561484703176802e+03
1.731563651379533894e+03
1.731576651437677128e+03
1.731590684833775413e+03
1.731637018374337458e+03
1.731640318389096819e+03
1.731643551736891595e+03
1.731664585164297705e+03
1.731691551951574411e+03
1.731695351968570094e+03
1.731700685325757149e+03
1.731703718672657260e+03
1.731842619293895950e+03
1.731844852637218082e+03
1.731945453087157830e+03
1.733376292819981018e+03
1.734162629670238630e+03
1.734165229681867231e+03
1.734264396792063053e+03
1.735263834595423305e+03
1.735267201277147706e+03
1.738088047226831350e+03
1.740691625538109747e+03
1.740700892246222338e+03
1.746088349675182144e+03
1.752585778735202894e+03
1.753555649739657838e+03
1.757961169443527069e+03
1.762614590256144766e+03
1.762638557030003767e+03
1.762640590372431234e+03
1.765770904372890300e+03
1.765801071174479148e+03
1.772702235373555368e+03
1.772704602050807352e+03
1.774847078299787654e+03
1.774874778423677526e+03
1.778707595566111195e+03
1.778715995603680540e+03
1.778748895750827842e+03
1.778825162758601891e+03
1.778827562769336055e+03
1.783986552509798230e+03
1.783990885862512414e+03
1.789932545770165916e+03
1.789935312449206776e+03
1.790815283051578490e+03
1.790818849734197101e+03
1.790821916414579619e+03
1.790823883090042273e+03
1.804187642860011920e+03
1.804232743061724477e+03
1.804234943071563976e+03
1.804238176419358524e+03
1.804240209761786218e+03
1.804242843106897226e+03
1.813297816938976212e+03
1.813300016948815710e+03
1.821499186953276649e+03
1.827489813746603431e+03
1.827495780439956206e+03
1.827497880449348713e+03
1.827501547132414544e+03
1.827506047152541214e+03
1.866840523077614762e+03
1.866842823087901706e+03
1.880687351674796219e+03
1.880689818352494967e+03
1.888766021140313342e+03
1.888768087816223442e+03
1.889233489897753543e+03
1.893067007043317744e+03
1.893069740388875971e+03
1.897672727642594054e+03
1.899119634113942993e+03
1.899123400797456497e+03
1.902337915174505270e+03
1.902340315185239206e+03
1.902345381874566783e+03
1.902350081895588119e+03
1.902354348581337490e+03
1.906241265965736602e+03
1.906346099767943315e+03
1.906348599779124925e+03
1.906351066456823673e+03
1.918576887803983027e+03
1.919001689703927241e+03
1.919004123048143811e+03
1.921151532652522292e+03
1.932301715855511929e+03
1.932304015865798874e+03
1.944124802068088229e+03
1.944128502084636693e+03
1.944130602094028973e+03
1.944132668769939073e+03
1.944135935451216255e+03
1.948414521254035208e+03
1.948416487929497862e+03
1.949071124190719047e+03
1.949073924203242086e+03
1.949076257547011437e+03
1.949078390889886123e+03
1.950072962004813462e+03
1.950075162014653188e+03
1.955877021297042347e+03
1.955879321307329519e+03
1.955881687984581049e+03
1.955884887998893191e+03
1.955889621353396706e+03
1.956667458165637527e+03
1.956670124844230941e+03
1.956829458890192427e+03
1.956831392232172675e+03
1.962067015648715369e+03
1.971654991864669682e+03
1.976379546328768583e+03
1.976381946339502747e+03
1.976384413017201723e+03
1.981377968684419557e+03
1.997885242513885714e+03
1.997887442523725667e+03
1.997889809200977197e+03
1.997900742583210558e+03
1.997903075926979909e+03
1.997905275936819635e+03
1.997907642614071165e+03
1.999727717421097850e+03
1.999946618400141688e+03
1.999960151794003650e+03
2.002150228255878119e+03
2.002188928428966165e+03
2.009555861377878955e+03
2.009559761395322084e+03
2.009561861404714364e+03
2.009572561452570881e+03
2.009580661488798569e+03
2.011674104185141005e+03
2.011676204194533284e+03
2.014937918782687120e+03
2.014941918800577469e+03
2.017216828975207363e+03
2.017219328986388746e+03
2.017225395680188967e+03
2.017302229357164151e+03
2.018027499267630446e+03
2.023470923613571358e+03
2.023475990302899163e+03
2.023478523647562952e+03
2.026630737745971146e+03
2.026645804480024253e+03
2.030484854983670175e+03
2.030487154993956892e+03
2.031850327757470495e+03
2.031852494433827587e+03
2.033963770543264218e+03
2.033983503964856027e+03
2.037673920470396752e+03
2.037676287147648509e+03
2.037678453824005601e+03
2.037680787167774952e+03
2.037692787221445769e+03
2.040656167141951983e+03
2.045242220986601069e+03
2.045244520996888014e+03
2.049722274357158767e+03
2.053792159226553849e+03
2.058974915739980588e+03
2.058977249083749939e+03
2.061119625332283249e+03
2.061121792008640568e+03
2.067012918356947466e+03
2.067018751716370389e+03
2.071571405411636078e+03
2.071575438763009060e+03
2.075144221391203700e+03
2.075146221400148988e+03
2.080512878736079529e+03
2.080515245413330831e+03
2.080816846762255864e+03
2.080819746775226122e+03
2.087043907946378113e+03
2.094267640254819980e+03
2.095342111727105475e+03
2.098053390520078665e+03
2.098070657263971498e+03
2.098073223942117693e+03
2.098075357284992606e+03
2.098077457294384658e+03
2.098102957408435032e+03
2.098104957417380319e+03
2.098788293806963793e+03
2.098790593817251192e+03
2.101861507552039711e+03
2.101863574227949812e+03
2.104728720375767807e+03
2.112011019612819837e+03
2.112013552957483626e+03
2.112017686309303372e+03
2.112019619651283847e+03
2.112022052995499962e+03
2.112027053017863182e+03
2.112029486362079751e+03
2.149195119253579378e+03
2.149197385930383916e+03
2.149215886013126692e+03
2.149217986022518744e+03
2.149883155664183960e+03
2.149885289007058873e+03
2.150953627118578879e+03
2.150955627127524167e+03
2.150958260472634720e+03
2.157348889054986103e+03
2.157354089078243760e+03
2.160664203882869060e+03
2.161819709050913843e+03
2.161827975754553790e+03
2.161831609104137442e+03
2.161833875780941526e+03
2.161836709126947426e+03
2.162245944290601983e+03
2.164239919875407395e+03
2.164242919888824417e+03
2.164977489840885937e+03
2.164980023185549726e+03
2.164983523201203752e+03
2.176342507338064479e+03
2.176346974024708743e+03
2.176349274034995688e+03
2.210250425659300618e+03
2.210252759003069968e+03
2.210255825683452713e+03
2.210307525914683993e+03
2.210905128587486615e+03
2.210907561931703185e+03
2.228512174002393749e+03
2.228932175880869636e+03
2.228934709225533425e+03
2.228938742576905952e+03
2.228940842586298459e+03
2.228945042605083017e+03
2.231269553001552140e+03
2.234344566754678453e+03
2.234347166766307055e+03
2.234349800111418062e+03
2.234354900134228046e+03
2.234356833476208521e+03
2.240049892271983481e+03
2.240052192282270425e+03
2.254575557238621968e+03
2.255809329423385861e+03
2.258097272989641169e+03
2.258099472999481350e+03
2.258184906714920089e+03
2.258187140058242221e+03
2.258191306743544374e+03
2.258195873430635856e+03
2.258198140107440395e+03
2.258200806786033809e+03
2.262043523972745788e+03
2.262047090655364627e+03
2.267081479838545420e+03
2.267083513180973114e+03
2.267102879934257999e+03
2.267105146611062992e+03
2.267108813294128595e+03
2.267113546648632564e+03
2.267154346831112889e+03
2.267203480384197974e+03
2.267205613727072887e+03
2.272930539332039643e+03
2.280700807418219028e+03
2.280703974099048992e+03
2.283094318123294670e+03
2.300401528863845670e+03
2.300404395543333067e+03
2.317818640095930732e+03
2.319332046864704807e+03
2.319334346874991752e+03
2.319437880671384391e+03
2.319440880684802323e+03
2.323215864235239223e+03
2.325513774512738109e+03
2.325515907855613023e+03
2.328074019296872393e+03
2.328076452641088963e+03
2.328079219320129596e+03
2.330022461344693056e+03
2.334946616701515723e+03
2.334949216713143869e+03
2.334953783400235807e+03
2.334955750075698234e+03
2.334958316753844429e+03
2.341431945707417981e+03
2.341463812516610233e+03
2.341465945859485146e+03
2.341468679205043372e+03
2.341475045900185705e+03
2.341561912955368825e+03
2.347619606715321879e+03
2.347621806725161150e+03
2.348233076125755815e+03
2.348235776137831635e+03
2.348239209486520849e+03
2.348241242828948089e+03
2.348243509505753082e+03
2.348245642848627995e+03
2.358438088434762903e+03
2.376324368431891344e+03
2.376326635108695882e+03
2.376330535126139239e+03
2.379800483978962347e+03
2.379810550690652690e+03
2.379813017368351666e+03
2.381808092958076941e+03
2.381810859637117119e+03
2.383544267389855577e+03
2.388028987447951749e+03
2.390103163391456292e+03
2.390105296734331205e+03
2.390107596744617695e+03
2.390109763420975014e+03
2.390114096773689653e+03
2.390116596784870580e+03
2.391475602863082258e+03
2.391477669538991904e+03
2.394205248404868144e+03
2.394207415081225463e+03
2.394209815091959626e+03
2.394211748433940102e+03
2.394214348445568248e+03
2.394216648455855193e+03
2.399809940138750790e+03
2.399812073481625248e+03
2.399825740209417290e+03
2.402694686374231424e+03
2.408602946132501074e+03
2.419411394473734163e+03
2.419872863204338501e+03
2.420320598540186893e+03
2.420322898550473838e+03
2.422365441019162972e+03
2.422367541028555479e+03
2.423317578610970941e+03
2.423320445290459247e+03
2.450712534469379989e+03
2.461479182623660108e+03
2.461482249304042398e+03
2.477089119106414273e+03
2.483250146661865529e+03
2.487733333379770102e+03
2.487736200059258408e+03
2.487743033423154429e+03
2.487744966765134450e+03
2.487747233441938988e+03
2.490017376928582962e+03
2.490926647662000505e+03
2.494779764895227345e+03
2.494783364911328590e+03
2.505980348323634189e+03
2.505984115007147466e+03
2.520831848080915279e+03
2.520833781422895754e+03
2.523074791445906158e+03
2.523076958122263022e+03
2.523256992260806783e+03
2.523262992287642192e+03
2.532264399213474007e+03
2.532267032558585470e+03
2.532273332586762535e+03
2.532277499272064688e+03
2.532279465947527569e+03
2.535293546094792418e+03
2.536548351706962876e+03
2.536551785055651635e+03
2.542477811560050668e+03
2.562816769193548225e+03
2.562821202546710083e+03
2.563891340666280030e+03
2.563899340702061181e+03
2.563901907380206922e+03
2.563905740730685011e+03
2.563910340751258900e+03
2.563917540783461391e+03
2.564262475659530537e+03
2.564266009008666970e+03
2.567971758916120052e+03
2.567974058926406997e+03
2.572618379698324134e+03
2.573135915346357251e+03
2.573138048689231709e+03
2.574194353413598947e+03
2.574197486760946049e+03
2.576448763496541233e+03
2.578019370521145902e+03
2.578021903865809691e+03
2.581255584995249137e+03
2.581257518337229612e+03
2.583939763667016450e+03
2.584824567624338670e+03
2.584827067635520052e+03
2.587986381765683745e+03
2.589921623754466964e+03
2.589924557100919628e+03
2.589926690443794541e+03
2.589929223788458330e+03
2.589931190463920757e+03
2.589976323999116175e+03
2.589978357341543415e+03
2.589980957353172016e+03
2.589985390706333874e+03
2.589987457382243520e+03
2.589991624067546127e+03
2.589999924104668480e+03
2.590003457453804458e+03
2.590012457494057799e+03
2.590027057559357218e+03
2.590040790954114073e+03
2.590187658277650826e+03
2.590189991621419722e+03
2.590192391632153885e+03
2.590473426222426497e+03
2.590476559569773599e+03
2.590482592930090959e+03
2.590485426276096860e+03
2.590487959620760648e+03
2.590490526298906843e+03
2.590717793982037620e+03
2.590749827458642358e+03
2.590752960805989915e+03
2.590755994152889343e+03
2.590758927499342462e+03
2.590858127943020463e+03
2.590861561291709677e+03
2.596212751891798234e+03
2.596672820616141053e+03
2.596771221056241302e+03
2.596773654400457872e+03
2.596815687921788140e+03
2.597196889626728080e+03
2.598190827405489472e+03
2.598193460750600480e+03
2.598350461452792842e+03
2.598354028135411227e+03
2.598765263308011527e+03
2.600313903567702255e+03
2.600317436916838687e+03
2.601727309889220578e+03
2.601729409898612630e+03
2.601732209911136124e+03
2.601734876589729538e+03
2.601828043673089724e+03
2.601832243691874737e+03
2.602372279440540296e+03
2.602374779451722134e+03
2.603588418213104887e+03
2.603590818223839051e+03
2.604040786903009121e+03
2.604624589514090076e+03
2.604627222859201538e+03
2.607152600820725638e+03
2.607154934164494989e+03
2.609867012961046385e+03
2.620662227909759167e+03
2.620664727920941004e+03
2.628605630103621934e+03
2.634685923964654194e+03
2.634689790648615144e+03
2.634722857463174023e+03
2.635824595724077881e+03
2.635827129068741669e+03
2.635830629084395696e+03
2.636004263194314717e+03
2.636006829872460912e+03
2.636251130965107677e+03
2.636253597642806653e+03
2.636600932529609508e+03
2.636603232539896453e+03
2.637963171955615053e+03
2.637965805300726061e+03
2.639161910650357186e+03
2.639164177327161269e+03
2.639323378039193358e+03
2.639503878846490352e+03
2.639914114014617553e+03
2.640226782079705117e+03
2.641211919819107607e+03
2.641735522160940945e+03
2.644038932463039146e+03
2.644050899183227557e+03
2.644214566581903455e+03
2.644216699924778368e+03
2.645785340273920610e+03
2.645787873618584399e+03
2.645791373634237971e+03
2.645793406976666120e+03
2.645795706986952609e+03
2.646272042450716071e+03
2.646276309136465898e+03
2.646279842485601876e+03
2.646282275829818900e+03
2.646288742525407997e+03
2.646365142867111445e+03
2.646367742878740046e+03
2.646371109560464447e+03
2.646373276236821766e+03
2.647775815843071541e+03
2.647777949185946454e+03
2.647825182730533470e+03
2.648000883516363047e+03
2.648003450194509242e+03
2.653137573157086536e+03
2.655353583068283115e+03
2.655356449747770512e+03
2.656767456058555126e+03
2.657738860403201670e+03
2.662955650402177525e+03
2.668441474937754720e+03
2.668461375026759015e+03
2.668468941727267975e+03
2.680448361972387829e+03
2.684289579152391070e+03
2.684302279209192420e+03
2.684304512552514552e+03
2.688036629244561027e+03
2.688038929254847972e+03
2.688045262616507443e+03
2.688047429292864763e+03
2.688049795970116520e+03
2.688054495991137628e+03
2.688056929335354198e+03
2.689770503666052718e+03
2.690169438783640089e+03
2.695160961108430456e+03
2.695166394466064958e+03
2.695168694476351902e+03
2.695170961153156441e+03
2.695173227829960524e+03
2.695182627872002740e+03
2.695184861215324872e+03
2.698444209126227179e+03
2.698512876100009635e+03
2.701904957937902964e+03
2.702047958577479221e+03
