2.453351195399616547e+00
3.074987309026226967e+00
1.641818032034321106e+01
1.642214700475103939e+01
1.642658035791272653e+01
1.643701373790978693e+01
1.664654800839382531e+01
1.665241470129952006e+01
1.665711472232056067e+01
1.666251474647238950e+01
1.690814917841590059e+01
1.720418383577650445e+01
1.721025052957671164e+01
1.721538388586919410e+01
1.722281725244856787e+01
1.865609032948846391e+01
1.957972779382862782e+01
1.958472781619143532e+01
2.075363304416850241e+01
2.109063455142170795e+01
2.291830939243983778e+01
2.353917883597081584e+01
2.487168479565893620e+01
2.972790651531180828e+01
3.304338801060684716e+01
3.884811397248424925e+01
4.046255452646985873e+01
4.370236901667441742e+01
4.599311259545332575e+01
5.020809811381737831e+01
5.021183146384827722e+01
5.034693206809132704e+01
5.035286542796185927e+01
5.432641653316716202e+01
5.433101655374094463e+01
5.786129900974218288e+01
5.825803411748972849e+01
5.862403575444721326e+01
5.880016987554770225e+01
6.115478040664086734e+01
6.118771388727056149e+01
6.292058830428985772e+01
6.306188893626279679e+01
6.316618940275095184e+01
6.338382370946273880e+01
6.343995729385585491e+01
6.593726846318354262e+01
7.439020626929814739e+01
7.439667296488737236e+01
7.440063964929520068e+01
7.440590633951735811e+01
7.441370637440333269e+01
7.493410870192430195e+01
7.525991015908482495e+01
7.526424351179926475e+01
7.527461022483149122e+01
7.528237692623504529e+01
7.551231128795934922e+01
7.551614463843749547e+01
7.552084465945853253e+01
7.552721135460051016e+01
7.553757806763272242e+01
7.555144479631890420e+01
7.556287818078851615e+01
7.557967825592756128e+01
7.558644495285855669e+01
7.635578172708248701e+01
7.756725381210826242e+01
8.052650038079450212e+01
8.053603375676624410e+01
8.054386712513465341e+01
8.054866714660295202e+01
8.055456717299105662e+01
8.056150053733415461e+01
8.071826790514937500e+01
8.122207015842582223e+01
8.178313933449761919e+01
8.343588005978233468e+01
8.344184675313528032e+01
8.344641344022664953e+01
8.345101346080043925e+01
8.518995457161994977e+01
8.551918937746958704e+01
8.707459633409165178e+01
8.724089707787862835e+01
9.257822094928080503e+01
9.289525570056518688e+01
9.507543211816123119e+01
9.508393215617800820e+01
9.509219885981784159e+01
9.510179890275443881e+01
9.535046668159804995e+01
9.571233496673562513e+01
9.571633498462585976e+01
9.572100167216447630e+01
9.572596836104487750e+01
9.573376839593083787e+01
9.583883553251463638e+01
9.584653556695336363e+01
9.585173559021068002e+01
9.585830228624716653e+01
9.710304118672681284e+01
1.002449219055851728e+02
1.021821305698312017e+02
1.032743687882452406e+02
1.035921368761428312e+02
1.063110490365901342e+02
1.099179985021544184e+02
1.113172714271272383e+02
1.113219714481482754e+02
1.113287714785616913e+02
1.113419715375994912e+02
1.113550049292252027e+02
1.123825761917469350e+02
1.151721886684043312e+02
1.183429695165197302e+02
1.214959836185059459e+02
1.224974214308114000e+02
1.225576883670244257e+02
1.225614217170553246e+02
1.225715884291930422e+02
1.228694564280866786e+02
1.230043570314352195e+02
1.230095903881749422e+02
1.230143904096432408e+02
1.230203571029961864e+02
1.230280238039524932e+02
1.230383905169847196e+02
1.230479238929564758e+02
1.231938245455031762e+02
1.232125912961049181e+02
1.232168579818545169e+02
1.232328913868979186e+02
1.233919587650000267e+02
1.234577590592945739e+02
1.238945276794269859e+02
1.239137944322649929e+02
1.239179611175673443e+02
1.239240278113675373e+02
1.239329945181381731e+02
1.242885627750986117e+02
1.242961294756076569e+02
1.244954303669891686e+02
1.245176637997624454e+02
1.246788645207393387e+02
1.246915312440584529e+02
1.246959312637377195e+02
1.247072313142776778e+02
1.247185646983000282e+02
1.247259313979145645e+02
1.247456314860240241e+02
1.247741649469744374e+02
1.247948650395564698e+02
1.251514999679542939e+02
1.256497688631492480e+02
1.259096033586031211e+02
1.259437701780823033e+02
1.259470368593593435e+02
1.259567702362256085e+02
1.259634035992269219e+02
1.259816703475923987e+02
1.259896703833728822e+02
1.260118371491813178e+02
1.260171705063683163e+02
1.260245038725004463e+02
1.277224114664625034e+02
1.277262114834582292e+02
1.277316448410924892e+02
1.277372781996212581e+02
1.279548458393682040e+02
1.279609125331684112e+02
1.281730134817987050e+02
1.281767468318296039e+02
1.281818468546396446e+02
1.281885468846058131e+02
1.283009807208041479e+02
1.283065474123680758e+02
1.283177807959431789e+02
1.283299808505084343e+02
1.283434475774055841e+02
1.283621143275600787e+02
1.284370146625549296e+02
1.289017167409542424e+02
1.289056167583972012e+02
1.289108834486193587e+02
1.289172501437613505e+02
1.289349168894432580e+02
1.299252213186208564e+02
1.323373321068863220e+02
1.323442988047118263e+02
1.356071800647501391e+02
1.383198255305026976e+02
1.386447603171203582e+02
1.408553702041646716e+02
1.417050740045001476e+02
1.421195091914119928e+02
1.422317430267158045e+02
1.422441097486931767e+02
1.422495097728450162e+02
1.422562098028111564e+02
1.422618764948223316e+02
1.422848432642088312e+02
1.422888766155815006e+02
1.423143433961494111e+02
1.423214100944221627e+02
1.423314768061126188e+02
1.423409435151195339e+02
1.424665440768732481e+02
1.426856783902938730e+02
1.426899784095258781e+02
1.426949784318886998e+02
1.427075451547605667e+02
1.429308794869659494e+02
1.429354461740572901e+02
1.429415795348223526e+02
1.433083478418754737e+02
1.433616814137454298e+02
1.433717814589182922e+02
1.433765148134217213e+02
1.434049816074073362e+02
1.435396155428965130e+02
1.445368866698996158e+02
1.452116230210192498e+02
1.470079310550813716e+02
1.470137644145046352e+02
1.470549312652917422e+02
1.491666073765173053e+02
1.507984146748430874e+02
1.508304814849298907e+02
1.508949151064452678e+02
1.509027484748136771e+02
1.510301490446179855e+02
1.510465824514504334e+02
1.510556158251858960e+02
1.514776510460892212e+02
1.521709874803984803e+02
1.532224921832968505e+02
1.532984591897291011e+02
1.534089930174295660e+02
1.552726013524950872e+02
1.563558728641384334e+02
1.564845734397570993e+02
1.564966068269102664e+02
1.566133073488581999e+02
1.566171740328187525e+02
1.576306785657597800e+02
1.576332785773884382e+02
1.579412466214549511e+02
1.624909336367853143e+02
1.629285355939782107e+02
1.639342067585508289e+02
1.659296490165823457e+02
1.692152637116302287e+02
1.728559799948846489e+02
1.729749471936370355e+02
1.739424848543226574e+02
1.739475848771326980e+02
1.739524182320834313e+02
1.751971904660454982e+02
1.752187572291704214e+02
1.752499573687143197e+02
1.766292302042358813e+02
1.772486329745404703e+02
1.772528663268076343e+02
1.796475103702856870e+02
1.801711127121188554e+02
1.810265498714303192e+02
1.811917506102974755e+02
1.832725932502857518e+02
1.832784932766738564e+02
1.832874599834444780e+02
1.832926266732193881e+02
1.833037933898296501e+02
1.836992618252453155e+02
1.837050285177037381e+02
1.837104285418555492e+02
1.837150952293941941e+02
1.837217619258779280e+02
1.837356953215289366e+02
1.837405620099620762e+02
1.840047965250952302e+02
1.840109965528251053e+02
1.840266299560794891e+02
1.840341633231060996e+02
1.841551971977684730e+02
1.842721310540933075e+02
1.842805644251452577e+02
1.842853311131311216e+02
1.842925311453335837e+02
1.844131983516893456e+02
1.844192650454895386e+02
1.844240984004402435e+02
1.844307650969239774e+02
1.844398318041419031e+02
1.849511340909625403e+02
1.851218681879111898e+02
1.851286348848421994e+02
1.851330015710390455e+02
1.851455349604284777e+02
1.856348371488527960e+02
1.856392371685320768e+02
1.856478372069961154e+02
1.856531705641830854e+02
1.872968445822499177e+02
1.900999571192868984e+02
1.915508636085262992e+02
1.915547969594516928e+02
1.915631303300563957e+02
1.915709636984247481e+02
1.917369977743523748e+02
1.919321653139139698e+02
1.938974074368741185e+02
1.939050408043480047e+02
1.939106074959119326e+02
1.939158075191692774e+02
1.939225408826178523e+02
1.943829429417851316e+02
1.943876096293237481e+02
1.951737464786866951e+02
1.952499801529783099e+02
1.964624855759590503e+02
1.964674855983218720e+02
1.964792189841332686e+02
1.964842856734609029e+02
1.966235529630062899e+02
1.966289863206405357e+02
1.966356196836418633e+02
1.979806590327194158e+02
1.982624936265696647e+02
1.982670269801785992e+02
1.982756936856074503e+02
1.983252272404816665e+02
1.983354272861018046e+02
1.983402606410525095e+02
1.983612274014938635e+02
1.983668607600226608e+02
1.987738292468727366e+02
1.987772292620794587e+02
1.987816959487235522e+02
1.987873626407347558e+02
1.987935293349821961e+02
1.987999626970890006e+02
1.988081294002815866e+02
1.992598314205376084e+02
1.993727652589722084e+02
1.993775319469580722e+02
2.016059085801315973e+02
2.016118086065197019e+02
2.016158419578923429e+02
2.016204753119485531e+02
2.039417856941054197e+02
2.041841201112894737e+02
2.104129813034626011e+02
2.104173479896594756e+02
2.118139875695212027e+02
2.118950879322459286e+02
2.120927221495064714e+02
2.233024722855784603e+02
2.237976411669084769e+02
2.266017537084180162e+02
2.275648246824595162e+02
2.317152099118960962e+02
2.317861768959655535e+02
2.321921120448606644e+02
2.364950979568100990e+02
2.397907126965835971e+02
2.399288133142443371e+02
2.436772300791936630e+02
2.436815634319080743e+02
2.438994310729968049e+02
2.465905764425893096e+02
2.480682163847285153e+02
2.482652505993055456e+02
2.532327394832720699e+02
2.540823099496778354e+02
2.658029290372990658e+02
2.658080623935915128e+02
2.658176957700105163e+02
2.658219291222777088e+02
2.658290624875153298e+02
2.727410267348952289e+02
2.727465934264591283e+02
2.733701962155484466e+02
2.754169387030223106e+02
2.779179498888985336e+02
2.790299881958692367e+02
2.798978254106405075e+02
2.811999979013276061e+02
2.836013753082542053e+02
2.851190487627782773e+02
2.861412200011481559e+02
2.861492867038934946e+02
2.863449542456913832e+02
2.881697624072214694e+02
2.894249013542157627e+02
2.924698483062005039e+02
2.926857492718265235e+02
2.928602833857709697e+02
2.950420931440054346e+02
2.950639265749896936e+02
3.028899615772555762e+02
3.034141639217722854e+02
3.037892655994300526e+02
3.041924007358020390e+02
3.057960745749663829e+02
3.069201462690903099e+02
3.070495801813220851e+02
3.070597468934598169e+02
3.070636135774204263e+02
3.070686135997832480e+02
3.070753469632318229e+02
3.070820803266803978e+02
3.073591482325447259e+02
3.073668816004658879e+02
3.073711149527330804e+02
3.073817150001422078e+02
3.074808821103378591e+02
3.076013826492815042e+02
3.076120493636555011e+02
3.076180827239733162e+02
3.076250160883163858e+02
3.076426828339983217e+02
3.078052835612368199e+02
3.078105835849414120e+02
3.078609838103585048e+02
3.078651504956608278e+02
3.078929506199980324e+02
3.079816176832318320e+02
3.086859541667392364e+02
3.121087361419401418e+02
3.163527217900085020e+02
3.163563884730745599e+02
3.171609254047326090e+02
3.171646254212810732e+02
3.171681921038999121e+02
3.173846264052446600e+02
3.173883264217930673e+02
3.173923597731657651e+02
3.176317608438969842e+02
3.176360275296465829e+02
3.176393942113708704e+02
3.184662979097319067e+02
3.185361648888815012e+02
3.211984101292170521e+02
3.228216507225612304e+02
3.279970405363732766e+02
3.289858116253595881e+02
3.310996544129424137e+02
3.311724880720273063e+02
3.311898548163674150e+02
3.339149003375797520e+02
3.365507454598396180e+02
3.368077132758054972e+02
3.378578513059247257e+02
3.418693692476048795e+02
3.418760026106062355e+02
3.418834693106680334e+02
3.418890693357143391e+02
3.421371371118744378e+02
3.421435038070164296e+02
3.421477704927660284e+02
3.421640705656687942e+02
3.431273748740871952e+02
3.444969476662249122e+02
3.455141188822320260e+02
3.467972246209756122e+02
3.480302634691262256e+02
3.523666828639417190e+02
3.598092494844626117e+02
3.606449532221822665e+02
3.706284978739993790e+02
3.706343645669051057e+02
3.706385979191722981e+02
3.709364659180658919e+02
3.709405326029209391e+02
3.709533993271346048e+02
3.709576660128842036e+02
3.712089338033565014e+02
3.744915151515042453e+02
3.767242251373921818e+02
3.767393918718926784e+02
3.774340949789811361e+02
3.787536342140084002e+02
3.824960842856046952e+02
3.825078176714161486e+02
3.825124510254722736e+02
3.825174510478350953e+02
3.825234510746705041e+02
3.825300511041893969e+02
3.827165852718044903e+02
3.827200186204936472e+02
3.827295519964653749e+02
3.829700530721164000e+02
3.829743864248308682e+02
3.829783197757562334e+02
3.830916536159799080e+02
3.830955536334228668e+02
3.831032870013440288e+02
3.833540881230624109e+02
3.833620548253604738e+02
3.833723882049102940e+02
3.833867549358327551e+02
3.852850634260961442e+02
3.852893967788106124e+02
3.852935301306305291e+02
3.997848282768953254e+02
4.016485032789256024e+02
4.035529117964716193e+02
4.086992348136145665e+02
4.100448074984108189e+02
4.100525075328495745e+02
4.110229785399880029e+02
4.162053683851079882e+02
4.211861573285596023e+02
4.277013864681919131e+02
4.380421327176080126e+02
4.424984526486836103e+02
4.488391810078538811e+02
4.488426143565430380e+02
4.488532810709169780e+02
4.489334147626516369e+02
4.526152312297283515e+02
4.537576363391825112e+02
4.550959423248114604e+02
4.598752637005243855e+02
4.613386702456708122e+02
4.613563036578702850e+02
4.613618703494342412e+02
4.615119710207656567e+02
4.675184645517235822e+02
4.675217978999654633e+02
4.675270645901876492e+02
4.692090387795535662e+02
4.739026931054503393e+02
4.758060016180764933e+02
4.759380355419370972e+02
4.759431355647470809e+02
4.759473689170142734e+02
4.759519356041056426e+02
4.759606356430169285e+02
4.759716690256975085e+02
4.759777023860152667e+02
4.759876024302936912e+02
4.761191030184355100e+02
4.761226697010542921e+02
4.761291697301259660e+02
4.761344030868656887e+02
4.761414031181736277e+02
4.761478364802804322e+02
4.764891046732832365e+02
4.764930380242086017e+02
4.764976713782648403e+02
4.765035380711705670e+02
4.765098714328300957e+02
4.765232714927624329e+02
4.769888402417046223e+02
4.770050736476425186e+02
4.770101403369701529e+02
4.770154070271923388e+02
4.770221737241233200e+02
4.771430409313736050e+02
4.771499076287518619e+02
4.771737410686811813e+02
4.771863744585179461e+02
4.772006745224755377e+02
4.772078412211955651e+02
4.774609090197184287e+02
4.774643423684075856e+02
4.774752090836760772e+02
4.776022763186562088e+02
4.776069096727124474e+02
4.776169763844028466e+02
4.776351097988386414e+02
4.776413764935333575e+02
4.776558098914206880e+02
4.791393165264655636e+02
4.791459498894669196e+02
4.791511499127242359e+02
4.795867851944544213e+02
4.796125519763640455e+02
4.796167519951488316e+02
4.796228186889489962e+02
4.796297853867745857e+02
4.796452854560992591e+02
4.804030888454062733e+02
4.804077555329449183e+02
4.805522895127124343e+02
4.805586228743720199e+02
4.805627895596743997e+02
4.805761896196066800e+02
4.809310578734363162e+02
4.809458912731126361e+02
4.809499579579677402e+02
4.809572579906173928e+02
4.810906585872571100e+02
4.811116253476985207e+02
4.811159920338953953e+02
4.811231920660977721e+02
4.811298587625815344e+02
4.815060271116767012e+02
4.815556940004805710e+02
4.826260987879103936e+02
4.830254672407690464e+02
4.846062076440292685e+02
4.846524078506616320e+02
4.870615519589917994e+02
4.876887880976647693e+02
4.876932881177913259e+02
4.885986255002836174e+02
4.914207714557816757e+02
4.916182723391125364e+02
4.935155141579385258e+02
4.940336831421374200e+02
4.978105000341075197e+02
4.994383739815078229e+02
4.994480740248916959e+02
5.041004281660717083e+02
5.051937997228880022e+02
5.056553684539399001e+02
5.058715360874252838e+02
5.058777694486375935e+02
5.067264732445004825e+02
5.069776743680079107e+02
5.144090076049537856e+02
5.144260076809872544e+02
5.149258432498559159e+02
5.164442833744756172e+02
5.191881289797721593e+02
5.197496981580801503e+02
5.199387656703590892e+02
5.201352665492174765e+02
5.204937014856659516e+02
5.205620684581066371e+02
5.205953352735605222e+02
5.221471422140814411e+02
5.237961162558528940e+02
5.271529979363118628e+02
5.278392010053835293e+02
5.303727456701003575e+02
5.311855159719159474e+02
5.311898159911479524e+02
5.311960826858427254e+02
5.312031160506330707e+02
5.312086494087145638e+02
5.312166161110126268e+02
5.316760181657073190e+02
5.321215534917158720e+02
5.321277868529281250e+02
5.362368052306831032e+02
5.474881222193313306e+02
5.475785559571331760e+02
5.477041565188868617e+02
5.507630035330403189e+02
5.605257805307983290e+02
5.605315805567390726e+02
5.608419819450222121e+02
5.665792076050016703e+02
5.708686267896066511e+02
5.720449987176456261e+02
5.745433098914458014e+02
5.760581833334467774e+02
5.842088197875060587e+02
5.842167198228393090e+02
5.847383221557273600e+02
5.850291567898306084e+02
5.906312818455671731e+02
5.918982208453376188e+02
5.944782657180285241e+02
5.955580038805355798e+02
5.955621705658378460e+02
6.029214034803119375e+02
6.029273368401825337e+02
6.052853807199647918e+02
6.093570322639284313e+02
6.093614989505724679e+02
6.093693989859058320e+02
6.093737990055849423e+02
6.095474331155041909e+02
6.100707354559955320e+02
6.100800354975903019e+02
6.100840355154805366e+02
6.100900355423160590e+02
6.102596029673799194e+02
6.102675696696779823e+02
6.132102161641197426e+02
6.135654510862559619e+02
6.147695898051497352e+02
6.179262039232370398e+02
6.283444505192767338e+02
6.283491838737801345e+02
6.283537172273890974e+02
6.292710879970345559e+02
6.292760213524325081e+02
6.292814213765843760e+02
6.295494892421955910e+02
6.295554226020661872e+02
6.295599559556751501e+02
6.295670559874303081e+02
6.296784231521912716e+02
6.299586244054029294e+02
6.299626910902580903e+02
6.299670577764549080e+02
6.299834245163225432e+02
6.302041921703817025e+02
6.302089921918499158e+02
6.302131922106347020e+02
6.302262922692252687e+02
6.302314256255177725e+02
6.304427599040524228e+02
6.306926943552278999e+02
6.309098619931858138e+02
6.315603982360694317e+02
6.315737982960017689e+02
6.323907352831196249e+02
6.344718445909671800e+02
6.352468147237200355e+02
6.356351164604155883e+02
6.399054688930771135e+02
6.461006299345249317e+02
6.467091326560786229e+02
6.484574404754577017e+02
6.486150411803333782e+02
6.512536196481515844e+02
6.527685597571173730e+02
6.527726931089372329e+02
6.527775264638879662e+02
6.527823598188385859e+02
6.527878265099553801e+02
6.528033599127625166e+02
6.529457272161728270e+02
6.529497272340630616e+02
6.529538272524005151e+02
6.537710642408602553e+02
6.537751975926801151e+02
6.537795976123593391e+02
6.541016990529714121e+02
6.541756993839410370e+02
6.542218662570909373e+02
6.542307996303791242e+02
6.560622078214281601e+02
6.570240121231377088e+02
6.570294788142543894e+02
6.570351455062656214e+02
6.623070024181973849e+02
6.661953531423404229e+02
6.662018865048945599e+02
6.662069198607397311e+02
6.663749539456124467e+02
6.703542050763113593e+02
6.774407034376356478e+02
6.790474772906650287e+02
6.791109775746725745e+02
6.791165442662364740e+02
6.791228109609312469e+02
6.793156118232410563e+02
6.793242785286699927e+02
6.793283785470074463e+02
6.794837459085611044e+02
6.795035126636353198e+02
6.798505808825790382e+02
6.798554142375297715e+02
6.798601809255155786e+02
6.798656476166322591e+02
6.800279483425290437e+02
6.800320150273840909e+02
6.804468502160850676e+02
6.804528502429203627e+02
6.804563169250919827e+02
6.842762673433118152e+02
6.853170053313889412e+02
6.896500580444800335e+02
6.934235415882081952e+02
6.942533786330221801e+02
6.951348492421026322e+02
6.997803366859044445e+02
7.007910412063222338e+02
7.008001745805048586e+02
7.008042745988424258e+02
7.008140413091911114e+02
7.008210080070166441e+02
7.013492103694235311e+02
7.013530770533841405e+02
7.016162448970799232e+02
7.021435805889440189e+02
7.023854816708566204e+02
7.023955483825470765e+02
7.023994817334724985e+02
7.024103484487409332e+02
7.024225151698237823e+02
7.024390485771034491e+02
7.024601486714744851e+02
7.024659486974154561e+02
7.024768487461662971e+02
7.026667829289881411e+02
7.039498553342492642e+02
7.039553220253660584e+02
7.039594887106683245e+02
7.039672220785894297e+02
7.053603283093148093e+02
7.056748963829002150e+02
7.060614647785100715e+02
7.079672066353527953e+02
7.081352740537079171e+02
7.096033139529106393e+02
7.098235816047333628e+02
7.106762187515217875e+02
7.107037522079996279e+02
7.113732552023794824e+02
7.146939700544141942e+02
7.153231062015851194e+02
7.153266395507215520e+02
7.153306062351293804e+02
7.153350395882910107e+02
7.153581730250896271e+02
7.153688064059811040e+02
7.160021759054191079e+02
7.160212759908450835e+02
7.162283102501477288e+02
7.164839447268168442e+02
7.176070164164681273e+02
7.178426174702036633e+02
7.187883216999049409e+02
7.191574566842098193e+02
7.222162370313983502e+02
7.225808053286117456e+02
7.225877720264373920e+02
7.229195068434684117e+02
7.230599408048984742e+02
7.262337549999140265e+02
7.270199251827593798e+02
7.276355946030330415e+02
7.282203972185869816e+02
7.282314306012675615e+02
7.284480649035067472e+02
7.285199985585662716e+02
7.297471040468465162e+02
7.298265377354503016e+02
7.299747717317662818e+02
7.299786717492092976e+02
7.299879717908040675e+02
7.301912393665934360e+02
7.302059060988576675e+02
7.302108727877380261e+02
7.302166728136788834e+02
7.304470071771921766e+02
7.304515071973187332e+02
7.314448783068788771e+02
7.350728278663669926e+02
7.360645323018061390e+02
7.392746133256931671e+02
7.393254135528993629e+02
7.393362469346853914e+02
7.413750227198612492e+02
7.413811560806262833e+02
7.413861894364715681e+02
7.413917894615178739e+02
7.421033926441925814e+02
7.421103593420181141e+02
7.421146593612501192e+02
7.421255927434834803e+02
7.421335927792639495e+02
7.422117264620534343e+02
7.425483279675175936e+02
7.425805281115340222e+02
7.425840281271880485e+02
7.425882281459727210e+02
7.425943615067377550e+02
7.426021615416237864e+02
7.426907952713751229e+02
7.426951952910544605e+02
7.427002953138644443e+02
7.430049633431715392e+02
7.434376652784488897e+02
7.434413652949973539e+02
7.434476986566569394e+02
7.439204341043191562e+02
7.439246674565863486e+02
7.439288674753710211e+02
7.439485342299981312e+02
7.439572342689093603e+02
7.439718343342087792e+02
7.439812677097332880e+02
7.443559027186372532e+02
7.443603694052814035e+02
7.443643694231716381e+02
7.443803361612501703e+02
7.448475049173483740e+02
7.448519716039925243e+02
7.448587049674410991e+02
7.449375053198789374e+02
7.449432386788549820e+02
7.449487720369364752e+02
7.449555387338674564e+02
7.451841064228125333e+02
7.451885397759742773e+02
7.471860153764332608e+02
7.474114163845487155e+02
7.500820616624537251e+02
7.512891003943177566e+02
7.545395815988963477e+02
7.546920156139971141e+02
7.548897164982225831e+02
7.561307887156360721e+02
7.567400914407677419e+02
7.609760103860907066e+02
7.609813437432777619e+02
7.625989843115755775e+02
7.640154573134764178e+02
7.640227573461261272e+02
7.640271906992878712e+02
7.640333573935353115e+02
7.648135608830276624e+02
7.649191946888125813e+02
7.649266280553920296e+02
7.649309614081064410e+02
7.649356280956450291e+02
7.649449281372399128e+02
7.649544281797292342e+02
7.649657282302691783e+02
7.654844972171515565e+02
7.675334397144652030e+02
7.675423064207885773e+02
7.687473451437074345e+02
7.689841795362924586e+02
7.692546474126378371e+02
7.697466496131381746e+02
7.716968583355275086e+02
7.718581923904340556e+02
7.721361269668412888e+02
7.721446936718228926e+02
7.721530937093924649e+02
7.726612626488657725e+02
7.726666293395351204e+02
7.726734627034310279e+02
7.729479305976667547e+02
7.729603306531264479e+02
7.782973211897044621e+02
7.822379388142800281e+02
7.826960408631605333e+02
7.826997408797089975e+02
7.827136076083951366e+02
7.835101445042727164e+02
7.838217125644404177e+02
7.838548460459646776e+02
7.838592793991264216e+02
7.838630460826395847e+02
7.838680794384848696e+02
7.838797461573313967e+02
7.839041795999444275e+02
7.839119796348303453e+02
7.839797466045876035e+02
7.842894479897398696e+02
7.842938480094192073e+02
7.842989813657117111e+02
7.843047813916524547e+02
7.843125814265384861e+02
7.844724821417011071e+02
7.844985155914700954e+02
7.845016156053350187e+02
7.847426500167046015e+02
7.849205508123733352e+02
7.849311841932649259e+02
7.849353175450848994e+02
7.849414842393323397e+02
7.849490176063588933e+02
7.849614176618187003e+02
7.849725510449466128e+02
7.853516527404946146e+02
7.853612194499488623e+02
7.853651528008741707e+02
7.853713194951217247e+02
7.855025200819217162e+02
7.855062867654349930e+02
7.857054209894045016e+02
7.857104210117672665e+02
7.857147210309992715e+02
7.857260877485041419e+02
7.857344877860736005e+02
7.886731342626250125e+02
7.890317691999680392e+02
7.921723832464944053e+02
7.921763499309022336e+02
7.921830166273859959e+02
7.928727863790765014e+02
7.928841197630987381e+02
7.928888864510846588e+02
7.930576205390883615e+02
7.930812873116054789e+02
7.930882206759486053e+02
7.931499876188705684e+02
7.931544209720321987e+02
7.931602543314554623e+02
7.932161879149540482e+02
7.932735881716791937e+02
7.939229577426781361e+02
7.949028954588234228e+02
7.976613744629017901e+02
7.976695744995766972e+02
7.982073769049203520e+02
7.982116102571875444e+02
7.982161102773141010e+02
7.982207769648525755e+02
7.982325770176288415e+02
7.984521113328385127e+02
7.984567780203771008e+02
7.984618780431871983e+02
7.987194791953190816e+02
7.987229125440081816e+02
7.987276458985115823e+02
7.987333792574876270e+02
7.989559802530798152e+02
7.997967506801270474e+02
8.022512616580290796e+02
8.026954303112585194e+02
8.037005014731475967e+02
8.037066015004302244e+02
8.075876855254060729e+02
8.075926188808039115e+02
8.075974855692370511e+02
8.076032855951779084e+02
8.077762197019662835e+02
8.079633538722649746e+02
8.081021878265388523e+02
8.081066878466654089e+02
8.094790273178439293e+02
8.095264275298432040e+02
8.107446996452823669e+02
8.107487329966551215e+02
8.107534996846410422e+02
8.112477352284632843e+02
8.115280364821222747e+02
8.149161516356077755e+02
8.152171863153311051e+02
8.152229863412719624e+02
8.152284863658710492e+02
8.153751203550309583e+02
8.153826870555399182e+02
8.153881537466567124e+02
8.154005538021164057e+02
8.159454562392151047e+02
8.159502229272010254e+02
8.159691896786972620e+02
8.194513719195682597e+02
8.194587052857003755e+02
8.202722755910940577e+02
8.249686299290667648e+02
8.254220652904085682e+02
8.290310814318827397e+02
8.290552815401186990e+02
8.290599815611396934e+02
8.290650482504673846e+02
8.290709816103379808e+02
8.297085844620430635e+02
8.298316183456506678e+02
8.298358516979177466e+02
8.300002857666893306e+02
8.300056191238762722e+02
8.300104191453445992e+02
8.300155191681546967e+02
8.300225525329450420e+02
8.301692531890697637e+02
8.314424255500524623e+02
8.314492255804659635e+02
8.314539256014870716e+02
8.314711590118974982e+02
8.314900257629465159e+02
8.314953591201334575e+02
8.315026258193007607e+02
8.315096258506086997e+02
8.316663932184238774e+02
8.316741932533099089e+02
8.316789932747781222e+02
8.316982266941337230e+02
8.317047933901702663e+02
8.317645603241469416e+02
8.318540607244412968e+02
8.318598607503821540e+02
8.322301957400540005e+02
8.322358957655476388e+02
8.322408957879105174e+02
8.325200637031672386e+02
8.327424980313472815e+02
8.327961649380414428e+02
8.328001649559316775e+02
8.329153988046531367e+02
8.329284655297612971e+02
8.329316988775558457e+02
8.329472989473279085e+02
8.330000658499966448e+02
8.330091658906969769e+02
8.330334326658977488e+02
8.352619092995186065e+02
8.352701426696760336e+02
8.379956548596421726e+02
8.395037616047121674e+02
8.418937722941340098e+02
8.453606211330923088e+02
8.453750211974972899e+02
8.462643918419109923e+02
8.493376722539516095e+02
8.496983738672046229e+02
8.497059405677135828e+02
8.502131761696791727e+02
8.505424776424937363e+02
8.524057526427350240e+02
8.524673195847623219e+02
8.526714871645768881e+02
8.526759538512211520e+02
8.530581555606340771e+02
8.537992588752493930e+02
8.738637819479936297e+02
8.838148597879348927e+02
8.841339945486116676e+02
8.841379945665019022e+02
8.861292701392310391e+02
8.913136266598137354e+02
8.923292978691119970e+02
8.924423317079938442e+02
8.924463983928490052e+02
8.935440366354148409e+02
8.961498482900153704e+02
8.988265269282381951e+02
9.013117047099653973e+02
9.013151380586546111e+02
9.013213714198668640e+02
9.013272381127725339e+02
9.013329714717486922e+02
9.013384048293828528e+02
9.028423782226328740e+02
9.053093225894771194e+02
9.095203414234333650e+02
9.192858184332673090e+02
9.196244866146413415e+02
9.196287866338733465e+02
9.196332199870350905e+02
9.196390200129759478e+02
9.196450867067760555e+02
9.197553538666172699e+02
9.199742215121785875e+02
9.201094221168688136e+02
9.201141554713722144e+02
9.201195221620417897e+02
9.201280888670233935e+02
9.224181657761539554e+02
9.224259991445222795e+02
9.224301658298245457e+02
9.224353325195995694e+02
9.235047373025566912e+02
9.235090706552711026e+02
9.235141373445987938e+02
9.235193040343737039e+02
9.235255373955859568e+02
9.240905399225832753e+02
9.240947399413679477e+02
9.241054733227067572e+02
9.241116066834717913e+02
9.242570740007471386e+02
9.242614406869439563e+02
9.258993813460347155e+02
9.323738436366688802e+02
9.401644118136413226e+02
9.402379788093393245e+02
9.429473242603324934e+02
9.449165997346653967e+02
9.452271677903605678e+02
9.499339221748479076e+02
9.557942150519172628e+02
9.559842492351863257e+02
9.618640088659882394e+02
9.686914394019543124e+02
9.707863487715231940e+02
9.734309605996592154e+02
9.738066622800005234e+02
9.748137667843171812e+02
9.753782693090780640e+02
9.754400029185175072e+02
9.754514363029871902e+02
9.775092788401066173e+02
9.784685831306347836e+02
9.856301818278483324e+02
9.859307498388178601e+02
9.860663504452971893e+02
9.903662696768641354e+02
9.910223726113117664e+02
9.972058336004305374e+02
9.973992344654240014e+02
9.975106349636672576e+02
9.975163349891608959e+02
9.975291350464096922e+02
9.981137376610690808e+02
1.004860467836099360e+03
1.008051882109832036e+03
1.009197220565738917e+03
1.009205787270720634e+03
1.009211187294872389e+03
1.009965590668972709e+03
1.015884050472862896e+03
1.015893017179633489e+03
1.016343652528452139e+03
1.016355652582122843e+03
1.016359485932600933e+03
1.016368985975090254e+03
1.018918164043061552e+03
1.019766734504994702e+03
1.020138869502717171e+03
1.020143602857220685e+03
1.020148936214407740e+03
1.020631838374207632e+03
1.022857181660480933e+03
1.023827886001996490e+03
1.025802261499139149e+03
1.025985695652889490e+03
1.025989695670779611e+03
1.025993462354293115e+03
1.026000129050776877e+03
1.026006662413330787e+03
1.026015929121443151e+03
1.026264396899392295e+03
1.026377597405686174e+03
1.026381864091435773e+03
1.026387664117376744e+03
1.026394164146448247e+03
1.026401064177309081e+03
1.026593131703005838e+03
1.026601431740127964e+03
1.026607065098656904e+03
1.026617165143829652e+03
1.026855866211429884e+03
1.026859566227978348e+03
1.026863732913280955e+03
1.026870499610211937e+03
1.027426068761684519e+03
1.027937304381540571e+03
1.032763392633086596e+03
1.032767159316600100e+03
1.032803392811989170e+03
1.033034693846492701e+03
1.035362137589414715e+03
1.035869473191827410e+03
1.035875406551698006e+03
1.035882373249523425e+03
1.035887173270991752e+03
1.035894073301852359e+03
1.035900606664406496e+03
1.035985040375373046e+03
1.036864377641578812e+03
1.036878677705536347e+03
1.036883544393969487e+03
1.036888344415438041e+03
1.036895577781122711e+03
1.037489880439165972e+03
1.037493513788749624e+03
1.037497447139674932e+03
1.037505813843762098e+03
1.038047049597794967e+03
1.040622861118218452e+03
1.041474398260087128e+03
1.043339973270615246e+03
1.043830108796100149e+03
1.045743184019074761e+03
1.045763350775938306e+03
1.045786550879701736e+03
1.045960618324892266e+03
1.046079218855338013e+03
1.048668530436141282e+03
1.052223946337886218e+03
1.053305551175408709e+03
1.053800020053608023e+03
1.053804753408111310e+03
1.053813386780057726e+03
1.053819020138586666e+03
1.053892520467319855e+03
1.053898220492813380e+03
1.054574923519395725e+03
1.054667890601861700e+03
1.054770457727264102e+03
1.054779557767964434e+03
1.054784124455055462e+03
1.055854795910344819e+03
1.056982600954499503e+03
1.056987967645168965e+03
1.056995867680501988e+03
1.057000534368040690e+03
1.057006767729252942e+03
1.057269968906431359e+03
1.057385536089976995e+03
1.057929805190909747e+03
1.057934805213272512e+03
1.057939771902153097e+03
1.058075505842562052e+03
1.058080739199301661e+03
1.058086005889523676e+03
1.058096472603003349e+03
1.059294911296403370e+03
1.059456012016933073e+03
1.061646721814973262e+03
1.062931994230074224e+03
1.063004961223088685e+03
1.063030161335797402e+03
1.063035928028255739e+03
1.067984483494208234e+03
1.067989216848711976e+03
1.067994083537144888e+03
1.068008583601997088e+03
1.068011816949791864e+03
1.068177451023930416e+03
1.068181517708785350e+03
1.068374618572437157e+03
1.068383085276971542e+03
1.068389885307384930e+03
1.069756924754858801e+03
1.072496103672616528e+03
1.072693504555500112e+03
1.072816771773484561e+03
1.072820871791822356e+03
1.072831838507537896e+03
1.072927038933325775e+03
1.073069872905489774e+03
1.073162706654026124e+03
1.073430074516506693e+03
1.073850043061499946e+03
1.073908143321355965e+03
1.075262449378545853e+03
1.075271716086658216e+03
1.075565917402485638e+03
1.076170720107490979e+03
1.076175653462888931e+03
1.076908090072075311e+03
1.076911956756036034e+03
1.077302691836948043e+03
1.077306591854391172e+03
1.077310925207105583e+03
1.077450025829238712e+03
1.077635493325416519e+03
1.077640626681708909e+03
1.077645426703177236e+03
1.077652260067073030e+03
1.077786860669079942e+03
1.077790960687417282e+03
1.077794827371378005e+03
1.077802360738404559e+03
1.077816460801467656e+03
1.077821527490795461e+03
1.077940094687758574e+03
1.077947328053443471e+03
1.077952494743218494e+03
1.077959461441043914e+03
1.078138895576903906e+03
1.078142595593452370e+03
1.078147562282332729e+03
1.078161529011466200e+03
1.078173729066031456e+03
1.078189729137592394e+03
1.078204829205128135e+03
1.078213195909215301e+03
1.078430696881997392e+03
1.078738998260887911e+03
1.078822598634794076e+03
1.078830865338434023e+03
1.079136666706143387e+03
1.080323638681591319e+03
1.080337305409383134e+03
1.080340872092001746e+03
1.080345305445163376e+03
1.080761173971819289e+03
1.080775540702741864e+03
1.080780374057692370e+03
1.080792507445292813e+03
1.080854607723039180e+03
1.080916741334267499e+03
1.080920141349474079e+03
1.080925808041485425e+03
1.080938041429533087e+03
1.081300576384319129e+03
1.081306343076777466e+03
1.082892350170259988e+03
1.086869801292908051e+03
1.086990635166676157e+03
1.088215740646011000e+03
1.093903432751116270e+03
1.095354272573390745e+03
1.099013988941624120e+03
1.099042422402127158e+03
1.099123356097439910e+03
1.099144556192258051e+03
1.099279823463913090e+03
1.099511124498416848e+03
1.099524624558796404e+03
1.099530024582948272e+03
1.099535024605310809e+03
1.099541291300005696e+03
1.099557658039873104e+03
1.099607058260817666e+03
1.099621724993082125e+03
1.099629725028862595e+03
1.099641191746814457e+03
1.099936826402386259e+03
1.100236694410224800e+03
1.100241194430351243e+03
1.100245827784407538e+03
1.100254927825107870e+03
1.100440628655662522e+03
1.100446528682050484e+03
1.100450395366011207e+03
1.100459428739746727e+03
1.100663696320008739e+03
1.100667829671828486e+03
1.100691729778722674e+03
1.100719729903954430e+03
1.100799396926935287e+03
1.100985297758384377e+03
1.104267912440014470e+03
1.105999953519973360e+03
1.109650236512682113e+03
1.110248839189957380e+03
1.111500111452990950e+03
1.111828179586956139e+03
1.113930755657481313e+03
1.116319866342877731e+03
1.116641634448665627e+03
1.130410929365741140e+03
1.132999274275554399e+03
1.133945611841421623e+03
1.142433649804522929e+03
1.144946627710587563e+03
1.144957661093268143e+03
1.144961227775886755e+03
1.145428996534668840e+03
1.145534763674383385e+03
1.145541563704796772e+03
1.145546263725817880e+03
1.146734569040562747e+03
1.146909069821024559e+03
1.147660439848224769e+03
1.148907045423719865e+03
1.149880449777311242e+03
1.150071117296746252e+03
1.150271984861801457e+03
1.152384994312323897e+03
1.154035235026427017e+03
1.157049281840209687e+03
1.158686855830993863e+03
1.161108366661301261e+03
1.161622368960197946e+03
1.162282038577264302e+03
1.165111551232376996e+03
1.165583720010838078e+03
1.165753920772067886e+03
1.165760220800244952e+03
1.167952830606783209e+03
1.167960663975151647e+03
1.168237565213604057e+03
1.169690105043481935e+03
1.170098906871864983e+03
1.170288207718520880e+03
1.170414974952159355e+03
1.171989048658935872e+03
1.172401183835560687e+03
1.176337134772597892e+03
1.177366006040933826e+03
1.180393986250367561e+03
1.180468519917055801e+03
1.180733987771038301e+03
1.180736954450973599e+03
1.180741887806371551e+03
1.180941222031235611e+03
1.182603396132044736e+03
1.182773363558897927e+03
1.182779030250908818e+03
1.184583604988610887e+03
1.187625885262002157e+03
1.188081420632736354e+03
1.188969091269546880e+03
1.188977491307116225e+03
1.190020362638068036e+03
1.191897504366995690e+03
1.191907137743414523e+03
1.192813041795108120e+03
1.194692416867357451e+03
1.197780864013898736e+03
1.197789864054151849e+03
1.197794197406866260e+03
1.197798297425203828e+03
1.197804630786863299e+03
1.198834235391812626e+03
1.198840268752130441e+03
1.199054169708811287e+03
1.203199221581060783e+03
1.203205554942720482e+03
1.204236092885177413e+03
1.205349764532786594e+03
1.205353831217641755e+03
1.205359697910547311e+03
1.205366164606136635e+03
1.205371497963323691e+03
1.205759466365195067e+03
1.205824366655464246e+03
1.206383469156073488e+03
1.206387669174858274e+03
1.206391302524441699e+03
1.207036738744515333e+03
1.207042005434737348e+03
1.207046905456653121e+03
1.208252077513501717e+03
1.210208219595761648e+03
1.210719321881687620e+03
1.212691930704262404e+03
1.213715235281034666e+03
1.214689539638651013e+03
1.214939174088484833e+03
1.214986174298695232e+03
1.216164146233890278e+03
1.219683061972386668e+03
1.219911562994366932e+03
1.220523599065056942e+03
1.220527399082052625e+03
1.220677033084630239e+03
1.220681566438239315e+03
1.220687733132486755e+03
1.221279535779348635e+03
1.221823404878492283e+03
1.221827471563347444e+03
1.221992938970073965e+03
1.221997105655376345e+03
1.222260940168720481e+03
1.222267573531721609e+03
1.222489207856323674e+03
1.222517774650756564e+03
1.224465550028929329e+03
1.224608250667163929e+03
1.224839251700325576e+03
1.225343287287978910e+03
1.227253129163159201e+03
1.227994832480457944e+03
1.231944716813145988e+03
1.231966716911542335e+03
1.231970383594608620e+03
1.233572490760099299e+03
1.237522941761988250e+03
1.239174582482353117e+03
1.240028686302367987e+03
1.240753856212387063e+03
1.240762656251745739e+03
1.243001066263127086e+03
1.259514806788182568e+03
1.259938308682312254e+03
1.260718412171357386e+03
1.261195880973523117e+03
1.261826683794814926e+03
1.268228079091987183e+03
1.272340430817984270e+03
1.272344464169357025e+03
1.272536331694158889e+03
1.275871646611493134e+03
1.277081618689810057e+03
1.277466453744334103e+03
1.277619954430872212e+03
1.278695192573252825e+03
1.280973236095230050e+03
1.286822228921759688e+03
1.286825428936071603e+03
1.286830095623610305e+03
1.286834795644631413e+03
1.287129730297072228e+03
1.287276897621950866e+03
1.287282330979585140e+03
1.288351569095130344e+03
1.288764404274886147e+03
1.289703308474173809e+03
1.290025976583987131e+03
1.290870547028029932e+03
1.292547487861550735e+03
1.293157923925084560e+03
1.293895693891457995e+03
1.294335495858490731e+03
1.294338662539320467e+03
1.294342462556316150e+03
1.294346429240723864e+03
1.294359762633691389e+03
1.294843798131893664e+03
1.294847998150678450e+03
1.294854131511443484e+03
1.295557601324407869e+03
1.296079003656401483e+03
1.296522438973017870e+03
1.296786373486808998e+03
1.296791206841759731e+03
1.296796206864122723e+03
1.297373142777825706e+03
1.297394609540503325e+03
1.297397909555262913e+03
1.297908811840294447e+03
1.298734615533735905e+03
1.298739182220826933e+03
1.298742648902998553e+03
1.299052616956010297e+03
1.299365018353238383e+03
1.299369418372917607e+03
1.299373551724737581e+03
1.299382885099814985e+03
1.299973021072555866e+03
1.300780358016736955e+03
1.305034077041671480e+03
1.309803898374895198e+03
1.309806298385629361e+03
1.310417001117022664e+03
1.310617302012876735e+03
1.310622302035239500e+03
1.311731973664958559e+03
1.311736273684190564e+03
1.315161622337537665e+03
1.315165955690252076e+03
1.315296256273026756e+03
1.317013530620274196e+03
1.317017130636375441e+03
1.317021430655607219e+03
1.317026230677075773e+03
1.317031397366850570e+03
1.317402999028854310e+03
1.317406465711025930e+03
1.319384174556410699e+03
1.319388941244396619e+03
1.319393874599794572e+03
1.319694942613000421e+03
1.321205882704075748e+03
1.322392688012111876e+03
1.322408621416707774e+03
1.323997028520924459e+03
1.324002561879006180e+03
1.325104000138567699e+03
1.326618240244402614e+03
1.326874174722413500e+03
1.328340681281424850e+03
1.329482953056949555e+03
1.330968893036210829e+03
1.331337228016937615e+03
1.331863663704776400e+03
1.331993597619244611e+03
1.333968739786482956e+03
1.333973439807504292e+03
1.333980239837917452e+03
1.333985973196893610e+03
1.334203140834851411e+03
1.334435675208204430e+03
1.336569684752650574e+03
1.336964419851452931e+03
1.338788628010299590e+03
1.339611298356393490e+03
1.344352219560360027e+03
1.345022122556528984e+03
1.348393904303629142e+03
1.348584138487792643e+03
1.350203212395834498e+03
1.351326284085485895e+03
1.352096354196323091e+03
1.352981191487127944e+03
1.353336793077570519e+03
1.353555194054378035e+03
1.355653536772636016e+03
1.355864871051170894e+03
1.357107276607881204e+03
1.358069214243520491e+03
1.358079147621281209e+03
1.358533782987989980e+03
1.358538249674634244e+03
1.358544149701022434e+03
1.358549049722937752e+03
1.358554716414949098e+03
1.358603349965797861e+03
1.358715883802443614e+03
1.359049718628866913e+03
1.359054451983370427e+03
1.359059718673592442e+03
1.359739055045286023e+03
1.359744155068096006e+03
1.359747721750714845e+03
1.359761855147260349e+03
1.360932693717217717e+03
1.360939693748525769e+03
1.361992865125544995e+03
1.362252066284832836e+03
1.364430476027860777e+03
1.366570718933518947e+03
1.366577452296967749e+03
1.371395207177909242e+03
1.371399340529729216e+03
1.375324858086769154e+03
1.376099661552109865e+03
1.377278100156058599e+03
1.377310000298733485e+03
1.377327300376108724e+03
1.377348200469585208e+03
1.377566968114699193e+03
1.377664001882019875e+03
1.377968936579186447e+03
1.377974303269855909e+03
1.377978969957394611e+03
1.378520639046698761e+03
1.380170646426425037e+03
1.380437047617915368e+03
1.381464518879989782e+03
1.381468018895643809e+03
1.381481818957365022e+03
1.381509652415184746e+03
1.381517719117930028e+03
1.383312627145730858e+03
1.391157228897703817e+03
1.394382376655643839e+03
1.397354156613719624e+03
1.398247960611295184e+03
1.398787363023794796e+03
1.399724933883785980e+03
1.400853472264553830e+03
1.400946739348361461e+03
1.401313407654967250e+03
1.401708742756453375e+03
1.402258678549397473e+03
1.403869352419869529e+03
1.407117666948091028e+03
1.408243438649818245e+03
1.409183876189297507e+03
1.409228243054396671e+03
1.409238576433946491e+03
1.409251076489853631e+03
1.409431410629738593e+03
1.409795978926952102e+03
1.411792021187667160e+03
1.412333490276076873e+03
1.412338423631475052e+03
1.413176794047788007e+03
1.413838030338527915e+03
1.414304632425425098e+03
1.415329703676765575e+03
1.418738885591139478e+03
1.418888919595506195e+03
1.419023386863583255e+03
1.419027120213614353e+03
1.421344563911810383e+03
1.422170700940075903e+03
1.422191201031763285e+03
1.422427468755147174e+03
1.422435502124410050e+03
1.422462235577309912e+03
1.422465768926446344e+03
1.422670403175014826e+03
1.424125943018310636e+03
1.425894150926693555e+03
1.426096018496221177e+03
1.426099618512322422e+03
1.426253152532343165e+03
1.426880355337533501e+03
1.426917055501676714e+03
1.426920322182953669e+03
1.427334157367181888e+03
1.427957726822789027e+03
1.428105360816421353e+03
1.428491995878996022e+03
1.429372966485840152e+03
1.429440300120326128e+03
1.431281341687794111e+03
1.431728843689265432e+03
1.432934815749692007e+03
1.433452618065584602e+03
1.433796352936285984e+03
1.435403960126375978e+03
1.437729703861694588e+03
1.439819613208900591e+03
1.440326882144348701e+03
1.440773017473040682e+03
1.444191332761597550e+03
1.445261504214650358e+03
1.446425776088571183e+03
1.447632148150786861e+03
1.448301617811684309e+03
1.450379160436913253e+03
1.450540661159231831e+03
1.451505265473464533e+03
1.453179639628838913e+03
1.453549174614933008e+03
1.457085223763392605e+03
1.457418491920614770e+03
1.457424291946555968e+03
1.457429358635883546e+03
1.457435158661824289e+03
1.457440392018564125e+03
1.457446392045399307e+03
1.458193295385955707e+03
1.464641757560303176e+03
1.465918529937387120e+03
1.470850718663472207e+03
1.474127966654433294e+03
1.480703429396796082e+03
1.480808329865967607e+03
1.480975763948156782e+03
1.481111331221153705e+03
1.482414537049795854e+03
1.483967677329613480e+03
1.485163416010937681e+03
1.485793218827756846e+03
1.485796485509033801e+03
1.485878419208818968e+03
1.486179520555507224e+03
1.486355221341336346e+03
1.490542006733574226e+03
1.492798716826803684e+03
1.493535386788257256e+03
1.496176231932879773e+03
1.498336641595401488e+03
1.498618142854427560e+03
1.498801810342554745e+03
1.498834610489254828e+03
1.504100600708280808e+03
1.505819108394377736e+03
1.506628912016257800e+03
1.506912013282440057e+03
1.508606087525924067e+03
1.519986805093321664e+03
1.523896789247554352e+03
1.523983622969255066e+03
1.524083090080792772e+03
1.524104490176505351e+03
1.524173323817700066e+03
1.524317291128266561e+03
1.525087527906515788e+03
1.525090394586003868e+03
1.526229966349452525e+03
1.527312137856175923e+03
1.527322704570102587e+03
1.527622372577046917e+03
1.527723806364047050e+03
1.527737773093180522e+03
1.527780506617641322e+03
1.527785539973486721e+03
1.527865340330396975e+03
1.527869340348287096e+03
1.528102141389499366e+03
1.528106241407837160e+03
1.528412309443405547e+03
1.528569843481316411e+03
1.528570110149175662e+03
1.530704719696305574e+03
1.536268744581637520e+03
1.536277144619206865e+03
1.536282244642017076e+03
1.536288378002782110e+03
1.537121981731109145e+03
1.537127181754366575e+03
1.537131815108422643e+03
1.543562110534852081e+03
1.544105612965689261e+03
1.544111279657700379e+03
1.544747182501802399e+03
1.544911049901372508e+03
1.545107384112818863e+03
1.545115450815564145e+03
1.546467223528090244e+03
1.547854263065015630e+03
1.548212464667087033e+03
1.548238498116855908e+03
1.548530666090255863e+03
1.552728651532586582e+03
1.552733118219230619e+03
1.555704798176859185e+03
1.562077326678256895e+03
1.563459966195502830e+03
1.565024239858448027e+03
1.566504879814005108e+03
1.568137220448049675e+03
1.568657022772887103e+03
1.568797856736106041e+03
1.570198463000375796e+03
1.570785698960145965e+03
1.573309276913619669e+03
1.575177518602741429e+03
1.578272832446660914e+03
1.581315379387911435e+03
1.581692047739242980e+03
1.583882424202459106e+03
1.584124291950889301e+03
1.586088200734552629e+03
1.586414335526537343e+03
1.586902204375217707e+03
1.586909571074832229e+03
1.588446244614335001e+03
1.588767979386640491e+03
1.589693316858583785e+03
1.592295861831907587e+03
1.592607063223768819e+03
1.592864331041076184e+03
1.594982007179137327e+03
1.595143041232701989e+03
1.595413475775565075e+03
1.596171545832731454e+03
1.596182079213175712e+03
1.597719152754467586e+03
1.598261388512972871e+03
1.603530912081135284e+03
1.603867780254458921e+03
1.604103947977395364e+03
1.604979651894017479e+03
1.605959589610162766e+03
1.605970356324984095e+03
1.605996989777436738e+03
1.606034023276403786e+03
1.606047823338125227e+03
1.606052923360935438e+03
1.606096156887632333e+03
1.606099623569803725e+03
1.606465225204972285e+03
1.608244599829965864e+03
1.609813906848756460e+03
1.609833640270348496e+03
1.610061974624916502e+03
1.612881653902715698e+03
1.613431389694765130e+03
1.614162059629383293e+03
1.614538294645443330e+03
1.616071434835809669e+03
1.616774337979573147e+03
1.618874814040705814e+03
1.618906147514179565e+03
1.618916114225422689e+03
1.618920580912066953e+03
1.618932580965737543e+03
1.618937514321135723e+03
1.618944214351101664e+03
1.619115348449839303e+03
1.619511983557139501e+03
1.619515416905828943e+03
1.619519583591131322e+03
1.619941918813376105e+03
1.620299620413211414e+03
1.620515854713661611e+03
1.622314862759799780e+03
1.622340529541262185e+03
1.622345196228800660e+03
1.622348562910525061e+03
1.622355296273973636e+03
1.622361629635633335e+03
1.622392496440352943e+03
1.623005399181585744e+03
1.623614168570998800e+03
1.623617068583969285e+03
1.623809469444490105e+03
1.624216237930445686e+03
1.624245171393185274e+03
1.624265238149601146e+03
1.626068779549348164e+03
1.626083012946340887e+03
1.626958216860726679e+03
1.627093284131487280e+03
1.630512266089692503e+03
1.631703704751784699e+03
1.632939710279870496e+03
1.638203500489056978e+03
1.638500535150890073e+03
1.640530110894918607e+03
1.640871512421851094e+03
1.641117380188171410e+03
1.642770520915245015e+03
1.643288523232032048e+03
1.643365656910348889e+03
1.643864992476981115e+03
1.644581062346300087e+03
1.644973597435262946e+03
1.644980197464781668e+03
1.645117764746723878e+03
1.645275298784634515e+03
1.645286365500797729e+03
1.645301698902710314e+03
1.645688300631802576e+03
1.646210269632997097e+03
1.646293870006903262e+03
1.647249140946058787e+03
1.647490142023946191e+03
1.647494942045414518e+03
1.648763181050999265e+03
1.648766714400135697e+03
1.648771547755086203e+03
1.650053820156769689e+03
1.650509688862327721e+03
1.651094991480118097e+03
1.651551926857113585e+03
1.651766427816478199e+03
1.653101200452970716e+03
1.653438835296390153e+03
1.655272543497725792e+03
1.656579649343810843e+03
1.662778310400912687e+03
1.664070149512049966e+03
1.674604829962178201e+03
1.675667134713380165e+03
1.676578738790567286e+03
1.677101507795340012e+03
1.677115641191885516e+03
1.677260141838170512e+03
1.677264208523025673e+03
1.677270041882448822e+03
1.679704986106171191e+03
1.680065887720318642e+03
1.683037601011429615e+03
1.683759970908925425e+03
1.683973138528993104e+03
1.683978738554039410e+03
1.683982605237999906e+03
1.683983005239789009e+03
1.684089639050046571e+03
1.686436082877947001e+03
1.688126123770058257e+03
1.693693448670149792e+03
1.696773495779121276e+03
1.697938467656172861e+03
1.701820618352586052e+03
1.703573492859056614e+03
1.706083170750361887e+03
1.706447872381504794e+03
1.707567777390326455e+03
1.712415799073304242e+03
1.714901543524232693e+03
1.716688318182323201e+03
1.716810818730211849e+03
1.717015686313157403e+03
1.717315187652689247e+03
1.719601797879648529e+03
1.719606464567187004e+03
1.719643064730882770e+03
1.722013642000054460e+03
1.724815621198689314e+03
1.727663167267790413e+03
1.732323988113504583e+03
1.732564255854778821e+03
1.736063971507402130e+03
1.736068304860116541e+03
1.736073938218645480e+03
1.736167171968970479e+03
1.736261739058592411e+03
1.736265172407281398e+03
1.736271539102423503e+03
1.739459720028361289e+03
1.739916055402673464e+03
1.740922926572613505e+03
1.743028869324862853e+03
1.743032502674446505e+03
1.745800581721461413e+03
1.747299421758418930e+03
1.747305521785701558e+03
1.747314388492024818e+03
1.749480764847899536e+03
1.749699865827837812e+03
1.749703899179210566e+03
1.749709299203362434e+03
1.751637774495214671e+03
1.751654107901599900e+03
1.751658874589585594e+03
1.751665074617315668e+03
1.751922342434623260e+03
1.751926942455197150e+03
1.751931309141393740e+03
1.752178210245669334e+03
1.752339344299681443e+03
1.752446744780034351e+03
1.752925880256321079e+03
1.753296781915194060e+03
1.753300781933084409e+03
1.753324182037742048e+03
1.756354995593181457e+03
1.757398833595123506e+03
1.757409400309050397e+03
1.758052736519731525e+03
1.761122716917012667e+03
1.761394418132207647e+03
1.763404827123845052e+03
1.763408060471639601e+03
1.763413360495344250e+03
1.763652628232145844e+03
1.763656828250930630e+03
1.763660761601855938e+03
1.763993596423806821e+03
1.764014229849424055e+03
1.764017263196324166e+03
1.764400631577621880e+03
1.770780560112116518e+03
1.770836927030886500e+03
1.770845393735420885e+03
1.770849793755100109e+03
1.770856193783724621e+03
1.770863560483339143e+03
1.770868060503465813e+03
1.770941827500058253e+03
1.771252995558436851e+03
1.777265155781406065e+03
1.777300289271875272e+03
1.778094126155677031e+03
1.778200359964145491e+03
1.778205026651684193e+03
1.789688111343589526e+03
1.789694811373555694e+03
1.789699911396365906e+03
1.789703744746843768e+03
1.789712144784413567e+03
1.790009179446246662e+03
1.790022012836977865e+03
1.790026312856209870e+03
1.790033779556271611e+03
1.790420614619740718e+03
1.790424447970219035e+03
1.790429314658652174e+03
1.790434214680567493e+03
1.790448148076218558e+03
1.791927754693820589e+03
1.792257522835388954e+03
1.792488657202480226e+03
1.793899596846299801e+03
1.801347896825796624e+03
1.808970497584861050e+03
1.816278630270787517e+03
1.816282796956089669e+03
1.816287430310145737e+03
1.816291763662860149e+03
1.816545431464066723e+03
1.816755365736339627e+03
1.816765865783301706e+03
1.816769599133332576e+03
1.816775865828027236e+03
1.816808099305526184e+03
1.816942466573156025e+03
1.817101033949021712e+03
1.817118800695151094e+03
1.817122167376875268e+03
1.817129100741218281e+03
1.817136434107350624e+03
1.817991337930943246e+03
1.818170738733320832e+03
1.818176438758814584e+03
1.818734307920573883e+03
1.819488844628604056e+03
1.819736579069939808e+03
1.820005046937340239e+03
1.820688983329607481e+03
1.822163956593153216e+03
1.827498480452032027e+03
1.827505513816822486e+03
1.838384395806406474e+03
1.838394895853368098e+03
1.838399395873494768e+03
1.838404862564611449e+03
1.838410295922245496e+03
1.838420295966971253e+03
1.841489443027192010e+03
1.841524009848460310e+03
1.841624343630540579e+03
1.842196179521433805e+03
1.842480980795219011e+03
1.846485698706485891e+03
1.846494098744055464e+03
1.847034301160133055e+03
1.850475383217182070e+03
1.851099719342884327e+03
1.854609001704961884e+03
1.854613401724641108e+03
1.855276504690396678e+03
1.855847240576369813e+03
1.859599924027068710e+03
1.861375398634619160e+03
1.861380098655640268e+03
1.861385432012827096e+03
1.861394865388351718e+03
1.861399265408030942e+03
1.861411665463490863e+03
1.861416432151476556e+03
1.861425498858694482e+03
1.870396772316420311e+03
1.874361956717538305e+03
1.877353336763276275e+03
1.877362703471835857e+03
1.877366770156691018e+03
1.877371970179948221e+03
1.878644575871730012e+03
1.878660509276326138e+03
1.878871376886106873e+03
1.879021144222614112e+03
1.879025077573539647e+03
1.879278378706439526e+03
1.879417079326783778e+03
1.879711513976988272e+03
1.879724647369061131e+03
1.879729814058835927e+03
1.880422483823497032e+03
1.880430350525347876e+03
1.880435917216911776e+03
1.881561022248990639e+03
1.881619822511977191e+03
1.881853890225521354e+03
1.882314692286477793e+03
1.882760127612039014e+03
1.882950328462720336e+03
1.882953695144444509e+03
1.882957761829299443e+03
1.883512830978536158e+03
1.883516764329461239e+03
1.883523564359874854e+03
1.883915266111777100e+03
1.884264501007078024e+03
1.884292234464450303e+03
1.885465173043799950e+03
1.885482873122964520e+03
1.886815512416582351e+03
1.886819912436261347e+03
1.886824779124694487e+03
1.887858450414498975e+03
1.888291252350223658e+03
1.888990122142614382e+03
1.889339157037020641e+03
1.890091427068246276e+03
1.892880906210973990e+03
1.893018506826398379e+03
1.896233987874437389e+03
1.896256287974175393e+03
1.897466060051597879e+03
1.900281639311059507e+03
1.900359672993401546e+03
1.901179409993042782e+03
1.903046251675902795e+03
1.903886155432407122e+03
1.905806197353207608e+03
1.905811930712183539e+03
1.905820030748411455e+03
1.905823930765854357e+03
1.905828897454734715e+03
1.906962569191795183e+03
1.907297337355726313e+03
1.907302304044606672e+03
1.907926873504686228e+03
1.908145341148458556e+03
1.908149607834207927e+03
1.908683643556038305e+03
1.908949944747081418e+03
1.910144383422591090e+03
1.910149383444954083e+03
1.910153883465080526e+03
1.910159616824056457e+03
1.910164783513831480e+03
1.910172283547375628e+03
1.910696819226716343e+03
1.910701352580325647e+03
1.910706952605371953e+03
1.910713019299171947e+03
1.910760186176794605e+03
1.910777386253722625e+03
1.910780919602858830e+03
1.910788119635061321e+03
1.910926286919686845e+03
1.911279888501184814e+03
1.911285121857924423e+03
1.911302388601817484e+03
1.911310555305009757e+03
1.911496789471283137e+03
1.911573089812539592e+03
1.912216226022326509e+03
1.912220859376382577e+03
1.913038763034490557e+03
1.913053896435508705e+03
1.913057196450268066e+03
1.913061529802982477e+03
1.913067663163747511e+03
1.913078196544191997e+03
1.914345202210927255e+03
1.914352268909199893e+03
1.914356568928432125e+03
1.914369902321399422e+03
1.914468802763735766e+03
1.915233272849526657e+03
1.915383906856576914e+03
1.915387706873572597e+03
1.915398506921876333e+03
1.915632541301937863e+03
1.915676108163459276e+03
1.916730246211468739e+03
1.916735446234725941e+03
1.916739179584756812e+03
1.916743546270953857e+03
1.916949447191854233e+03
1.916954813882523695e+03
1.917527616444406704e+03
1.917793484300178307e+03
1.918383153604165500e+03
1.918748321904062550e+03
1.918773922018560143e+03
1.918777488701178982e+03
1.918784222064627556e+03
1.918792788769609160e+03
1.918971522902338165e+03
1.918975489586746107e+03
1.918979922939907965e+03
1.918994589672171969e+03
1.920140628131209951e+03
1.920251661961146510e+03
1.920257195319228003e+03
1.920261728672837080e+03
1.920277495410021174e+03
1.920287662122158963e+03
1.921371933638274641e+03
1.923833077979178142e+03
1.925463785272584119e+03
1.926637823856853856e+03
1.926692824102844497e+03
1.928782933450945166e+03
1.930079005914349636e+03
1.930088139288532375e+03
1.930091639304186401e+03
1.930097105995302854e+03
1.930118206089674231e+03
1.930513141189371026e+03
1.930518541213522894e+03
1.930522641231860234e+03
1.930717775437939508e+03
1.930729642157680473e+03
1.930734242178254362e+03
1.930915209654305499e+03
1.930924109694111166e+03
1.931098777141985465e+03
1.931102543825498742e+03
1.931107877182685797e+03
1.931458812085590125e+03
1.931464112109294319e+03
1.931469278799069343e+03
1.931560045871695593e+03
1.931564045889585714e+03
1.931570045916421350e+03
1.931577212615141207e+03
1.931782080198086533e+03
1.931986947781032086e+03
1.931990714464545363e+03
1.931995414485566471e+03
1.932005947866010729e+03
1.932673217517068451e+03
1.932680384215788536e+03
1.932685317571186715e+03
1.932725517750983499e+03
1.934418691990442085e+03
1.936923936528585500e+03
1.937540005950648265e+03
1.937545205973905468e+03
1.937677339898213404e+03
1.937811973833702496e+03
1.939375180825210691e+03
1.939783982653593739e+03
1.940533152670954223e+03
1.942691495657566065e+03
1.943247398143862711e+03
1.947333183084371967e+03
1.947416883458725351e+03
1.947546550705334312e+03
1.947647751157957600e+03
1.947655351191948967e+03
1.947863218788311997e+03
1.948074519733364241e+03
1.948080619760646869e+03
1.948085853117386478e+03
1.948910356805013635e+03
1.949239824945240116e+03
1.949246558308688691e+03
1.949252225000699809e+03
1.949255958350730680e+03
1.949333658698248655e+03
1.949478592679805161e+03
1.955092351120905960e+03
1.955586953333034671e+03
1.956551457646820381e+03
1.956555957666946824e+03
1.956563024365219462e+03
1.957199060543251107e+03
1.957797429886149303e+03
1.962963452991401937e+03
1.963937257346782189e+03
1.964140091587300049e+03
1.965278163344039740e+03
1.965282930032025661e+03
1.965289696728956642e+03
1.966356568167250089e+03
1.966590835881688918e+03
1.969417281856419095e+03
1.970761721202812851e+03
1.971398624051387287e+03
1.972798530312526054e+03
1.972812297040765088e+03
1.972819497072967579e+03
1.972824830430154407e+03
1.973059731480759183e+03
1.973292632522418671e+03
1.973364666177925528e+03
1.978015653646326200e+03
1.978023920349966147e+03
1.978028120368750933e+03
1.978034920399164321e+03
1.978046520451046035e+03
1.978196721122824783e+03
1.978761156980620854e+03
1.978766223669948658e+03
1.978770790357039914e+03
1.978778390391031508e+03
1.978804323840353163e+03
1.978808457192173137e+03
1.979058591644243052e+03
1.979246492484637429e+03
1.979262459222715961e+03
1.980409164351402296e+03
1.980413064368845198e+03
1.980919966635986611e+03
1.990155574609292444e+03
1.990463275985499649e+03
1.990915844676298548e+03
1.999566116698332053e+03
1.999884784790254798e+03
1.999975551862881048e+03
2.000027218760630149e+03
2.000083152344128621e+03
2.000167586055095171e+03
2.000314086710325455e+03
2.000460854033415217e+03
2.000833422366409195e+03
2.001282357707624442e+03
2.002120328122148521e+03
2.003418000592708950e+03
2.003453400751037634e+03
2.003457567436340014e+03
2.003842135823004583e+03
2.003849335855207073e+03
2.004505272122242786e+03
2.004517005508053899e+03
2.004520605524155144e+03
2.004526205549201450e+03
2.004648372762266263e+03
2.004652506114086236e+03
2.004969107530099109e+03
2.004993840974053683e+03
2.004997474323637334e+03
2.005033407817684747e+03
2.005037741170399158e+03
2.005073041328280624e+03
2.005326975797346449e+03
2.005339509186735768e+03
2.005342909201942575e+03
2.005425376237446471e+03
2.005660843957252155e+03
2.009653361813953779e+03
2.011725437748065815e+03
2.011741471153109160e+03
2.011946272069089900e+03
2.021335114061074819e+03
2.021420081107760097e+03
2.021856716393962643e+03
2.025101064237776200e+03
2.026128368832438809e+03
2.026606137635946197e+03
2.028783780708878339e+03
2.029045648546759821e+03
2.029060015277682169e+03
2.029065415301834037e+03
2.029070515324644020e+03
2.029222582671438431e+03
2.029233449386706752e+03
2.029307183049817013e+03
2.030307354189790658e+03
2.030312154211258758e+03
2.030385054537308633e+03
2.030392487903887968e+03
2.030397154591426442e+03
2.031127391190773551e+03
2.032665531403502428e+03
2.032680731471485387e+03
2.035655578109943463e+03
2.035873679085409321e+03
2.035916512610317341e+03
2.036033446466642090e+03
2.036191213838930025e+03
2.036196147194327978e+03
2.036927183797252837e+03
2.037868888009063994e+03
2.040454032904564883e+03
2.040662133835304985e+03
2.040667833860798510e+03
2.040671500543864568e+03
2.040677233902840499e+03
2.040712734061616629e+03
2.041196802893301083e+03
2.041210102952785974e+03
2.042121340361666626e+03
2.042684542880613208e+03
2.042689576236458379e+03
2.044145816082884721e+03
2.044154682789208209e+03
2.045102120359995297e+03
2.047762932260586922e+03
2.047767732282055022e+03
2.047772598970488161e+03
2.048464368731123614e+03
2.048587102613389106e+03
2.048989571080112910e+03
2.049049904683290606e+03
2.049110538287810414e+03
2.049875741710214243e+03
2.050200076494148561e+03
2.050746178936614342e+03
2.051096880505141598e+03
2.051230147767851577e+03
2.051233547783058384e+03
2.051237414467019335e+03
2.051249247853277666e+03
2.051254581210464949e+03
2.051273914630267427e+03
2.051284814679018382e+03
2.051291914710773653e+03
2.051301948088981590e+03
2.051308614785465579e+03
2.051428081986453890e+03
2.051433348676675905e+03
2.051438548699933563e+03
2.051563182590697124e+03
2.051627582878730209e+03
2.051792483616255140e+03
2.051796583634592935e+03
2.051808117019509609e+03
2.051813517043661705e+03
2.051961317704706289e+03
2.052102651670161322e+03
2.052239885617279469e+03
2.054677929854866761e+03
2.062296797263900316e+03
2.062346530819668715e+03
2.062367864248416936e+03
2.063730137007904887e+03
2.063733603690076507e+03
2.064016071620092589e+03
2.064343706418786041e+03
2.064509773828196103e+03
2.064515273852795417e+03
2.065174776802449287e+03
2.069443295893578124e+03
2.069610029972636767e+03
2.070394933483149998e+03
2.071583138797447646e+03
2.073171612568628916e+03
2.073176179255720399e+03
2.073180812609776694e+03
2.077206763949344349e+03
2.077214097315476465e+03
2.084451196350368264e+03
2.089154450719201577e+03
2.089159350741117123e+03
2.089164750765268764e+03
2.089691086452660329e+03
2.089805520297803923e+03
2.089812186994287913e+03
2.089815887010835922e+03
2.089827120394411395e+03
2.089834653761437949e+03
2.089841487125333515e+03
2.090160388551633332e+03
2.090318755926604808e+03
2.090322489276635679e+03
2.090327522632480850e+03
2.090333422658869040e+03
2.090355789425572311e+03
2.090359389441673557e+03
2.090366289472533936e+03
2.090377189521284890e+03
2.090520256827825960e+03
2.090524390179646161e+03
2.090559223668773484e+03
2.090562923685321948e+03
2.090574090401932153e+03
2.090586357123462221e+03
2.090696790950715240e+03
2.090702024307455304e+03
2.090723191068791493e+03
2.090731524439395798e+03
2.090876291753540499e+03
2.090881591777244921e+03
2.091138326258833786e+03
2.091144459619598820e+03
2.091150092978127759e+03
2.091160093022852834e+03
2.092711599962032324e+03
2.092717999990656608e+03
2.092888567420193340e+03
2.092901934146643271e+03
2.092909000844915681e+03
2.093317469338474893e+03
2.093740837898675181e+03
2.093942205465966708e+03
2.094409107554205548e+03
2.094414440911392376e+03
2.094421074274393504e+03
2.094426474298545600e+03
2.094435407671833673e+03
2.094452641082244099e+03
2.094457307769782801e+03
2.094476041186901966e+03
2.094480941208817967e+03
2.094488507909326927e+03
2.095942981081184826e+03
2.096924152136179600e+03
2.097102019598366041e+03
2.103070746293743468e+03
2.103119013176285989e+03
2.104760853852819309e+03
2.104766887213137579e+03
2.104771020564957325e+03
2.104775753919460840e+03
2.104780887275753230e+03
2.104793587332554580e+03
2.104799820693767288e+03
2.105146155576097499e+03
2.105714924786607753e+03
2.105836658664401057e+03
2.105843725362673922e+03
2.105853458739540656e+03
2.105860358770401035e+03
2.106228593750680375e+03
2.106356360988791494e+03
2.106583395337544971e+03
2.106587728690259610e+03
2.106592762046104781e+03
2.106601362084568791e+03
2.106767596161391339e+03
2.107422332423059743e+03
2.108571070894173317e+03
2.108582237610783523e+03
2.108587904302794414e+03
2.108592004321132208e+03
2.108609837734226403e+03
2.108631671165210264e+03
2.108635504515688353e+03
2.108651537920731698e+03
2.109354541064942623e+03
2.109359441086858169e+03
2.109362874435547383e+03
2.109373507816439087e+03
2.109520808475247577e+03
2.109525641830197856e+03
2.109529175179334288e+03
2.109541341900417137e+03
2.109547075259392841e+03
2.109642542353039971e+03
2.109717142686693478e+03
2.110041910805899079e+03
2.111253516224854593e+03
2.111258682914629389e+03
2.111263749603956967e+03
2.112942590445975384e+03
2.113924461504101600e+03
2.114753898547126482e+03
2.119361885823206649e+03
2.121643262693426095e+03
2.121775429951216211e+03
2.121949730730783813e+03
2.122567400160002308e+03
2.122582633561467446e+03
2.123400370552164077e+03
2.124239474305089971e+03
2.124451041918001920e+03
2.125300612384407486e+03
2.125912681788579903e+03
2.125919781820334720e+03
2.125924748509215533e+03
2.129650898507909005e+03
2.129885099555383022e+03
2.131351272779570081e+03
2.131361639492602080e+03
2.131367872853814788e+03
2.131372606208317848e+03
2.131594673868191421e+03
2.136329261710498486e+03
2.136409328735268446e+03
2.136586062859052163e+03
2.136656596507850281e+03
2.136914830996147884e+03
2.136919497683686586e+03
2.138241036927659479e+03
2.138250403636218834e+03
2.138504171437872174e+03
2.139314841730295484e+03
2.144126929919226313e+03
2.146866642172702541e+03
2.149843622154035529e+03
2.153374037943966869e+03
2.153431771535515509e+03
2.153435971554300068e+03
2.153441438245417430e+03
2.153831339989269054e+03
2.174542499287453666e+03
2.175731771273188315e+03
2.179875089804352683e+03
2.183768507217823299e+03
2.184818411913565342e+03
2.184979945969366781e+03
2.185017979472806473e+03
2.185032579538105438e+03
2.186550752994865888e+03
2.187031655145720833e+03
2.188227827162316316e+03
2.189491899482598910e+03
2.190816538740436044e+03
2.190823638772191316e+03
2.191089139959656677e+03
2.191108873381248031e+03
2.191260207391429503e+03
2.191265307414239487e+03
2.191269907434813376e+03
2.191413341409660916e+03
2.191430141484799606e+03
2.191570742113642154e+03
2.191850810032924073e+03
2.191901110257893833e+03
2.191905543611055691e+03
2.191910276965559206e+03
2.192637913553277485e+03
2.193128182412691785e+03
2.193133549103361020e+03
2.193140315800292228e+03
2.195231358485900273e+03
2.195296425443581938e+03
2.195525626468692735e+03
2.195670593783731874e+03
2.195970795126394933e+03
2.196328696727124679e+03
2.196477730727018297e+03
2.199262009846488581e+03
2.199944112897223476e+03
2.202400790551482260e+03
2.202404090566241848e+03
2.202408057250649563e+03
2.202411823934162840e+03
2.203211060842116694e+03
2.203687129638020906e+03
2.203770763345409250e+03
2.203976197597556165e+03
2.203981430954295774e+03
2.203986030974869209e+03
2.204282632301431022e+03
2.204399166155966668e+03
2.206334941480468842e+03
2.208575218166865852e+03
2.209624356192512550e+03
2.210265159058530116e+03
2.210312425936599539e+03
2.210316892623243803e+03
2.210329459346115527e+03
2.210340726063172951e+03
2.210791961414674915e+03
2.213054938202599260e+03
2.218376528670300104e+03
2.218380628688637444e+03
2.218531662697476349e+03
2.219730668060077733e+03
2.220105336402464218e+03
2.220318404022084451e+03
2.220885206557132278e+03
2.225988029379719137e+03
2.226310397488190119e+03
2.226428898018188647e+03
2.226434231375375930e+03
2.226438631395054927e+03
2.226443964752242209e+03
2.226449298109429037e+03
2.226468731529679189e+03
2.226707732598621078e+03
2.226825033123252979e+03
2.226830199813027320e+03
2.226834466498777147e+03
2.226840766526954212e+03
2.227317835327331068e+03
2.227422035793371833e+03
2.227425602475990672e+03
2.227429702494328467e+03
2.227435602520716657e+03
2.227442235883717331e+03
2.227448435911447632e+03
2.227453969269529352e+03
2.227461269302178607e+03
2.227479769384921383e+03
2.227484902741213318e+03
2.227492636109134764e+03
2.227501702816352918e+03
2.227534702963947439e+03
2.227740837219224431e+03
2.227929404729266935e+03
2.228066638676385082e+03
2.228072438702325599e+03
2.228077672059065662e+03
2.228421773598074196e+03
2.228436673664714817e+03
2.228441173684841488e+03
2.228447040377747271e+03
2.228454373743879842e+03
2.228613974457700351e+03
2.228618341143896942e+03
2.228623207832330081e+03
2.228629541193989553e+03
2.228635474553860149e+03
2.228644241259736646e+03
2.228650541287913711e+03
2.228659107992894860e+03
2.229217410489926351e+03
2.229225577193118625e+03
2.229232243889602614e+03
2.229239210587428261e+03
2.229402511317797689e+03
2.229407511340160454e+03
2.229412244694663968e+03
2.229419444726866459e+03
2.229425878088973150e+03
2.229434778128778817e+03
2.231383220176599934e+03
2.231390520209249644e+03
2.231394420226692546e+03
2.231399053580748841e+03
2.231638121316655997e+03
2.231641821333204007e+03
2.231646188019401507e+03
2.231652621381507743e+03
2.231797922031370945e+03
2.231803088721146196e+03
2.231808322077885805e+03
2.231815655444017921e+03
2.232512891895770281e+03
2.233194494944268172e+03
2.239903824952024479e+03
2.240206259638009669e+03
2.240210692991171527e+03
2.240216459683629637e+03
2.240222426376982639e+03
2.240229126406948581e+03
2.240238093113719515e+03
2.240246093149499757e+03
2.240259926544703831e+03
2.240266359906810521e+03
2.240782195547240462e+03
2.241481632008832094e+03
2.241485265358415745e+03
2.241489765378541961e+03
2.241494132064739006e+03
2.241642266060608108e+03
2.241758533247284049e+03
2.242931571827081370e+03
2.245878018338518359e+03
2.245899018432442517e+03
2.246105219354684777e+03
2.246111386048932218e+03
2.250813840414187325e+03
2.250818473768243621e+03
2.250824207127219779e+03
2.250829273816547357e+03
2.250835073842488328e+03
2.250843607213987070e+03
2.251118808444836304e+03
2.251123241797998162e+03
2.251127708484642426e+03
2.251145041895500071e+03
2.251619710685142309e+03
2.253561252702103047e+03
2.253750620215723302e+03
2.253760520260002068e+03
2.254184022154131526e+03
2.254471056771239091e+03
2.255575061708947032e+03
2.255583028411244868e+03
2.255627228608932455e+03
2.255765262559627899e+03
2.258671408890821567e+03
2.263137028863491651e+03
2.272796738733610709e+03
2.274538379856506253e+03
2.274554246594137567e+03
2.280376039299013883e+03
2.280984875355391523e+03
2.281572277982574178e+03
2.283927288515455984e+03
2.287090169328238062e+03
2.289654514130709686e+03
2.289716381074079436e+03
2.290238850077510506e+03
2.292935862140008339e+03
2.292944195510613099e+03
2.293071296079075637e+03
2.293083662801052924e+03
2.296953146774146717e+03
2.298320886224751575e+03
2.298325286244431027e+03
2.300081860767450053e+03
2.300687463476032917e+03
2.301498067101491870e+03
2.301507100475227162e+03
2.301510800491775171e+03
2.301905802258437234e+03
2.302018969431248934e+03
2.302827606381244095e+03
2.302831339731275420e+03
2.304697914746276183e+03
2.304912282371710717e+03
2.312926818217054461e+03
2.312938584936348434e+03
2.312944151627912106e+03
2.312948951649380433e+03
2.313825522236545112e+03
2.315396129261150236e+03
2.315501029730322443e+03
2.320377984876039136e+03
2.322474227584905293e+03
2.322480294278705060e+03
2.322901496162548483e+03
2.323231030969739550e+03
2.327544850263475382e+03
2.327553716969798643e+03
2.327720684383234129e+03
2.327727451080164883e+03
2.327790784696760511e+03
2.327817684817071950e+03
2.327838184908759558e+03
2.327988785582327637e+03
2.328007418998999583e+03
2.328011852352160986e+03
2.328031219105446780e+03
2.328036685796563233e+03
2.328042485822503750e+03
2.329044490304011106e+03
2.329081657136907779e+03
2.329086157157033995e+03
2.329090423842783821e+03
2.329280591359982282e+03
2.341535779505152732e+03
2.347533306329339666e+03
2.347584306557440414e+03
2.347590873253477184e+03
2.347596939947276951e+03
2.347758340669148311e+03
2.347904707990448969e+03
2.348199642642890012e+03
2.350460819422763507e+03
2.355285674335460499e+03
2.358324154591855859e+03
2.364779516797064389e+03
2.367761863469066157e+03
2.368544033634021616e+03
2.369959739965826884e+03
2.370488108995646144e+03
2.373282721494666021e+03
2.373730856832303289e+03
2.376666336628024965e+03
2.376669536642337334e+03
2.376676703341056964e+03
2.377873508693818621e+03
2.378157509964026303e+03
2.378297610590632303e+03
2.378493678134218953e+03
2.378610711990991149e+03
2.378728045849105001e+03
2.379164747802272359e+03
2.381934026854654348e+03
2.381937693537720406e+03
2.381946060241807572e+03
2.382638730006468450e+03
2.382642696690876619e+03
2.382871064378926803e+03
2.383103432084867563e+03
2.383106598765697527e+03
2.383110465449658477e+03
2.383483967120159832e+03
2.384293204072839217e+03
2.384298604096990857e+03
2.385042707425023764e+03
2.388659390267454455e+03
2.390149230264159087e+03
2.390152896947225145e+03
2.390157763635658284e+03
2.390162963658915487e+03
2.390738166231532432e+03
2.390741966248528115e+03
2.390746632936066817e+03
2.390751132956193487e+03
2.390756599647310395e+03
2.391152034749243285e+03
2.391157168105536130e+03
2.392160339258927252e+03
2.392173005982246650e+03
2.392176472664417815e+03
2.392187606047546069e+03
2.392351306779703918e+03
2.392566041073445376e+03
2.393013776409293314e+03
2.394635450328963998e+03
2.401915716223588333e+03
2.404794729100092809e+03
2.414147770931959712e+03
2.414199571163638211e+03
2.414391072020134288e+03
2.415818945073021951e+03
2.419081092996447296e+03
2.419388994373548940e+03
2.420446099101493473e+03
2.421633471078730508e+03
2.422239707123479548e+03
2.422288674009152601e+03
2.431878516900122577e+03
2.434476728520731740e+03
2.436666338313852066e+03
2.438437179567346448e+03
2.442451930856821491e+03
2.454163583237671901e+03
2.454352450749056061e+03
2.454888553146796767e+03
2.469248217370989551e+03
2.469277284167659218e+03
2.469281450852961370e+03
2.469285984206569992e+03
2.470535756462895279e+03
2.471792095415256426e+03
2.478684692909350815e+03
2.481040636779740453e+03
2.481045403467726828e+03
2.481051970163763144e+03
2.481331204745984905e+03
2.485569157033735337e+03
2.488950538823772149e+03
2.490114610696798536e+03
2.490127044085740636e+03
2.490134377451872751e+03
2.490139544141647548e+03
2.490146577506438007e+03
2.492091619539052317e+03
2.492460787856839943e+03
2.493795527159849826e+03
2.494372463073552808e+03
2.495873369786420426e+03
2.499361252052784948e+03
2.503132302252296995e+03
2.503889172304096064e+03
2.504736609427627172e+03
2.504741509449542718e+03
2.507791356423443176e+03
2.507924523685705481e+03
2.507930557046023750e+03
2.507934923732220341e+03
2.507940523757266874e+03
2.508108857843481474e+03
2.508112757860923921e+03
2.508117991217663985e+03
2.508259458517049097e+03
2.508273758581006405e+03
2.508277691931932168e+03
2.508284358628415703e+03
2.512500977487417913e+03
2.512511044199108710e+03
2.512514877549587254e+03
2.512519077568371813e+03
2.512900312606794614e+03
2.513167313800968259e+03
2.532255965842422484e+03
2.532263532542931443e+03
2.532424699930425504e+03
2.532551767165406090e+03
2.533834472902360176e+03
2.534820843980612608e+03
2.541841042045406084e+03
2.541970275956743535e+03
2.541984342686323998e+03
2.541988876039933530e+03
2.542216610391817994e+03
2.542441078062425277e+03
2.551893420338417855e+03
2.552052921051791600e+03
2.552124021369790626e+03
2.557888880486695143e+03
2.557896980522923059e+03
2.561864231599950926e+03
2.563815373659848319e+03
2.566751453458253309e+03
2.568249293490738637e+03
2.570291935959874536e+03
2.571111972960857656e+03
2.571118272989034722e+03
2.571128406367689877e+03
2.571468941224079572e+03
2.573543217168031333e+03
2.578202338006142327e+03
2.578205238019113040e+03
2.579027441696453025e+03
2.580977517084912506e+03
2.582500890564930160e+03
2.582501590568060692e+03
2.582503823911383279e+03
2.582508523932404387e+03
2.582632791154861025e+03
2.582787358512836818e+03
2.583351361035361151e+03
2.583356161056829478e+03
2.583424128027481402e+03
2.583438261424026678e+03
2.584070464251579779e+03
2.584124097824791988e+03
2.584563966458788855e+03
2.585507937347404550e+03
2.585789105271606331e+03
2.585930272569649787e+03
2.588440983798909656e+03
2.588871519057830028e+03
2.588876652414122418e+03
2.589971590644612206e+03
2.589976624000457377e+03
2.590428192686783859e+03
2.590942261652645811e+03
2.604560789228740759e+03
2.612011889220761532e+03
2.618576018579101401e+03
2.618581551937183121e+03
2.618587385296606499e+03
2.618592118651110013e+03
2.618597552008744060e+03
2.619011987195656275e+03
2.619519689466375894e+03
2.619959058098136666e+03
2.620094225369344258e+03
2.620098425388129272e+03
2.620103025408702706e+03
2.620109058769020976e+03
2.620115858799434591e+03
2.620122192161094063e+03
2.620128392188823454e+03
2.620166792360570071e+03
2.620175392399034081e+03
2.620961829249738457e+03
2.621059363019296143e+03
2.621827066452881354e+03
2.623301706381602799e+03
2.623390373444836769e+03
2.624985313911607591e+03
2.630514205306470103e+03
2.630518938660973163e+03
2.630526105359693247e+03
2.631893044806719899e+03
2.635247993145198961e+03
2.639080476952808112e+03
2.641480987689191807e+03
2.644076932632996431e+03
2.644395900726261516e+03
2.650527028147982946e+03
2.660651473429983525e+03
2.665926330355332993e+03
2.676452277433067593e+03
2.676465810826929555e+03
2.676470310847056226e+03
2.676476444207821260e+03
2.685190083179932572e+03
2.685758685723031249e+03
2.685792885875992852e+03
2.688973333434009874e+03
2.688977933454583308e+03
2.688983266811770591e+03
2.688994466861863202e+03
2.689002600231573069e+03
2.695208661321772070e+03
2.695212761340109410e+03
2.695829664099232559e+03
2.695834230786323587e+03
2.698083240845114688e+03
2.698274141698926542e+03
2.699201545846779936e+03
2.699237746008686372e+03
