nan nan nan nan nan
nan nan nan nan nan
nan nan nan nan nan
nan nan nan nan nan
nan nan nan nan nan
4.065000000000001772e-03 4.303500000000000034e-03 1.184249999999999756e-03 9.459999999999997924e-04 2.254000000000000795e-03
5.535000000000001724e-04 3.133250000000000184e-03 2.635999999999998587e-03 1.832999999999999560e-03 5.120500000000002654e-03
3.649999999999999599e-03 3.656750000000001145e-03 4.782500000000003762e-04 1.075250000000000684e-03 1.514999999999997252e-04
1.702499999999999587e-03 6.932500000000002896e-04 4.287500000000002247e-03 3.724500000000001247e-03 2.035475000000000131e-02
1.621550000000000075e-02 4.023750000000000417e-03 1.878750000000000211e-03 1.340249999999999428e-03 2.891249999999997988e-03
