nan nan nan nan nan
nan nan nan nan nan
nan nan nan nan nan
2.552250000000000699e-03 1.089249999999999073e-03 1.702500000000000454e-04 2.224999999999970057e-05 4.967500000000008801e-04
5.840249999999999088e-03 1.929499999999999792e-03 1.189749999999998968e-03 3.176000000000000437e-03 5.849999999999995828e-04
6.346500000000000578e-03 4.804249999999998626e-03 4.279750000000000568e-03 2.615250000000002122e-03 5.759999999999996026e-03
4.677774999999999989e-02 7.639999999999990549e-04 2.099999999999999437e-03 4.966000000000001663e-03 1.715250000000000628e-03
1.048275000000000248e-02 1.145500000000000684e-03 2.358749999999999736e-03 5.569999999999996829e-03 -5.022500000000009596e-04
2.435399999999999371e-02 1.129000000000003265e-03 4.248999999999999305e-03 8.632499999999994345e-04 2.818249999999999575e-03
4.484250000000000388e-03 9.177500000000018976e-04 4.686499999999996224e-03 5.373499999999992865e-03 2.353000000000004394e-03
