nan nan nan nan nan
nan nan nan nan nan
nan nan nan nan nan
7.069249999999995676e-03 9.499999999999959865e-05 7.592500000000008097e-04 5.976250000000000659e-03 2.141250000000001659e-03
7.777750000000001676e-03 4.385000000000000009e-03 9.047500000000010395e-04 4.941999999999997610e-03 1.743250000000000008e-03
4.861750000000005824e-03 2.012499999999999532e-03 2.140749999999996822e-03 1.262499999999999734e-03 2.642499999999998149e-03
3.462499999999993361e-04 3.913749999999995358e-03 1.490749999999997286e-03 4.477499999999984964e-04 1.255000000000006111e-04
3.702749999999995975e-03 4.774250000000000715e-03 6.433749999999998498e-03 2.148250000000000853e-03 2.779249999999997001e-03
-1.375000000000160816e-05 6.840000000000040492e-04 9.507499999999967366e-04 4.973999999999999255e-03 2.243749999999999217e-03
1.635049999999999698e-02 4.252750000000003056e-03 2.957500000000001794e-03 2.238249999999997186e-03 1.022500000000002573e-03
