nan nan nan nan nan
nan nan nan nan nan
nan nan nan nan nan
6.641249999999999584e-03 1.645249999999999144e-03 4.767749999999999419e-03 2.036750000000000366e-03 1.396250000000001440e-03
6.942500000000007693e-03 8.310250000000001663e-03 2.425499999999999705e-03 1.798750000000000002e-03 1.410500000000000295e-03
5.428749999999999548e-03 8.303749999999998632e-03 6.677000000000002378e-03 8.404999999999997543e-03 3.255749999999999963e-03
1.115000000000000366e-02 3.050250000000004347e-03 6.704999999999995686e-03 7.054000000000004711e-03 4.403999999999996459e-03
4.482999999999997404e-03 6.857749999999995794e-03 3.247000000000003356e-03 3.543499999999999775e-03 1.132725000000000051e-02
5.644000000000003181e-03 7.576249999999996182e-03 1.088874999999999565e-02 1.257450000000000234e-02 6.265500000000003705e-03
5.970750000000010771e-03 5.084249999999998493e-03 6.154999999999997279e-04 1.951999999999998875e-03 1.024074999999999985e-02
