nan nan nan nan nan
nan nan nan nan nan
nan nan nan nan nan
1.148574999999999943e-02 3.850249999999999506e-03 4.569750000000000895e-03 7.429499999999998605e-03 5.289999999999964869e-04
5.312999999999987871e-03 6.663249999999999035e-03 5.076500000000002885e-03 8.067249999999994564e-03 4.979999999999997450e-04
8.273500000000006543e-03 9.173749999999997878e-03 6.021249999999997091e-03 1.067250000000000143e-02 4.973250000000000240e-03
1.177799999999999334e-02 3.021750000000005335e-03 6.192750000000002072e-03 2.207250000000004347e-03 4.318249999999997438e-03
5.386999999999999428e-03 8.248750000000002608e-03 8.423749999999993743e-03 1.021350000000000730e-02 1.007949999999999992e-02
5.764749999999995572e-03 6.065999999999998477e-03 8.010500000000000259e-03 1.088249999999998940e-03 3.789500000000001201e-03
7.257250000000006751e-03 2.643000000000002986e-03 2.389499999999999263e-03 2.320000000000013024e-04 7.013749999999997417e-03
