nan nan nan nan nan
1.299124999999999586e-02 1.035750000000001253e-02 6.768749999999996991e-03 1.216499999999995363e-03 6.175000000000008607e-03
3.098749999999997340e-03 3.946499999999998620e-03 9.531999999999995338e-03 5.036499999999997576e-03 1.883249999999996038e-03
1.326924999999999633e-02 1.124174999999999480e-02 9.687249999999991007e-03 4.785749999999994869e-03 6.291249999999998233e-03
4.969250000000008383e-03 4.564999999999985736e-04 7.123499999999997889e-03 1.002474999999999547e-02 1.036249999999995508e-03
8.664499999999998592e-03 7.785750000000007942e-03 3.189499999999990953e-03 4.479000000000007281e-03 1.189349999999999782e-02
5.219250000000001666e-03 3.733000000000007146e-03 1.103675000000000836e-02 1.193349999999999966e-02 5.298750000000011784e-03
7.347000000000013242e-03 4.742250000000003407e-03 6.416749999999998844e-03 9.330000000000008425e-03 9.705999999999995881e-03
6.538750000000023710e-03 1.041975000000001234e-02 7.290749999999991682e-03 5.762749999999997041e-03 9.567749999999999866e-03
1.842250000000003607e-03 1.757499999999995177e-03 3.959499999999997744e-03 4.419249999999999567e-03 3.924749999999990746e-03
