nan nan nan nan nan
nan nan nan nan nan
nan nan nan nan nan
nan nan nan nan nan
2.764249999999999693e-02 5.284999999999994563e-04 1.608749999999999070e-03 2.689749999999999433e-03 1.414749999999999558e-03
4.024999999999999065e-03 2.000000000000000475e-03 3.260500000000001244e-03 3.124749999999999056e-03 4.755750000000003030e-03
1.709775000000000184e-02 2.030750000000000437e-03 5.490000000000008762e-04 1.461749999999997773e-03 1.787749999999999409e-03
1.470500000000001320e-03 3.985999999999999092e-03 6.824749999999997485e-03 5.051499999999998700e-03 1.406999999999998530e-03
6.996500000000001850e-03 5.004250000000001752e-03 9.607500000000032681e-04 2.544499999999999887e-03 1.877249999999998711e-03
1.636674999999999935e-02 1.337249999999998162e-03 5.162250000000000172e-03 2.395500000000000060e-03 1.749249999999999937e-03
