nan nan nan nan nan
nan nan nan nan nan
nan nan nan nan nan
nan nan nan nan nan
2.855000000000001634e-03 6.742499999999986351e-04 2.200000000000031791e-05 2.116749999999997973e-03 4.680249999999997780e-03
3.825750000000000591e-03 9.342499999999993171e-04 2.020999999999995890e-03 3.282499999999995491e-04 2.610250000000001458e-03
8.238499999999995826e-03 1.264999999999998764e-04 3.106750000000000136e-03 5.402500000000002786e-03 2.380499999999997202e-03
1.180750000000001243e-03 7.300000000000014810e-05 2.544500000000003356e-03 4.511500000000001620e-03 1.227249999999999175e-03
1.381450000000000213e-02 6.732500000000002371e-04 2.592224999999999391e-02 7.144999999999981227e-04 1.171150000000000489e-02
3.014499999999999819e-03 3.247500000000003856e-04 6.318750000000001449e-03 1.038250000000002712e-03 1.763250000000000928e-03
