nan nan nan nan nan
nan nan nan nan nan
4.732100000000000889e-02 7.066000000000006304e-03 4.662499999999996508e-04 2.612500000000001973e-04 9.475000000000021599e-05
3.454499999999995768e-03 4.027750000000000080e-03 6.541500000000000439e-03 2.015249999999997078e-03 6.136499999999999594e-03
5.457499999999990137e-03 3.858750000000004537e-03 4.629499999999999935e-03 8.739999999999997771e-03 7.893499999999989067e-03
8.420000000000094076e-04 1.110450000000000326e-02 4.693999999999998521e-03 1.328549999999998656e-02 6.118500000000002409e-03
1.394250000000003126e-03 6.352500000000003977e-03 3.056749999999996970e-03 8.773999999999993610e-03 5.847249999999991343e-03
2.985999999999988663e-03 3.832000000000002071e-03 1.236725000000000324e-02 1.808975000000000513e-02 3.006749999999995537e-03
3.955499999999993743e-03 1.618250000000006836e-03 1.246474999999999320e-02 1.057250000000000550e-02 9.200250000000000095e-03
3.325500000000002065e-03 1.577424999999999661e-02 4.549000000000014837e-03 2.484999999999987219e-04 5.087499999999994804e-03
