nan nan nan nan nan
nan nan nan nan nan
nan nan nan nan nan
6.187500000000012434e-04 0.000000000000000000e+00 4.494000000000004935e-03 4.597500000000000892e-03 1.240999999999999048e-03
5.019999999999996687e-03 1.501499999999999363e-03 3.855000000000002522e-03 1.848250000000002669e-03 3.132499999999992929e-03
4.174750000000004846e-03 2.428750000000003822e-03 1.887499999999996819e-04 4.325499999999999484e-03 3.185000000000005535e-03
4.505499999999995620e-03 6.366500000000002366e-03 1.187500000000007994e-04 2.874250000000003538e-03 1.578524999999999373e-02
5.275000000000418243e-05 2.248499999999997029e-03 1.734749999999996711e-03 2.716750000000000415e-03 2.454499999999994880e-03
0.000000000000000000e+00 3.742999999999999799e-03 1.975500000000001560e-03 1.239750000000001268e-03 1.005174999999999472e-02
-2.682499999999976570e-04 2.502250000000001001e-03 3.772750000000001797e-03 1.084499999999998660e-03 9.807500000000000245e-03
