nan nan nan nan nan
nan nan nan nan nan
nan nan nan nan nan
9.757249999999998563e-03 5.693749999999999159e-03 1.135249999999998240e-03 2.995750000000000149e-03 1.447999999999999635e-03
6.871250000000004091e-03 3.347250000000001266e-03 5.743249999999996622e-03 3.628499999999999781e-03 3.753000000000001127e-03
1.680449999999999652e-02 9.848999999999996646e-03 3.479749999999999337e-03 8.599749999999998021e-03 1.040125000000000077e-02
1.611874999999999419e-02 3.837000000000000133e-03 3.149499999999997787e-03 1.155224999999999655e-02 1.463000000000000758e-03
1.078474999999999573e-02 1.019450000000000217e-02 1.143324999999999897e-02 4.389999999999998070e-03 5.073749999999998400e-03
4.317249999999991233e-03 1.964499999999997498e-03 1.367199999999999319e-02 1.127225000000000102e-02 3.992500000000002991e-04
1.440224999999999145e-02 1.259525000000000228e-02 1.204925000000000440e-02 2.461750000000000396e-03 6.624749999999998695e-03
