nan nan nan nan nan
nan nan nan nan nan
3.093499999999997294e-03 2.202249999999999347e-03 1.225999999999996190e-03 9.245500000000003715e-03 0.000000000000000000e+00
1.285550000000000581e-02 3.093750000000002748e-03 6.725499999999995371e-03 6.314500000000002403e-03 2.487500000000024414e-04
3.277499999999995695e-03 6.667499999999972060e-04 1.351650000000000074e-02 3.931749999999997747e-03 3.153999999999998818e-03
5.871249999999987590e-03 4.747500000000003453e-03 7.365000000000013897e-03 3.330249999999999877e-03 3.451750000000001692e-03
1.315250000000000447e-03 1.675224999999999978e-02 2.771325000000000177e-02 1.767750000000001959e-03 2.541750000000005810e-03
9.293499999999999678e-03 1.357200000000000420e-02 5.214999999999999150e-03 5.366749999999999993e-03 1.123250000000000637e-02
1.092950000000000518e-02 1.593250000000000915e-03 4.860749999999993548e-03 1.227500000000000292e-03 1.491299999999999917e-02
1.488750000000003959e-03 7.237999999999994438e-03 5.901999999999997526e-03 8.959249999999988057e-03 3.700499999999998929e-03
