nan nan nan nan nan
nan nan nan nan nan
1.798000000000004456e-03 2.774000000000000424e-03 1.612000000000001453e-03 2.523250000000000319e-03 1.412500000000000561e-03
6.772500000000007681e-04 1.607499999999997820e-03 1.141750000000002138e-03 3.087500000000025988e-04 8.560999999999999166e-03
4.299999999999998268e-04 4.243750000000002728e-03 4.750749999999999765e-03 8.757500000000006599e-04 9.842500000000007493e-04
1.090749999999994502e-03 2.130750000000002434e-03 5.132249999999999659e-03 2.277499999999987867e-04 5.085250000000001228e-03
2.737500000000031575e-04 2.567499999999996868e-03 1.226750000000000410e-03 1.216750000000000817e-03 1.510499999999998823e-03
6.789749999999997176e-03 1.509500000000000425e-03 1.097750000000001502e-03 1.266250000000000014e-03 2.622249999999997847e-03
0.000000000000000000e+00 4.030749999999999611e-03 2.158499999999997226e-03 1.037900000000000107e-02 1.010024999999999985e-02
2.237499999999996436e-03 2.055749999999995081e-03 1.982249999999994433e-03 2.961249999999996871e-03 3.191000000000004597e-03
