nan nan nan nan nan
nan nan nan nan nan
nan nan nan nan nan
nan nan nan nan nan
nan nan nan nan nan
6.505999999999996161e-03 2.672500000000001263e-04 3.139249999999999680e-03 4.520000000000018794e-04 1.906999999999998974e-03
6.252499999999990704e-04 8.847500000000018544e-04 2.173000000000001319e-03 1.000249999999999403e-03 1.420500000000005092e-03
1.198000000000001147e-03 5.029749999999999499e-03 1.745750000000000773e-03 5.949000000000001162e-03 7.488000000000005936e-03
5.662500000000007805e-04 7.664999999999998204e-04 3.455250000000010396e-03 0.000000000000000000e+00 1.056499999999994943e-03
1.482499999999990770e-04 3.383000000000000590e-03 8.697500000000007309e-04 5.332499999999990026e-04 1.379499999999997048e-03
