nan nan nan nan nan
nan nan nan nan nan
nan nan nan nan nan
nan nan nan nan nan
3.699250000000002883e-03 8.888124999999996723e-03 1.374599999999999780e-02 4.574500000000001308e-03 5.982312499999997181e-03
8.506562500000000235e-03 1.070968749999999872e-02 4.279625000000001310e-03 6.055562500000000181e-03 2.467500000000001376e-03
4.772062499999996793e-03 7.705749999999999926e-03 3.153312500000000299e-03 1.938062500000000115e-03 1.370500000000000190e-02
3.265062499999998868e-03 5.566249999999996548e-03 2.156687499999999751e-03 9.518874999999999559e-03 6.824312499999996180e-03
3.329249999999997142e-03 5.849500000000002267e-03 7.402750000000001343e-03 5.107125000000000553e-03 5.673625000000001584e-03
6.111562500000000675e-03 8.828500000000001277e-03 2.199562500000000129e-03 8.591812499999995287e-03 4.823937500000000100e-03
