nan nan nan nan nan
nan nan nan nan nan
nan nan nan nan nan
2.182531249999999923e-02 1.857062499999999339e-03 9.767187499999999828e-03 4.392187499999998523e-03 5.677125000000001614e-03
8.018124999999997476e-03 5.151999999999996860e-03 8.291000000000004963e-03 2.606937499999999013e-03 3.343749999999999500e-03
3.714374999999998928e-03 4.654562499999998978e-03 1.315724999999999360e-02 2.364875000000000657e-03 1.137306250000000296e-02
3.626312500000002798e-03 3.075687499999999429e-03 9.589687499999999254e-03 1.492387500000000485e-02 5.187749999999998786e-03
4.333999999999999311e-03 1.916937499999996769e-03 1.086587499999999706e-02 7.048812500000001258e-03 5.863624999999999046e-03
4.534124999999994757e-03 1.017243750000000439e-02 4.895312499999996021e-03 1.449618750000000733e-02 2.479187499999999621e-03
2.996687499999997617e-03 4.505625000000002683e-03 5.655249999999999687e-03 8.337687499999996144e-03 5.362437500000006088e-03
