nan nan nan nan nan
nan nan nan nan nan
1.108749999999999840e-02 3.073062500000001140e-03 8.726999999999998647e-03 9.527187499999999198e-03 1.044118749999999735e-02
1.325337500000000127e-02 1.064624999999999773e-02 1.146099999999999897e-02 4.487625000000002029e-03 7.041000000000000383e-03
7.755375000000003585e-03 7.652374999999991649e-03 1.058312500000001960e-03 7.291062500000000668e-03 2.716312499999999110e-03
3.922874999999994075e-03 5.952499999999994254e-03 1.087912499999999991e-02 1.135806249999999663e-02 8.893750000000002348e-03
1.762456249999999613e-02 6.882875000000000972e-03 2.350625000000002018e-03 3.732812500000000019e-03 3.753687499999998345e-03
8.606749999999999817e-03 1.122112499999999846e-02 1.215350000000000284e-02 5.059437499999999699e-03 1.317118750000000581e-02
1.143956249999999487e-02 8.098312499999997874e-03 7.834124999999999076e-03 1.397693749999999978e-02 6.213687499999997858e-03
6.424124999999999280e-03 1.488131249999999524e-02 7.493187499999999848e-03 1.091024999999999807e-02 5.611875000000001411e-03
