nan nan nan nan nan
nan nan nan nan nan
nan nan nan nan nan
nan nan nan nan nan
1.084443750000000338e-02 8.623812500000004738e-03 7.333750000000001726e-03 5.404437499999999520e-03 7.478249999999999655e-03
1.166468750000000491e-02 5.628874999999997596e-03 2.543875000000000129e-03 5.523187499999998584e-03 5.729812499999999663e-03
1.023781250000000212e-02 2.938062500000000569e-03 1.593875000000000673e-03 5.854812499999996304e-03 5.020812499999997500e-03
8.003999999999998963e-03 6.859500000000001013e-03 3.461125000000003261e-03 5.065249999999998573e-03 4.917249999999999746e-03
4.052937499999999249e-03 4.313124999999998384e-03 5.335312500000001512e-03 4.351749999999997981e-03 1.181974999999999866e-02
5.487937499999999760e-03 3.751750000000000744e-03 5.189624999999998926e-03 5.781499999999997579e-03 1.178218749999999926e-02
