nan nan nan nan nan
nan nan nan nan nan
nan nan nan nan nan
nan nan nan nan nan
1.864118749999998936e-02 1.590900000000000300e-02 9.552750000000002212e-03 9.517687500000000106e-03 7.887625000000000539e-03
1.980812499999999240e-02 7.109437500000000305e-03 6.389687500000001269e-03 5.547062500000000777e-03 1.604087500000000305e-02
9.582250000000002224e-03 5.803312500000003780e-03 9.509249999999996872e-03 1.010231249999999845e-02 1.091418750000000375e-02
8.629062500000006519e-03 1.702049999999999744e-02 2.730437499999999358e-03 1.087712500000000485e-02 4.625124999999999896e-03
2.243474999999999983e-02 1.044393749999999836e-02 5.443125000000003516e-03 5.672749999999997239e-03 5.133687499999997628e-03
2.205337500000000700e-02 6.223937499999997701e-03 1.295312499999999763e-02 5.040687499999999162e-03 3.164250000000000396e-03
