nan nan nan nan nan
nan nan nan nan nan
1.219800000000000745e-02 1.697918749999999949e-02 4.750062499999999945e-03 4.792250000000000502e-03 4.598249999999999907e-03
1.309787499999998973e-02 5.391374999999998599e-03 4.373437499999998854e-03 1.141775000000000255e-02 5.384687499999999717e-03
1.614212500000000022e-02 1.296456250000000213e-02 4.281000000000000950e-03 3.814500000000001050e-03 5.507937500000003282e-03
3.104618750000000607e-02 8.420750000000001151e-03 3.721000000000000349e-03 9.470687500000001674e-03 6.748125000000004987e-04
1.139981249999999675e-02 1.238081249999999946e-02 2.802437499999999720e-02 6.847125000000004250e-03 6.634250000000002125e-03
2.730462500000000597e-02 1.949493749999999664e-02 5.859500000000000992e-03 8.117875000000000091e-03 5.408249999999998128e-03
8.551374999999999948e-03 2.571187500000001423e-03 4.391312499999999383e-03 5.464374999999999614e-03 5.961937499999998488e-03
1.864312499999998957e-02 9.588312499999996144e-03 6.137937499999999297e-03 5.272499999999990736e-04 1.333612499999999902e-02
