nan nan nan nan nan
nan nan nan nan nan
5.461812500000003123e-03 9.178124999999958886e-04 3.930624999999997489e-03 1.321756249999999668e-02 2.550750000000001801e-03
5.369812499999996117e-03 1.143275000000000194e-02 8.567250000000000212e-03 3.346999999999998414e-03 3.892437500000001799e-03
8.001812499999996775e-03 8.166562500000000210e-03 3.345125000000000876e-03 3.943062499999998652e-03 5.940125000000004429e-03
2.197750000000000918e-03 5.561562499999997931e-03 9.923562500000003561e-03 5.865374999999999062e-03 8.174874999999998115e-03
8.734749999999997724e-03 4.925687500000002113e-03 4.199625000000000233e-03 3.923687500000000092e-03 6.625749999999998828e-03
4.452874999999996766e-03 3.469312499999996705e-03 2.771187500000001080e-03 7.252750000000001383e-03 6.193500000000001955e-03
5.161875000000001532e-03 2.487499999999999260e-03 5.022999999999996218e-03 2.761937499999999636e-03 4.994499999999997206e-03
5.619687500000001418e-03 2.390375000000001873e-03 5.999874999999997398e-03 3.477375000000001298e-03 2.851937500000001173e-03
