nan nan nan nan nan
nan nan nan nan nan
nan nan nan nan nan
nan nan nan nan nan
4.042499999999999219e-03 1.845437500000001591e-03 7.698187499999997567e-03 6.374625000000000083e-03 5.395249999999999872e-03
9.565999999999996381e-03 8.037812499999999818e-03 9.632374999999998577e-03 5.956125000000001349e-03 6.629812499999998554e-03
5.329875000000003013e-03 4.938874999999998822e-03 4.349687499999998520e-03 4.252499999999997601e-03 8.634937500000001986e-03
1.071124999999999161e-03 3.177937499999998906e-03 9.513062500000000685e-03 1.387918750000000090e-02 6.186749999999999541e-03
4.221312500000001106e-03 4.603187500000001375e-03 1.397681250000000139e-02 2.879312499999999928e-03 6.055625000000001111e-03
9.476687499999995531e-03 4.845687500000000168e-03 3.822625000000000502e-03 3.040812500000000980e-03 7.992624999999999730e-03
