nan nan nan nan nan
nan nan nan nan nan
nan nan nan nan nan
nan nan nan nan nan
nan nan nan nan nan
8.161624999999995272e-03 1.702468750000000336e-02 4.927125000000004418e-03 7.566875000000005888e-03 5.724500000000001289e-03
1.142668749999999935e-02 5.602875000000000216e-03 1.575612500000000277e-02 1.373431250000000173e-02 1.009275000000000450e-02
8.980562499999997228e-03 4.313374999999998634e-03 9.849562500000000678e-03 6.684437500000004612e-03 2.393312500000002209e-03
2.978500000000000245e-03 6.031687499999996253e-03 4.498812500000001074e-03 1.144100000000000325e-02 5.134312500000002590e-03
6.795562499999996051e-03 6.838374999999998101e-03 5.320999999999998474e-03 4.925875000000001433e-03 6.002187499999999711e-03
