nan nan nan nan nan
nan nan nan nan nan
nan nan nan nan nan
nan nan nan nan nan
4.814625000000001195e-03 6.219687500000002124e-03 7.526937499999997172e-03 3.850562500000000686e-03 4.484999999999998536e-03
1.001481249999999767e-02 4.803937499999999181e-03 1.734481250000000085e-02 1.852375000000000722e-03 2.359437499999998689e-03
3.559687499999998617e-03 3.701312500000003211e-03 4.673687499999999891e-03 4.415562500000003686e-03 6.684187500000003494e-03
4.711375000000000285e-03 4.351750000000001450e-03 4.209437499999999638e-03 4.084437499999997792e-03 4.775375000000000973e-03
5.379000000000002703e-03 4.795750000000000533e-03 7.163625000000001589e-03 7.960499999999995357e-03 8.907062500000000049e-03
4.865937499999998736e-03 3.960812500000000791e-03 6.763937500000002587e-03 2.166312499999997233e-03 3.555312499999998578e-03
