nan nan nan nan nan
nan nan nan nan nan
nan nan nan nan nan
1.677662499999999640e-02 1.152712500000000091e-02 1.725112500000000257e-02 8.721249999999999836e-03 1.482593750000000404e-02
7.928062499999990673e-03 5.026437500000001390e-03 5.250437500000003366e-03 7.850187499999997792e-03 4.235250000000000299e-03
8.267437500000002215e-03 1.114918749999999938e-02 5.552250000000004231e-03 1.033018749999999736e-02 8.451875000000004523e-03
1.413868749999999327e-02 2.087750000000000022e-02 1.760062499999999475e-03 4.599250000000002642e-03 9.160999999999999005e-03
1.445012500000000116e-02 1.264831249999999983e-02 2.912125000000001518e-03 9.148562500000002179e-03 5.591937499999999686e-03
1.711231249999999385e-02 1.082862500000000144e-02 5.701062500000001268e-03 7.269437499999997256e-03 1.050481249999999679e-02
1.500262500000000034e-02 1.852374999999998988e-03 3.261312499999997720e-03 3.364437500000003710e-03 6.034125000000000426e-03
