nan nan nan nan nan
nan nan nan nan nan
3.436249999999998334e-03 1.148168750000000231e-02 8.323124999999997192e-03 1.178712499999999726e-02 1.143299999999999872e-02
6.000937500000003665e-03 2.611624999999994159e-03 1.004368750000000227e-02 5.167937500000004125e-03 7.675312499999999843e-03
1.109937500000000334e-02 1.854312499999993119e-03 6.668124999999999573e-03 1.198793749999999859e-02 9.116812499999998182e-03
1.076768749999999254e-02 9.254875000000006152e-03 5.756875000000000707e-03 9.950375000000011294e-03 9.436499999999998708e-03
2.746187500000003834e-03 5.739124999999992496e-03 5.359687500000001603e-03 7.802812500000002455e-03 7.334187499999998694e-03
4.412562499999999818e-03 7.243124999999994360e-03 3.694437499999999805e-03 1.167125000000000107e-02 7.232249999999999096e-03
3.513875000000005709e-03 6.897062499999995211e-03 8.624000000000010130e-03 4.014999999999992533e-03 7.858125000000003996e-03
9.478562500000006080e-03 7.132812500000005468e-03 2.689125000000002277e-03 6.404375000000009019e-03 7.864937500000002135e-03
