nan nan nan nan nan
nan nan nan nan nan
nan nan nan nan nan
nan nan nan nan nan
nan nan nan nan nan
2.728881250000000230e-02 1.437118750000000028e-02 4.356812500000001309e-03 9.310562500000001129e-03 1.000862500000000016e-02
3.060756249999999415e-02 2.059300000000000019e-02 1.917899999999999813e-02 8.521187499999997514e-03 3.633312499999999390e-03
2.811187500000000838e-02 8.169500000000003148e-03 5.797312500000001249e-03 7.897562499999996599e-03 7.227312500000001097e-03
3.210400000000000753e-02 2.080181249999999912e-02 6.374312499999996301e-03 5.531874999999999466e-03 8.078062499999996704e-03
2.352675000000000599e-02 7.165187500000001417e-03 1.617531250000000045e-02 1.073106250000000102e-02 1.054906249999999941e-02
