nan nan nan nan nan
nan nan nan nan nan
nan nan nan nan nan
5.236250000000001320e-03 6.519250000000000739e-03 4.697187499999998239e-03 4.982937499999996918e-03 1.044787499999999709e-02
1.252218749999999860e-02 6.749250000000000908e-03 4.831375000000001467e-03 3.389562500000001082e-03 9.716874999999996348e-03
1.349518749999999850e-02 6.864125000000002169e-03 3.662125000000000449e-03 9.978187499999995741e-03 9.338937500000000017e-03
6.520624999999999512e-03 5.365125000000002704e-03 9.966875000000000040e-03 7.084437500000003926e-03 5.799125000000000460e-03
1.086343749999999810e-02 5.229812499999999219e-03 3.422187500000001617e-03 4.104999999999998407e-03 1.277106250000000290e-02
1.379725000000000049e-02 1.073374999999999677e-03 7.901250000000000287e-03 6.663000000000001387e-03 5.454187499999998100e-03
1.823475000000000096e-02 1.087506250000000278e-02 5.439187499999999578e-03 3.087937500000000404e-03 6.226062500000004163e-03
