nan nan nan nan nan
nan nan nan nan nan
1.098062499999999560e-02 1.111987499999999782e-02 4.486937500000001341e-03 9.834249999999999242e-03 7.119937500000000398e-03
6.257249999999995455e-03 2.351106250000000245e-02 1.145574999999999892e-02 4.436312499999998417e-03 6.016125000000002374e-03
1.192962499999999752e-02 9.338749999999994625e-03 7.349687499999999450e-03 7.897062500000003038e-03 1.069174999999999813e-02
3.706812500000005242e-03 1.213150000000000339e-02 4.987500000000001481e-03 8.528687500000001545e-03 5.116062499999999950e-03
7.768875000000011882e-03 5.202500000000003996e-03 3.940999999999998324e-03 3.651562500000000294e-03 8.854187499999999211e-03
1.764193750000000310e-02 1.049081249999999667e-02 4.838437499999998989e-03 9.173500000000001098e-03 2.138874999999997549e-03
2.595774999999999819e-02 2.671412500000000523e-02 6.475124999999999111e-03 6.332375000000003799e-03 1.452250000000000416e-03
8.974812499999998416e-03 4.847000000000001481e-03 7.728562499999997587e-03 5.664062500000001561e-03 3.177937500000001074e-03
