1 0 -0.035361 0.057279 0.005879 0.006177 0.214789 3.039884
2 0 -0.150443 -0.113491 0.013262 0.014287 34.061383 -2.357455
2 1 -0.183493 -0.165547 0.009276 0.009112 9.297114 44.808681
3 0 -0.031517 0.037662 0.005986 0.006241 1.769532 5.677638
3 1 0.025714 0.03318 0.004875 0.00486 4.598651 6.273605
3 2 -0.112034 -0.054939 0.01092 0.011126 21.473559 5.244454
4 0 0.014297 0.015213 0.007192 0.007257 1.729046 1.171242
4 1 -0.026176 -0.063067 0.005234 0.005169 1.061751 1.214955
4 2 0.015964 -0.056773 0.013229 0.013253 0.947427 6.104493
4 3 0.003762 0.01085 0.006042 0.006088 0.342014 1.470232
5 0 -0.166785 -0.099753 0.021751 0.022376 33.169413 3.353107
5 1 -0.095393 -0.058125 0.01448 0.014684 13.049185 2.525715
5 2 -0.23766 -0.360523 0.029748 0.029789 46.888625 108.633981
5 3 -0.091191 -0.066471 0.017429 0.01721 10.05687 8.040181
5 4 0.022534 0.006791 0.020642 0.020854 -0.193351 0.320737
6 0 0.020818 0.018314 0.005773 0.005755 0.749369 0.707461
6 1 0.004751 0.005782 0.004567 0.004615 0.725294 1.191472
