343 1
141 2
227 2
288 2
310 2
312 2
325 2
326 2
337 2
369 2
252 3
317 3
31 4
32 4
140 4
252 4
317 4
22 6
160 7
239 7
60 8
132 8
183 8
237 8
276 8
213 9
323 10
168 11
13 12
80 12
81 12
107 12
111 12
151 12
161 12
211 12
223 12
262 12
334 12
19 13
107 13
119 13
357 13
326 14
337 14
340 14
292 15
297 15
298 15
307 16
32 17
42 17
192 17
249 17
252 17
317 17
360 17
229 18
22 19
46 19
227 19
335 19
343 19
369 19
22 20
37 20
54 20
81 20
157 20
172 20
191 20
207 20
237 20
278 20
317 21
28 22
66 22
100 22
123 22
129 22
143 22
183 22
220 22
324 22
326 22
213 25
96 27
36 28
37 28
46 28
66 28
84 28
102 28
111 28
126 28
128 28
132 28
141 28
154 28
159 28
161 28
172 28
173 28
183 28
191 28
204 28
220 28
237 28
273 28
357 28
369 28
49 30
227 30
276 30
32 31
42 31
112 31
131 31
140 31
178 31
201 31
234 31
240 31
252 31
260 31
277 31
280 31
294 31
311 31
316 31
338 31
346 31
365 31
117 32
178 32
201 32
234 32
252 32
317 32
319 32
338 32
346 32
360 32
247 33
247 34
54 36
84 36
141 36
172 36
191 36
204 36
237 36
250 36
369 36
66 37
123 37
154 37
169 37
220 37
227 37
243 37
279 37
336 37
51 42
88 42
117 42
178 42
201 42
252 42
280 42
338 42
84 43
102 43
129 43
157 43
159 43
172 43
183 43
191 43
207 43
221 43
237 43
250 43
369 43
49 46
98 46
120 46
126 46
151 46
159 46
165 46
325 46
335 46
336 46
337 46
340 46
213 47
307 48
80 49
98 49
126 49
159 49
161 49
165 49
183 49
227 49
273 49
326 49
165 50
266 50
99 51
263 51
317 51
172 52
276 52
369 52
239 53
227 54
336 54
127 56
175 57
317 58
322 58
203 60
312 60
324 60
337 60
67 61
252 64
84 65
128 65
81 66
150 66
154 66
159 66
207 66
237 66
243 66
250 66
358 66
362 66
369 66
318 71
317 73
338 73
289 74
217 76
130 77
213 77
165 80
207 80
307 80
93 81
107 81
129 81
203 81
256 81
288 81
312 81
326 81
213 83
102 84
120 84
123 84
128 84
132 84
141 84
171 84
183 84
227 84
256 84
266 84
310 84
312 84
325 84
326 84
337 84
343 84
369 84
238 85
335 86
342 87
99 88
249 88
315 88
316 88
341 88
351 88
360 88
317 89
350 89
217 92
272 92
110 93
153 93
157 93
168 93
172 93
203 93
207 93
237 93
256 93
104 95
213 95
190 96
188 98
149 99
201 99
251 99
106 101
193 101
239 101
308 101
141 102
171 102
172 102
191 102
203 102
221 102
227 102
237 102
337 102
369 102
244 103
106 104
147 104
239 104
308 104
160 106
111 107
161 107
262 107
266 107
310 107
357 107
213 108
123 110
171 110
203 110
220 110
165 111
203 111
178 112
315 112
316 112
327 112
345 112
117 113
178 113
317 113
319 113
338 113
290 114
295 114
254 115
213 116
298 116
252 117
280 117
345 117
360 117
307 118
126 120
141 120
227 120
250 120
266 120
276 120
369 120
238 121
128 123
132 123
154 123
157 123
159 123
172 123
183 123
191 123
202 123
204 123
207 123
221 123
223 123
237 123
250 123
273 123
369 123
213 124
239 124
141 126
159 126
165 126
203 126
227 126
266 126
276 126
310 126
325 126
336 126
337 126
342 126
369 126
318 127
132 128
157 128
171 128
173 128
183 128
191 128
204 128
220 128
221 128
343 128
141 129
189 129
191 129
207 129
221 129
237 129
250 129
369 129
317 131
319 131
346 131
168 132
203 132
220 132
288 132
207 134
237 134
250 134
247 135
179 136
298 136
247 138
294 139
317 139
155 140
201 140
252 140
280 140
290 140
165 141
172 141
173 141
191 141
198 141
207 141
227 141
237 141
245 141
262 141
273 141
276 141
278 141
369 141
168 143
268 143
293 143
331 143
164 147
216 147
239 147
369 150
169 151
165 153
178 155
252 155
294 155
213 156
171 157
183 157
185 157
256 157
322 157
324 157
213 158
281 158
284 158
171 159
183 159
369 159
170 160
285 160
296 160
310 161
325 161
336 161
342 161
183 163
190 164
239 164
308 164
173 165
203 165
276 165
310 165
325 165
326 165
337 165
340 165
369 165
237 166
369 166
172 168
289 169
369 169
172 171
173 171
191 171
204 171
221 171
237 171
250 171
369 171
203 172
220 172
256 172
288 172
310 172
324 172
325 172
326 172
337 172
369 172
183 173
204 173
220 173
369 173
254 174
294 177
184 178
195 178
249 178
315 178
355 178
190 179
362 180
221 181
220 183
316 184
319 184
234 187
341 187
198 188
227 188
369 188
215 190
216 190
284 190
203 191
204 191
220 191
324 191
337 191
343 191
369 191
252 192
360 192
215 193
315 195
227 198
307 198
369 198
239 200
234 201
260 201
277 201
294 201
317 201
319 201
346 201
365 201
204 203
250 203
273 203
278 203
369 203
221 204
312 204
213 206
292 206
220 207
250 207
310 207
335 207
337 207
215 208
305 209
219 213
235 213
254 213
257 213
258 213
292 213
296 213
301 213
302 213
366 213
281 215
281 216
305 217
370 217
237 220
369 220
237 221
324 221
243 223
369 223
295 226
305 226
276 227
369 227
294 228
327 228
355 229
269 232
282 232
290 232
305 232
309 232
348 232
294 233
321 233
263 234
280 234
346 234
360 234
364 234
297 235
300 235
302 235
259 237
324 237
337 237
369 237
304 238
271 239
281 239
332 240
343 241
358 243
324 245
343 245
253 247
252 249
280 249
310 250
325 250
336 250
337 250
343 250
369 250
315 251
260 252
277 252
317 252
319 252
360 252
365 252
281 254
266 256
369 256
281 258
327 261
345 261
360 261
307 262
317 263
336 265
336 266
369 267
282 269
305 269
309 269
348 269
370 272
337 273
343 273
319 275
310 276
312 276
326 276
337 276
369 276
310 278
294 280
316 280
317 280
338 280
341 280
356 280
305 282
309 282
348 282
351 283
289 288
293 289
340 289
314 290
298 292
302 292
327 294
305 295
370 295
298 296
366 296
298 297
303 297
301 298
309 305
368 305
348 309
369 310
332 315
341 315
347 315
350 317
359 317
360 317
321 319
350 319
351 319
338 321
357 325
369 325
369 326
332 327
340 331
351 332
367 332
369 337
369 340
369 343
356 345
364 351
